RAWDATA/20181204/VT10_BreiangenVest_down.cnv
* Sea-Bird SBE 9 Data File:
* FileName = C:\CTD Brukere\NIVA\OKOKYST2018\2018_12_04\VT10_BreiangenVest.hex
* Software Version Seasave V 7.23.2
* Temperature SN = 5352
* Conductivity SN = 3840
* Number of Bytes Per Scan = 28
* Number of Voltage Words = 4
* Number of Scans Averaged by the Deck Unit = 1
* NMEA baud rate = 4800
** Ship: R/V Trygve Braarud
** Cruise:
** Station:
** Operator:
# nquan = 12
# nvalues = 12587                                 
# units = specified
# name 0 = depSM: Depth [salt water, m], lat = 59.60
# name 1 = t090C: Temperature [ITS-90, deg C]
# name 2 = sal00: Salinity, Practical [PSU]
# name 3 = sigma-t00: Density [sigma-t, kg/m^3 ]
# name 4 = flSP: Fluorescence, Seapoint
# name 5 = wetStar: Fluorescence, WET Labs WETstar [mg/m^3]
# name 6 = seaTurbMtr: Turbidity, Seapoint [FTU]
# name 7 = svCM: Sound Velocity [Chen-Millero, m/s]
# name 8 = sbeox0PS: Oxygen, SBE 43 [% saturation]
# name 9 = sbeox0ML/L: Oxygen, SBE 43 [ml/l]
# name 10 = timeJ: Julian Days
# name 11 = flag:  0.000e+00
# span 0 =     -0.143,    191.148                 
# span 1 =     6.1680,    10.2818                 
# span 2 =    24.2912,    34.8912                 
# span 3 =    19.0858,    27.3134                 
# span 4 = 1.4652e-01, 1.8315e+00                 
# span 5 =    -0.0120,     0.5313                 
# span 6 =      0.516,     13.670                 
# span 7 =    1461.95,    1490.39                 
# span 8 =     58.817,     94.086                 
# span 9 =     3.9609,     6.9496                 
# span 10 = 338.397257, 338.403327                
# span 11 = 0.0000e+00, 0.0000e+00                
# interval = seconds: 0.0416667
# start_time = Dec 04 2018 09:32:03 [System UpLoad Time]
# bad_flag = -9.990e-29
*END*
[from data line 5173]
     61.447     9.8857    34.4240    26.5216 1.4652e-01    -0.0022      0.586    1489.74     74.881     4.7579 338.399752  0.000e+00
     61.458     9.8800    34.4284    26.5259 1.4652e-01    -0.0010      0.634    1489.72     74.874     4.7579 338.399752  0.000e+00
     61.507     9.8759    34.4308    26.5285 1.4652e-01     0.0002      0.637    1489.71     74.866     4.7577 338.399753  0.000e+00
     61.531     9.8725    34.4336    26.5313 1.4652e-01    -0.0010      0.626    1489.70     74.859     4.7575 338.399753  0.000e+00
     61.556     9.8698    34.4360    26.5336 1.4652e-01    -0.0022      0.608    1489.70     74.851     4.7572 338.399754  0.000e+00
     61.591     9.8703    34.4355    26.5331 1.4652e-01    -0.0022      0.590    1489.70     74.843     4.7567 338.399754  0.000e+00
     61.622     9.8724    34.4335    26.5312 1.4652e-01    -0.0010      0.575    1489.71     74.835     4.7561 338.399755  0.000e+00
     61.639     9.8732    34.4315    26.5295 1.4652e-01    -0.0010      0.564    1489.71     74.828     4.7555 338.399755  0.000e+00
     61.676     9.8698    34.4340    26.5320 1.4652e-01     0.0002      0.560    1489.70     74.820     4.7553 338.399755  0.000e+00
     61.700     9.8649    34.4381    26.5360 1.4652e-01     0.0014      0.560    1489.69     74.812     4.7552 338.399756  0.000e+00
     61.736     9.8622    34.4410    26.5388 1.4652e-01     0.0002      0.560    1489.68     74.805     4.7549 338.399756  0.000e+00
     61.748     9.8620    34.4421    26.5397 1.5873e-01     0.0002      0.557    1489.68     74.797     4.7544 338.399757  0.000e+00
     61.796     9.8653    34.4400    26.5375 1.5873e-01    -0.0022      0.549    1489.69     74.789     4.7537 338.399757  0.000e+00
     61.808     9.8680    34.4386    26.5359 1.5873e-01    -0.0010      0.546    1489.70     74.788     4.7533 338.399758  0.000e+00
     61.857     9.8706    34.4367    26.5340 1.5873e-01     0.0002      0.553    1489.71     74.788     4.7531 338.399758  0.000e+00
     61.868     9.8721    34.4355    26.5328 1.4652e-01     0.0027      0.560    1489.71     74.780     4.7525 338.399759  0.000e+00
     61.904     9.8708    34.4360    26.5334 1.4652e-01     0.0027      0.560    1489.71     74.780     4.7526 338.399759  0.000e+00
     61.941     9.8703    34.4354    26.5330 1.4652e-01     0.0027      0.557    1489.71     74.780     4.7527 338.399760  0.000e+00
     61.941     9.8675    34.4374    26.5351 1.4652e-01     0.0014      0.553    1489.70     74.780     4.7529 338.399760  0.000e+00
     61.988     9.8650    34.4398    26.5374 1.4652e-01     0.0014      0.546    1489.69     74.781     4.7532 338.399761  0.000e+00
     62.013     9.8643    34.4399    26.5375 1.4652e-01     0.0014      0.542    1489.69     74.782     4.7533 338.399761  0.000e+00
     62.026     9.8640    34.4400    26.5377 1.4652e-01     0.0002      0.542    1489.69     74.783     4.7534 338.399762  0.000e+00
     62.081     9.8640    34.4400    26.5377 1.4652e-01    -0.0010      0.542    1489.69     74.785     4.7535 338.399762  0.000e+00
     62.086     9.8638    34.4402    26.5378 1.4652e-01    -0.0010      0.542    1489.69     74.725     4.7497 338.399763  0.000e+00
     62.109     9.8653    34.4393    26.5369 1.4652e-01    -0.0022      0.546    1489.70     74.781     4.7532 338.399763  0.000e+00
     62.133     9.8672    34.4378    26.5354 1.4652e-01    -0.0010      0.538    1489.70     74.784     4.7532 338.399764  0.000e+00
     62.169     9.8701    34.4361    26.5336 1.4652e-01     0.0002      0.535    1489.71     74.787     4.7531 338.399764  0.000e+00
     62.193     9.8731    34.4341    26.5315 1.4652e-01     0.0002      0.538    1489.72     74.789     4.7530 338.399765  0.000e+00
     62.206     9.8756    34.4321    26.5296 1.4652e-01    -0.0010      0.542    1489.73     74.793     4.7530 338.399765  0.000e+00
     62.254     9.8775    34.4304    26.5279 1.4652e-01    -0.0010      0.546    1489.73     74.796     4.7531 338.399766  0.000e+00
     62.267     9.8790    34.4295    26.5270 1.4652e-01    -0.0010      0.546    1489.74     74.800     4.7532 338.399766  0.000e+00
     62.302     9.8790    34.4294    26.5268 1.7094e-01     0.0002      0.542    1489.74     74.804     4.7535 338.399767  0.000e+00
     62.327     9.8779    34.4303    26.5278 1.9536e-01     0.0014      0.542    1489.73     74.809     4.7539 338.399767  0.000e+00
     62.327     9.8752    34.4326    26.5300 1.8315e-01     0.0014      0.557    1489.73     74.813     4.7544 338.399768  0.000e+00
     62.374     9.8714    34.4359    26.5332 1.7094e-01     0.0002      0.582    1489.72     74.818     4.7550 338.399768  0.000e+00
     62.374     9.8659    34.4413    26.5384 1.5873e-01    -0.0010      0.597    1489.70     74.824     4.7557 338.399769  0.000e+00
     62.398     9.8620    34.4446    26.5417 1.5873e-01    -0.0010      0.586    1489.69     74.822     4.7559 338.399769  0.000e+00
     62.434     9.8591    34.4470    26.5440 1.5873e-01    -0.0022      0.571    1489.69     74.828     4.7565 338.399769  0.000e+00
     62.434     9.8574    34.4482    26.5452 1.5873e-01    -0.0022      0.560    1489.68     74.834     4.7570 338.399770  0.000e+00
     62.472     9.8564    34.4489    26.5459 1.4652e-01    -0.0022      0.557    1489.68     74.840     4.7575 338.399770  0.000e+00
     62.483     9.8557    34.4497    26.5466 1.5873e-01    -0.0035      0.553    1489.68     74.846     4.7580 338.399771  0.000e+00
     62.507     9.8549    34.4505    26.5474 1.5873e-01    -0.0022      0.553    1489.68     74.853     4.7584 338.399771  0.000e+00
     62.532     9.8549    34.4507    26.5476 1.5873e-01    -0.0047      0.549    1489.68     74.853     4.7584 338.399772  0.000e+00
     62.543     9.8550    34.4510    26.5478 1.5873e-01    -0.0047      0.546    1489.68     74.859     4.7588 338.399772  0.000e+00
     62.568     9.8554    34.4504    26.5473 1.4652e-01    -0.0035      0.542    1489.68     74.867     4.7593 338.399773  0.000e+00
     62.592     9.8560    34.4500    26.5468 1.5873e-01    -0.0022      0.542    1489.68     74.867     4.7593 338.399773  0.000e+00
     62.603     9.8564    34.4497    26.5466 1.4652e-01     0.0002      0.542    1489.68     74.867     4.7592 338.399774  0.000e+00
     62.615     9.8564    34.4500    26.5468 1.4652e-01    -0.0010      0.538    1489.68     74.868     4.7593 338.399774  0.000e+00
     62.652     9.8565    34.4500    26.5468 1.4652e-01    -0.0010      0.542    1489.69     74.869     4.7593 338.399775  0.000e+00
     62.664     9.8564    34.4501    26.5469 1.4652e-01    -0.0010      0.546    1489.69     74.869     4.7593 338.399775  0.000e+00
     62.677     9.8557    34.4507    26.5475 1.4652e-01     0.0002      0.549    1489.68     74.869     4.7594 338.399776  0.000e+00
     62.688     9.8551    34.4508    26.5476 1.4652e-01     0.0014      0.549    1489.68     74.809     4.7556 338.399776  0.000e+00
     62.712     9.8545    34.4511    26.5480 1.4652e-01    -0.0010      0.546    1489.68     74.803     4.7553 338.399777  0.000e+00
     62.737     9.8535    34.4516    26.5485 1.4652e-01    -0.0035      0.546    1489.68     74.797     4.7550 338.399777  0.000e+00
     62.760     9.8518    34.4530    26.5499 1.4652e-01    -0.0047      0.542    1489.67     74.792     4.7548 338.399778  0.000e+00
     62.748     9.8505    34.4535    26.5505 1.4652e-01    -0.0035      0.542    1489.67     74.787     4.7546 338.399778  0.000e+00
     62.797     9.8487    34.4544    26.5515 1.4652e-01    -0.0022      0.546    1489.67     74.721     4.7506 338.399779  0.000e+00
     62.797     9.8477    34.4550    26.5521 1.5873e-01    -0.0022      0.546    1489.66     74.771     4.7539 338.399779  0.000e+00
     62.808     9.8468    34.4555    26.5527 1.4652e-01    -0.0010      0.546    1489.66     74.767     4.7537 338.399780  0.000e+00
     62.808     9.8462    34.4557    26.5530 1.4652e-01    -0.0047      0.542    1489.66     74.824     4.7574 338.399780  0.000e+00
     62.896     9.8465    34.4550    26.5524 1.5873e-01    -0.0059      0.542    1489.66     74.767     4.7537 338.399781  0.000e+00
     62.869     9.8461    34.4551    26.5525 1.4652e-01    -0.0071      0.542    1489.66     74.763     4.7535 338.399781  0.000e+00
     62.893     9.8455    34.4556    26.5530 1.4652e-01    -0.0071      0.542    1489.66     74.760     4.7534 338.399782  0.000e+00
     62.917     9.8442    34.4568    26.5541 1.4652e-01    -0.0059      0.542    1489.65     74.696     4.7494 338.399782  0.000e+00
     62.942     9.8430    34.4577    26.5551 1.4652e-01    -0.0047      0.546    1489.65     74.687     4.7489 338.399783  0.000e+00
     62.942     9.8429    34.4579    26.5552 1.5873e-01    -0.0047      0.542    1489.65     74.678     4.7484 338.399783  0.000e+00
     62.964     9.8431    34.4584    26.5556 1.5873e-01    -0.0035      0.542    1489.65     74.671     4.7478 338.399783  0.000e+00
     62.964     9.8431    34.4582    26.5555 1.5873e-01    -0.0035      0.542    1489.65     74.663     4.7474 338.399784  0.000e+00
     63.002     9.8426    34.4584    26.5556 1.4652e-01    -0.0047      0.542    1489.65     74.657     4.7470 338.399784  0.000e+00
     63.025     9.8421    34.4582    26.5556 1.4652e-01    -0.0022      0.549    1489.65     74.650     4.7467 338.399785  0.000e+00
     63.038     9.8412    34.4582    26.5557 1.4652e-01    -0.0022      0.557    1489.65     74.645     4.7464 338.399785  0.000e+00
     63.062     9.8394    34.4589    26.5566 1.4652e-01    -0.0022      0.553    1489.64     74.640     4.7463 338.399786  0.000e+00
     63.085     9.8371    34.4601    26.5579 1.4652e-01    -0.0022      0.549    1489.64     74.628     4.7457 338.399786  0.000e+00
     63.085     9.8333    34.4619    26.5600 1.4652e-01    -0.0035      0.549    1489.62     74.624     4.7458 338.399787  0.000e+00
     63.122     9.8296    34.4630    26.5615 1.4652e-01    -0.0022      0.549    1489.61     74.560     4.7420 338.399787  0.000e+00
     63.134     9.8264    34.4648    26.5634 1.4652e-01    -0.0022      0.549    1489.60     74.550     4.7417 338.399788  0.000e+00
     63.145     9.8231    34.4662    26.5650 1.4652e-01    -0.0035      0.546    1489.59     74.541     4.7415 338.399788  0.000e+00
     63.182     9.8198    34.4678    26.5669 1.4652e-01    -0.0022      0.546    1489.58     74.534     4.7413 338.399789  0.000e+00
     63.186     9.8166    34.4697    26.5689 1.4652e-01     0.0002      0.546    1489.57     74.527     4.7411 338.399789  0.000e+00
     63.207     9.8122    34.4727    26.5719 1.4652e-01    -0.0010      0.546    1489.56     74.521     4.7411 338.399790  0.000e+00
     63.218     9.8078    34.4759    26.5752 1.5873e-01    -0.0035      0.542    1489.55     74.515     4.7411 338.399790  0.000e+00
     63.254     9.8044    34.4788    26.5780 1.5873e-01    -0.0047      0.542    1489.54     74.450     4.7372 338.399791  0.000e+00
     63.267     9.8017    34.4805    26.5799 1.5873e-01    -0.0047      0.546    1489.54     74.501     4.7407 338.399791  0.000e+00
     63.290     9.7994    34.4820    26.5814 1.4652e-01    -0.0047      0.549    1489.53     74.437     4.7368 338.399792  0.000e+00
     63.327     9.7977    34.4829    26.5824 1.4652e-01    -0.0047      0.568    1489.52     74.429     4.7364 338.399792  0.000e+00
     63.327     9.7976    34.4816    26.5814 1.4652e-01    -0.0047      0.579    1489.52     74.422     4.7360 338.399793  0.000e+00
     63.350     9.7977    34.4805    26.5805 1.4652e-01    -0.0035      0.571    1489.52     74.416     4.7357 338.399793  0.000e+00
     63.363     9.7951    34.4825    26.5825 1.4652e-01    -0.0047      0.571    1489.52     74.411     4.7356 338.399794  0.000e+00
     63.387     9.7919    34.4857    26.5856 1.4652e-01    -0.0010      0.579    1489.51     74.408     4.7356 338.399794  0.000e+00
     63.410     9.7925    34.4858    26.5855 1.4652e-01    -0.0010      0.586    1489.51     74.405     4.7354 338.399795  0.000e+00
     63.440     9.7960    34.4834    26.5830 1.4652e-01    -0.0047      0.579    1489.52     74.343     4.7311 338.399795  0.000e+00
     63.459     9.7988    34.4815    26.5811 1.4652e-01    -0.0059      0.575    1489.53     74.336     4.7304 338.399796  0.000e+00
     63.470     9.8013    34.4804    26.5798 1.4652e-01    -0.0059      0.571    1489.54     74.330     4.7298 338.399796  0.000e+00
     63.495     9.8039    34.4782    26.5776 1.4652e-01    -0.0035      0.564    1489.54     74.326     4.7294 338.399796  0.000e+00
     63.519     9.8056    34.4774    26.5768 1.4652e-01    -0.0022      0.557    1489.55     74.324     4.7291 338.399797  0.000e+00
     63.555     9.8069    34.4761    26.5755 1.4652e-01    -0.0022      0.546    1489.55     74.323     4.7289 338.399797  0.000e+00
     63.579     9.8072    34.4758    26.5752 1.4652e-01    -0.0022      0.538    1489.55     74.323     4.7289 338.399798  0.000e+00
     63.592     9.8070    34.4761    26.5755 1.4652e-01    -0.0022      0.538    1489.55     74.324     4.7290 338.399798  0.000e+00
     63.615     9.8070    34.4756    26.5751 1.4652e-01    -0.0010      0.538    1489.55     74.327     4.7292 338.399799  0.000e+00
     63.640     9.8071    34.4753    26.5749 1.4652e-01    -0.0010      0.542    1489.55     74.271     4.7256 338.399799  0.000e+00
     63.680     9.8078    34.4753    26.5747 1.4652e-01    -0.0022      0.557    1489.56     74.263     4.7250 338.399800  0.000e+00
     63.700     9.8088    34.4747    26.5741 1.4652e-01    -0.0022      0.590    1489.56     74.257     4.7246 338.399800  0.000e+00
     63.724     9.8101    34.4741    26.5734 1.4652e-01    -0.0022      0.601    1489.57     74.252     4.7241 338.399801  0.000e+00
     63.737     9.8103    34.4738    26.5731 1.4652e-01    -0.0035      0.582    1489.57     74.249     4.7239 338.399801  0.000e+00
     63.797     9.8108    34.4731    26.5725 1.4652e-01    -0.0022      0.571    1489.57     74.186     4.7199 338.399802  0.000e+00
     63.797     9.8109    34.4729    26.5724 1.4652e-01    -0.0035      0.557    1489.57     74.172     4.7190 338.399802  0.000e+00
     63.820     9.8099    34.4733    26.5728 1.4652e-01    -0.0059      0.549    1489.57     74.166     4.7187 338.399803  0.000e+00
     63.872     9.8083    34.4742    26.5738 1.5873e-01    -0.0071      0.549    1489.56     74.162     4.7186 338.399803  0.000e+00
     63.880     9.8073    34.4749    26.5745 1.4652e-01    -0.0071      0.560    1489.56     74.167     4.7190 338.399804  0.000e+00
     63.918     9.8070    34.4750    26.5747 1.5873e-01    -0.0035      0.560    1489.56     74.167     4.7190 338.399804  0.000e+00
     63.941     9.8073    34.4748    26.5745 1.4652e-01    -0.0035      0.557    1489.56     74.168     4.7191 338.399805  0.000e+00
     63.978     9.8076    34.4746    26.5742 1.4652e-01    -0.0035      0.553    1489.56     74.110     4.7153 338.399805  0.000e+00
     63.989     9.8081    34.4741    26.5738 1.4652e-01    -0.0059      0.549    1489.56     74.101     4.7147 338.399806  0.000e+00
     64.025     9.8082    34.4739    26.5736 1.5873e-01    -0.0022      0.564    1489.56     74.094     4.7143 338.399806  0.000e+00
     64.066     9.8072    34.4750    26.5746 1.4652e-01    -0.0022      0.590    1489.56     74.089     4.7141 338.399807  0.000e+00
     64.074     9.8066    34.4754    26.5750 1.4652e-01    -0.0035      0.593    1489.56     74.085     4.7139 338.399807  0.000e+00
     64.123     9.8060    34.4754    26.5751 1.4652e-01    -0.0022      0.575    1489.56     74.145     4.7177 338.399808  0.000e+00
     64.134     9.8059    34.4761    26.5757 1.5873e-01    -0.0047      0.557    1489.56     74.151     4.7181 338.399808  0.000e+00
     64.170     9.8052    34.4768    26.5764 1.5873e-01    -0.0035      0.549    1489.56     74.097     4.7147 338.399809  0.000e+00
     64.194     9.8054    34.4765    26.5760 1.4652e-01    -0.0022      0.546    1489.56     74.100     4.7149 338.399809  0.000e+00
