RAWDATA/20181204/VT10_BreiangenVest_down.cnv
* Sea-Bird SBE 9 Data File:
* FileName = C:\CTD Brukere\NIVA\OKOKYST2018\2018_12_04\VT10_BreiangenVest.hex
* Software Version Seasave V 7.23.2
* Temperature SN = 5352
* Conductivity SN = 3840
* Number of Bytes Per Scan = 28
* Number of Voltage Words = 4
* Number of Scans Averaged by the Deck Unit = 1
* NMEA baud rate = 4800
** Ship: R/V Trygve Braarud
** Cruise:
** Station:
** Operator:
# nquan = 12
# nvalues = 12587                                 
# units = specified
# name 0 = depSM: Depth [salt water, m], lat = 59.60
# name 1 = t090C: Temperature [ITS-90, deg C]
# name 2 = sal00: Salinity, Practical [PSU]
# name 3 = sigma-t00: Density [sigma-t, kg/m^3 ]
# name 4 = flSP: Fluorescence, Seapoint
# name 5 = wetStar: Fluorescence, WET Labs WETstar [mg/m^3]
# name 6 = seaTurbMtr: Turbidity, Seapoint [FTU]
# name 7 = svCM: Sound Velocity [Chen-Millero, m/s]
# name 8 = sbeox0PS: Oxygen, SBE 43 [% saturation]
# name 9 = sbeox0ML/L: Oxygen, SBE 43 [ml/l]
# name 10 = timeJ: Julian Days
# name 11 = flag:  0.000e+00
# span 0 =     -0.143,    191.148                 
# span 1 =     6.1680,    10.2818                 
# span 2 =    24.2912,    34.8912                 
# span 3 =    19.0858,    27.3134                 
# span 4 = 1.4652e-01, 1.8315e+00                 
# span 5 =    -0.0120,     0.5313                 
# span 6 =      0.516,     13.670                 
# span 7 =    1461.95,    1490.39                 
# span 8 =     58.817,     94.086                 
# span 9 =     3.9609,     6.9496                 
# span 10 = 338.397257, 338.403327                
# span 11 = 0.0000e+00, 0.0000e+00                
# interval = seconds: 0.0416667
# start_time = Dec 04 2018 09:32:03 [System UpLoad Time]
# bad_flag = -9.990e-29
*END*
[from data line 241]
      0.086     6.1849    24.4240    19.1892 1.1233e+00     0.4972      0.773    1462.18     92.860     6.8514 338.397373  0.000e+00
      0.084     6.1845    24.4221    19.1877 1.0134e+00     0.4947      0.784    1462.17     92.850     6.8507 338.397374  0.000e+00
      0.097     6.1841    24.4213    19.1871 1.0012e+00     0.4947      0.806    1462.17     92.838     6.8500 338.397374  0.000e+00
      0.097     6.1840    24.4207    19.1867 1.0501e+00     0.4972      0.828    1462.17     92.772     6.8451 338.397375  0.000e+00
      0.086     6.1842    24.4203    19.1864 1.0501e+00     0.4972      0.824    1462.17     92.814     6.8482 338.397375  0.000e+00
      0.108     6.1841    24.4193    19.1856 1.0012e+00     0.4972      0.806    1462.17     92.739     6.8427 338.397376  0.000e+00
      0.097     6.1840    24.4183    19.1848 9.2796e-01     0.4996      0.791    1462.17     92.780     6.8458 338.397376  0.000e+00
      0.121     6.1836    24.4167    19.1836 9.1575e-01     0.4996      0.784    1462.16     92.766     6.8450 338.397377  0.000e+00
      0.121     6.1835    24.4167    19.1836 9.2796e-01     0.4996      0.791    1462.16     92.698     6.8399 338.397377  0.000e+00
      0.120     6.1838    24.4180    19.1846 8.7912e-01     0.4984      0.821    1462.17     92.684     6.8388 338.397378  0.000e+00
      0.121     6.1840    24.4192    19.1855 8.6691e-01     0.4959      0.905    1462.17     92.731     6.8422 338.397378  0.000e+00
      0.134     6.1841    24.4197    19.1859 9.1575e-01     0.4972      1.117    1462.17     92.663     6.8371 338.397378  0.000e+00
      0.121     6.1842    24.4199    19.1860 8.9133e-01     0.4984      1.249    1462.17     92.648     6.8360 338.397379  0.000e+00
      0.133     6.1840    24.4204    19.1864 8.0586e-01     0.4972      1.172    1462.17     92.634     6.8349 338.397379  0.000e+00
      0.121     6.1843    24.4206    19.1866 7.8144e-01     0.4996      1.062    1462.17     92.627     6.8344 338.397380  0.000e+00
      0.121     6.1845    24.4206    19.1866 8.1807e-01     0.4984      0.982    1462.17     92.613     6.8333 338.397380  0.000e+00
      0.121     6.1847    24.4205    19.1864 8.7912e-01     0.4984      0.923    1462.17     92.607     6.8328 338.397381  0.000e+00
      0.108     6.1847    24.4202    19.1862 9.0354e-01     0.4972      0.890    1462.17     92.601     6.8324 338.397381  0.000e+00
      0.110     6.1844    24.4198    19.1859 9.2796e-01     0.4984      0.912    1462.17     92.595     6.8321 338.397382  0.000e+00
      0.110     6.1847    24.4208    19.1867 1.0623e+00     0.4996      1.015    1462.17     92.590     6.8316 338.397382  0.000e+00
      0.097     6.1852    24.4236    19.1889 1.0745e+00     0.5008      1.062    1462.18     92.585     6.8310 338.397383  0.000e+00
      0.108     6.1852    24.4271    19.1916 9.7680e-01     0.5020      0.996    1462.18     92.580     6.8305 338.397383  0.000e+00
      0.097     6.1852    24.4286    19.1928 9.0354e-01     0.5008      0.908    1462.18     92.576     6.8301 338.397384  0.000e+00
      0.097     6.1857    24.4287    19.1928 8.6691e-01     0.5033      0.853    1462.19     92.572     6.8298 338.397384  0.000e+00
      0.074     6.1859    24.4298    19.1936 9.5238e-01     0.4996      0.817    1462.19     92.506     6.8248 338.397385  0.000e+00
      0.097     6.1860    24.4313    19.1948 1.0501e+00     0.4984      0.791    1462.19     92.558     6.8285 338.397385  0.000e+00
      0.074     6.1857    24.4326    19.1959 1.0134e+00     0.4984      0.788    1462.19     92.493     6.8237 338.397386  0.000e+00
      0.074     6.1857    24.4343    19.1972 1.0012e+00     0.4984      0.810    1462.19     92.483     6.8229 338.397386  0.000e+00
      0.084     6.1863    24.4359    19.1985 1.0012e+00     0.4984      0.853    1462.20     92.536     6.8267 338.397387  0.000e+00
      0.061     6.1862    24.4375    19.1997 9.5238e-01     0.4972      0.875    1462.20     92.543     6.8271 338.397387  0.000e+00
      0.086     6.1866    24.4387    19.2006 9.5238e-01     0.4959      0.872    1462.20     92.481     6.8224 338.397388  0.000e+00
      0.074     6.1868    24.4402    19.2018 9.6459e-01     0.4959      0.872    1462.21     92.474     6.8218 338.397388  0.000e+00
      0.073     6.1866    24.4411    19.2025 1.0012e+00     0.4972      0.861    1462.21     92.467     6.8213 338.397389  0.000e+00
      0.086     6.1869    24.4410    19.2024 9.6459e-01     0.4959      0.835    1462.21     92.461     6.8208 338.397389  0.000e+00
      0.086     6.1871    24.4401    19.2016 9.0354e-01     0.4984      0.810    1462.21     92.463     6.8210 338.397390  0.000e+00
      0.086     6.1868    24.4390    19.2008 8.5470e-01     0.4984      0.795    1462.20     92.529     6.8259 338.397390  0.000e+00
      0.084     6.1866    24.4380    19.2001 8.0586e-01     0.5008      0.791    1462.20     92.471     6.8217 338.397391  0.000e+00
      0.097     6.1863    24.4376    19.1998 8.0586e-01     0.5008      0.806    1462.20     92.468     6.8215 338.397391  0.000e+00
      0.086     6.1863    24.4351    19.1978 8.0586e-01     0.4984      0.828    1462.20     92.473     6.8220 338.397391  0.000e+00
      0.097     6.1861    24.4350    19.1977 8.4249e-01     0.5008      0.839    1462.20     92.472     6.8220 338.397392  0.000e+00
      0.097     6.1863    24.4363    19.1987 8.4249e-01     0.5020      0.835    1462.20     92.471     6.8218 338.397392  0.000e+00
      0.097     6.1863    24.4369    19.1992 8.0586e-01     0.5008      0.850    1462.20     92.470     6.8218 338.397393  0.000e+00
      0.086     6.1866    24.4375    19.1996 8.0586e-01     0.5020      0.853    1462.20     92.470     6.8217 338.397393  0.000e+00
      0.086     6.1866    24.4394    19.2011 8.3028e-01     0.5033      0.850    1462.20     92.471     6.8217 338.397394  0.000e+00
      0.084     6.1869    24.4414    19.2027 8.6691e-01     0.5020      0.853    1462.21     92.473     6.8216 338.397394  0.000e+00
      0.074     6.1869    24.4435    19.2043 8.7912e-01     0.5033      0.832    1462.21     92.475     6.8217 338.397395  0.000e+00
      0.074     6.1871    24.4443    19.2050 8.7912e-01     0.5033      0.802    1462.21     92.478     6.8219 338.397395  0.000e+00
      0.061     6.1872    24.4446    19.2052 8.5470e-01     0.5020      0.791    1462.21     92.481     6.8221 338.397396  0.000e+00
      0.060     6.1871    24.4449    19.2054 8.0586e-01     0.5033      0.813    1462.21     92.486     6.8224 338.397396  0.000e+00
      0.050     6.1873    24.4445    19.2051 8.3028e-01     0.5008      0.832    1462.21     92.490     6.8227 338.397397  0.000e+00
      0.050     6.1871    24.4448    19.2053 8.7912e-01     0.5008      0.832    1462.21     92.434     6.8186 338.397397  0.000e+00
      0.037     6.1871    24.4441    19.2048 8.7912e-01     0.4984      0.821    1462.21     92.432     6.8185 338.397398  0.000e+00
      0.039     6.1871    24.4426    19.2036 8.5470e-01     0.4959      0.806    1462.21     92.424     6.8180 338.397398  0.000e+00
      0.026     6.1872    24.4413    19.2026 8.7912e-01     0.4972      0.806    1462.21     92.424     6.8180 338.397399  0.000e+00
      0.014     6.1871    24.4392    19.2010 9.4017e-01     0.4972      0.806    1462.20     92.417     6.8176 338.397399  0.000e+00
      0.013     6.1869    24.4378    19.1999 9.0354e-01     0.4959      0.821    1462.20     92.419     6.8178 338.397400  0.000e+00
      0.014     6.1868    24.4369    19.1991 8.6691e-01     0.4984      0.821    1462.20     92.422     6.8181 338.397400  0.000e+00
      0.001     6.1866    24.4362    19.1986 8.5470e-01     0.4984      0.802    1462.20     92.480     6.8224 338.397401  0.000e+00
      0.001     6.1864    24.4348    19.1975 8.9133e-01     0.4972      0.795    1462.20     92.422     6.8182 338.397401  0.000e+00
     -0.000     6.1863    24.4330    19.1961 8.6691e-01     0.4984      0.795    1462.19     92.489     6.8233 338.397402  0.000e+00
     -0.010     6.1859    24.4304    19.1942 8.3028e-01     0.5020      0.788    1462.19     92.432     6.8193 338.397402  0.000e+00
      0.001     6.1852    24.4275    19.1919 8.0586e-01     0.5008      0.780    1462.18     92.430     6.8194 338.397403  0.000e+00
     -0.010     6.1852    24.4253    19.1902 8.3028e-01     0.4984      0.788    1462.18     92.429     6.8194 338.397403  0.000e+00
     -0.000     6.1850    24.4244    19.1895 8.4249e-01     0.4972      0.810    1462.18     92.428     6.8194 338.397404  0.000e+00
     -0.010     6.1848    24.4227    19.1882 8.1807e-01     0.4959      0.817    1462.17     92.428     6.8195 338.397404  0.000e+00
      0.001     6.1847    24.4215    19.1872 8.1807e-01     0.4947      0.821    1462.17     92.367     6.8151 338.397405  0.000e+00
     -0.012     6.1848    24.4218    19.1875 8.0586e-01     0.4972      0.846    1462.17     92.422     6.8191 338.397405  0.000e+00
      0.001     6.1849    24.4225    19.1880 8.3028e-01     0.4972      0.853    1462.17     92.363     6.8147 338.397405  0.000e+00
     -0.010     6.1847    24.4236    19.1889 9.7680e-01     0.4996      0.835    1462.17     92.358     6.8143 338.397406  0.000e+00
      0.001     6.1847    24.4241    19.1893 1.1722e+00     0.4972      0.817    1462.18     92.355     6.8141 338.397406  0.000e+00
     -0.012     6.1850    24.4245    19.1896 1.1600e+00     0.4959      0.799    1462.18     92.414     6.8184 338.397407  0.000e+00
     -0.010     6.1854    24.4255    19.1903 1.0134e+00     0.4959      0.788    1462.18     92.358     6.8141 338.397407  0.000e+00
     -0.010     6.1852    24.4259    19.1907 9.1575e-01     0.4947      0.802    1462.18     92.357     6.8141 338.397408  0.000e+00
     -0.010     6.1856    24.4267    19.1913 8.7912e-01     0.4935      0.967    1462.18     92.349     6.8134 338.397408  0.000e+00
     -0.000     6.1855    24.4271    19.1916 8.4249e-01     0.4959      0.989    1462.18     92.349     6.8134 338.397409  0.000e+00
     -0.010     6.1857    24.4275    19.1918 8.3028e-01     0.4972      0.952    1462.18     92.343     6.8129 338.397409  0.000e+00
     -0.010     6.1859    24.4278    19.1921 8.1807e-01     0.4984      0.897    1462.18     92.275     6.8078 338.397410  0.000e+00
      0.001     6.1858    24.4287    19.1928 7.9365e-01     0.5008      0.835    1462.19     92.333     6.8121 338.397410  0.000e+00
     -0.000     6.1857    24.4298    19.1937 7.8144e-01     0.5020      0.788    1462.19     92.337     6.8123 338.397411  0.000e+00
     -0.010     6.1863    24.4306    19.1942 7.9365e-01     0.5008      0.762    1462.19     92.272     6.8074 338.397411  0.000e+00
     -0.010     6.1864    24.4322    19.1955 8.0586e-01     0.5033      0.773    1462.19     92.262     6.8066 338.397412  0.000e+00
     -0.000     6.1863    24.4335    19.1966 8.1807e-01     0.4996      0.784    1462.19     92.315     6.8105 338.397412  0.000e+00
      0.001     6.1865    24.4347    19.1974 8.1807e-01     0.4959      0.773    1462.20     92.315     6.8104 338.397413  0.000e+00
      0.001     6.1863    24.4357    19.1983 8.3028e-01     0.4947      0.769    1462.20     92.315     6.8104 338.397413  0.000e+00
      0.014     6.1865    24.4360    19.1985 8.6691e-01     0.4923      0.766    1462.20     92.325     6.8110 338.397414  0.000e+00
      0.013     6.1864    24.4362    19.1986 8.9133e-01     0.4911      0.755    1462.20     92.327     6.8112 338.397414  0.000e+00
      0.014     6.1865    24.4375    19.1996 9.2796e-01     0.4947      0.747    1462.20     92.329     6.8113 338.397415  0.000e+00
      0.026     6.1868    24.4394    19.2012 9.2796e-01     0.4935      0.747    1462.20     92.332     6.8114 338.397415  0.000e+00
      0.039     6.1872    24.4415    19.2027 9.6459e-01     0.4959      0.747    1462.21     92.336     6.8115 338.397416  0.000e+00
      0.037     6.1871    24.4426    19.2036 1.6484e+00     0.4972      0.747    1462.21     92.403     6.8164 338.397416  0.000e+00
      0.050     6.1875    24.4425    19.2035 1.8315e+00     0.4959      0.751    1462.21     92.354     6.8127 338.397417  0.000e+00
      0.074     6.1874    24.4451    19.2055 1.5385e+00     0.4972      0.744    1462.21     92.359     6.8130 338.397417  0.000e+00
      0.061     6.1882    24.4499    19.2092 1.2332e+00     0.4959      0.736    1462.22     92.365     6.8131 338.397418  0.000e+00
      0.084     6.1888    24.4545    19.2128 1.0867e+00     0.4972      0.729    1462.23     92.372     6.8133 338.397418  0.000e+00
      0.086     6.1892    24.4567    19.2145 9.8901e-01     0.4972      0.722    1462.24     92.442     6.8183 338.397418  0.000e+00
      0.097     6.1894    24.4591    19.2164 9.1575e-01     0.4984      0.722    1462.24     92.457     6.8193 338.397419  0.000e+00
      0.060     6.1893    24.4620    19.2187 9.0354e-01     0.4959      0.722    1462.24     92.411     6.8157 338.397419  0.000e+00
      0.145     6.1900    24.4658    19.2216 9.7680e-01     0.4959      0.722    1462.25     92.482     6.8207 338.397420  0.000e+00
      0.110     6.1909    24.4728    19.2270 1.0012e+00     0.4923      0.722    1462.26     92.499     6.8215 338.397420  0.000e+00
      0.110     6.1914    24.4775    19.2306 9.7680e-01     0.4923      0.722    1462.27     92.508     6.8218 338.397421  0.000e+00
      0.133     6.1916    24.4777    19.2308 9.8901e-01     0.4911      0.714    1462.27     92.455     6.8179 338.397421  0.000e+00
      0.121     6.1919    24.4769    19.2301 1.0134e+00     0.4923      0.707    1462.27     92.518     6.8226 338.397422  0.000e+00
      0.110     6.1916    24.4764    19.2298 9.5238e-01     0.4911      0.703    1462.27     92.528     6.8233 338.397422  0.000e+00
      0.134     6.1913    24.4756    19.2292 9.1575e-01     0.4935      0.714    1462.27     92.537     6.8241 338.397423  0.000e+00
      0.133     6.1914    24.4760    19.2295 9.5238e-01     0.4947      0.725    1462.27     92.547     6.8248 338.397423  0.000e+00
      0.134     6.1914    24.4771    19.2303 9.6459e-01     0.4923      0.733    1462.27     92.556     6.8254 338.397424  0.000e+00
      0.121     6.1913    24.4781    19.2311 9.5238e-01     0.4923      0.744    1462.27     92.573     6.8267 338.397424  0.000e+00
      0.145     6.1916    24.4782    19.2312 9.6459e-01     0.4923      0.784    1462.27     92.583     6.8274 338.397425  0.000e+00
      0.120     6.1914    24.4782    19.2312 1.0256e+00     0.4935      0.806    1462.27     92.601     6.8287 338.397425  0.000e+00
      0.134     6.1911    24.4774    19.2306 1.1600e+00     0.4947      0.821    1462.27     92.611     6.8295 338.397426  0.000e+00
      0.121     6.1907    24.4759    19.2295 1.2332e+00     0.4947      0.832    1462.27     92.621     6.8304 338.397426  0.000e+00
      0.134     6.1909    24.4746    19.2284 1.1722e+00     0.4959      0.832    1462.27     92.631     6.8312 338.397427  0.000e+00
      0.120     6.1907    24.4738    19.2278 1.0501e+00     0.4972      0.824    1462.26     92.641     6.8320 338.397427  0.000e+00
      0.134     6.1907    24.4728    19.2270 9.6459e-01     0.4996      0.806    1462.26     92.651     6.8328 338.397428  0.000e+00
      0.134     6.1904    24.4724    19.2267 9.5238e-01     0.4984      0.780    1462.26     92.653     6.8330 338.397428  0.000e+00
      0.121     6.1904    24.4725    19.2268 1.0501e+00     0.4972      0.762    1462.26     92.663     6.8337 338.397429  0.000e+00
      0.133     6.1904    24.4719    19.2264 1.0623e+00     0.4972      0.751    1462.26     92.602     6.8292 338.397429  0.000e+00
      0.134     6.1904    24.4709    19.2256 9.8901e-01     0.4959      0.740    1462.26     92.658     6.8334 338.397430  0.000e+00
      0.134     6.1900    24.4690    19.2241 9.6459e-01     0.4959      0.736    1462.26     92.660     6.8337 338.397430  0.000e+00
