RAWDATA/20181204/VT10_BreiangenVest_down.cnv
* Sea-Bird SBE 9 Data File:
* FileName = C:\CTD Brukere\NIVA\OKOKYST2018\2018_12_04\VT10_BreiangenVest.hex
* Software Version Seasave V 7.23.2
* Temperature SN = 5352
* Conductivity SN = 3840
* Number of Bytes Per Scan = 28
* Number of Voltage Words = 4
* Number of Scans Averaged by the Deck Unit = 1
* NMEA baud rate = 4800
** Ship: R/V Trygve Braarud
** Cruise:
** Station:
** Operator:
# nquan = 12
# nvalues = 12587                                 
# units = specified
# name 0 = depSM: Depth [salt water, m], lat = 59.60
# name 1 = t090C: Temperature [ITS-90, deg C]
# name 2 = sal00: Salinity, Practical [PSU]
# name 3 = sigma-t00: Density [sigma-t, kg/m^3 ]
# name 4 = flSP: Fluorescence, Seapoint
# name 5 = wetStar: Fluorescence, WET Labs WETstar [mg/m^3]
# name 6 = seaTurbMtr: Turbidity, Seapoint [FTU]
# name 7 = svCM: Sound Velocity [Chen-Millero, m/s]
# name 8 = sbeox0PS: Oxygen, SBE 43 [% saturation]
# name 9 = sbeox0ML/L: Oxygen, SBE 43 [ml/l]
# name 10 = timeJ: Julian Days
# name 11 = flag:  0.000e+00
# span 0 =     -0.143,    191.148                 
# span 1 =     6.1680,    10.2818                 
# span 2 =    24.2912,    34.8912                 
# span 3 =    19.0858,    27.3134                 
# span 4 = 1.4652e-01, 1.8315e+00                 
# span 5 =    -0.0120,     0.5313                 
# span 6 =      0.516,     13.670                 
# span 7 =    1461.95,    1490.39                 
# span 8 =     58.817,     94.086                 
# span 9 =     3.9609,     6.9496                 
# span 10 = 338.397257, 338.403327                
# span 11 = 0.0000e+00, 0.0000e+00                
# interval = seconds: 0.0416667
# start_time = Dec 04 2018 09:32:03 [System UpLoad Time]
# bad_flag = -9.990e-29
*END*
[from data line 11429]
    188.791     7.1412    34.8894    27.3119 1.5873e-01     0.0442      1.051    1482.20     59.725     4.0220 338.402769  0.000e+00
    188.802     7.1414    34.8894    27.3119 1.5873e-01     0.0454      0.960    1482.20     59.672     4.0184 338.402769  0.000e+00
    188.815     7.1411    34.8893    27.3119 1.5873e-01     0.0466      0.927    1482.20     59.668     4.0182 338.402770  0.000e+00
    188.814     7.1414    34.8889    27.3115 1.5873e-01     0.0466      0.886    1482.20     59.666     4.0180 338.402770  0.000e+00
    188.827     7.1411    34.8895    27.3120 1.5873e-01     0.0466      0.832    1482.20     59.664     4.0179 338.402771  0.000e+00
    188.827     7.1414    34.8893    27.3118 1.5873e-01     0.0454      0.784    1482.20     59.601     4.0136 338.402771  0.000e+00
    188.838     7.1411    34.8893    27.3119 1.5873e-01     0.0466      0.755    1482.20     59.722     4.0218 338.402772  0.000e+00
    188.840     7.1412    34.8894    27.3119 1.5873e-01     0.0466      0.733    1482.20     59.669     4.0182 338.402772  0.000e+00
    188.863     7.1412    34.8894    27.3119 1.5873e-01     0.0466      0.718    1482.20     59.673     4.0185 338.402772  0.000e+00
    188.852     7.1412    34.8891    27.3117 1.5873e-01     0.0466      0.714    1482.20     59.678     4.0189 338.402773  0.000e+00
    188.852     7.1414    34.8889    27.3115 1.5873e-01     0.0454      0.722    1482.20     59.685     4.0193 338.402773  0.000e+00
    188.876     7.1412    34.8893    27.3119 1.5873e-01     0.0442      0.740    1482.20     59.693     4.0198 338.402774  0.000e+00
    188.865     7.1414    34.8893    27.3118 1.5873e-01     0.0454      0.751    1482.20     59.702     4.0204 338.402774  0.000e+00
    188.876     7.1416    34.8888    27.3114 1.5873e-01     0.0417      0.777    1482.20     59.649     4.0169 338.402775  0.000e+00
    188.876     7.1414    34.8892    27.3117 1.5873e-01     0.0442      0.839    1482.20     59.709     4.0209 338.402775  0.000e+00
    188.888     7.1416    34.8892    27.3117 1.5873e-01     0.0454      0.839    1482.20     59.722     4.0218 338.402776  0.000e+00
    188.863     7.1416    34.8891    27.3117 1.5873e-01     0.0466      0.799    1482.20     59.736     4.0227 338.402776  0.000e+00
    188.901     7.1416    34.8888    27.3114 1.5873e-01     0.0466      0.769    1482.20     59.744     4.0233 338.402777  0.000e+00
    188.876     7.1414    34.8892    27.3117 1.5873e-01     0.0503      0.751    1482.20     59.689     4.0196 338.402777  0.000e+00
    188.901     7.1414    34.8893    27.3118 1.5873e-01     0.0503      0.740    1482.20     59.754     4.0240 338.402778  0.000e+00
    188.888     7.1414    34.8893    27.3118 1.5873e-01     0.0503      0.729    1482.20     59.765     4.0247 338.402778  0.000e+00
    188.876     7.1414    34.8893    27.3118 1.5873e-01     0.0466      0.718    1482.20     59.777     4.0255 338.402779  0.000e+00
    188.901     7.1414    34.8892    27.3118 1.5873e-01     0.0466      0.711    1482.20     59.782     4.0258 338.402779  0.000e+00
    188.901     7.1414    34.8893    27.3118 1.5873e-01     0.0466      0.703    1482.20     59.795     4.0267 338.402780  0.000e+00
    188.889     7.1412    34.8895    27.3120 1.5873e-01     0.0454      0.703    1482.20     59.810     4.0277 338.402780  0.000e+00
    188.901     7.1414    34.8892    27.3118 1.5873e-01     0.0442      0.696    1482.20     59.817     4.0282 338.402781  0.000e+00
    188.876     7.1412    34.8891    27.3117 1.5873e-01     0.0478      0.696    1482.20     59.825     4.0287 338.402781  0.000e+00
    188.876     7.1412    34.8893    27.3119 1.5873e-01     0.0491      0.692    1482.20     59.833     4.0293 338.402782  0.000e+00
    188.876     7.1412    34.8895    27.3120 1.5873e-01     0.0454      0.692    1482.20     59.842     4.0299 338.402782  0.000e+00
    188.888     7.1414    34.8892    27.3118 1.5873e-01     0.0466      0.703    1482.20     59.852     4.0306 338.402783  0.000e+00
    188.888     7.1411    34.8896    27.3121 1.5873e-01     0.0491      0.711    1482.20     59.863     4.0313 338.402783  0.000e+00
    188.876     7.1412    34.8895    27.3120 1.5873e-01     0.0503      0.700    1482.20     59.866     4.0315 338.402784  0.000e+00
    188.863     7.1412    34.8895    27.3120 1.5873e-01     0.0478      0.692    1482.20     59.877     4.0322 338.402784  0.000e+00
    188.865     7.1412    34.8891    27.3117 1.5873e-01     0.0442      0.692    1482.20     59.881     4.0325 338.402785  0.000e+00
    188.852     7.1412    34.8894    27.3119 1.5873e-01     0.0442      0.700    1482.20     59.885     4.0328 338.402785  0.000e+00
    188.852     7.1411    34.8893    27.3119 1.5873e-01     0.0442      0.700    1482.20     59.953     4.0374 338.402785  0.000e+00
    188.840     7.1410    34.8896    27.3121 1.5873e-01     0.0466      0.703    1482.20     59.966     4.0382 338.402786  0.000e+00
    188.852     7.1411    34.8896    27.3121 1.5873e-01     0.0442      0.703    1482.20     59.978     4.0391 338.402786  0.000e+00
    188.827     7.1414    34.8893    27.3118 1.5873e-01     0.0442      0.700    1482.20     59.991     4.0399 338.402787  0.000e+00
    188.827     7.1414    34.8890    27.3116 1.5873e-01     0.0454      0.700    1482.20     60.003     4.0407 338.402787  0.000e+00
    188.840     7.1414    34.8889    27.3115 1.5873e-01     0.0466      0.703    1482.20     59.952     4.0373 338.402788  0.000e+00
    188.814     7.1412    34.8891    27.3117 1.5873e-01     0.0442      0.703    1482.20     60.012     4.0414 338.402788  0.000e+00
    188.814     7.1412    34.8888    27.3115 1.5873e-01     0.0454      0.700    1482.20     60.025     4.0422 338.402789  0.000e+00
    188.802     7.1409    34.8893    27.3119 1.5873e-01     0.0442      0.700    1482.19     60.037     4.0431 338.402789  0.000e+00
    188.802     7.1412    34.8894    27.3119 1.5873e-01     0.0429      0.703    1482.20     60.050     4.0439 338.402790  0.000e+00
    188.791     7.1410    34.8894    27.3119 1.5873e-01     0.0442      0.714    1482.19     59.999     4.0404 338.402790  0.000e+00
    188.778     7.1411    34.8893    27.3118 1.5873e-01     0.0466      0.722    1482.19     60.067     4.0450 338.402791  0.000e+00
    188.766     7.1411    34.8893    27.3119 1.5873e-01     0.0466      0.729    1482.19     60.071     4.0453 338.402791  0.000e+00
    188.765     7.1412    34.8891    27.3117 1.5873e-01     0.0429      0.729    1482.19     60.084     4.0462 338.402792  0.000e+00
    188.753     7.1411    34.8893    27.3119 1.5873e-01     0.0417      0.718    1482.19     60.096     4.0470 338.402792  0.000e+00
    188.741     7.1412    34.8891    27.3117 1.5873e-01     0.0429      0.714    1482.19     60.100     4.0473 338.402793  0.000e+00
    188.740     7.1412    34.8889    27.3115 1.5873e-01     0.0442      0.707    1482.19     60.104     4.0476 338.402793  0.000e+00
    188.717     7.1411    34.8892    27.3118 1.5873e-01     0.0478      0.703    1482.19     60.108     4.0478 338.402794  0.000e+00
    188.715     7.1411    34.8896    27.3121 1.5873e-01     0.0491      0.696    1482.19     60.111     4.0480 338.402794  0.000e+00
    188.717     7.1412    34.8889    27.3116 1.5873e-01     0.0478      0.703    1482.19     60.106     4.0477 338.402795  0.000e+00
    188.692     7.1411    34.8892    27.3118 1.5873e-01     0.0491      0.718    1482.19     60.116     4.0484 338.402795  0.000e+00
    188.679     7.1411    34.8890    27.3117 1.5873e-01     0.0478      0.718    1482.19     60.118     4.0485 338.402796  0.000e+00
    188.692     7.1414    34.8889    27.3115 1.5873e-01     0.0478      0.703    1482.19     60.057     4.0444 338.402796  0.000e+00
    188.679     7.1411    34.8893    27.3119 1.5873e-01     0.0466      0.700    1482.19     60.114     4.0482 338.402797  0.000e+00
    188.679     7.1411    34.8895    27.3120 1.5873e-01     0.0503      0.718    1482.19     60.116     4.0484 338.402797  0.000e+00
    188.654     7.1414    34.8888    27.3114 1.5873e-01     0.0491      0.736    1482.19     60.117     4.0484 338.402798  0.000e+00
    188.656     7.1412    34.8890    27.3116 1.5873e-01     0.0478      0.733    1482.19     60.118     4.0485 338.402798  0.000e+00
    188.654     7.1414    34.8890    27.3116 1.5873e-01     0.0491      0.725    1482.19     60.111     4.0480 338.402799  0.000e+00
    188.631     7.1412    34.8892    27.3118 1.5873e-01     0.0503      0.722    1482.19     60.110     4.0480 338.402799  0.000e+00
    188.643     7.1412    34.8892    27.3118 1.5873e-01     0.0491      0.718    1482.19     60.110     4.0480 338.402799  0.000e+00
    188.618     7.1414    34.8890    27.3116 1.5873e-01     0.0478      0.714    1482.19     60.109     4.0479 338.402800  0.000e+00
    188.631     7.1411    34.8893    27.3119 1.5873e-01     0.0478      0.714    1482.19     60.109     4.0478 338.402800  0.000e+00
    188.605     7.1410    34.8891    27.3117 1.5873e-01     0.0478      0.722    1482.19     60.035     4.0429 338.402801  0.000e+00
    188.618     7.1412    34.8893    27.3119 1.5873e-01     0.0454      0.722    1482.19     60.089     4.0465 338.402801  0.000e+00
    188.594     7.1414    34.8894    27.3119 1.5873e-01     0.0466      0.718    1482.19     60.024     4.0421 338.402802  0.000e+00
    188.594     7.1412    34.8893    27.3118 1.5873e-01     0.0466      0.718    1482.19     60.077     4.0457 338.402802  0.000e+00
    188.580     7.1414    34.8891    27.3116 1.5873e-01     0.0466      0.711    1482.19     60.011     4.0413 338.402803  0.000e+00
    188.582     7.1412    34.8892    27.3118 1.7094e-01     0.0466      0.707    1482.19     60.065     4.0449 338.402803  0.000e+00
    188.580     7.1416    34.8886    27.3113 2.1978e-01     0.0466      0.711    1482.19     59.999     4.0404 338.402804  0.000e+00
    188.569     7.1414    34.8889    27.3115 2.1978e-01     0.0466      0.714    1482.19     60.052     4.0440 338.402804  0.000e+00
    188.569     7.1414    34.8581    27.2872 2.0757e-01     0.0491      0.722    1482.15     59.985     4.0403 338.402805  0.000e+00
    188.569     7.1414    34.8723    27.2984 1.8315e-01     0.0491      0.736    1482.17     59.974     4.0392 338.402805  0.000e+00
    188.557     7.1412    34.8868    27.3099 1.7094e-01     0.0466      0.777    1482.19     59.963     4.0381 338.402806  0.000e+00
    188.556     7.1414    34.8889    27.3115 1.7094e-01     0.0454      0.799    1482.19     59.952     4.0373 338.402806  0.000e+00
    188.557     7.1412    34.8890    27.3116 1.7094e-01     0.0417      0.780    1482.19     59.942     4.0366 338.402807  0.000e+00
    188.556     7.1411    34.8896    27.3121 1.7094e-01     0.0405      0.762    1482.19     59.931     4.0359 338.402807  0.000e+00
    188.544     7.1412    34.8893    27.3118 1.5873e-01     0.0442      0.762    1482.19     59.920     4.0351 338.402808  0.000e+00
    188.544     7.1416    34.8889    27.3115 1.5873e-01     0.0454      0.762    1482.19     59.909     4.0344 338.402808  0.000e+00
    188.544     7.1412    34.8895    27.3120 1.5873e-01     0.0466      0.751    1482.19     59.898     4.0337 338.402809  0.000e+00
    188.531     7.1414    34.8892    27.3117 1.5873e-01     0.0466      0.733    1482.19     59.895     4.0335 338.402809  0.000e+00
    188.544     7.1414    34.8891    27.3117 1.5873e-01     0.0478      0.714    1482.19     59.893     4.0333 338.402810  0.000e+00
    188.556     7.1416    34.8892    27.3117 1.5873e-01     0.0466      0.707    1482.19     59.891     4.0332 338.402810  0.000e+00
    188.531     7.1416    34.8893    27.3118 1.5873e-01     0.0478      0.703    1482.19     59.889     4.0331 338.402811  0.000e+00
    188.533     7.1416    34.8893    27.3118 1.5873e-01     0.0491      0.703    1482.19     59.888     4.0330 338.402811  0.000e+00
    188.556     7.1416    34.8893    27.3118 1.5873e-01     0.0491      0.696    1482.19     59.879     4.0324 338.402812  0.000e+00
    188.544     7.1414    34.8894    27.3119 1.5873e-01     0.0466      0.692    1482.19     59.878     4.0323 338.402812  0.000e+00
    188.544     7.1414    34.8894    27.3119 1.5873e-01     0.0478      0.696    1482.19     59.877     4.0323 338.402812  0.000e+00
    188.557     7.1416    34.8893    27.3118 1.5873e-01     0.0466      0.703    1482.19     59.877     4.0322 338.402813  0.000e+00
    188.556     7.1412    34.8896    27.3121 1.5873e-01     0.0491      0.714    1482.19     59.877     4.0322 338.402813  0.000e+00
    188.569     7.1412    34.8896    27.3121 1.5873e-01     0.0466      0.711    1482.19     59.933     4.0360 338.402814  0.000e+00
    188.556     7.1414    34.8894    27.3119 1.5873e-01     0.0466      0.703    1482.19     59.877     4.0322 338.402814  0.000e+00
    188.533     7.1412    34.8896    27.3121 1.5873e-01     0.0491      0.692    1482.19     59.877     4.0323 338.402815  0.000e+00
    188.605     7.1416    34.8893    27.3118 1.7094e-01     0.0491      0.692    1482.19     59.879     4.0323 338.402815  0.000e+00
    188.580     7.1414    34.8897    27.3121 1.7094e-01     0.0466      0.703    1482.19     59.879     4.0324 338.402816  0.000e+00
    188.594     7.1414    34.8892    27.3117 1.5873e-01     0.0454      0.722    1482.19     59.881     4.0325 338.402816  0.000e+00
    188.580     7.1411    34.8894    27.3119 1.5873e-01     0.0478      0.744    1482.19     59.882     4.0326 338.402817  0.000e+00
    188.607     7.1414    34.8896    27.3121 1.5873e-01     0.0515      0.762    1482.19     59.885     4.0327 338.402817  0.000e+00
    188.605     7.1412    34.8893    27.3119 1.5873e-01     0.0478      0.762    1482.19     59.887     4.0329 338.402818  0.000e+00
    188.618     7.1412    34.8895    27.3120 1.7094e-01     0.0466      0.751    1482.19     59.890     4.0331 338.402818  0.000e+00
    188.618     7.1414    34.8891    27.3117 1.7094e-01     0.0454      0.736    1482.19     59.893     4.0333 338.402819  0.000e+00
    188.631     7.1412    34.8897    27.3122 1.5873e-01     0.0454      0.722    1482.19     59.896     4.0335 338.402819  0.000e+00
    188.643     7.1412    34.8897    27.3121 1.5873e-01     0.0429      0.714    1482.19     59.828     4.0289 338.402820  0.000e+00
    188.643     7.1414    34.8891    27.3117 1.5873e-01     0.0417      0.714    1482.19     59.887     4.0329 338.402820  0.000e+00
    188.656     7.1414    34.8896    27.3120 1.5873e-01     0.0429      0.711    1482.19     59.892     4.0332 338.402821  0.000e+00
    188.679     7.1412    34.8893    27.3118 1.5873e-01     0.0442      0.703    1482.19     59.897     4.0336 338.402821  0.000e+00
    188.679     7.1416    34.8894    27.3119 1.5873e-01     0.0454      0.696    1482.19     59.902     4.0339 338.402822  0.000e+00
    188.692     7.1412    34.8896    27.3121 1.5873e-01     0.0466      0.696    1482.19     59.907     4.0342 338.402822  0.000e+00
    188.692     7.1414    34.8888    27.3114 1.5873e-01     0.0478      0.696    1482.19     59.912     4.0346 338.402823  0.000e+00
    188.704     7.1412    34.8894    27.3119 1.5873e-01     0.0466      0.692    1482.19     59.855     4.0308 338.402823  0.000e+00
    188.715     7.1411    34.8894    27.3119 1.5873e-01     0.0466      0.689    1482.19     59.917     4.0350 338.402824  0.000e+00
    188.741     7.1412    34.8893    27.3119 1.5873e-01     0.0478      0.689    1482.19     59.924     4.0354 338.402824  0.000e+00
    188.728     7.1412    34.8895    27.3120 1.5873e-01     0.0466      0.689    1482.19     59.860     4.0311 338.402825  0.000e+00
    188.741     7.1414    34.8894    27.3119 1.5873e-01     0.0454      0.689    1482.20     59.860     4.0311 338.402825  0.000e+00
    188.764     7.1412    34.8895    27.3120 1.5873e-01     0.0454      0.692    1482.20     59.915     4.0348 338.402826  0.000e+00
