RAWDATA/20181204/VT10_BreiangenVest_down.cnv
* Sea-Bird SBE 9 Data File:
* FileName = C:\CTD Brukere\NIVA\OKOKYST2018\2018_12_04\VT10_BreiangenVest.hex
* Software Version Seasave V 7.23.2
* Temperature SN = 5352
* Conductivity SN = 3840
* Number of Bytes Per Scan = 28
* Number of Voltage Words = 4
* Number of Scans Averaged by the Deck Unit = 1
* NMEA baud rate = 4800
** Ship: R/V Trygve Braarud
** Cruise:
** Station:
** Operator:
# nquan = 12
# nvalues = 12587                                 
# units = specified
# name 0 = depSM: Depth [salt water, m], lat = 59.60
# name 1 = t090C: Temperature [ITS-90, deg C]
# name 2 = sal00: Salinity, Practical [PSU]
# name 3 = sigma-t00: Density [sigma-t, kg/m^3 ]
# name 4 = flSP: Fluorescence, Seapoint
# name 5 = wetStar: Fluorescence, WET Labs WETstar [mg/m^3]
# name 6 = seaTurbMtr: Turbidity, Seapoint [FTU]
# name 7 = svCM: Sound Velocity [Chen-Millero, m/s]
# name 8 = sbeox0PS: Oxygen, SBE 43 [% saturation]
# name 9 = sbeox0ML/L: Oxygen, SBE 43 [ml/l]
# name 10 = timeJ: Julian Days
# name 11 = flag:  0.000e+00
# span 0 =     -0.143,    191.148                 
# span 1 =     6.1680,    10.2818                 
# span 2 =    24.2912,    34.8912                 
# span 3 =    19.0858,    27.3134                 
# span 4 = 1.4652e-01, 1.8315e+00                 
# span 5 =    -0.0120,     0.5313                 
# span 6 =      0.516,     13.670                 
# span 7 =    1461.95,    1490.39                 
# span 8 =     58.817,     94.086                 
# span 9 =     3.9609,     6.9496                 
# span 10 = 338.397257, 338.403327                
# span 11 = 0.0000e+00, 0.0000e+00                
# interval = seconds: 0.0416667
# start_time = Dec 04 2018 09:32:03 [System UpLoad Time]
# bad_flag = -9.990e-29
*END*
[from data line 9384]
    155.395     7.1440    34.8381    27.2712 1.5873e-01     0.0210      0.634    1481.59     66.169     4.4571 338.401782  0.000e+00
    155.395     7.1440    34.8383    27.2713 1.4652e-01     0.0222      0.619    1481.59     66.156     4.4563 338.401783  0.000e+00
    155.418     7.1439    34.8382    27.2712 1.4652e-01     0.0222      0.612    1481.59     66.205     4.4596 338.401783  0.000e+00
    155.455     7.1440    34.8382    27.2713 1.4652e-01     0.0185      0.601    1481.59     66.197     4.4590 338.401784  0.000e+00
    155.455     7.1436    34.8389    27.2719 1.4652e-01     0.0197      0.593    1481.59     66.132     4.4547 338.401784  0.000e+00
    155.480     7.1438    34.8386    27.2716 1.5873e-01     0.0210      0.582    1481.59     66.185     4.4583 338.401785  0.000e+00
    155.503     7.1435    34.8391    27.2720 1.4652e-01     0.0234      0.582    1481.59     66.181     4.4580 338.401785  0.000e+00
    155.516     7.1433    34.8398    27.2725 1.5873e-01     0.0222      0.604    1481.59     66.176     4.4577 338.401786  0.000e+00
    155.554     7.1432    34.8396    27.2725 1.5873e-01     0.0222      0.634    1481.59     66.170     4.4573 338.401786  0.000e+00
    155.564     7.1430    34.8405    27.2731 1.4652e-01     0.0246      0.626    1481.59     66.162     4.4568 338.401787  0.000e+00
    155.578     7.1429    34.8405    27.2732 1.4652e-01     0.0234      0.612    1481.59     66.162     4.4567 338.401787  0.000e+00
    155.590     7.1432    34.8402    27.2729 1.4652e-01     0.0259      0.593    1481.59     66.160     4.4566 338.401788  0.000e+00
    155.628     7.1429    34.8407    27.2734 1.5873e-01     0.0246      0.590    1481.59     66.157     4.4564 338.401788  0.000e+00
    155.651     7.1429    34.8405    27.2732 1.4652e-01     0.0234      0.582    1481.59     66.153     4.4562 338.401789  0.000e+00
    155.664     7.1428    34.8413    27.2738 1.5873e-01     0.0259      0.579    1481.59     66.149     4.4558 338.401789  0.000e+00
    155.700     7.1430    34.8411    27.2736 1.4652e-01     0.0271      0.579    1481.59     66.143     4.4554 338.401790  0.000e+00
    155.698     7.1430    34.8410    27.2736 1.5873e-01     0.0271      0.608    1481.59     66.136     4.4550 338.401790  0.000e+00
    155.737     7.1433    34.8407    27.2733 1.5873e-01     0.0271      0.685    1481.59     66.192     4.4587 338.401791  0.000e+00
    155.749     7.1432    34.8408    27.2734 1.4652e-01     0.0271      0.733    1481.59     66.128     4.4544 338.401791  0.000e+00
    155.773     7.1436    34.8408    27.2733 1.4652e-01     0.0246      0.703    1481.60     66.181     4.4579 338.401792  0.000e+00
    155.796     7.1440    34.8406    27.2731 1.4652e-01     0.0259      0.656    1481.60     66.177     4.4577 338.401792  0.000e+00
    155.810     7.1441    34.8405    27.2730 1.4652e-01     0.0259      0.619    1481.60     66.181     4.4579 338.401793  0.000e+00
    155.847     7.1440    34.8406    27.2731 1.4652e-01     0.0234      0.597    1481.60     66.183     4.4581 338.401793  0.000e+00
    155.857     7.1433    34.8415    27.2739 1.5873e-01     0.0246      0.582    1481.60     66.185     4.4582 338.401793  0.000e+00
    155.883     7.1435    34.8415    27.2739 1.5873e-01     0.0259      0.575    1481.60     66.185     4.4582 338.401794  0.000e+00
    155.908     7.1435    34.8414    27.2738 1.5873e-01     0.0246      0.564    1481.60     66.185     4.4582 338.401794  0.000e+00
    155.919     7.1440    34.8409    27.2734 1.4652e-01     0.0246      0.564    1481.60     66.247     4.4623 338.401795  0.000e+00
    155.969     7.1438    34.8411    27.2735 1.4652e-01     0.0210      0.564    1481.60     66.189     4.4584 338.401795  0.000e+00
    155.969     7.1440    34.8409    27.2733 1.4652e-01     0.0222      0.568    1481.60     66.185     4.4582 338.401796  0.000e+00
    156.005     7.1438    34.8413    27.2737 1.5873e-01     0.0246      0.575    1481.60     66.188     4.4584 338.401796  0.000e+00
    156.031     7.1435    34.8417    27.2741 1.4652e-01     0.0271      0.579    1481.60     66.191     4.4586 338.401797  0.000e+00
    156.055     7.1436    34.8417    27.2740 1.4652e-01     0.0271      0.579    1481.60     66.257     4.4630 338.401797  0.000e+00
    156.055     7.1433    34.8419    27.2742 1.4652e-01     0.0246      0.575    1481.60     66.265     4.4636 338.401798  0.000e+00
    156.126     7.1433    34.8416    27.2740 1.4652e-01     0.0234      0.568    1481.60     66.211     4.4599 338.401798  0.000e+00
    156.116     7.1433    34.8417    27.2741 1.5873e-01     0.0246      0.564    1481.60     66.273     4.4641 338.401799  0.000e+00
    156.141     7.1433    34.8418    27.2742 1.4652e-01     0.0246      0.568    1481.60     66.279     4.4646 338.401799  0.000e+00
    156.175     7.1433    34.8418    27.2742 1.5873e-01     0.0234      0.568    1481.60     66.285     4.4649 338.401800  0.000e+00
    156.201     7.1428    34.8428    27.2750 1.5873e-01     0.0234      0.568    1481.60     66.289     4.4653 338.401800  0.000e+00
    156.211     7.1427    34.8426    27.2749 1.4652e-01     0.0246      0.568    1481.60     66.230     4.4613 338.401801  0.000e+00
    156.251     7.1425    34.8426    27.2749 1.4652e-01     0.0234      0.564    1481.60     66.288     4.4652 338.401801  0.000e+00
    156.262     7.1428    34.8423    27.2746 1.4652e-01     0.0234      0.560    1481.60     66.290     4.4653 338.401802  0.000e+00
    156.298     7.1432    34.8419    27.2742 1.4652e-01     0.0222      0.564    1481.60     66.291     4.4653 338.401802  0.000e+00
    156.300     7.1433    34.8420    27.2743 1.5873e-01     0.0210      0.568    1481.60     66.290     4.4653 338.401803  0.000e+00
    156.336     7.1430    34.8423    27.2746 1.4652e-01     0.0197      0.571    1481.60     66.289     4.4653 338.401803  0.000e+00
    156.346     7.1430    34.8423    27.2746 1.4652e-01     0.0197      0.579    1481.60     66.287     4.4651 338.401804  0.000e+00
    156.398     7.1429    34.8425    27.2748 1.4652e-01     0.0197      0.575    1481.61     66.284     4.4649 338.401804  0.000e+00
    156.410     7.1428    34.8423    27.2746 1.4652e-01     0.0222      0.575    1481.60     66.280     4.4647 338.401805  0.000e+00
    156.444     7.1430    34.8422    27.2745 1.5873e-01     0.0246      0.597    1481.61     66.275     4.4643 338.401805  0.000e+00
    156.470     7.1425    34.8425    27.2748 1.4652e-01     0.0222      0.634    1481.60     66.269     4.4640 338.401806  0.000e+00
    156.459     7.1425    34.8430    27.2752 1.4652e-01     0.0246      0.648    1481.61     66.262     4.4635 338.401806  0.000e+00
    156.518     7.1422    34.8432    27.2754 1.4652e-01     0.0246      0.630    1481.61     66.254     4.4630 338.401807  0.000e+00
    156.519     7.1422    34.8431    27.2753 1.4652e-01     0.0234      0.604    1481.61     66.254     4.4629 338.401807  0.000e+00
    156.554     7.1424    34.8432    27.2754 1.5873e-01     0.0222      0.590    1481.61     66.252     4.4628 338.401807  0.000e+00
    156.569     7.1425    34.8426    27.2749 1.5873e-01     0.0185      0.586    1481.61     66.242     4.4621 338.401808  0.000e+00
    156.593     7.1425    34.8428    27.2751 1.5873e-01     0.0197      0.571    1481.61     66.239     4.4619 338.401808  0.000e+00
    156.628     7.1427    34.8429    27.2751 1.4652e-01     0.0197      0.568    1481.61     66.235     4.4616 338.401809  0.000e+00
    156.642     7.1427    34.8430    27.2752 1.4652e-01     0.0210      0.568    1481.61     66.231     4.4613 338.401809  0.000e+00
    156.654     7.1427    34.8430    27.2752 1.5873e-01     0.0222      0.575    1481.61     66.226     4.4610 338.401810  0.000e+00
    156.688     7.1429    34.8428    27.2750 1.4652e-01     0.0222      0.586    1481.61     66.220     4.4606 338.401810  0.000e+00
    156.703     7.1427    34.8432    27.2753 1.5873e-01     0.0234      0.586    1481.61     66.214     4.4602 338.401811  0.000e+00
    156.724     7.1425    34.8428    27.2751 1.4652e-01     0.0222      0.579    1481.61     66.207     4.4597 338.401811  0.000e+00
    156.752     7.1427    34.8431    27.2752 1.4652e-01     0.0234      0.571    1481.61     66.262     4.4635 338.401812  0.000e+00
    156.777     7.1430    34.8427    27.2749 1.4652e-01     0.0234      0.568    1481.61     66.198     4.4591 338.401812  0.000e+00
    156.798     7.1427    34.8426    27.2748 1.4652e-01     0.0234      0.564    1481.61     66.189     4.4585 338.401813  0.000e+00
    156.826     7.1427    34.8428    27.2750 1.4652e-01     0.0222      0.560    1481.61     66.179     4.4579 338.401813  0.000e+00
    156.847     7.1427    34.8425    27.2748 1.5873e-01     0.0210      0.560    1481.61     66.169     4.4572 338.401814  0.000e+00
    156.851     7.1427    34.8423    27.2747 1.4652e-01     0.0222      0.564    1481.61     66.166     4.4570 338.401814  0.000e+00
    156.887     7.1427    34.8427    27.2750 1.4652e-01     0.0234      0.579    1481.61     66.154     4.4562 338.401815  0.000e+00
    156.921     7.1428    34.8427    27.2749 1.4652e-01     0.0234      0.597    1481.61     66.150     4.4559 338.401815  0.000e+00
    156.923     7.1427    34.8422    27.2746 1.5873e-01     0.0246      0.597    1481.61     66.146     4.4556 338.401816  0.000e+00
    156.957     7.1427    34.8426    27.2749 1.5873e-01     0.0234      0.586    1481.61     66.141     4.4553 338.401816  0.000e+00
    156.972     7.1427    34.8428    27.2750 1.4652e-01     0.0234      0.571    1481.61     66.136     4.4550 338.401817  0.000e+00
    156.961     7.1429    34.8428    27.2750 1.4652e-01     0.0234      0.560    1481.61     66.130     4.4546 338.401817  0.000e+00
    157.018     7.1429    34.8423    27.2746 1.5873e-01     0.0222      0.553    1481.62     66.125     4.4542 338.401818  0.000e+00
    157.033     7.1427    34.8427    27.2749 1.4652e-01     0.0210      0.546    1481.62     66.119     4.4538 338.401818  0.000e+00
    157.056     7.1429    34.8428    27.2750 1.4652e-01     0.0185      0.538    1481.62     66.121     4.4539 338.401819  0.000e+00
    157.070     7.1427    34.8428    27.2751 1.4652e-01     0.0197      0.535    1481.62     66.178     4.4578 338.401819  0.000e+00
    157.092     7.1427    34.8429    27.2751 1.4652e-01     0.0222      0.538    1481.62     66.179     4.4578 338.401820  0.000e+00
    157.120     7.1427    34.8430    27.2752 1.4652e-01     0.0234      0.542    1481.62     66.116     4.4536 338.401820  0.000e+00
    157.120     7.1425    34.8432    27.2754 1.4652e-01     0.0234      0.542    1481.62     66.171     4.4573 338.401821  0.000e+00
    157.141     7.1424    34.8431    27.2753 1.5873e-01     0.0210      0.542    1481.62     66.115     4.4536 338.401821  0.000e+00
    157.169     7.1425    34.8431    27.2753 1.5873e-01     0.0234      0.549    1481.62     66.178     4.4578 338.401821  0.000e+00
    157.202     7.1424    34.8434    27.2755 1.4652e-01     0.0246      0.546    1481.62     66.113     4.4534 338.401822  0.000e+00
    157.205     7.1424    34.8436    27.2757 1.4652e-01     0.0222      0.546    1481.62     66.175     4.4576 338.401822  0.000e+00
    157.215     7.1425    34.8435    27.2756 1.5873e-01     0.0222      0.546    1481.62     66.118     4.4538 338.401823  0.000e+00
    157.254     7.1427    34.8431    27.2753 1.5873e-01     0.0222      0.549    1481.62     66.180     4.4579 338.401823  0.000e+00
    157.264     7.1424    34.8435    27.2756 1.5873e-01     0.0222      0.553    1481.62     66.186     4.4583 338.401824  0.000e+00
    157.279     7.1424    34.8437    27.2757 1.5873e-01     0.0234      0.553    1481.62     66.184     4.4582 338.401824  0.000e+00
    157.303     7.1424    34.8435    27.2756 1.5873e-01     0.0234      0.549    1481.62     66.189     4.4585 338.401825  0.000e+00
    157.325     7.1422    34.8434    27.2756 1.5873e-01     0.0222      0.553    1481.62     66.194     4.4589 338.401825  0.000e+00
    157.339     7.1422    34.8436    27.2758 1.5873e-01     0.0222      0.560    1481.62     66.198     4.4592 338.401826  0.000e+00
    157.361     7.1424    34.8438    27.2759 1.4652e-01     0.0222      0.564    1481.62     66.202     4.4594 338.401826  0.000e+00
    157.375     7.1421    34.8443    27.2763 1.5873e-01     0.0210      0.575    1481.62     66.206     4.4597 338.401827  0.000e+00
    157.398     7.1422    34.8441    27.2761 1.5873e-01     0.0210      0.608    1481.62     66.209     4.4599 338.401827  0.000e+00
    157.413     7.1421    34.8442    27.2762 1.4652e-01     0.0222      0.619    1481.62     66.212     4.4601 338.401828  0.000e+00
    157.446     7.1419    34.8441    27.2762 1.4652e-01     0.0246      0.612    1481.62     66.215     4.4603 338.401828  0.000e+00
    157.462     7.1425    34.8436    27.2757 1.4652e-01     0.0271      0.597    1481.62     66.281     4.4647 338.401829  0.000e+00
    157.459     7.1422    34.8441    27.2761 1.4652e-01     0.0283      0.586    1481.62     66.227     4.4611 338.401829  0.000e+00
    157.498     7.1421    34.8444    27.2764 1.5873e-01     0.0283      0.579    1481.62     66.292     4.4655 338.401830  0.000e+00
    157.508     7.1422    34.8445    27.2764 1.5873e-01     0.0307      0.575    1481.62     66.300     4.4660 338.401830  0.000e+00
    157.523     7.1424    34.8442    27.2762 1.5873e-01     0.0295      0.575    1481.62     66.308     4.4665 338.401831  0.000e+00
    157.548     7.1421    34.8445    27.2765 1.4652e-01     0.0283      0.582    1481.62     66.316     4.4671 338.401831  0.000e+00
    157.569     7.1424    34.8444    27.2763 1.4652e-01     0.0283      0.590    1481.62     66.322     4.4675 338.401832  0.000e+00
    157.584     7.1420    34.8449    27.2768 1.5873e-01     0.0234      0.586    1481.62     66.328     4.4679 338.401832  0.000e+00
    157.605     7.1424    34.8442    27.2762 1.5873e-01     0.0222      0.575    1481.63     66.334     4.4683 338.401833  0.000e+00
    157.608     7.1422    34.8443    27.2763 1.5873e-01     0.0210      0.560    1481.62     66.338     4.4686 338.401833  0.000e+00
    157.630     7.1422    34.8443    27.2763 1.4652e-01     0.0222      0.557    1481.63     66.342     4.4689 338.401834  0.000e+00
    157.646     7.1425    34.8440    27.2760 1.4652e-01     0.0246      0.557    1481.63     66.346     4.4691 338.401834  0.000e+00
    157.667     7.1424    34.8441    27.2761 1.4652e-01     0.0246      0.564    1481.63     66.349     4.4693 338.401834  0.000e+00
    157.694     7.1424    34.8441    27.2761 1.4652e-01     0.0271      0.575    1481.63     66.351     4.4694 338.401835  0.000e+00
    157.703     7.1424    34.8440    27.2760 1.4652e-01     0.0271      0.575    1481.63     66.360     4.4701 338.401835  0.000e+00
    157.718     7.1422    34.8445    27.2764 1.4652e-01     0.0271      0.571    1481.63     66.361     4.4701 338.401836  0.000e+00
    157.739     7.1424    34.8444    27.2764 1.4652e-01     0.0283      0.571    1481.63     66.425     4.4744 338.401836  0.000e+00
    157.756     7.1422    34.8446    27.2765 1.5873e-01     0.0246      0.568    1481.63     66.432     4.4749 338.401837  0.000e+00
    157.789     7.1425    34.8443    27.2762 1.4652e-01     0.0234      0.564    1481.63     66.376     4.4711 338.401837  0.000e+00
    157.780     7.1425    34.8443    27.2762 1.5873e-01     0.0222      0.560    1481.63     66.373     4.4709 338.401838  0.000e+00
    157.813     7.1425    34.8443    27.2762 1.5873e-01     0.0210      0.560    1481.63     66.371     4.4707 338.401838  0.000e+00
    157.828     7.1425    34.8440    27.2760 1.4652e-01     0.0210      0.571    1481.63     66.367     4.4705 338.401839  0.000e+00
    157.849     7.1425    34.8444    27.2763 1.4652e-01     0.0210      0.579    1481.63     66.363     4.4702 338.401839  0.000e+00
