RAWDATA/20181204/VT2_Bastøy_down.cnv
* Sea-Bird SBE 9 Data File:
* FileName = C:\CTD Brukere\NIVA\OKOKYST2018\2018_12_04\VT2_Bastøy.hex
* Software Version Seasave V 7.23.2
* Temperature SN = 5352
* Conductivity SN = 3840
* Number of Bytes Per Scan = 28
* Number of Voltage Words = 4
* Number of Scans Averaged by the Deck Unit = 1
* NMEA baud rate = 4800
** Ship: R/V Trygve Braarud
** Cruise:
** Station:
** Operator:
# nquan = 12
# nvalues = 15196                                 
# units = specified
# name 0 = depSM: Depth [salt water, m], lat = 59.60
# name 1 = t090C: Temperature [ITS-90, deg C]
# name 2 = sal00: Salinity, Practical [PSU]
# name 3 = sigma-t00: Density [sigma-t, kg/m^3 ]
# name 4 = flSP: Fluorescence, Seapoint
# name 5 = wetStar: Fluorescence, WET Labs WETstar [mg/m^3]
# name 6 = seaTurbMtr: Turbidity, Seapoint [FTU]
# name 7 = svCM: Sound Velocity [Chen-Millero, m/s]
# name 8 = sbeox0PS: Oxygen, SBE 43 [% saturation]
# name 9 = sbeox0ML/L: Oxygen, SBE 43 [ml/l]
# name 10 = timeJ: Julian Days
# name 11 = flag:  0.000e+00
# span 0 =     -0.040,    295.923                 
# span 1 =     5.9704,    10.1566                 
# span 2 =    23.4880,    34.8683                 
# span 3 =    18.4731,    27.3117                 
# span 4 = 1.4652e-01, 3.8339e+00                 
# span 5 =    -0.0120,     0.6388                 
# span 6 =      0.524,      2.289                 
# span 7 =    1460.14,    1489.84                 
# span 8 =     70.670,     95.369                 
# span 9 =     4.7724,     7.1139                 
# span 10 = 338.471782, 338.479110                
# span 11 = 0.0000e+00, 0.0000e+00                
# interval = seconds: 0.0416667
# start_time = Dec 04 2018 11:19:22 [System UpLoad Time]
# bad_flag = -9.990e-29
*END*
[from data line 843]
      0.128     5.9756    23.5350    18.5102 1.0379e+00     0.6278      0.938    1460.21     83.128     6.2004 338.472189  0.000e+00
      0.115     5.9757    23.5346    18.5099 1.0012e+00     0.6278      0.941    1460.21     83.119     6.1997 338.472189  0.000e+00
      0.128     5.9756    23.5344    18.5097 9.5238e-01     0.6315      0.934    1460.21     83.110     6.1991 338.472190  0.000e+00
      0.114     5.9757    23.5342    18.5095 1.0501e+00     0.6339      0.945    1460.21     83.101     6.1984 338.472190  0.000e+00
      0.128     5.9757    23.5348    18.5100 1.0745e+00     0.6351      0.963    1460.21     83.092     6.1978 338.472191  0.000e+00
      0.128     5.9757    23.5339    18.5093 1.0379e+00     0.6339      0.967    1460.21     83.083     6.1971 338.472191  0.000e+00
      0.128     5.9757    23.5358    18.5108 1.0989e+00     0.6302      0.996    1460.21     83.075     6.1964 338.472192  0.000e+00
      0.138     5.9756    23.5373    18.5120 1.1722e+00     0.6278      1.000    1460.21     83.066     6.1957 338.472192  0.000e+00
      0.128     5.9754    23.5372    18.5119 1.1722e+00     0.6266      0.982    1460.21     83.057     6.1951 338.472193  0.000e+00
      0.140     5.9756    23.5369    18.5117 1.1355e+00     0.6278      0.956    1460.21     83.056     6.1950 338.472193  0.000e+00
      0.151     5.9756    23.5372    18.5119 1.0989e+00     0.6266      0.949    1460.21     83.056     6.1950 338.472194  0.000e+00
      0.149     5.9756    23.5377    18.5123 1.0745e+00     0.6290      0.949    1460.21     83.118     6.1996 338.472194  0.000e+00
      0.175     5.9757    23.5380    18.5125 1.0745e+00     0.6327      0.945    1460.21     83.064     6.1956 338.472195  0.000e+00
      0.164     5.9757    23.5380    18.5126 1.0989e+00     0.6327      0.934    1460.21     83.065     6.1956 338.472195  0.000e+00
      0.175     5.9757    23.5384    18.5128 1.0867e+00     0.6302      0.923    1460.21     83.065     6.1956 338.472196  0.000e+00
      0.198     5.9759    23.5386    18.5130 1.0867e+00     0.6290      0.923    1460.21     83.129     6.2003 338.472196  0.000e+00
      0.187     5.9757    23.5390    18.5133 1.1600e+00     0.6302      0.930    1460.21     83.137     6.2010 338.472197  0.000e+00
      0.224     5.9759    23.5391    18.5134 1.1477e+00     0.6302      0.941    1460.22     83.147     6.2016 338.472197  0.000e+00
      0.224     5.9761    23.5387    18.5131 1.1111e+00     0.6278      0.963    1460.22     83.155     6.2023 338.472198  0.000e+00
      0.222     5.9759    23.5389    18.5132 1.1844e+00     0.6254      0.982    1460.22     83.164     6.2029 338.472198  0.000e+00
      0.246     5.9762    23.5383    18.5128 1.2088e+00     0.6266      0.978    1460.22     83.173     6.2036 338.472199  0.000e+00
      0.246     5.9757    23.5371    18.5119 1.1722e+00     0.6290      0.967    1460.21     83.182     6.2044 338.472199  0.000e+00
      0.259     5.9757    23.5376    18.5123 1.1111e+00     0.6278      0.971    1460.21     83.191     6.2050 338.472200  0.000e+00
      0.258     5.9756    23.5363    18.5112 1.0745e+00     0.6278      0.996    1460.21     83.200     6.2058 338.472200  0.000e+00
      0.259     5.9757    23.5366    18.5114 1.0623e+00     0.6266      1.015    1460.21     83.209     6.2064 338.472201  0.000e+00
      0.259     5.9756    23.5378    18.5124 1.0379e+00     0.6290      1.011    1460.21     83.280     6.2116 338.472201  0.000e+00
      0.271     5.9759    23.5382    18.5127 1.0012e+00     0.6278      0.996    1460.22     83.296     6.2128 338.472201  0.000e+00
      0.245     5.9757    23.5389    18.5132 9.4017e-01     0.6302      0.993    1460.21     83.312     6.2140 338.472202  0.000e+00
      0.259     5.9759    23.5393    18.5135 8.9133e-01     0.6278      0.993    1460.22     83.328     6.2151 338.472202  0.000e+00
      0.259     5.9756    23.5395    18.5137 9.0354e-01     0.6278      0.993    1460.22     83.405     6.2209 338.472203  0.000e+00
      0.246     5.9756    23.5394    18.5137 9.8901e-01     0.6315      0.996    1460.22     83.365     6.2180 338.472203  0.000e+00
      0.233     5.9756    23.5392    18.5135 1.1111e+00     0.6302      0.993    1460.21     83.442     6.2237 338.472204  0.000e+00
      0.235     5.9756    23.5390    18.5133 1.1111e+00     0.6278      0.989    1460.21     83.463     6.2253 338.472204  0.000e+00
      0.224     5.9757    23.5386    18.5130 1.0745e+00     0.6290      0.996    1460.21     83.484     6.2268 338.472205  0.000e+00
      0.211     5.9757    23.5384    18.5128 1.0745e+00     0.6290      1.011    1460.21     83.566     6.2330 338.472205  0.000e+00
      0.187     5.9754    23.5385    18.5130 1.0989e+00     0.6278      1.018    1460.21     83.593     6.2350 338.472206  0.000e+00
      0.187     5.9756    23.5384    18.5129 1.0989e+00     0.6302      1.004    1460.21     83.673     6.2410 338.472206  0.000e+00
      0.175     5.9759    23.5385    18.5130 1.1233e+00     0.6302      1.007    1460.21     83.697     6.2427 338.472207  0.000e+00
      0.187     5.9754    23.5396    18.5138 1.1600e+00     0.6302      1.000    1460.21     83.720     6.2444 338.472207  0.000e+00
      0.149     5.9754    23.5394    18.5137 1.1600e+00     0.6339      0.982    1460.21     83.803     6.2506 338.472208  0.000e+00
      0.151     5.9756    23.5393    18.5136 1.1111e+00     0.6351      0.978    1460.21     83.829     6.2526 338.472208  0.000e+00
      0.140     5.9751    23.5392    18.5135 1.0989e+00     0.6364      1.007    1460.21     83.916     6.2591 338.472209  0.000e+00
      0.128     5.9756    23.5388    18.5132 1.1477e+00     0.6351      1.040    1460.21     83.946     6.2613 338.472209  0.000e+00
      0.127     5.9753    23.5389    18.5133 1.1477e+00     0.6327      1.022    1460.21     83.974     6.2635 338.472210  0.000e+00
      0.115     5.9753    23.5389    18.5133 1.1355e+00     0.6302      0.989    1460.21     84.062     6.2700 338.472210  0.000e+00
      0.104     5.9754    23.5388    18.5132 1.1355e+00     0.6302      0.974    1460.21     84.155     6.2769 338.472211  0.000e+00
      0.115     5.9754    23.5388    18.5132 1.1233e+00     0.6290      0.974    1460.21     84.191     6.2796 338.472211  0.000e+00
      0.102     5.9754    23.5388    18.5132 1.0745e+00     0.6278      0.971    1460.21     84.224     6.2821 338.472212  0.000e+00
      0.104     5.9756    23.5388    18.5132 1.0379e+00     0.6290      0.971    1460.21     84.316     6.2889 338.472212  0.000e+00
      0.091     5.9757    23.5382    18.5127 1.0256e+00     0.6315      0.974    1460.21     84.351     6.2915 338.472213  0.000e+00
      0.080     5.9754    23.5390    18.5134 1.0379e+00     0.6315      1.000    1460.21     84.444     6.2985 338.472213  0.000e+00
      0.091     5.9755    23.5392    18.5135 1.0745e+00     0.6302      1.015    1460.21     84.480     6.3011 338.472214  0.000e+00
      0.080     5.9756    23.5388    18.5132 1.0501e+00     0.6266      1.000    1460.21     84.574     6.3081 338.472214  0.000e+00
      0.080     5.9756    23.5390    18.5134 1.0623e+00     0.6278      0.993    1460.21     84.610     6.3108 338.472215  0.000e+00
      0.068     5.9753    23.5394    18.5137 1.0867e+00     0.6266      0.993    1460.21     84.704     6.3179 338.472215  0.000e+00
      0.067     5.9753    23.5390    18.5134 1.0867e+00     0.6290      0.985    1460.21     84.739     6.3205 338.472215  0.000e+00
      0.068     5.9753    23.5391    18.5134 1.0745e+00     0.6290      0.960    1460.21     84.833     6.3275 338.472216  0.000e+00
      0.068     5.9751    23.5387    18.5131 1.0379e+00     0.6302      0.934    1460.21     84.867     6.3301 338.472216  0.000e+00
      0.068     5.9751    23.5383    18.5129 1.0623e+00     0.6302      0.927    1460.21     84.960     6.3370 338.472217  0.000e+00
      0.067     5.9754    23.5386    18.5130 1.0989e+00     0.6339      0.927    1460.21     84.993     6.3394 338.472217  0.000e+00
      0.055     5.9756    23.5379    18.5125 1.0745e+00     0.6351      0.996    1460.21     85.091     6.3467 338.472218  0.000e+00
      0.080     5.9756    23.5376    18.5123 1.0745e+00     0.6351      1.055    1460.21     85.184     6.3537 338.472218  0.000e+00
      0.078     5.9756    23.5380    18.5125 1.1722e+00     0.6339      1.040    1460.21     85.217     6.3562 338.472219  0.000e+00
      0.091     5.9757    23.5376    18.5123 1.2576e+00     0.6302      1.029    1460.21     85.307     6.3629 338.472219  0.000e+00
      0.091     5.9757    23.5385    18.5129 1.2332e+00     0.6302      1.040    1460.21     85.345     6.3657 338.472220  0.000e+00
      0.115     5.9759    23.5385    18.5129 1.1844e+00     0.6290      1.051    1460.21     85.440     6.3727 338.472220  0.000e+00
      0.114     5.9761    23.5385    18.5129 1.1600e+00     0.6290      1.099    1460.21     85.474     6.3752 338.472221  0.000e+00
      0.140     5.9759    23.5392    18.5135 1.1355e+00     0.6302      1.132    1460.21     85.565     6.3820 338.472221  0.000e+00
      0.151     5.9759    23.5389    18.5132 1.1477e+00     0.6278      1.158    1460.21     85.595     6.3843 338.472222  0.000e+00
      0.164     5.9757    23.5392    18.5135 1.1355e+00     0.6266      1.136    1460.21     85.681     6.3907 338.472222  0.000e+00
      0.174     5.9761    23.5393    18.5135 1.1722e+00     0.6278      1.070    1460.22     85.707     6.3925 338.472223  0.000e+00
      0.187     5.9762    23.5388    18.5132 1.2576e+00     0.6278      1.011    1460.22     85.787     6.3986 338.472223  0.000e+00
      0.200     5.9757    23.5390    18.5134 1.2698e+00     0.6302      0.971    1460.21     85.807     6.4001 338.472224  0.000e+00
      0.200     5.9759    23.5388    18.5131 1.1966e+00     0.6290      0.952    1460.21     85.882     6.4057 338.472224  0.000e+00
      0.222     5.9757    23.5390    18.5133 1.1355e+00     0.6302      0.952    1460.21     85.966     6.4119 338.472225  0.000e+00
      0.235     5.9757    23.5386    18.5130 1.1233e+00     0.6290      0.967    1460.21     86.050     6.4183 338.472225  0.000e+00
      0.235     5.9756    23.5372    18.5120 1.0989e+00     0.6302      0.967    1460.21     86.073     6.4200 338.472226  0.000e+00
      0.271     5.9754    23.5379    18.5125 1.0867e+00     0.6327      1.000    1460.21     86.089     6.4212 338.472226  0.000e+00
      0.269     5.9754    23.5378    18.5124 1.0867e+00     0.6302      1.015    1460.21     86.166     6.4270 338.472227  0.000e+00
      0.282     5.9756    23.5379    18.5125 1.0623e+00     0.6290      0.996    1460.21     86.174     6.4275 338.472227  0.000e+00
      0.282     5.9753    23.5379    18.5125 1.0379e+00     0.6278      0.993    1460.21     86.245     6.4328 338.472228  0.000e+00
      0.306     5.9754    23.5380    18.5126 1.0623e+00     0.6278      1.004    1460.21     86.315     6.4381 338.472228  0.000e+00
      0.306     5.9752    23.5384    18.5129 1.0867e+00     0.6278      1.018    1460.21     86.323     6.4387 338.472228  0.000e+00
      0.318     5.9751    23.5387    18.5132 1.1111e+00     0.6266      1.015    1460.21     86.393     6.4439 338.472229  0.000e+00
      0.331     5.9751    23.5397    18.5139 1.0989e+00     0.6229      1.007    1460.21     86.401     6.4444 338.472229  0.000e+00
      0.319     5.9751    23.5401    18.5143 1.1477e+00     0.6254      1.029    1460.22     86.408     6.4450 338.472230  0.000e+00
      0.342     5.9751    23.5396    18.5139 1.2698e+00     0.6278      1.044    1460.21     86.470     6.4496 338.472230  0.000e+00
      0.353     5.9753    23.5372    18.5119 1.3919e+00     0.6302      1.011    1460.21     86.470     6.4497 338.472231  0.000e+00
      0.342     5.9750    23.5375    18.5122 1.3797e+00     0.6339      0.982    1460.21     86.531     6.4543 338.472231  0.000e+00
      0.342     5.9748    23.5374    18.5122 1.2943e+00     0.6388      0.971    1460.21     86.530     6.4542 338.472232  0.000e+00
      0.342     5.9746    23.5376    18.5124 1.2088e+00     0.6376      0.974    1460.21     86.529     6.4542 338.472232  0.000e+00
      0.340     5.9748    23.5374    18.5122 1.1844e+00     0.6339      1.015    1460.21     86.582     6.4581 338.472233  0.000e+00
      0.342     5.9748    23.5392    18.5136 1.1844e+00     0.6327      1.062    1460.21     86.635     6.4620 338.472233  0.000e+00
      0.342     5.9748    23.5387    18.5132 1.1966e+00     0.6327      1.051    1460.21     86.634     6.4619 338.472234  0.000e+00
      0.342     5.9750    23.5384    18.5130 1.2088e+00     0.6315      1.011    1460.21     86.632     6.4618 338.472234  0.000e+00
      0.293     5.9748    23.5388    18.5133 1.3309e+00     0.6290      0.974    1460.21     86.684     6.4657 338.472235  0.000e+00
      0.378     5.9750    23.5388    18.5132 1.3065e+00     0.6278      0.960    1460.21     86.675     6.4650 338.472235  0.000e+00
      0.331     5.9750    23.5390    18.5134 1.2332e+00     0.6241      0.960    1460.21     86.727     6.4688 338.472236  0.000e+00
      0.319     5.9748    23.5391    18.5135 1.1722e+00     0.6254      0.967    1460.21     86.717     6.4681 338.472236  0.000e+00
      0.319     5.9750    23.5396    18.5139 1.1233e+00     0.6278      0.967    1460.21     86.707     6.4673 338.472237  0.000e+00
      0.305     5.9750    23.5382    18.5128 1.0989e+00     0.6315      0.963    1460.21     86.751     6.4706 338.472237  0.000e+00
      0.319     5.9751    23.5371    18.5119 1.0867e+00     0.6278      0.978    1460.21     86.741     6.4699 338.472238  0.000e+00
      0.295     5.9750    23.5366    18.5115 1.0989e+00     0.6278      1.029    1460.21     86.785     6.4732 338.472238  0.000e+00
      0.282     5.9751    23.5369    18.5117 1.0867e+00     0.6278      1.114    1460.21     86.774     6.4724 338.472239  0.000e+00
      0.269     5.9751    23.5377    18.5123 1.0501e+00     0.6302      1.099    1460.21     86.818     6.4757 338.472239  0.000e+00
      0.282     5.9748    23.5370    18.5118 1.0134e+00     0.6339      1.048    1460.21     86.808     6.4750 338.472240  0.000e+00
      0.259     5.9746    23.5348    18.5101 1.0134e+00     0.6327      1.018    1460.21     86.790     6.4738 338.472240  0.000e+00
      0.259     5.9748    23.5363    18.5113 1.0134e+00     0.6327      1.000    1460.21     86.835     6.4770 338.472241  0.000e+00
      0.233     5.9741    23.5383    18.5129 1.0379e+00     0.6315      0.985    1460.21     86.879     6.4803 338.472241  0.000e+00
      0.246     5.9743    23.5386    18.5132 1.0745e+00     0.6327      0.978    1460.21     86.869     6.4796 338.472242  0.000e+00
      0.224     5.9740    23.5392    18.5136 1.0989e+00     0.6351      0.982    1460.21     86.860     6.4789 338.472242  0.000e+00
      0.224     5.9742    23.5385    18.5131 1.1355e+00     0.6351      0.985    1460.21     86.905     6.4822 338.472242  0.000e+00
      0.209     5.9741    23.5393    18.5137 1.1233e+00     0.6315      0.974    1460.21     86.958     6.4862 338.472243  0.000e+00
      0.211     5.9740    23.5407    18.5148 1.1355e+00     0.6302      0.956    1460.21     87.011     6.4901 338.472243  0.000e+00
      0.200     5.9741    23.5407    18.5149 1.1355e+00     0.6315      0.949    1460.21     87.010     6.4900 338.472244  0.000e+00
      0.187     5.9738    23.5411    18.5151 1.0867e+00     0.6302      0.974    1460.21     87.001     6.4894 338.472244  0.000e+00
      0.187     5.9737    23.5411    18.5152 1.1233e+00     0.6290      1.000    1460.21     87.055     6.4934 338.472245  0.000e+00
      0.187     5.9735    23.5409    18.5151 1.1355e+00     0.6278      1.004    1460.21     87.109     6.4974 338.472245  0.000e+00
      0.175     5.9737    23.5404    18.5146 1.1233e+00     0.6327      1.015    1460.21     87.170     6.5020 338.472246  0.000e+00
