RAWDATA/20181204/VT2_Bastøy_down.cnv
* Sea-Bird SBE 9 Data File:
* FileName = C:\CTD Brukere\NIVA\OKOKYST2018\2018_12_04\VT2_Bastøy.hex
* Software Version Seasave V 7.23.2
* Temperature SN = 5352
* Conductivity SN = 3840
* Number of Bytes Per Scan = 28
* Number of Voltage Words = 4
* Number of Scans Averaged by the Deck Unit = 1
* NMEA baud rate = 4800
** Ship: R/V Trygve Braarud
** Cruise:
** Station:
** Operator:
# nquan = 12
# nvalues = 15196                                 
# units = specified
# name 0 = depSM: Depth [salt water, m], lat = 59.60
# name 1 = t090C: Temperature [ITS-90, deg C]
# name 2 = sal00: Salinity, Practical [PSU]
# name 3 = sigma-t00: Density [sigma-t, kg/m^3 ]
# name 4 = flSP: Fluorescence, Seapoint
# name 5 = wetStar: Fluorescence, WET Labs WETstar [mg/m^3]
# name 6 = seaTurbMtr: Turbidity, Seapoint [FTU]
# name 7 = svCM: Sound Velocity [Chen-Millero, m/s]
# name 8 = sbeox0PS: Oxygen, SBE 43 [% saturation]
# name 9 = sbeox0ML/L: Oxygen, SBE 43 [ml/l]
# name 10 = timeJ: Julian Days
# name 11 = flag:  0.000e+00
# span 0 =     -0.040,    295.923                 
# span 1 =     5.9704,    10.1566                 
# span 2 =    23.4880,    34.8683                 
# span 3 =    18.4731,    27.3117                 
# span 4 = 1.4652e-01, 3.8339e+00                 
# span 5 =    -0.0120,     0.6388                 
# span 6 =      0.524,      2.289                 
# span 7 =    1460.14,    1489.84                 
# span 8 =     70.670,     95.369                 
# span 9 =     4.7724,     7.1139                 
# span 10 = 338.471782, 338.479110                
# span 11 = 0.0000e+00, 0.0000e+00                
# interval = seconds: 0.0416667
# start_time = Dec 04 2018 11:19:22 [System UpLoad Time]
# bad_flag = -9.990e-29
*END*
[from data line 6858]
    126.524     8.3481    34.7828    27.0505 1.4652e-01    -0.0120      0.689    1485.61     73.434     4.8156 338.475090  0.000e+00
    126.554     8.3476    34.7827    27.0505 1.4652e-01    -0.0120      0.645    1485.61     73.438     4.8159 338.475090  0.000e+00
    126.565     8.3476    34.7829    27.0506 1.4652e-01    -0.0096      0.619    1485.61     73.443     4.8163 338.475091  0.000e+00
    126.596     8.3473    34.7830    27.0507 1.4652e-01    -0.0096      0.608    1485.61     73.380     4.8121 338.475091  0.000e+00
    126.614     8.3475    34.7833    27.0509 1.5873e-01    -0.0120      0.615    1485.61     73.373     4.8116 338.475092  0.000e+00
    126.645     8.3473    34.7837    27.0513 1.8315e-01    -0.0108      0.641    1485.61     73.375     4.8118 338.475092  0.000e+00
    126.663     8.3473    34.7830    27.0507 1.8315e-01    -0.0096      0.641    1485.61     73.371     4.8115 338.475093  0.000e+00
    126.699     8.3468    34.7828    27.0507 1.8315e-01    -0.0083      0.626    1485.61     73.368     4.8114 338.475093  0.000e+00
    126.719     8.3462    34.7831    27.0510 1.7094e-01    -0.0071      0.623    1485.61     73.366     4.8113 338.475094  0.000e+00
    126.735     8.3457    34.7832    27.0511 1.5873e-01    -0.0083      0.623    1485.61     73.365     4.8113 338.475094  0.000e+00
    126.755     8.3450    34.7834    27.0514 1.4652e-01    -0.0096      0.630    1485.61     73.365     4.8114 338.475095  0.000e+00
    126.784     8.3446    34.7837    27.0517 1.5873e-01    -0.0120      0.645    1485.61     73.367     4.8116 338.475095  0.000e+00
    126.809     8.3441    34.7840    27.0520 2.0757e-01    -0.0120      0.663    1485.60     73.370     4.8118 338.475095  0.000e+00
    126.828     8.3433    34.7842    27.0523 2.9304e-01    -0.0120      0.652    1485.60     73.374     4.8122 338.475096  0.000e+00
    126.869     8.3428    34.7843    27.0524 2.6862e-01    -0.0120      0.630    1485.60     73.380     4.8126 338.475096  0.000e+00
    126.889     8.3422    34.7840    27.0523 2.1978e-01    -0.0108      0.612    1485.60     73.387     4.8131 338.475097  0.000e+00
    126.907     8.3412    34.7826    27.0513 1.9536e-01    -0.0108      0.601    1485.59     73.332     4.8097 338.475097  0.000e+00
    126.925     8.3367    34.7813    27.0510 1.8315e-01    -0.0120      0.590    1485.58     73.334     4.8103 338.475098  0.000e+00
    126.954     8.3296    34.7827    27.0532 1.7094e-01    -0.0120      0.582    1485.55     73.401     4.8154 338.475098  0.000e+00
    126.979     8.3255    34.7829    27.0540 1.5873e-01    -0.0120      0.579    1485.54     73.351     4.8126 338.475099  0.000e+00
    126.999     8.3217    34.7818    27.0537 1.5873e-01    -0.0108      0.579    1485.52     73.350     4.8129 338.475099  0.000e+00
    127.028     8.3151    34.7808    27.0540 1.5873e-01    -0.0120      0.586    1485.50     73.358     4.8142 338.475100  0.000e+00
    127.059     8.3075    34.7833    27.0571 1.4652e-01    -0.0120      0.586    1485.47     73.422     4.8192 338.475100  0.000e+00
    127.077     8.3039    34.7869    27.0605 1.4652e-01    -0.0120      0.586    1485.46     73.369     4.8160 338.475101  0.000e+00
    127.084     8.3035    34.7871    27.0607 1.4652e-01    -0.0108      0.582    1485.46     73.373     4.8163 338.475101  0.000e+00
    127.113     8.3013    34.7860    27.0602 1.4652e-01    -0.0071      0.586    1485.45     73.378     4.8168 338.475102  0.000e+00
    127.144     8.2986    34.7861    27.0607 1.4652e-01    -0.0108      0.590    1485.44     73.384     4.8175 338.475102  0.000e+00
    127.162     8.2965    34.7878    27.0623 1.4652e-01    -0.0120      0.586    1485.44     73.454     4.8223 338.475103  0.000e+00
    127.180     8.2967    34.7894    27.0635 1.4652e-01    -0.0120      0.586    1485.44     73.399     4.8186 338.475103  0.000e+00
    127.211     8.2981    34.7892    27.0631 1.4652e-01    -0.0120      0.579    1485.45     73.401     4.8186 338.475104  0.000e+00
    127.236     8.2986    34.7895    27.0633 1.4652e-01    -0.0108      0.579    1485.45     73.403     4.8187 338.475104  0.000e+00
    127.254     8.2983    34.7894    27.0633 1.5873e-01    -0.0120      0.586    1485.45     73.406     4.8189 338.475105  0.000e+00
    127.272     8.2976    34.7889    27.0630 1.4652e-01    -0.0120      0.608    1485.44     73.473     4.8234 338.475105  0.000e+00
    127.303     8.2957    34.7876    27.0622 1.4652e-01    -0.0108      0.641    1485.44     73.423     4.8203 338.475106  0.000e+00
    127.321     8.2922    34.7893    27.0642 1.4652e-01    -0.0108      0.645    1485.43     73.491     4.8252 338.475106  0.000e+00
    127.352     8.2915    34.7900    27.0648 1.4652e-01    -0.0108      0.630    1485.42     73.442     4.8220 338.475107  0.000e+00
    127.357     8.2910    34.7902    27.0650 1.4652e-01    -0.0120      0.619    1485.42     73.512     4.8266 338.475107  0.000e+00
    127.388     8.2904    34.7903    27.0652 1.4652e-01    -0.0108      0.619    1485.42     73.527     4.8277 338.475108  0.000e+00
    127.406     8.2901    34.7904    27.0653 1.4652e-01    -0.0096      0.612    1485.42     73.473     4.8242 338.475108  0.000e+00
    127.437     8.2910    34.7897    27.0646 1.4652e-01    -0.0120      0.601    1485.42     73.544     4.8288 338.475109  0.000e+00
    127.466     8.2914    34.7884    27.0635 1.4652e-01    -0.0120      0.590    1485.42     73.561     4.8299 338.475109  0.000e+00
    127.473     8.2901    34.7888    27.0640 1.4652e-01    -0.0120      0.590    1485.42     73.571     4.8307 338.475109  0.000e+00
    127.491     8.2894    34.7867    27.0625 1.5873e-01    -0.0120      0.586    1485.41     73.582     4.8315 338.475110  0.000e+00
    127.522     8.2834    34.7872    27.0638 1.4652e-01    -0.0108      0.575    1485.39     73.593     4.8328 338.475110  0.000e+00
    127.551     8.2793    34.7860    27.0635 1.4652e-01    -0.0108      0.571    1485.38     73.604     4.8341 338.475111  0.000e+00
    127.569     8.2751    34.7858    27.0640 1.5873e-01    -0.0120      0.579    1485.36     73.615     4.8353 338.475111  0.000e+00
    127.600     8.2702    34.7851    27.0642 1.5873e-01    -0.0108      0.604    1485.34     73.620     4.8361 338.475112  0.000e+00
    127.607     8.2633    34.7863    27.0662 1.4652e-01    -0.0096      0.630    1485.32     73.632     4.8376 338.475112  0.000e+00
    127.636     8.2613    34.7889    27.0686 1.4652e-01    -0.0096      0.645    1485.31     73.636     4.8380 338.475113  0.000e+00
    127.654     8.2617    34.7891    27.0686 1.4652e-01    -0.0096      0.667    1485.32     73.648     4.8387 338.475113  0.000e+00
    127.674     8.2595    34.7867    27.0671 1.5873e-01    -0.0096      0.685    1485.31     73.660     4.8399 338.475114  0.000e+00
    127.704     8.2524    34.7835    27.0656 1.5873e-01    -0.0108      0.700    1485.28     73.673     4.8416 338.475114  0.000e+00
    127.722     8.2435    34.7864    27.0693 1.5873e-01    -0.0120      0.696    1485.25     73.679     4.8428 338.475115  0.000e+00
    127.753     8.2408    34.7878    27.0708 1.5873e-01    -0.0108      0.670    1485.24     73.684     4.8434 338.475115  0.000e+00
    127.771     8.2389    34.7885    27.0716 1.5873e-01    -0.0108      0.645    1485.23     73.689     4.8440 338.475116  0.000e+00
    127.789     8.2366    34.7886    27.0721 1.5873e-01    -0.0096      0.630    1485.22     73.694     4.8446 338.475116  0.000e+00
    127.820     8.2346    34.7896    27.0732 1.5873e-01    -0.0096      0.626    1485.22     73.700     4.8451 338.475117  0.000e+00
    127.838     8.2327    34.7907    27.0743 1.5873e-01    -0.0083      0.626    1485.21     73.705     4.8456 338.475117  0.000e+00
    127.856     8.2318    34.7904    27.0742 1.4652e-01    -0.0083      0.623    1485.21     73.710     4.8461 338.475118  0.000e+00
    127.874     8.2297    34.7893    27.0737 1.5873e-01    -0.0083      0.623    1485.20     73.715     4.8467 338.475118  0.000e+00
    127.893     8.2257    34.7883    27.0735 1.7094e-01    -0.0083      0.615    1485.18     73.721     4.8475 338.475119  0.000e+00
    127.923     8.2210    34.7881    27.0741 1.5873e-01    -0.0083      0.608    1485.17     73.726     4.8484 338.475119  0.000e+00
    127.941     8.2166    34.7898    27.0761 1.5873e-01    -0.0083      0.604    1485.15     73.732     4.8491 338.475120  0.000e+00
    127.960     8.2141    34.7915    27.0778 1.4652e-01    -0.0071      0.612    1485.15     73.737     4.8497 338.475120  0.000e+00
    127.990     8.2112    34.7920    27.0786 1.4652e-01    -0.0083      0.619    1485.14     73.680     4.8463 338.475121  0.000e+00
    127.996     8.2080    34.7915    27.0787 1.4652e-01    -0.0096      0.630    1485.12     73.733     4.8501 338.475121  0.000e+00
    128.021     8.2062    34.7916    27.0790 1.5873e-01    -0.0083      0.637    1485.12     73.731     4.8501 338.475122  0.000e+00
    128.039     8.2049    34.7922    27.0797 1.4652e-01    -0.0071      0.630    1485.11     73.735     4.8506 338.475122  0.000e+00
    128.068     8.2029    34.7923    27.0801 1.4652e-01    -0.0083      0.615    1485.11     73.670     4.8465 338.475122  0.000e+00
    128.075     8.2001    34.7916    27.0800 1.4652e-01    -0.0071      0.604    1485.10     73.660     4.8462 338.475123  0.000e+00
    128.106     8.1967    34.7914    27.0804 1.5873e-01    -0.0083      0.597    1485.08     73.650     4.8459 338.475123  0.000e+00
    128.124     8.1925    34.7908    27.0805 1.5873e-01    -0.0096      0.590    1485.07     73.648     4.8462 338.475124  0.000e+00
    128.130     8.1877    34.7909    27.0813 1.4652e-01    -0.0108      0.579    1485.05     73.638     4.8461 338.475124  0.000e+00
    128.160     8.1847    34.7930    27.0835 1.5873e-01    -0.0108      0.571    1485.04     73.629     4.8457 338.475125  0.000e+00
    128.166     8.1837    34.7962    27.0861 1.5873e-01    -0.0120      0.568    1485.04     73.619     4.8451 338.475125  0.000e+00
    128.198     8.1860    34.7972    27.0865 1.5873e-01    -0.0108      0.575    1485.05     73.609     4.8442 338.475126  0.000e+00
    128.215     8.1885    34.7966    27.0856 1.5873e-01    -0.0083      0.579    1485.06     73.606     4.8437 338.475126  0.000e+00
    128.227     8.1904    34.7951    27.0842 1.4652e-01    -0.0096      0.586    1485.07     73.534     4.8388 338.475127  0.000e+00
    128.247     8.1908    34.7921    27.0818 1.4652e-01    -0.0108      0.590    1485.06     73.517     4.8378 338.475127  0.000e+00
    128.265     8.1880    34.7902    27.0807 1.4652e-01    -0.0120      0.590    1485.05     73.501     4.8371 338.475128  0.000e+00
    128.283     8.1845    34.7913    27.0821 1.4652e-01    -0.0108      0.586    1485.04     73.485     4.8364 338.475128  0.000e+00
    128.287     8.1823    34.7928    27.0836 1.4652e-01    -0.0083      0.582    1485.03     73.477     4.8360 338.475129  0.000e+00
    128.307     8.1813    34.7937    27.0845 1.4652e-01    -0.0083      0.579    1485.03     73.462     4.8351 338.475129  0.000e+00
    128.337     8.1803    34.7938    27.0847 1.4652e-01    -0.0096      0.571    1485.03     73.455     4.8348 338.475130  0.000e+00
    128.337     8.1792    34.7931    27.0843 1.4652e-01    -0.0096      0.564    1485.02     73.441     4.8340 338.475130  0.000e+00
    128.356     8.1779    34.7928    27.0843 1.5873e-01    -0.0108      0.557    1485.02     73.435     4.8337 338.475131  0.000e+00
    128.386     8.1771    34.7934    27.0849 1.5873e-01    -0.0108      0.553    1485.02     73.429     4.8334 338.475131  0.000e+00
    128.392     8.1771    34.7938    27.0852 1.5873e-01    -0.0108      0.553    1485.02     73.417     4.8326 338.475132  0.000e+00
    128.410     8.1774    34.7941    27.0854 1.5873e-01    -0.0083      0.564    1485.02     73.412     4.8322 338.475132  0.000e+00
    128.417     8.1774    34.7933    27.0847 1.4652e-01    -0.0059      0.579    1485.02     73.408     4.8319 338.475133  0.000e+00
    128.435     8.1768    34.7936    27.0851 1.5873e-01    -0.0035      0.590    1485.02     73.404     4.8318 338.475133  0.000e+00
    128.459     8.1768    34.7938    27.0852 1.5873e-01    -0.0035      0.597    1485.02     73.339     4.8275 338.475134  0.000e+00
    128.477     8.1770    34.7942    27.0856 1.7094e-01    -0.0047      0.601    1485.02     73.392     4.8309 338.475134  0.000e+00
    128.495     8.1773    34.7933    27.0848 1.5873e-01    -0.0059      0.608    1485.02     73.390     4.8308 338.475135  0.000e+00
    128.502     8.1760    34.7917    27.0837 1.5873e-01    -0.0071      0.615    1485.01     73.327     4.8269 338.475135  0.000e+00
    128.520     8.1736    34.7922    27.0844 1.5873e-01    -0.0059      0.615    1485.00     73.383     4.8308 338.475136  0.000e+00
    128.520     8.1720    34.7926    27.0850 1.5873e-01    -0.0059      0.626    1485.00     73.383     4.8310 338.475136  0.000e+00
    128.562     8.1712    34.7928    27.0853 1.4652e-01    -0.0047      0.630    1485.00     73.385     4.8312 338.475136  0.000e+00
    128.569     8.1705    34.7929    27.0855 1.4652e-01    -0.0071      0.630    1484.99     73.325     4.8272 338.475137  0.000e+00
    128.587     8.1707    34.7926    27.0852 1.4652e-01    -0.0059      0.626    1484.99     73.320     4.8269 338.475137  0.000e+00
    128.592     8.1703    34.7929    27.0855 1.4652e-01    -0.0059      0.641    1484.99     73.317     4.8267 338.475138  0.000e+00
    128.629     8.1703    34.7932    27.0857 1.4652e-01    -0.0059      0.659    1484.99     73.377     4.8307 338.475138  0.000e+00
    128.623     8.1702    34.7934    27.0859 1.4652e-01    -0.0071      0.659    1484.99     73.382     4.8310 338.475139  0.000e+00
    128.654     8.1707    34.7939    27.0862 1.4652e-01    -0.0071      0.656    1485.00     73.325     4.8272 338.475139  0.000e+00
    128.685     8.1713    34.7930    27.0855 1.4652e-01    -0.0083      0.656    1485.00     73.325     4.8272 338.475140  0.000e+00
    128.690     8.1715    34.7935    27.0859 1.4652e-01    -0.0108      0.637    1485.00     73.325     4.8272 338.475140  0.000e+00
    128.714     8.1716    34.7934    27.0857 1.4652e-01    -0.0108      0.623    1485.00     73.327     4.8273 338.475141  0.000e+00
    128.721     8.1720    34.7930    27.0853 1.4652e-01    -0.0120      0.615    1485.00     73.329     4.8274 338.475141  0.000e+00
    128.750     8.1718    34.7929    27.0853 1.4652e-01    -0.0096      0.615    1485.00     73.332     4.8276 338.475142  0.000e+00
    128.770     8.1720    34.7923    27.0848 1.4652e-01    -0.0096      0.608    1485.00     73.337     4.8279 338.475142  0.000e+00
    128.786     8.1715    34.7927    27.0852 1.5873e-01    -0.0096      0.601    1485.00     73.342     4.8283 338.475143  0.000e+00
    128.811     8.1720    34.7925    27.0849 1.4652e-01    -0.0096      0.593    1485.00     73.348     4.8286 338.475143  0.000e+00
    128.819     8.1720    34.7931    27.0854 1.4652e-01    -0.0083      0.586    1485.00     73.355     4.8290 338.475144  0.000e+00
    128.849     8.1726    34.7931    27.0853 1.4652e-01    -0.0071      0.582    1485.01     73.355     4.8290 338.475144  0.000e+00
    128.880     8.1732    34.7929    27.0851 1.4652e-01    -0.0071      0.586    1485.01     73.363     4.8295 338.475145  0.000e+00
    128.885     8.1729    34.7918    27.0842 1.4652e-01    -0.0071      0.597    1485.01     73.373     4.8302 338.475145  0.000e+00
    128.921     8.1718    34.7915    27.0842 1.4652e-01    -0.0059      0.608    1485.00     73.383     4.8310 338.475146  0.000e+00
    128.929     8.1710    34.7921    27.0848 1.4652e-01    -0.0083      0.608    1485.00     73.449     4.8354 338.475146  0.000e+00
    128.958     8.1707    34.7919    27.0847 1.4652e-01    -0.0096      0.604    1485.00     73.398     4.8321 338.475147  0.000e+00
