RAWDATA/20181204/VT2_Bastøy_down.cnv
* Sea-Bird SBE 9 Data File:
* FileName = C:\CTD Brukere\NIVA\OKOKYST2018\2018_12_04\VT2_Bastøy.hex
* Software Version Seasave V 7.23.2
* Temperature SN = 5352
* Conductivity SN = 3840
* Number of Bytes Per Scan = 28
* Number of Voltage Words = 4
* Number of Scans Averaged by the Deck Unit = 1
* NMEA baud rate = 4800
** Ship: R/V Trygve Braarud
** Cruise:
** Station:
** Operator:
# nquan = 12
# nvalues = 15196                                 
# units = specified
# name 0 = depSM: Depth [salt water, m], lat = 59.60
# name 1 = t090C: Temperature [ITS-90, deg C]
# name 2 = sal00: Salinity, Practical [PSU]
# name 3 = sigma-t00: Density [sigma-t, kg/m^3 ]
# name 4 = flSP: Fluorescence, Seapoint
# name 5 = wetStar: Fluorescence, WET Labs WETstar [mg/m^3]
# name 6 = seaTurbMtr: Turbidity, Seapoint [FTU]
# name 7 = svCM: Sound Velocity [Chen-Millero, m/s]
# name 8 = sbeox0PS: Oxygen, SBE 43 [% saturation]
# name 9 = sbeox0ML/L: Oxygen, SBE 43 [ml/l]
# name 10 = timeJ: Julian Days
# name 11 = flag:  0.000e+00
# span 0 =     -0.040,    295.923                 
# span 1 =     5.9704,    10.1566                 
# span 2 =    23.4880,    34.8683                 
# span 3 =    18.4731,    27.3117                 
# span 4 = 1.4652e-01, 3.8339e+00                 
# span 5 =    -0.0120,     0.6388                 
# span 6 =      0.524,      2.289                 
# span 7 =    1460.14,    1489.84                 
# span 8 =     70.670,     95.369                 
# span 9 =     4.7724,     7.1139                 
# span 10 = 338.471782, 338.479110                
# span 11 = 0.0000e+00, 0.0000e+00                
# interval = seconds: 0.0416667
# start_time = Dec 04 2018 11:19:22 [System UpLoad Time]
# bad_flag = -9.990e-29
*END*
[from data line 12391]
    244.109     7.0551    34.8617    27.3022 1.4652e-01     0.0002      0.619    1482.75     71.381     4.8173 338.477758  0.000e+00
    244.133     7.0547    34.8621    27.3026 1.5873e-01    -0.0022      0.641    1482.75     71.377     4.8170 338.477758  0.000e+00
    244.170     7.0546    34.8617    27.3022 1.4652e-01     0.0002      0.637    1482.75     71.373     4.8168 338.477759  0.000e+00
    244.158     7.0544    34.8614    27.3021 1.4652e-01     0.0014      0.623    1482.74     71.362     4.8161 338.477759  0.000e+00
    244.254     7.0541    34.8619    27.3025 1.4652e-01     0.0027      0.612    1482.75     71.361     4.8160 338.477760  0.000e+00
    244.232     7.0536    34.8625    27.3030 1.4652e-01     0.0014      0.615    1482.74     71.351     4.8154 338.477760  0.000e+00
    244.257     7.0537    34.8624    27.3029 1.4652e-01    -0.0010      0.619    1482.75     71.343     4.8148 338.477761  0.000e+00
    244.282     7.0534    34.8621    27.3027 1.4652e-01    -0.0010      0.608    1482.74     71.344     4.8149 338.477761  0.000e+00
    244.318     7.0534    34.8619    27.3026 1.4652e-01     0.0002      0.604    1482.74     71.273     4.8102 338.477762  0.000e+00
    244.343     7.0537    34.8618    27.3025 1.4652e-01     0.0014      0.608    1482.75     71.267     4.8098 338.477762  0.000e+00
    244.356     7.0533    34.8621    27.3028 1.4652e-01     0.0014      0.612    1482.74     71.263     4.8095 338.477763  0.000e+00
    244.406     7.0530    34.8623    27.3030 1.4652e-01     0.0039      0.626    1482.74     71.260     4.8094 338.477763  0.000e+00
    244.417     7.0525    34.8620    27.3028 1.4652e-01     0.0051      0.626    1482.74     71.259     4.8093 338.477764  0.000e+00
    244.442     7.0523    34.8617    27.3026 1.4652e-01     0.0027      0.626    1482.74     71.259     4.8093 338.477764  0.000e+00
    244.480     7.0520    34.8621    27.3029 1.4652e-01     0.0014      0.634    1482.74     71.252     4.8089 338.477765  0.000e+00
    244.505     7.0519    34.8621    27.3030 1.4652e-01     0.0014      0.626    1482.74     71.246     4.8085 338.477765  0.000e+00
    244.541     7.0516    34.8623    27.3032 1.4652e-01     0.0002      0.619    1482.74     71.241     4.8082 338.477766  0.000e+00
    244.579     7.0514    34.8622    27.3031 1.4652e-01     0.0002      0.612    1482.74     71.173     4.8036 338.477766  0.000e+00
    244.591     7.0516    34.8622    27.3031 1.4652e-01    -0.0010      0.604    1482.74     71.162     4.8029 338.477767  0.000e+00
    244.637     7.0516    34.8630    27.3037 1.4652e-01    -0.0022      0.604    1482.74     71.152     4.8022 338.477767  0.000e+00
    244.654     7.0516    34.8625    27.3033 1.4652e-01    -0.0047      0.604    1482.74     71.144     4.8017 338.477768  0.000e+00
    244.690     7.0516    34.8625    27.3033 1.4652e-01    -0.0059      0.615    1482.74     71.201     4.8055 338.477768  0.000e+00
    244.715     7.0517    34.8622    27.3030 1.4652e-01    -0.0035      0.645    1482.74     71.139     4.8013 338.477769  0.000e+00
    244.753     7.0514    34.8624    27.3032 1.4652e-01    -0.0035      0.656    1482.74     71.135     4.8011 338.477769  0.000e+00
    244.789     7.0511    34.8629    27.3037 1.4652e-01    -0.0022      0.645    1482.74     71.132     4.8009 338.477770  0.000e+00
    244.802     7.0512    34.8626    27.3035 1.4652e-01    -0.0035      0.641    1482.74     71.194     4.8051 338.477770  0.000e+00
    244.863     7.0511    34.8629    27.3037 1.4652e-01    -0.0022      0.696    1482.75     71.138     4.8013 338.477771  0.000e+00
    244.877     7.0514    34.8624    27.3033 1.4652e-01    -0.0010      0.747    1482.75     71.138     4.8013 338.477771  0.000e+00
    244.901     7.0509    34.8630    27.3038 1.4652e-01     0.0002      0.740    1482.75     71.140     4.8015 338.477772  0.000e+00
    244.948     7.0512    34.8626    27.3034 1.4652e-01     0.0027      0.703    1482.75     71.208     4.8060 338.477772  0.000e+00
    244.962     7.0512    34.8627    27.3035 1.4652e-01     0.0027      0.674    1482.75     71.220     4.8068 338.477772  0.000e+00
    245.000     7.0511    34.8630    27.3037 1.4652e-01     0.0039      0.652    1482.75     71.234     4.8077 338.477773  0.000e+00
    245.037     7.0512    34.8625    27.3034 1.4652e-01     0.0039      0.634    1482.75     71.184     4.8044 338.477773  0.000e+00
    245.061     7.0511    34.8626    27.3035 1.4652e-01     0.0027      0.615    1482.75     71.192     4.8049 338.477774  0.000e+00
    245.099     7.0511    34.8626    27.3034 1.4652e-01     0.0051      0.608    1482.75     71.201     4.8055 338.477774  0.000e+00
    245.137     7.0508    34.8631    27.3039 1.4652e-01     0.0027      0.604    1482.75     71.275     4.8106 338.477775  0.000e+00
    245.149     7.0508    34.8627    27.3035 1.4652e-01     0.0014      0.604    1482.75     71.294     4.8119 338.477775  0.000e+00
    245.207     7.0508    34.8627    27.3036 1.4652e-01     0.0014      0.604    1482.75     71.307     4.8127 338.477776  0.000e+00
    245.237     7.0509    34.8627    27.3035 1.4652e-01     0.0027      0.612    1482.75     71.319     4.8136 338.477776  0.000e+00
    245.261     7.0502    34.8630    27.3039 1.4652e-01     0.0039      0.626    1482.75     71.333     4.8145 338.477777  0.000e+00
    245.286     7.0505    34.8628    27.3037 1.4652e-01     0.0039      0.634    1482.75     71.347     4.8155 338.477777  0.000e+00
    245.311     7.0505    34.8627    27.3036 1.4652e-01     0.0027      0.630    1482.75     71.362     4.8165 338.477778  0.000e+00
    245.347     7.0503    34.8631    27.3040 1.4652e-01     0.0027      0.626    1482.75     71.377     4.8175 338.477778  0.000e+00
    245.380     7.0502    34.8630    27.3039 1.4652e-01     0.0039      0.630    1482.75     71.393     4.8186 338.477779  0.000e+00
    245.385     7.0502    34.8629    27.3038 1.4652e-01     0.0051      0.634    1482.75     71.410     4.8197 338.477779  0.000e+00
    245.422     7.0505    34.8627    27.3036 1.4652e-01     0.0051      0.637    1482.75     71.419     4.8203 338.477780  0.000e+00
    245.446     7.0498    34.8627    27.3037 1.4652e-01     0.0051      0.641    1482.75     71.428     4.8210 338.477780  0.000e+00
    245.484     7.0499    34.8630    27.3039 1.4652e-01     0.0075      0.634    1482.75     71.438     4.8217 338.477781  0.000e+00
    245.496     7.0499    34.8628    27.3038 1.4652e-01     0.0112      0.634    1482.75     71.448     4.8223 338.477781  0.000e+00
    245.517     7.0501    34.8623    27.3034 1.4652e-01     0.0136      0.634    1482.75     71.458     4.8230 338.477782  0.000e+00
    245.545     7.0499    34.8629    27.3039 1.4652e-01     0.0124      0.623    1482.75     71.469     4.8237 338.477782  0.000e+00
    245.559     7.0501    34.8630    27.3039 1.4652e-01     0.0112      0.612    1482.75     71.480     4.8245 338.477783  0.000e+00
    245.595     7.0501    34.8630    27.3039 1.4652e-01     0.0124      0.604    1482.75     71.491     4.8252 338.477783  0.000e+00
    245.608     7.0501    34.8630    27.3039 1.4652e-01     0.0149      0.604    1482.75     71.503     4.8260 338.477784  0.000e+00
    245.620     7.0499    34.8631    27.3040 1.4652e-01     0.0161      0.604    1482.75     71.515     4.8268 338.477784  0.000e+00
    245.653     7.0501    34.8629    27.3039 1.4652e-01     0.0173      0.612    1482.75     71.591     4.8320 338.477785  0.000e+00
    245.669     7.0499    34.8633    27.3042 1.4652e-01     0.0136      0.619    1482.75     71.611     4.8334 338.477785  0.000e+00
    245.694     7.0499    34.8631    27.3040 1.4652e-01     0.0124      0.623    1482.76     71.623     4.8342 338.477785  0.000e+00
    245.707     7.0499    34.8631    27.3040 1.4652e-01     0.0136      0.630    1482.76     71.571     4.8306 338.477786  0.000e+00
    245.707     7.0502    34.8628    27.3037 1.4652e-01     0.0124      0.634    1482.76     71.638     4.8352 338.477786  0.000e+00
    245.752     7.0503    34.8629    27.3038 1.4652e-01     0.0112      0.634    1482.76     71.650     4.8359 338.477787  0.000e+00
    245.768     7.0502    34.8631    27.3039 1.5873e-01     0.0100      0.645    1482.76     71.661     4.8367 338.477787  0.000e+00
    245.782     7.0505    34.8626    27.3035 1.4652e-01     0.0088      0.648    1482.76     71.671     4.8374 338.477788  0.000e+00
    245.793     7.0505    34.8627    27.3036 1.4652e-01     0.0088      0.648    1482.76     71.682     4.8381 338.477788  0.000e+00
    245.793     7.0502    34.8628    27.3037 1.4652e-01     0.0088      0.634    1482.76     71.627     4.8344 338.477789  0.000e+00
    245.839     7.0502    34.8629    27.3038 1.4652e-01     0.0100      0.615    1482.76     71.629     4.8345 338.477789  0.000e+00
    245.831     7.0503    34.8627    27.3037 1.4652e-01     0.0100      0.608    1482.76     71.623     4.8341 338.477790  0.000e+00
    245.856     7.0502    34.8627    27.3036 1.4652e-01     0.0075      0.615    1482.76     71.616     4.8336 338.477790  0.000e+00
    245.881     7.0503    34.8631    27.3040 1.4652e-01     0.0063      0.637    1482.76     71.673     4.8375 338.477791  0.000e+00
    245.881     7.0502    34.8633    27.3042 1.4652e-01     0.0051      0.681    1482.76     71.673     4.8375 338.477791  0.000e+00
    245.901     7.0502    34.8633    27.3042 1.4652e-01     0.0051      0.802    1482.76     71.616     4.8337 338.477792  0.000e+00
    245.917     7.0503    34.8633    27.3041 1.4652e-01     0.0039      0.839    1482.76     71.672     4.8374 338.477792  0.000e+00
    245.930     7.0506    34.8627    27.3036 1.4652e-01     0.0039      0.784    1482.76     71.607     4.8330 338.477793  0.000e+00
    245.942     7.0505    34.8625    27.3035 1.4652e-01     0.0051      0.733    1482.76     71.597     4.8324 338.477793  0.000e+00
    245.963     7.0505    34.8629    27.3038 1.5873e-01     0.0063      0.707    1482.76     71.595     4.8322 338.477794  0.000e+00
    245.980     7.0505    34.8628    27.3037 1.4652e-01     0.0063      0.736    1482.76     71.650     4.8359 338.477794  0.000e+00
    245.980     7.0506    34.8628    27.3037 1.4652e-01     0.0075      0.755    1482.76     71.583     4.8314 338.477795  0.000e+00
    246.005     7.0506    34.8629    27.3038 1.4652e-01     0.0075      0.736    1482.76     71.572     4.8306 338.477795  0.000e+00
    246.005     7.0506    34.8629    27.3038 1.5873e-01     0.0063      0.722    1482.76     71.569     4.8304 338.477796  0.000e+00
    246.024     7.0503    34.8630    27.3038 1.5873e-01     0.0075      0.700    1482.76     71.566     4.8303 338.477796  0.000e+00
    246.029     7.0505    34.8627    27.3036 1.4652e-01     0.0075      0.667    1482.76     71.563     4.8301 338.477797  0.000e+00
    246.054     7.0505    34.8627    27.3036 1.5873e-01     0.0075      0.645    1482.76     71.552     4.8293 338.477797  0.000e+00
    246.054     7.0505    34.8629    27.3038 1.5873e-01     0.0088      0.626    1482.76     71.540     4.8285 338.477798  0.000e+00
    246.074     7.0502    34.8630    27.3039 1.5873e-01     0.0088      0.612    1482.76     71.592     4.8321 338.477798  0.000e+00
    246.079     7.0505    34.8629    27.3038 1.5873e-01     0.0075      0.608    1482.76     71.532     4.8280 338.477799  0.000e+00
    246.104     7.0502    34.8630    27.3039 1.4652e-01     0.0075      0.615    1482.76     71.592     4.8320 338.477799  0.000e+00
    246.104     7.0505    34.8627    27.3036 1.5873e-01     0.0063      0.637    1482.76     71.595     4.8322 338.477799  0.000e+00
    246.117     7.0506    34.8625    27.3035 1.5873e-01     0.0063      0.648    1482.76     71.598     4.8324 338.477800  0.000e+00
    246.137     7.0502    34.8631    27.3040 1.4652e-01     0.0051      0.645    1482.76     71.601     4.8327 338.477800  0.000e+00
    246.142     7.0505    34.8632    27.3040 1.5873e-01     0.0075      0.626    1482.76     71.604     4.8328 338.477801  0.000e+00
    246.166     7.0505    34.8631    27.3039 1.4652e-01     0.0063      0.608    1482.76     71.606     4.8329 338.477801  0.000e+00
    246.153     7.0508    34.8627    27.3036 1.5873e-01     0.0051      0.615    1482.77     71.608     4.8330 338.477802  0.000e+00
    246.186     7.0505    34.8627    27.3036 1.5873e-01     0.0051      0.630    1482.76     71.609     4.8332 338.477802  0.000e+00
    246.191     7.0502    34.8631    27.3039 1.5873e-01     0.0027      0.630    1482.76     71.610     4.8333 338.477803  0.000e+00
    246.203     7.0505    34.8630    27.3038 1.4652e-01     0.0014      0.619    1482.77     71.611     4.8333 338.477803  0.000e+00
    246.216     7.0501    34.8631    27.3040 1.4652e-01     0.0027      0.615    1482.76     71.612     4.8334 338.477804  0.000e+00
    246.236     7.0505    34.8628    27.3037 1.4652e-01     0.0051      0.608    1482.77     71.612     4.8333 338.477804  0.000e+00
    246.241     7.0501    34.8633    27.3041 1.4652e-01     0.0063      0.601    1482.76     71.612     4.8333 338.477805  0.000e+00
    246.241     7.0502    34.8629    27.3038 1.4652e-01     0.0051      0.593    1482.77     71.611     4.8333 338.477805  0.000e+00
    246.277     7.0505    34.8623    27.3033 1.4652e-01     0.0051      0.590    1482.77     71.674     4.8376 338.477806  0.000e+00
    246.272     7.0502    34.8629    27.3039 1.4652e-01     0.0051      0.586    1482.77     71.617     4.8337 338.477806  0.000e+00
    246.290     7.0505    34.8624    27.3034 1.5873e-01     0.0063      0.593    1482.77     71.679     4.8379 338.477807  0.000e+00
    246.302     7.0503    34.8626    27.3036 1.4652e-01     0.0075      0.608    1482.77     71.684     4.8383 338.477807  0.000e+00
    246.302     7.0502    34.8628    27.3037 1.4652e-01     0.0063      0.615    1482.77     71.625     4.8342 338.477808  0.000e+00
    246.335     7.0503    34.8632    27.3040 1.4652e-01     0.0051      0.612    1482.77     71.630     4.8346 338.477808  0.000e+00
    246.327     7.0505    34.8627    27.3036 1.4652e-01     0.0027      0.619    1482.77     71.635     4.8349 338.477809  0.000e+00
    246.351     7.0505    34.8628    27.3037 1.4652e-01     0.0014      0.623    1482.77     71.704     4.8395 338.477809  0.000e+00
    246.365     7.0503    34.8628    27.3037 1.4652e-01     0.0027      0.656    1482.77     71.708     4.8398 338.477810  0.000e+00
    246.385     7.0505    34.8628    27.3037 1.4652e-01     0.0002      0.685    1482.77     71.656     4.8363 338.477810  0.000e+00
    246.389     7.0505    34.8629    27.3038 1.4652e-01     0.0014      0.696    1482.77     71.659     4.8365 338.477811  0.000e+00
    246.401     7.0505    34.8631    27.3039 1.4652e-01     0.0039      0.678    1482.77     71.727     4.8411 338.477811  0.000e+00
    246.414     7.0502    34.8629    27.3038 1.4652e-01     0.0039      0.667    1482.77     71.739     4.8419 338.477812  0.000e+00
    246.434     7.0505    34.8630    27.3039 1.4652e-01     0.0051      0.652    1482.77     71.750     4.8427 338.477812  0.000e+00
    246.439     7.0506    34.8625    27.3035 1.4652e-01     0.0051      0.630    1482.77     71.753     4.8428 338.477813  0.000e+00
    246.451     7.0506    34.8626    27.3035 1.4652e-01     0.0039      0.630    1482.77     71.754     4.8430 338.477813  0.000e+00
    246.470     7.0505    34.8628    27.3037 1.4652e-01     0.0051      0.626    1482.77     71.756     4.8430 338.477813  0.000e+00
    246.489     7.0508    34.8625    27.3035 1.4652e-01     0.0027      0.619    1482.77     71.756     4.8431 338.477814  0.000e+00
    246.500     7.0506    34.8627    27.3036 1.4652e-01     0.0027      0.601    1482.77     71.764     4.8436 338.477814  0.000e+00
    246.513     7.0508    34.8625    27.3034 1.4652e-01     0.0014      0.597    1482.77     71.772     4.8441 338.477815  0.000e+00
    246.533     7.0506    34.8629    27.3037 1.4652e-01     0.0002      0.593    1482.77     71.771     4.8441 338.477815  0.000e+00
