RAWDATA/20181204/VT2_Bastøy_down.cnv
* Sea-Bird SBE 9 Data File:
* FileName = C:\CTD Brukere\NIVA\OKOKYST2018\2018_12_04\VT2_Bastøy.hex
* Software Version Seasave V 7.23.2
* Temperature SN = 5352
* Conductivity SN = 3840
* Number of Bytes Per Scan = 28
* Number of Voltage Words = 4
* Number of Scans Averaged by the Deck Unit = 1
* NMEA baud rate = 4800
** Ship: R/V Trygve Braarud
** Cruise:
** Station:
** Operator:
# nquan = 12
# nvalues = 15196                                 
# units = specified
# name 0 = depSM: Depth [salt water, m], lat = 59.60
# name 1 = t090C: Temperature [ITS-90, deg C]
# name 2 = sal00: Salinity, Practical [PSU]
# name 3 = sigma-t00: Density [sigma-t, kg/m^3 ]
# name 4 = flSP: Fluorescence, Seapoint
# name 5 = wetStar: Fluorescence, WET Labs WETstar [mg/m^3]
# name 6 = seaTurbMtr: Turbidity, Seapoint [FTU]
# name 7 = svCM: Sound Velocity [Chen-Millero, m/s]
# name 8 = sbeox0PS: Oxygen, SBE 43 [% saturation]
# name 9 = sbeox0ML/L: Oxygen, SBE 43 [ml/l]
# name 10 = timeJ: Julian Days
# name 11 = flag:  0.000e+00
# span 0 =     -0.040,    295.923                 
# span 1 =     5.9704,    10.1566                 
# span 2 =    23.4880,    34.8683                 
# span 3 =    18.4731,    27.3117                 
# span 4 = 1.4652e-01, 3.8339e+00                 
# span 5 =    -0.0120,     0.6388                 
# span 6 =      0.524,      2.289                 
# span 7 =    1460.14,    1489.84                 
# span 8 =     70.670,     95.369                 
# span 9 =     4.7724,     7.1139                 
# span 10 = 338.471782, 338.479110                
# span 11 = 0.0000e+00, 0.0000e+00                
# interval = seconds: 0.0416667
# start_time = Dec 04 2018 11:19:22 [System UpLoad Time]
# bad_flag = -9.990e-29
*END*
[from data line 6256]
    113.893     8.5910    34.7765    27.0079 1.5873e-01    -0.0120      0.608    1486.30     74.559     4.8631 338.474799  0.000e+00
    113.929     8.5909    34.7764    27.0078 1.5873e-01    -0.0120      0.612    1486.30     74.568     4.8638 338.474800  0.000e+00
    113.954     8.5909    34.7769    27.0082 1.5873e-01    -0.0120      0.619    1486.30     74.579     4.8645 338.474800  0.000e+00
    113.978     8.5910    34.7764    27.0078 1.4652e-01    -0.0120      0.630    1486.30     74.591     4.8652 338.474801  0.000e+00
    113.994     8.5909    34.7765    27.0079 1.4652e-01    -0.0120      0.623    1486.30     74.604     4.8661 338.474801  0.000e+00
    114.027     8.5909    34.7767    27.0081 1.4652e-01    -0.0120      0.619    1486.30     74.556     4.8630 338.474802  0.000e+00
    114.039     8.5907    34.7767    27.0081 1.4652e-01    -0.0120      0.612    1486.30     74.557     4.8631 338.474802  0.000e+00
    114.063     8.5907    34.7769    27.0082 1.4652e-01    -0.0120      0.601    1486.30     74.622     4.8673 338.474803  0.000e+00
    114.088     8.5909    34.7767    27.0081 1.5873e-01    -0.0120      0.597    1486.31     74.570     4.8639 338.474803  0.000e+00
    114.099     8.5909    34.7765    27.0079 1.5873e-01    -0.0120      0.593    1486.31     74.574     4.8642 338.474804  0.000e+00
    114.140     8.5907    34.7771    27.0084 1.4652e-01    -0.0120      0.590    1486.31     74.642     4.8686 338.474804  0.000e+00
    114.148     8.5909    34.7771    27.0084 1.4652e-01    -0.0120      0.590    1486.31     74.594     4.8654 338.474805  0.000e+00
    114.173     8.5909    34.7773    27.0085 1.4652e-01    -0.0120      0.582    1486.31     74.601     4.8659 338.474805  0.000e+00
    114.184     8.5912    34.7775    27.0087 1.4652e-01    -0.0120      0.575    1486.31     74.603     4.8659 338.474806  0.000e+00
    114.209     8.5912    34.7773    27.0085 1.4652e-01    -0.0120      0.575    1486.31     74.612     4.8666 338.474806  0.000e+00
    114.233     8.5915    34.7767    27.0080 1.4652e-01    -0.0120      0.582    1486.31     74.616     4.8668 338.474807  0.000e+00
    114.261     8.5912    34.7767    27.0080 1.4652e-01    -0.0120      0.593    1486.31     74.620     4.8671 338.474807  0.000e+00
    114.258     8.5913    34.7766    27.0079 1.4652e-01    -0.0120      0.612    1486.31     74.625     4.8675 338.474808  0.000e+00
    114.307     8.5914    34.7770    27.0082 1.4652e-01    -0.0108      0.626    1486.31     74.632     4.8679 338.474808  0.000e+00
    114.307     8.5912    34.7766    27.0079 1.4652e-01    -0.0108      0.623    1486.31     74.639     4.8683 338.474809  0.000e+00
    114.331     8.5909    34.7766    27.0080 1.4652e-01    -0.0108      0.604    1486.31     74.639     4.8684 338.474809  0.000e+00
    114.342     8.5909    34.7773    27.0086 1.5873e-01    -0.0096      0.586    1486.31     74.640     4.8685 338.474810  0.000e+00
    114.370     8.5912    34.7776    27.0088 1.4652e-01    -0.0120      0.571    1486.31     74.580     4.8645 338.474810  0.000e+00
    114.403     8.5917    34.7777    27.0087 1.5873e-01    -0.0120      0.564    1486.31     74.638     4.8682 338.474810  0.000e+00
    114.403     8.5920    34.7768    27.0080 1.4652e-01    -0.0120      0.560    1486.31     74.586     4.8648 338.474811  0.000e+00
    114.427     8.5918    34.7766    27.0079 1.4652e-01    -0.0108      0.557    1486.31     74.645     4.8687 338.474811  0.000e+00
    114.441     8.5914    34.7768    27.0081 1.4652e-01    -0.0108      0.553    1486.31     74.588     4.8650 338.474812  0.000e+00
    114.468     8.5910    34.7769    27.0082 1.4652e-01    -0.0108      0.557    1486.31     74.587     4.8650 338.474812  0.000e+00
    114.488     8.5913    34.7772    27.0084 1.5873e-01    -0.0108      0.557    1486.31     74.586     4.8649 338.474813  0.000e+00
    114.488     8.5920    34.7775    27.0085 1.5873e-01    -0.0108      0.557    1486.32     74.587     4.8648 338.474813  0.000e+00
    114.512     8.5926    34.7773    27.0083 1.7094e-01    -0.0120      0.557    1486.32     74.588     4.8649 338.474814  0.000e+00
    114.537     8.5928    34.7768    27.0078 1.8315e-01    -0.0120      0.557    1486.32     74.590     4.8650 338.474814  0.000e+00
    114.537     8.5923    34.7768    27.0079 1.8315e-01    -0.0120      0.557    1486.32     74.586     4.8648 338.474815  0.000e+00
    114.565     8.5922    34.7766    27.0078 1.7094e-01    -0.0120      0.557    1486.32     74.582     4.8646 338.474815  0.000e+00
    114.586     8.5919    34.7776    27.0086 1.5873e-01    -0.0120      0.557    1486.32     74.579     4.8644 338.474816  0.000e+00
    114.597     8.5925    34.7774    27.0084 1.5873e-01    -0.0120      0.557    1486.32     74.577     4.8641 338.474816  0.000e+00
    114.610     8.5932    34.7774    27.0083 1.4652e-01    -0.0108      0.564    1486.32     74.575     4.8639 338.474817  0.000e+00
    114.610     8.5935    34.7770    27.0079 1.4652e-01    -0.0108      0.564    1486.32     74.573     4.8638 338.474817  0.000e+00
    114.650     8.5933    34.7768    27.0078 1.4652e-01    -0.0120      0.571    1486.32     74.573     4.8638 338.474818  0.000e+00
    114.658     8.5933    34.7768    27.0078 1.4652e-01    -0.0120      0.571    1486.32     74.510     4.8597 338.474818  0.000e+00
    114.658     8.5938    34.7769    27.0078 1.5873e-01    -0.0120      0.575    1486.33     74.504     4.8592 338.474819  0.000e+00
    114.682     8.5941    34.7755    27.0066 1.5873e-01    -0.0120      0.575    1486.33     74.498     4.8589 338.474819  0.000e+00
    114.699     8.5938    34.7765    27.0075 1.5873e-01    -0.0120      0.571    1486.33     74.494     4.8586 338.474820  0.000e+00
    114.707     8.5942    34.7769    27.0077 1.5873e-01    -0.0120      0.579    1486.33     74.490     4.8583 338.474820  0.000e+00
    114.720     8.5942    34.7772    27.0079 1.5873e-01    -0.0120      0.593    1486.33     74.487     4.8581 338.474821  0.000e+00
    114.731     8.5942    34.7781    27.0086 1.5873e-01    -0.0120      0.604    1486.33     74.485     4.8579 338.474821  0.000e+00
    114.743     8.5959    34.7800    27.0099 1.5873e-01    -0.0120      0.604    1486.34     74.422     4.8536 338.474822  0.000e+00
    114.759     8.5978    34.7795    27.0092 1.4652e-01    -0.0120      0.601    1486.35     74.477     4.8570 338.474822  0.000e+00
    114.780     8.5989    34.7799    27.0093 1.5873e-01    -0.0120      0.597    1486.35     74.415     4.8528 338.474823  0.000e+00
    114.780     8.6006    34.7799    27.0091 1.4652e-01    -0.0120      0.593    1486.36     74.410     4.8523 338.474823  0.000e+00
    114.792     8.6010    34.7802    27.0093 1.7094e-01    -0.0120      0.597    1486.36     74.407     4.8520 338.474823  0.000e+00
    114.808     8.6022    34.7801    27.0090 1.9536e-01    -0.0120      0.601    1486.36     74.404     4.8517 338.474824  0.000e+00
    114.829     8.6027    34.7803    27.0090 1.9536e-01    -0.0120      0.597    1486.37     74.403     4.8516 338.474824  0.000e+00
    114.829     8.6034    34.7793    27.0082 1.9536e-01    -0.0120      0.593    1486.37     74.402     4.8515 338.474825  0.000e+00
    114.852     8.6037    34.7782    27.0072 1.7094e-01    -0.0120      0.586    1486.37     74.396     4.8511 338.474825  0.000e+00
    114.865     8.6034    34.7770    27.0064 1.5873e-01    -0.0120      0.579    1486.36     74.328     4.8468 338.474826  0.000e+00
    114.869     8.6035    34.7764    27.0059 1.5873e-01    -0.0120      0.571    1486.36     74.324     4.8465 338.474826  0.000e+00
    114.890     8.6034    34.7769    27.0062 1.5873e-01    -0.0120      0.564    1486.37     74.314     4.8458 338.474827  0.000e+00
    114.901     8.6037    34.7774    27.0066 1.4652e-01    -0.0120      0.564    1486.37     74.305     4.8452 338.474827  0.000e+00
    114.926     8.6037    34.7783    27.0073 1.5873e-01    -0.0120      0.571    1486.37     74.305     4.8452 338.474828  0.000e+00
    114.929     8.6043    34.7794    27.0081 1.4652e-01    -0.0120      0.571    1486.37     74.299     4.8447 338.474828  0.000e+00
    114.937     8.6047    34.7780    27.0069 1.4652e-01    -0.0120      0.582    1486.37     74.294     4.8443 338.474829  0.000e+00
    114.975     8.6037    34.7755    27.0051 1.4652e-01    -0.0120      0.630    1486.37     74.290     4.8443 338.474829  0.000e+00
    114.975     8.6014    34.7746    27.0048 1.4652e-01    -0.0120      0.656    1486.36     74.288     4.8444 338.474830  0.000e+00
    114.990     8.5992    34.7749    27.0053 1.4652e-01    -0.0120      0.674    1486.35     74.287     4.8446 338.474830  0.000e+00
    115.011     8.5970    34.7752    27.0059 1.4652e-01    -0.0120      0.656    1486.34     74.287     4.8448 338.474831  0.000e+00
    115.024     8.5954    34.7756    27.0065 1.4652e-01    -0.0120      0.626    1486.34     74.226     4.8410 338.474831  0.000e+00
    115.047     8.5947    34.7763    27.0072 1.4652e-01    -0.0120      0.615    1486.33     74.221     4.8407 338.474832  0.000e+00
    115.063     8.5942    34.7767    27.0076 1.4652e-01    -0.0120      0.608    1486.33     74.218     4.8406 338.474832  0.000e+00
    115.084     8.5938    34.7769    27.0078 1.4652e-01    -0.0120      0.601    1486.33     74.216     4.8405 338.474833  0.000e+00
    115.096     8.5947    34.7788    27.0091 1.4652e-01    -0.0120      0.612    1486.34     74.216     4.8403 338.474833  0.000e+00
    115.109     8.5970    34.7797    27.0095 1.4652e-01    -0.0120      0.619    1486.35     74.210     4.8396 338.474834  0.000e+00
    115.148     8.5983    34.7791    27.0088 1.4652e-01    -0.0120      0.619    1486.35     74.213     4.8397 338.474834  0.000e+00
    115.145     8.5985    34.7777    27.0077 1.4652e-01    -0.0120      0.608    1486.35     74.147     4.8354 338.474835  0.000e+00
    115.169     8.5983    34.7770    27.0072 1.4652e-01    -0.0120      0.597    1486.35     74.207     4.8394 338.474835  0.000e+00
    115.205     8.5982    34.7773    27.0074 1.4652e-01    -0.0120      0.590    1486.35     74.207     4.8394 338.474836  0.000e+00
    115.208     8.5986    34.7780    27.0079 1.4652e-01    -0.0120      0.593    1486.35     74.208     4.8394 338.474836  0.000e+00
    115.230     8.5996    34.7799    27.0092 1.4652e-01    -0.0120      0.586    1486.36     74.210     4.8393 338.474837  0.000e+00
    115.266     8.6014    34.7795    27.0086 1.4652e-01    -0.0120      0.586    1486.37     74.213     4.8394 338.474837  0.000e+00
    115.279     8.6021    34.7793    27.0083 1.4652e-01    -0.0120      0.586    1486.37     74.217     4.8396 338.474837  0.000e+00
    115.305     8.6025    34.7789    27.0080 1.4652e-01    -0.0108      0.586    1486.37     74.223     4.8399 338.474838  0.000e+00
    115.315     8.6027    34.7784    27.0076 1.4652e-01    -0.0108      0.579    1486.37     74.229     4.8403 338.474838  0.000e+00
    115.351     8.6028    34.7780    27.0072 1.4652e-01    -0.0120      0.586    1486.37     74.175     4.8368 338.474839  0.000e+00
    115.365     8.6032    34.7780    27.0071 1.4652e-01    -0.0120      0.612    1486.37     74.178     4.8369 338.474839  0.000e+00
    115.413     8.6037    34.7777    27.0069 1.4652e-01    -0.0120      0.634    1486.38     74.182     4.8372 338.474840  0.000e+00
    115.413     8.6037    34.7780    27.0071 1.4652e-01    -0.0108      0.641    1486.38     74.249     4.8415 338.474840  0.000e+00
    115.449     8.6039    34.7778    27.0069 1.4652e-01    -0.0120      0.630    1486.38     74.201     4.8384 338.474841  0.000e+00
    115.475     8.6040    34.7778    27.0069 1.4652e-01    -0.0120      0.612    1486.38     74.209     4.8389 338.474841  0.000e+00
    115.473     8.6037    34.7777    27.0068 1.5873e-01    -0.0120      0.593    1486.38     74.210     4.8390 338.474842  0.000e+00
    115.521     8.6032    34.7777    27.0069 1.5873e-01    -0.0120      0.582    1486.38     74.214     4.8393 338.474842  0.000e+00
    115.537     8.6032    34.7766    27.0061 1.4652e-01    -0.0120      0.575    1486.38     74.280     4.8437 338.474843  0.000e+00
    115.570     8.6017    34.7766    27.0063 1.4652e-01    -0.0120      0.568    1486.37     74.293     4.8447 338.474843  0.000e+00
    115.594     8.6009    34.7774    27.0070 1.4652e-01    -0.0120      0.560    1486.37     74.244     4.8415 338.474844  0.000e+00
    115.619     8.6006    34.7773    27.0070 1.4652e-01    -0.0120      0.557    1486.37     74.314     4.8461 338.474844  0.000e+00
    115.633     8.6004    34.7766    27.0065 1.4652e-01    -0.0120      0.560    1486.37     74.329     4.8472 338.474845  0.000e+00
    115.668     8.5995    34.7771    27.0070 1.4652e-01    -0.0120      0.568    1486.36     74.338     4.8478 338.474845  0.000e+00
    115.692     8.5996    34.7771    27.0070 1.5873e-01    -0.0120      0.571    1486.36     74.355     4.8489 338.474846  0.000e+00
    115.707     8.5994    34.7772    27.0071 1.5873e-01    -0.0120      0.571    1486.36     74.304     4.8456 338.474846  0.000e+00
    115.728     8.5989    34.7769    27.0070 1.4652e-01    -0.0120      0.571    1486.36     74.370     4.8500 338.474847  0.000e+00
    115.777     8.5988    34.7771    27.0071 1.4652e-01    -0.0120      0.575    1486.36     74.382     4.8508 338.474847  0.000e+00
    115.779     8.5986    34.7768    27.0070 1.4652e-01    -0.0120      0.571    1486.36     74.394     4.8516 338.474848  0.000e+00
    115.824     8.5982    34.7771    27.0072 1.4652e-01    -0.0120      0.571    1486.36     74.408     4.8525 338.474848  0.000e+00
    115.849     8.5984    34.7770    27.0072 1.4652e-01    -0.0120      0.568    1486.36     74.421     4.8534 338.474849  0.000e+00
    115.877     8.5983    34.7761    27.0065 1.4652e-01    -0.0120      0.564    1486.36     74.436     4.8543 338.474849  0.000e+00
    115.887     8.5972    34.7760    27.0065 1.4652e-01    -0.0120      0.564    1486.36     74.443     4.8549 338.474850  0.000e+00
    115.934     8.5965    34.7765    27.0070 1.4652e-01    -0.0120      0.560    1486.36     74.451     4.8555 338.474850  0.000e+00
    115.949     8.5962    34.7763    27.0070 1.4652e-01    -0.0120      0.560    1486.36     74.459     4.8561 338.474851  0.000e+00
    115.983     8.5962    34.7761    27.0068 1.4652e-01    -0.0120      0.564    1486.36     74.467     4.8566 338.474851  0.000e+00
    115.996     8.5956    34.7764    27.0071 1.4652e-01    -0.0120      0.575    1486.35     74.476     4.8573 338.474851  0.000e+00
    116.034     8.5954    34.7766    27.0073 1.5873e-01    -0.0120      0.590    1486.35     74.485     4.8579 338.474852  0.000e+00
    116.057     8.5950    34.7761    27.0069 1.4652e-01    -0.0120      0.593    1486.35     74.494     4.8585 338.474852  0.000e+00
    116.081     8.5946    34.7760    27.0070 1.4652e-01    -0.0120      0.593    1486.35     74.504     4.8592 338.474853  0.000e+00
    116.107     8.5941    34.7770    27.0078 1.4652e-01    -0.0120      0.590    1486.35     74.514     4.8599 338.474853  0.000e+00
    116.128     8.5940    34.7764    27.0074 1.4652e-01    -0.0120      0.590    1486.35     74.524     4.8605 338.474854  0.000e+00
    116.177     8.5936    34.7763    27.0073 1.4652e-01    -0.0120      0.597    1486.35     74.534     4.8613 338.474854  0.000e+00
    116.192     8.5936    34.7759    27.0070 1.4652e-01    -0.0120      0.601    1486.35     74.537     4.8615 338.474855  0.000e+00
    116.213     8.5932    34.7765    27.0075 1.4652e-01    -0.0108      0.593    1486.35     74.541     4.8617 338.474855  0.000e+00
    116.253     8.5934    34.7764    27.0074 1.4652e-01    -0.0096      0.579    1486.35     74.544     4.8619 338.474856  0.000e+00
    116.276     8.5933    34.7764    27.0075 1.4652e-01    -0.0108      0.575    1486.35     74.547     4.8622 338.474856  0.000e+00
