RAWDATA/20181204/VT3_Torbjørnsskjær_down.cnv
* Sea-Bird SBE 9 Data File:
* FileName = C:\CTD Brukere\NIVA\OKOKYST2018\2018_12_04\VT3_Torbjørnsskjær.hex
* Software Version Seasave V 7.23.2
* Temperature SN = 5352
* Conductivity SN = 3840
* Number of Bytes Per Scan = 28
* Number of Voltage Words = 4
* Number of Scans Averaged by the Deck Unit = 1
* NMEA baud rate = 4800
** Ship: R/V Trygve Braarud
** Cruise:
** Station:
** Operator:
# nquan = 12
# nvalues = 21751                                 
# units = specified
# name 0 = depSM: Depth [salt water, m], lat = 59.60
# name 1 = t090C: Temperature [ITS-90, deg C]
# name 2 = sal00: Salinity, Practical [PSU]
# name 3 = sigma-t00: Density [sigma-t, kg/m^3 ]
# name 4 = flSP: Fluorescence, Seapoint
# name 5 = wetStar: Fluorescence, WET Labs WETstar [mg/m^3]
# name 6 = seaTurbMtr: Turbidity, Seapoint [FTU]
# name 7 = svCM: Sound Velocity [Chen-Millero, m/s]
# name 8 = sbeox0PS: Oxygen, SBE 43 [% saturation]
# name 9 = sbeox0ML/L: Oxygen, SBE 43 [ml/l]
# name 10 = timeJ: Julian Days
# name 11 = flag:  0.000e+00
# span 0 =     -0.128,    441.971                 
# span 1 =     5.6166,    10.1248                 
# span 2 =    25.5321,    35.1177                 
# span 3 =    20.1187,    27.5620                 
# span 4 = 1.3431e-01, 1.1844e+00                 
# span 5 =    -0.0120,     0.6095                 
# span 6 =      0.414,     14.289                 
# span 7 =    1461.29,    1491.06                 
# span 8 =     75.558,     94.748                 
# span 9 =     5.0821,     6.9774                 
# span 10 = 339.620741, 339.631230                
# span 11 = 0.0000e+00, 0.0000e+00                
# interval = seconds: 0.0416667
# start_time = Dec 05 2018 14:53:52 [System UpLoad Time]
# bad_flag = -9.990e-29
*END*
[from data line 5053]
     89.603     9.5446    34.9032    26.9533 1.4652e-01    -0.0120      0.780    1489.56     82.875     5.2888 339.623178  0.000e+00
     89.606     9.5444    34.9029    26.9531 1.4652e-01    -0.0120      0.791    1489.56     82.874     5.2888 339.623178  0.000e+00
     89.639     9.5437    34.9029    26.9532 1.4652e-01    -0.0120      0.799    1489.56     82.876     5.2890 339.623179  0.000e+00
     89.676     9.5431    34.9033    26.9536 1.4652e-01    -0.0120      0.791    1489.55     82.879     5.2892 339.623179  0.000e+00
     89.688     9.5425    34.9031    26.9535 1.4652e-01    -0.0120      0.777    1489.55     82.821     5.2856 339.623179  0.000e+00
     89.715     9.5415    34.9036    26.9541 1.5873e-01    -0.0120      0.762    1489.55     82.821     5.2857 339.623180  0.000e+00
     89.737     9.5409    34.9034    26.9541 1.5873e-01    -0.0120      0.744    1489.55     82.876     5.2893 339.623180  0.000e+00
     89.772     9.5401    34.9038    26.9545 1.5873e-01    -0.0120      0.718    1489.55     82.885     5.2899 339.623181  0.000e+00
     89.787     9.5395    34.9040    26.9547 1.5873e-01    -0.0120      0.696    1489.54     82.826     5.2862 339.623181  0.000e+00
     89.797     9.5388    34.9043    26.9551 1.5873e-01    -0.0120      0.678    1489.54     82.824     5.2861 339.623182  0.000e+00
     89.846     9.5385    34.9045    26.9553 1.7094e-01    -0.0120      0.670    1489.54     82.823     5.2861 339.623182  0.000e+00
     89.857     9.5383    34.9047    26.9555 1.5873e-01    -0.0120      0.659    1489.54     82.817     5.2857 339.623183  0.000e+00
     89.885     9.5389    34.9052    26.9558 1.5873e-01    -0.0120      0.648    1489.54     82.818     5.2858 339.623183  0.000e+00
     89.906     9.5392    34.9047    26.9554 1.5873e-01    -0.0120      0.641    1489.55     82.760     5.2820 339.623184  0.000e+00
     89.931     9.5390    34.9042    26.9549 1.5873e-01    -0.0120      0.637    1489.55     82.819     5.2858 339.623184  0.000e+00
     89.953     9.5392    34.9041    26.9549 1.5873e-01    -0.0120      0.637    1489.55     82.826     5.2862 339.623185  0.000e+00
     89.981     9.5385    34.9048    26.9555 1.5873e-01    -0.0120      0.641    1489.54     82.826     5.2863 339.623185  0.000e+00
     90.002     9.5383    34.9047    26.9555 1.7094e-01    -0.0120      0.641    1489.54     82.773     5.2830 339.623186  0.000e+00
     90.027     9.5382    34.9045    26.9554 1.7094e-01    -0.0120      0.637    1489.54     82.839     5.2872 339.623186  0.000e+00
     90.038     9.5378    34.9050    26.9558 1.7094e-01    -0.0120      0.630    1489.54     82.782     5.2835 339.623187  0.000e+00
     90.066     9.5380    34.9044    26.9553 1.7094e-01    -0.0120      0.630    1489.54     82.727     5.2800 339.623187  0.000e+00
     90.087     9.5378    34.9044    26.9554 1.5873e-01    -0.0120      0.630    1489.54     82.783     5.2836 339.623188  0.000e+00
     90.112     9.5373    34.9047    26.9556 1.7094e-01    -0.0120      0.630    1489.54     82.786     5.2839 339.623188  0.000e+00
     90.123     9.5371    34.9048    26.9558 1.5873e-01    -0.0120      0.630    1489.54     82.790     5.2842 339.623189  0.000e+00
     90.151     9.5368    34.9027    26.9542 1.5873e-01    -0.0120      0.634    1489.54     82.795     5.2846 339.623189  0.000e+00
     90.160     9.5329    34.9016    26.9540 1.5873e-01    -0.0120      0.641    1489.52     82.802     5.2856 339.623190  0.000e+00
     90.183     9.5278    34.9036    26.9564 1.5873e-01    -0.0120      0.659    1489.51     82.811     5.2866 339.623190  0.000e+00
     90.196     9.5261    34.9063    26.9588 1.5873e-01    -0.0120      0.681    1489.51     82.821     5.2874 339.623191  0.000e+00
     90.208     9.5269    34.9061    26.9585 1.5873e-01    -0.0120      0.685    1489.51     82.825     5.2875 339.623191  0.000e+00
     90.235     9.5271    34.9053    26.9578 1.5873e-01    -0.0120      0.681    1489.51     82.831     5.2879 339.623192  0.000e+00
     90.245     9.5259    34.9050    26.9578 1.5873e-01    -0.0120      0.670    1489.50     82.837     5.2885 339.623192  0.000e+00
     90.268     9.5246    34.9048    26.9578 1.5873e-01    -0.0120      0.667    1489.50     82.845     5.2891 339.623193  0.000e+00
     90.281     9.5231    34.9045    26.9579 1.5873e-01    -0.0120      0.681    1489.49     82.853     5.2898 339.623193  0.000e+00
     90.296     9.5219    34.9051    26.9585 1.5873e-01    -0.0120      0.678    1489.49     82.863     5.2906 339.623193  0.000e+00
     90.317     9.5210    34.9049    26.9586 1.5873e-01    -0.0120      0.667    1489.49     82.813     5.2875 339.623194  0.000e+00
     90.317     9.5201    34.9049    26.9587 1.5873e-01    -0.0120      0.659    1489.48     82.818     5.2879 339.623194  0.000e+00
     90.341     9.5193    34.9046    26.9586 1.5873e-01    -0.0120      0.652    1489.48     82.880     5.2920 339.623195  0.000e+00
     90.353     9.5175    34.9051    26.9592 1.7094e-01    -0.0120      0.652    1489.48     82.826     5.2887 339.623195  0.000e+00
     90.381     9.5158    34.9065    26.9606 1.7094e-01    -0.0120      0.656    1489.47     82.828     5.2890 339.623196  0.000e+00
     90.377     9.5140    34.9076    26.9618 1.7094e-01    -0.0120      0.663    1489.47     82.831     5.2893 339.623196  0.000e+00
     90.402     9.5133    34.9078    26.9621 1.7094e-01    -0.0120      0.685    1489.46     82.835     5.2897 339.623197  0.000e+00
     90.413     9.5127    34.9081    26.9624 1.7094e-01    -0.0120      0.718    1489.46     82.840     5.2901 339.623197  0.000e+00
     90.418     9.5124    34.9086    26.9628 1.7094e-01    -0.0120      0.722    1489.46     82.839     5.2901 339.623198  0.000e+00
     90.438     9.5119    34.9084    26.9628 1.5873e-01    -0.0120      0.703    1489.46     82.840     5.2901 339.623198  0.000e+00
     90.462     9.5110    34.9087    26.9631 1.5873e-01    -0.0120      0.685    1489.46     82.841     5.2903 339.623199  0.000e+00
     90.475     9.5105    34.9090    26.9635 1.4652e-01    -0.0120      0.670    1489.46     82.843     5.2905 339.623199  0.000e+00
     90.487     9.5104    34.9089    26.9634 1.4652e-01    -0.0120      0.663    1489.46     82.845     5.2907 339.623200  0.000e+00
     90.478     9.5096    34.9086    26.9633 1.5873e-01    -0.0120      0.656    1489.45     82.849     5.2910 339.623200  0.000e+00
     90.522     9.5091    34.9087    26.9635 1.5873e-01    -0.0120      0.652    1489.45     82.854     5.2913 339.623201  0.000e+00
     90.511     9.5086    34.9089    26.9637 1.5873e-01    -0.0120      0.652    1489.45     82.859     5.2917 339.623201  0.000e+00
     90.547     9.5085    34.9089    26.9638 1.5873e-01    -0.0120      0.659    1489.45     82.865     5.2921 339.623202  0.000e+00
     90.558     9.5083    34.9091    26.9639 1.5873e-01    -0.0120      0.663    1489.45     82.872     5.2926 339.623202  0.000e+00
     90.563     9.5086    34.9088    26.9636 1.5873e-01    -0.0120      0.663    1489.45     82.880     5.2930 339.623203  0.000e+00
     90.583     9.5085    34.9087    26.9635 1.5873e-01    -0.0120      0.656    1489.45     82.881     5.2932 339.623203  0.000e+00
     90.607     9.5085    34.9088    26.9636 1.5873e-01    -0.0120      0.645    1489.45     82.883     5.2933 339.623204  0.000e+00
     90.620     9.5085    34.9090    26.9638 1.5873e-01    -0.0120      0.645    1489.45     82.893     5.2939 339.623204  0.000e+00
     90.632     9.5083    34.9089    26.9638 1.4652e-01    -0.0120      0.645    1489.45     82.904     5.2946 339.623205  0.000e+00
     90.648     9.5083    34.9088    26.9636 1.5873e-01    -0.0120      0.648    1489.45     82.908     5.2949 339.623205  0.000e+00
     90.681     9.5085    34.9083    26.9633 1.4652e-01    -0.0120      0.648    1489.45     82.914     5.2952 339.623206  0.000e+00
     90.681     9.5082    34.9088    26.9637 1.5873e-01    -0.0120      0.652    1489.45     82.919     5.2956 339.623206  0.000e+00
     90.705     9.5083    34.9085    26.9634 1.5873e-01    -0.0120      0.652    1489.45     82.925     5.2960 339.623207  0.000e+00
     90.728     9.5080    34.9087    26.9636 1.5873e-01    -0.0120      0.648    1489.45     82.932     5.2965 339.623207  0.000e+00
     90.741     9.5082    34.9085    26.9635 1.5873e-01    -0.0120      0.659    1489.45     82.932     5.2965 339.623207  0.000e+00
     90.757     9.5078    34.9089    26.9638 1.5873e-01    -0.0120      0.670    1489.45     82.940     5.2970 339.623208  0.000e+00
     90.788     9.5078    34.9088    26.9638 1.5873e-01    -0.0120      0.670    1489.45     82.948     5.2975 339.623208  0.000e+00
     90.801     9.5077    34.9088    26.9638 1.5873e-01    -0.0120      0.667    1489.45     82.957     5.2981 339.623209  0.000e+00
     90.826     9.5075    34.9088    26.9638 1.5873e-01    -0.0120      0.659    1489.45     82.959     5.2982 339.623209  0.000e+00
     90.850     9.5073    34.9084    26.9635 1.5873e-01    -0.0120      0.659    1489.45     82.969     5.2989 339.623210  0.000e+00
     90.862     9.5073    34.9082    26.9634 1.5873e-01    -0.0120      0.663    1489.45     82.972     5.2991 339.623210  0.000e+00
     90.878     9.5070    34.9087    26.9638 1.5873e-01    -0.0120      0.659    1489.45     82.968     5.2989 339.623211  0.000e+00
     90.922     9.5073    34.9088    26.9638 1.5873e-01    -0.0120      0.659    1489.45     82.971     5.2991 339.623211  0.000e+00
     90.922     9.5075    34.9089    26.9639 1.5873e-01    -0.0120      0.656    1489.45     83.036     5.3032 339.623212  0.000e+00
     90.946     9.5077    34.9089    26.9639 1.5873e-01    -0.0120      0.659    1489.45     83.047     5.3038 339.623212  0.000e+00
     90.971     9.5075    34.9088    26.9638 1.4652e-01    -0.0120      0.659    1489.45     83.057     5.3045 339.623213  0.000e+00
     90.982     9.5077    34.9088    26.9638 1.5873e-01    -0.0120      0.663    1489.45     83.068     5.3052 339.623213  0.000e+00
     91.012     9.5077    34.9085    26.9635 1.4652e-01    -0.0120      0.659    1489.45     83.078     5.3059 339.623214  0.000e+00
     91.043     9.5078    34.9086    26.9636 1.5873e-01    -0.0120      0.656    1489.46     83.089     5.3065 339.623214  0.000e+00
     91.056     9.5078    34.9085    26.9635 1.5873e-01    -0.0120      0.659    1489.46     83.099     5.3072 339.623215  0.000e+00
     91.092     9.5078    34.9086    26.9636 1.5873e-01    -0.0120      0.667    1489.46     83.110     5.3078 339.623215  0.000e+00
     91.103     9.5078    34.9087    26.9637 1.5873e-01    -0.0120      0.663    1489.46     83.120     5.3085 339.623216  0.000e+00
     91.127     9.5075    34.9084    26.9635 1.5873e-01    -0.0120      0.652    1489.46     83.131     5.3092 339.623216  0.000e+00
     91.152     9.5075    34.9085    26.9636 1.5873e-01    -0.0120      0.641    1489.46     83.141     5.3099 339.623217  0.000e+00
     91.168     9.5075    34.9080    26.9632 1.5873e-01    -0.0120      0.641    1489.46     83.152     5.3106 339.623217  0.000e+00
     91.212     9.5070    34.9078    26.9631 1.5873e-01    -0.0120      0.648    1489.45     83.155     5.3109 339.623218  0.000e+00
     91.212     9.5064    34.9077    26.9632 1.4652e-01    -0.0120      0.645    1489.45     83.158     5.3111 339.623218  0.000e+00
     91.250     9.5059    34.9079    26.9634 1.5873e-01    -0.0120      0.645    1489.45     83.230     5.3158 339.623219  0.000e+00
     91.261     9.5057    34.9084    26.9638 1.5873e-01    -0.0120      0.648    1489.45     83.177     5.3124 339.623219  0.000e+00
     91.310     9.5061    34.9090    26.9642 1.5873e-01    -0.0120      0.659    1489.45     83.180     5.3125 339.623220  0.000e+00
     91.322     9.5059    34.9094    26.9646 1.7094e-01    -0.0120      0.656    1489.45     83.182     5.3126 339.623220  0.000e+00
     91.346     9.5069    34.9086    26.9638 1.7094e-01    -0.0120      0.652    1489.46     83.245     5.3166 339.623220  0.000e+00
     91.362     9.5067    34.9087    26.9639 1.8315e-01    -0.0120      0.648    1489.46     83.253     5.3171 339.623221  0.000e+00
     91.395     9.5067    34.9073    26.9628 1.7094e-01    -0.0120      0.648    1489.46     83.260     5.3176 339.623221  0.000e+00
     91.418     9.5059    34.9084    26.9638 1.7094e-01    -0.0120      0.648    1489.45     83.206     5.3142 339.623222  0.000e+00
     91.431     9.5059    34.9087    26.9640 1.7094e-01    -0.0120      0.656    1489.46     83.267     5.3181 339.623222  0.000e+00
     91.467     9.5059    34.9087    26.9640 1.5873e-01    -0.0120      0.663    1489.46     83.211     5.3145 339.623223  0.000e+00
     91.491     9.5062    34.9089    26.9641 1.5873e-01    -0.0120      0.670    1489.46     83.272     5.3184 339.623223  0.000e+00
     91.516     9.5065    34.9087    26.9639 1.5873e-01    -0.0120      0.692    1489.46     83.277     5.3187 339.623224  0.000e+00
     91.527     9.5070    34.9082    26.9634 1.5873e-01    -0.0120      0.711    1489.46     83.281     5.3189 339.623224  0.000e+00
     91.551     9.5070    34.9084    26.9636 1.5873e-01    -0.0120      0.703    1489.46     83.285     5.3191 339.623225  0.000e+00
     91.587     9.5068    34.9090    26.9640 1.5873e-01    -0.0120      0.689    1489.46     83.289     5.3194 339.623225  0.000e+00
     91.604     9.5072    34.9084    26.9636 1.5873e-01    -0.0120      0.674    1489.46     83.291     5.3195 339.623226  0.000e+00
     91.625     9.5069    34.9084    26.9636 1.5873e-01    -0.0120      0.670    1489.46     83.294     5.3197 339.623226  0.000e+00
     91.649     9.5062    34.9074    26.9629 1.5873e-01    -0.0120      0.674    1489.46     83.295     5.3199 339.623227  0.000e+00
     91.672     9.5053    34.9076    26.9633 1.5873e-01    -0.0120      0.674    1489.46     83.296     5.3201 339.623227  0.000e+00
     91.710     9.5046    34.9081    26.9637 1.4652e-01    -0.0120      0.670    1489.45     83.297     5.3202 339.623228  0.000e+00
     91.721     9.5044    34.9077    26.9635 1.5873e-01    -0.0120      0.670    1489.45     83.297     5.3202 339.623228  0.000e+00
     91.746     9.5040    34.9082    26.9639 1.5873e-01    -0.0120      0.674    1489.45     83.296     5.3202 339.623229  0.000e+00
     91.781     9.5038    34.9087    26.9644 1.5873e-01    -0.0120      0.678    1489.45     83.295     5.3202 339.623229  0.000e+00
     91.794     9.5041    34.9087    26.9643 1.5873e-01    -0.0120      0.670    1489.45     83.294     5.3200 339.623230  0.000e+00
     91.817     9.5043    34.9089    26.9645 1.5873e-01    -0.0120      0.659    1489.46     83.291     5.3198 339.623230  0.000e+00
     91.842     9.5044    34.9081    26.9638 1.5873e-01    -0.0120      0.648    1489.46     83.288     5.3197 339.623231  0.000e+00
     91.855     9.5041    34.9074    26.9633 1.5873e-01    -0.0120      0.641    1489.45     83.285     5.3195 339.623231  0.000e+00
     91.891     9.5028    34.9077    26.9638 1.5873e-01    -0.0120      0.637    1489.45     83.281     5.3194 339.623232  0.000e+00
     91.896     9.5022    34.9079    26.9640 1.5873e-01    -0.0120      0.634    1489.45     83.276     5.3192 339.623232  0.000e+00
     91.964     9.5018    34.9085    26.9645 1.5873e-01    -0.0120      0.637    1489.45     83.272     5.3189 339.623233  0.000e+00
     91.951     9.5020    34.9085    26.9645 1.5873e-01    -0.0120      0.637    1489.45     83.204     5.3145 339.623233  0.000e+00
     91.987     9.5020    34.9084    26.9644 1.4652e-01    -0.0120      0.641    1489.45     83.253     5.3177 339.623234  0.000e+00
     92.000     9.5017    34.9088    26.9648 1.5873e-01    -0.0120      0.652    1489.45     83.185     5.3133 339.623234  0.000e+00
     92.024     9.5017    34.9087    26.9647 1.4652e-01    -0.0120      0.656    1489.45     83.232     5.3164 339.623234  0.000e+00
