RAWDATA/20181204/VT3_Torbjørnsskjær_down.cnv
* Sea-Bird SBE 9 Data File:
* FileName = C:\CTD Brukere\NIVA\OKOKYST2018\2018_12_04\VT3_Torbjørnsskjær.hex
* Software Version Seasave V 7.23.2
* Temperature SN = 5352
* Conductivity SN = 3840
* Number of Bytes Per Scan = 28
* Number of Voltage Words = 4
* Number of Scans Averaged by the Deck Unit = 1
* NMEA baud rate = 4800
** Ship: R/V Trygve Braarud
** Cruise:
** Station:
** Operator:
# nquan = 12
# nvalues = 21751                                 
# units = specified
# name 0 = depSM: Depth [salt water, m], lat = 59.60
# name 1 = t090C: Temperature [ITS-90, deg C]
# name 2 = sal00: Salinity, Practical [PSU]
# name 3 = sigma-t00: Density [sigma-t, kg/m^3 ]
# name 4 = flSP: Fluorescence, Seapoint
# name 5 = wetStar: Fluorescence, WET Labs WETstar [mg/m^3]
# name 6 = seaTurbMtr: Turbidity, Seapoint [FTU]
# name 7 = svCM: Sound Velocity [Chen-Millero, m/s]
# name 8 = sbeox0PS: Oxygen, SBE 43 [% saturation]
# name 9 = sbeox0ML/L: Oxygen, SBE 43 [ml/l]
# name 10 = timeJ: Julian Days
# name 11 = flag:  0.000e+00
# span 0 =     -0.128,    441.971                 
# span 1 =     5.6166,    10.1248                 
# span 2 =    25.5321,    35.1177                 
# span 3 =    20.1187,    27.5620                 
# span 4 = 1.3431e-01, 1.1844e+00                 
# span 5 =    -0.0120,     0.6095                 
# span 6 =      0.414,     14.289                 
# span 7 =    1461.29,    1491.06                 
# span 8 =     75.558,     94.748                 
# span 9 =     5.0821,     6.9774                 
# span 10 = 339.620741, 339.631230                
# span 11 = 0.0000e+00, 0.0000e+00                
# interval = seconds: 0.0416667
# start_time = Dec 05 2018 14:53:52 [System UpLoad Time]
# bad_flag = -9.990e-29
*END*
[from data line 722]
      0.696     5.6401    25.5865    20.1607 6.7155e-01     0.4007      1.385    1461.42     92.486     6.8602 339.621089  0.000e+00
      0.683     5.6400    25.5861    20.1604 6.4713e-01     0.4031      1.656    1461.42     92.497     6.8610 339.621089  0.000e+00
      0.660     5.6398    25.5862    20.1605 6.4713e-01     0.4044      1.685    1461.42     92.507     6.8618 339.621090  0.000e+00
      0.634     5.6397    25.5868    20.1609 6.2271e-01     0.4080      1.549    1461.42     92.517     6.8625 339.621090  0.000e+00
      0.625     5.6397    25.5865    20.1607 6.4713e-01     0.4056      1.476    1461.42     92.526     6.8632 339.621091  0.000e+00
      0.600     5.6397    25.5862    20.1605 6.8376e-01     0.4044      1.604    1461.42     92.534     6.8638 339.621091  0.000e+00
      0.587     5.6397    25.5864    20.1606 6.7155e-01     0.4056      1.769    1461.42     92.541     6.8643 339.621092  0.000e+00
      0.552     5.6395    25.5870    20.1611 6.7155e-01     0.4068      1.623    1461.42     92.548     6.8648 339.621092  0.000e+00
      0.539     5.6394    25.5871    20.1612 6.3492e-01     0.4056      1.436    1461.42     92.554     6.8653 339.621093  0.000e+00
      0.516     5.6395    25.5869    20.1610 6.2271e-01     0.4031      1.388    1461.42     92.559     6.8657 339.621093  0.000e+00
      0.469     5.6392    25.5869    20.1611 6.3492e-01     0.4031      1.344    1461.41     92.564     6.8660 339.621094  0.000e+00
      0.469     5.6395    25.5864    20.1607 6.3492e-01     0.4031      1.234    1461.42     92.630     6.8710 339.621094  0.000e+00
      0.434     5.6390    25.5869    20.1611 6.9597e-01     0.4031      1.421    1461.41     92.641     6.8718 339.621095  0.000e+00
      0.408     5.6387    25.5868    20.1611 7.2039e-01     0.4044      2.132    1461.41     92.651     6.8726 339.621095  0.000e+00
      0.385     5.6384    25.5859    20.1603 6.9597e-01     0.4092      2.337    1461.41     92.660     6.8734 339.621096  0.000e+00
      0.374     5.6385    25.5846    20.1593 6.9597e-01     0.4105      2.330    1461.41     92.668     6.8740 339.621096  0.000e+00
      0.361     5.6394    25.5841    20.1589 6.8376e-01     0.4105      2.377    1461.41     92.675     6.8744 339.621097  0.000e+00
      0.336     5.6397    25.5857    20.1601 6.8376e-01     0.4105      2.451    1461.41     92.611     6.8695 339.621097  0.000e+00
      0.338     5.6398    25.5866    20.1608 6.4713e-01     0.4105      2.194    1461.41     92.608     6.8693 339.621098  0.000e+00
      0.325     5.6401    25.5865    20.1606 6.3492e-01     0.4080      1.927    1461.42     92.667     6.8736 339.621098  0.000e+00
      0.301     5.6400    25.5864    20.1606 6.3492e-01     0.4080      1.700    1461.41     92.670     6.8738 339.621099  0.000e+00
      0.301     5.6400    25.5851    20.1595 6.3492e-01     0.4080      1.557    1461.41     92.673     6.8741 339.621099  0.000e+00
      0.314     5.6400    25.5849    20.1594 6.4713e-01     0.4056      1.443    1461.41     92.675     6.8742 339.621100  0.000e+00
      0.301     5.6401    25.5857    20.1600 6.8376e-01     0.4068      1.366    1461.41     92.613     6.8696 339.621100  0.000e+00
      0.301     5.6398    25.5864    20.1606 6.7155e-01     0.4068      1.238    1461.41     92.667     6.8737 339.621101  0.000e+00
      0.301     5.6397    25.5867    20.1609 6.3492e-01     0.4044      1.176    1461.41     92.666     6.8736 339.621101  0.000e+00
      0.301     5.6390    25.5867    20.1609 5.9829e-01     0.4056      1.179    1461.41     92.664     6.8736 339.621101  0.000e+00
      0.314     5.6387    25.5868    20.1610 6.5934e-01     0.4056      1.165    1461.41     92.662     6.8734 339.621102  0.000e+00
      0.290     5.6382    25.5867    20.1610 7.8144e-01     0.4068      1.147    1461.41     92.657     6.8732 339.621102  0.000e+00
      0.301     5.6372    25.5871    20.1614 8.4249e-01     0.4044      1.092    1461.40     92.653     6.8730 339.621103  0.000e+00
      0.312     5.6373    25.5864    20.1608 8.1807e-01     0.4044      1.026    1461.40     92.647     6.8726 339.621103  0.000e+00
      0.301     5.6371    25.5859    20.1605 7.8144e-01     0.4080      0.989    1461.40     92.577     6.8675 339.621104  0.000e+00
      0.301     5.6374    25.5853    20.1600 7.3260e-01     0.4080      0.989    1461.40     92.562     6.8663 339.621104  0.000e+00
      0.301     5.6373    25.5857    20.1603 6.7155e-01     0.4068      0.963    1461.40     92.546     6.8651 339.621105  0.000e+00
      0.301     5.6374    25.5852    20.1599 6.3492e-01     0.4044      0.923    1461.40     92.591     6.8684 339.621105  0.000e+00
      0.290     5.6373    25.5842    20.1591 6.2271e-01     0.4044      0.890    1461.40     92.519     6.8631 339.621106  0.000e+00
      0.278     5.6371    25.5857    20.1603 6.5934e-01     0.4044      0.868    1461.40     92.508     6.8623 339.621106  0.000e+00
      0.290     5.6367    25.5867    20.1611 6.4713e-01     0.4068      0.883    1461.40     92.498     6.8616 339.621107  0.000e+00
      0.277     5.6362    25.5870    20.1615 6.2271e-01     0.4056      1.018    1461.40     92.487     6.8608 339.621107  0.000e+00
      0.290     5.6359    25.5866    20.1612 6.1050e-01     0.4031      1.194    1461.40     92.538     6.8647 339.621108  0.000e+00
      0.290     5.6359    25.5862    20.1608 5.9829e-01     0.4044      1.209    1461.40     92.534     6.8644 339.621108  0.000e+00
      0.290     5.6365    25.5855    20.1602 6.1050e-01     0.4044      1.158    1461.40     92.529     6.8640 339.621109  0.000e+00
      0.301     5.6365    25.5860    20.1606 6.5934e-01     0.4044      1.154    1461.40     92.462     6.8590 339.621109  0.000e+00
      0.301     5.6370    25.5863    20.1608 6.5934e-01     0.4031      1.158    1461.40     92.448     6.8579 339.621110  0.000e+00
      0.301     5.6376    25.5861    20.1606 6.7155e-01     0.4044      1.209    1461.40     92.434     6.8567 339.621110  0.000e+00
      0.314     5.6384    25.5856    20.1601 6.5934e-01     0.4044      1.282    1461.41     92.420     6.8556 339.621111  0.000e+00
      0.312     5.6392    25.5850    20.1596 6.4713e-01     0.4056      1.890    1461.41     92.467     6.8590 339.621111  0.000e+00
      0.338     5.6398    25.5845    20.1591 6.2271e-01     0.4068      2.165    1461.41     92.460     6.8584 339.621112  0.000e+00
      0.338     5.6395    25.5858    20.1601 5.8608e-01     0.4092      2.015    1461.41     92.461     6.8584 339.621112  0.000e+00
      0.349     5.6397    25.5841    20.1588 5.9829e-01     0.4080      1.853    1461.41     92.398     6.8538 339.621113  0.000e+00
      0.361     5.6393    25.5817    20.1569 6.3492e-01     0.4068      1.615    1461.41     92.453     6.8581 339.621113  0.000e+00
      0.359     5.6395    25.5796    20.1553 6.5934e-01     0.4080      1.451    1461.40     92.453     6.8581 339.621114  0.000e+00
      0.385     5.6398    25.5790    20.1548 6.3492e-01     0.4080      1.352    1461.41     92.390     6.8534 339.621114  0.000e+00
      0.396     5.6403    25.5819    20.1570 6.8376e-01     0.4068      1.242    1461.41     92.444     6.8572 339.621114  0.000e+00
      0.396     5.6401    25.5858    20.1601 6.8376e-01     0.4080      1.158    1461.42     92.443     6.8570 339.621115  0.000e+00
      0.432     5.6404    25.5863    20.1604 6.5934e-01     0.4080      1.059    1461.42     92.442     6.8568 339.621115  0.000e+00
      0.434     5.6404    25.5864    20.1605 6.5934e-01     0.4080      1.040    1461.42     92.440     6.8567 339.621116  0.000e+00
      0.469     5.6406    25.5865    20.1606 6.4713e-01     0.4068      1.150    1461.42     92.438     6.8566 339.621116  0.000e+00
      0.480     5.6409    25.5864    20.1605 6.3492e-01     0.4056      1.198    1461.42     92.436     6.8563 339.621117  0.000e+00
      0.479     5.6411    25.5863    20.1604 6.2271e-01     0.4056      1.154    1461.42     92.433     6.8561 339.621117  0.000e+00
      0.516     5.6414    25.5862    20.1603 6.8376e-01     0.4044      1.092    1461.42     92.439     6.8565 339.621118  0.000e+00
      0.529     5.6412    25.5870    20.1609 7.3260e-01     0.4031      1.161    1461.42     92.445     6.8569 339.621118  0.000e+00
      0.552     5.6412    25.5868    20.1608 7.2039e-01     0.4031      1.366    1461.42     92.450     6.8573 339.621119  0.000e+00
      0.565     5.6415    25.5853    20.1596 8.5470e-01     0.4056      1.304    1461.42     92.456     6.8577 339.621119  0.000e+00
      0.574     5.6417    25.5855    20.1597 1.0379e+00     0.4056      1.136    1461.42     92.461     6.8581 339.621120  0.000e+00
      0.600     5.6417    25.5868    20.1607 9.5238e-01     0.4044      1.011    1461.43     92.467     6.8585 339.621120  0.000e+00
      0.587     5.6417    25.5869    20.1608 8.3028e-01     0.4019      0.941    1461.43     92.401     6.8536 339.621121  0.000e+00
      0.625     5.6417    25.5870    20.1609 7.6923e-01     0.4031      0.919    1461.43     92.391     6.8528 339.621121  0.000e+00
      0.625     5.6417    25.5869    20.1608 7.2039e-01     0.4031      0.912    1461.43     92.388     6.8526 339.621122  0.000e+00
      0.623     5.6417    25.5866    20.1606 6.9597e-01     0.4019      0.908    1461.43     92.386     6.8525 339.621122  0.000e+00
      0.660     5.6420    25.5863    20.1603 7.2039e-01     0.4019      0.897    1461.43     92.446     6.8569 339.621123  0.000e+00
      0.647     5.6418    25.5868    20.1607 7.3260e-01     0.4007      0.872    1461.43     92.452     6.8574 339.621123  0.000e+00
      0.660     5.6424    25.5862    20.1602 7.3260e-01     0.4044      0.842    1461.43     92.388     6.8525 339.621124  0.000e+00
      0.671     5.6420    25.5865    20.1605 7.0818e-01     0.4044      0.813    1461.43     92.386     6.8524 339.621124  0.000e+00
      0.694     5.6418    25.5861    20.1601 6.7155e-01     0.4056      0.802    1461.43     92.447     6.8570 339.621125  0.000e+00
      0.660     5.6418    25.5863    20.1603 6.3492e-01     0.4056      0.813    1461.43     92.453     6.8574 339.621125  0.000e+00
      0.683     5.6415    25.5870    20.1609 6.4713e-01     0.4068      0.821    1461.43     92.459     6.8579 339.621126  0.000e+00
      0.707     5.6417    25.5868    20.1608 6.3492e-01     0.4056      0.824    1461.43     92.466     6.8584 339.621126  0.000e+00
      0.683     5.6417    25.5870    20.1609 6.1050e-01     0.4068      0.824    1461.43     92.472     6.8588 339.621127  0.000e+00
      0.694     5.6414    25.5873    20.1612 6.2271e-01     0.4056      0.817    1461.43     92.478     6.8594 339.621127  0.000e+00
      0.720     5.6411    25.5869    20.1609 6.3492e-01     0.4044      0.813    1461.43     92.477     6.8593 339.621128  0.000e+00
      0.707     5.6409    25.5868    20.1608 6.2271e-01     0.4031      0.810    1461.43     92.474     6.8592 339.621128  0.000e+00
      0.720     5.6406    25.5872    20.1612 6.2271e-01     0.4044      0.821    1461.42     92.534     6.8636 339.621128  0.000e+00
      0.720     5.6406    25.5869    20.1610 6.1050e-01     0.4080      0.853    1461.42     92.547     6.8646 339.621129  0.000e+00
      0.718     5.6401    25.5874    20.1613 6.2271e-01     0.4068      0.853    1461.42     92.552     6.8650 339.621129  0.000e+00
      0.743     5.6397    25.5873    20.1614 6.3492e-01     0.4092      0.835    1461.42     92.493     6.8607 339.621130  0.000e+00
      0.731     5.6390    25.5873    20.1614 6.7155e-01     0.4068      0.839    1461.42     92.489     6.8605 339.621130  0.000e+00
      0.756     5.6387    25.5868    20.1610 7.2039e-01     0.4080      0.832    1461.42     92.546     6.8649 339.621131  0.000e+00
      0.756     5.6382    25.5871    20.1613 7.2039e-01     0.4080      0.810    1461.42     92.557     6.8657 339.621131  0.000e+00
      0.778     5.6385    25.5870    20.1612 7.2039e-01     0.4080      0.795    1461.42     92.567     6.8664 339.621132  0.000e+00
      0.778     5.6382    25.5876    20.1617 7.2039e-01     0.4080      0.791    1461.42     92.577     6.8672 339.621132  0.000e+00
      0.791     5.6382    25.5875    20.1617 7.2039e-01     0.4068      0.788    1461.42     92.579     6.8673 339.621133  0.000e+00
      0.791     5.6381    25.5872    20.1614 6.8376e-01     0.4092      0.791    1461.42     92.580     6.8674 339.621133  0.000e+00
      0.814     5.6378    25.5871    20.1614 6.5934e-01     0.4068      0.788    1461.41     92.580     6.8675 339.621134  0.000e+00
      0.838     5.6378    25.5870    20.1613 6.8376e-01     0.4080      0.784    1461.41     92.580     6.8675 339.621134  0.000e+00
      0.851     5.6378    25.5868    20.1611 6.8376e-01     0.4068      0.777    1461.41     92.587     6.8680 339.621135  0.000e+00
      0.862     5.6379    25.5866    20.1610 6.5934e-01     0.4056      0.766    1461.42     92.594     6.8685 339.621135  0.000e+00
      0.874     5.6381    25.5871    20.1613 6.4713e-01     0.4092      0.766    1461.42     92.600     6.8689 339.621136  0.000e+00
      0.887     5.6384    25.5871    20.1613 6.2271e-01     0.4092      0.769    1461.42     92.660     6.8733 339.621136  0.000e+00
      0.887     5.6394    25.5865    20.1607 6.2271e-01     0.4080      0.773    1461.42     92.673     6.8741 339.621137  0.000e+00
      0.921     5.6394    25.5867    20.1609 6.5934e-01     0.4068      0.788    1461.42     92.685     6.8751 339.621137  0.000e+00
      0.947     5.6400    25.5870    20.1610 6.5934e-01     0.4056      0.784    1461.43     92.689     6.8752 339.621138  0.000e+00
      0.982     5.6411    25.5867    20.1607 6.7155e-01     0.4056      0.769    1461.43     92.700     6.8759 339.621138  0.000e+00
      0.994     5.6431    25.5869    20.1607 6.8376e-01     0.4031      0.762    1461.44     92.772     6.8808 339.621139  0.000e+00
      1.042     5.6449    25.5878    20.1612 6.7155e-01     0.4031      0.758    1461.45     92.727     6.8772 339.621139  0.000e+00
      1.053     5.6463    25.5876    20.1609 6.4713e-01     0.4031      0.766    1461.45     92.797     6.8822 339.621140  0.000e+00
      1.065     5.6489    25.5873    20.1604 6.2271e-01     0.4019      0.773    1461.46     92.812     6.8829 339.621140  0.000e+00
      1.089     5.6560    25.5879    20.1602 6.2271e-01     0.4007      0.777    1461.49     92.826     6.8827 339.621141  0.000e+00
      1.100     5.6686    25.5950    20.1645 6.3492e-01     0.4007      0.788    1461.56     92.837     6.8811 339.621141  0.000e+00
      1.149     5.6725    25.6029    20.1704 6.4713e-01     0.4019      0.791    1461.58     92.849     6.8810 339.621141  0.000e+00
      1.160     5.6738    25.6011    20.1688 6.4713e-01     0.4019      0.780    1461.59     92.860     6.8817 339.621142  0.000e+00
      1.196     5.6803    25.5995    20.1669 6.4713e-01     0.4044      0.766    1461.61     92.870     6.8814 339.621142  0.000e+00
      1.220     5.6816    25.6034    20.1699 6.3492e-01     0.4007      0.769    1461.62     92.879     6.8817 339.621143  0.000e+00
      1.256     5.6814    25.6010    20.1680 6.2271e-01     0.3946      0.777    1461.62     92.888     6.8825 339.621143  0.000e+00
      1.244     5.6906    25.5988    20.1653 6.2271e-01     0.3909      0.777    1461.65     92.956     6.8861 339.621144  0.000e+00
      1.280     5.7053    25.6061    20.1696 6.3492e-01     0.3885      0.839    1461.72     92.897     6.8790 339.621144  0.000e+00
      1.291     5.7207    25.6207    20.1796 6.3492e-01     0.3873      1.125    1461.81     92.891     6.8753 339.621145  0.000e+00
      1.316     5.7332    25.6315    20.1868 6.4713e-01     0.3873      1.139    1461.87     92.946     6.8769 339.621145  0.000e+00
      1.340     5.7428    25.6338    20.1877 6.7155e-01     0.3860      1.015    1461.91     92.946     6.8752 339.621146  0.000e+00
      1.340     5.7409    25.6330    20.1872 6.8376e-01     0.3860      0.916    1461.90     92.954     6.8761 339.621146  0.000e+00
