RAWDATA/20181204/VT3_Torbjørnsskjær_down.cnv
* Sea-Bird SBE 9 Data File:
* FileName = C:\CTD Brukere\NIVA\OKOKYST2018\2018_12_04\VT3_Torbjørnsskjær.hex
* Software Version Seasave V 7.23.2
* Temperature SN = 5352
* Conductivity SN = 3840
* Number of Bytes Per Scan = 28
* Number of Voltage Words = 4
* Number of Scans Averaged by the Deck Unit = 1
* NMEA baud rate = 4800
** Ship: R/V Trygve Braarud
** Cruise:
** Station:
** Operator:
# nquan = 12
# nvalues = 21751                                 
# units = specified
# name 0 = depSM: Depth [salt water, m], lat = 59.60
# name 1 = t090C: Temperature [ITS-90, deg C]
# name 2 = sal00: Salinity, Practical [PSU]
# name 3 = sigma-t00: Density [sigma-t, kg/m^3 ]
# name 4 = flSP: Fluorescence, Seapoint
# name 5 = wetStar: Fluorescence, WET Labs WETstar [mg/m^3]
# name 6 = seaTurbMtr: Turbidity, Seapoint [FTU]
# name 7 = svCM: Sound Velocity [Chen-Millero, m/s]
# name 8 = sbeox0PS: Oxygen, SBE 43 [% saturation]
# name 9 = sbeox0ML/L: Oxygen, SBE 43 [ml/l]
# name 10 = timeJ: Julian Days
# name 11 = flag:  0.000e+00
# span 0 =     -0.128,    441.971                 
# span 1 =     5.6166,    10.1248                 
# span 2 =    25.5321,    35.1177                 
# span 3 =    20.1187,    27.5620                 
# span 4 = 1.3431e-01, 1.1844e+00                 
# span 5 =    -0.0120,     0.6095                 
# span 6 =      0.414,     14.289                 
# span 7 =    1461.29,    1491.06                 
# span 8 =     75.558,     94.748                 
# span 9 =     5.0821,     6.9774                 
# span 10 = 339.620741, 339.631230                
# span 11 = 0.0000e+00, 0.0000e+00                
# interval = seconds: 0.0416667
# start_time = Dec 05 2018 14:53:52 [System UpLoad Time]
# bad_flag = -9.990e-29
*END*
[from data line 1204]
      9.020     6.6175    26.7038    20.9363 4.6398e-01     0.2884      0.670    1466.92     92.026     6.6202 339.621321  0.000e+00
      9.040     6.6302    26.7112    20.9406 5.1282e-01     0.2908      0.674    1466.98     92.021     6.6175 339.621322  0.000e+00
      9.064     6.6402    26.7146    20.9422 5.1282e-01     0.2896      0.667    1467.03     92.020     6.6157 339.621322  0.000e+00
      9.093     6.6478    26.7179    20.9439 5.0061e-01     0.2871      0.663    1467.06     92.024     6.6147 339.621323  0.000e+00
      9.111     6.6526    26.7196    20.9447 5.0061e-01     0.2835      0.659    1467.09     92.033     6.6145 339.621323  0.000e+00
      9.148     6.6501    26.7233    20.9478 4.6398e-01     0.2810      0.659    1467.08     92.039     6.6152 339.621324  0.000e+00
      9.164     6.6408    26.7298    20.9540 4.6398e-01     0.2786      0.659    1467.05     91.996     6.6132 339.621324  0.000e+00
      9.195     6.6302    26.7368    20.9608 4.6398e-01     0.2810      0.663    1467.02     92.066     6.6196 339.621325  0.000e+00
      9.207     6.6199    26.7445    20.9680 4.6398e-01     0.2823      0.659    1466.99     92.085     6.6222 339.621325  0.000e+00
      9.224     6.6105    26.7529    20.9757 4.3956e-01     0.2835      0.652    1466.96     92.109     6.6250 339.621326  0.000e+00
      9.244     6.6035    26.7589    20.9812 4.2735e-01     0.2847      0.648    1466.94     92.136     6.6278 339.621326  0.000e+00
      9.279     6.5990    26.7635    20.9854 4.1514e-01     0.2859      0.648    1466.93     92.098     6.6256 339.621327  0.000e+00
      9.273     6.5969    26.7670    20.9883 4.3956e-01     0.2847      0.652    1466.92     92.179     6.6316 339.621327  0.000e+00
      9.302     6.5971    26.7686    20.9896 4.5177e-01     0.2847      0.652    1466.93     92.211     6.6338 339.621328  0.000e+00
      9.326     6.5986    26.7685    20.9893 4.3956e-01     0.2871      0.659    1466.93     92.245     6.6360 339.621328  0.000e+00
      9.344     6.6007    26.7697    20.9900 4.3956e-01     0.2859      0.670    1466.94     92.214     6.6334 339.621329  0.000e+00
      9.351     6.6025    26.7744    20.9935 4.8840e-01     0.2896      0.670    1466.96     92.302     6.6393 339.621329  0.000e+00
      9.375     6.6049    26.7797    20.9974 5.3724e-01     0.2896      0.667    1466.97     92.340     6.6414 339.621330  0.000e+00
      9.391     6.6074    26.7848    21.0012 5.6166e-01     0.2896      0.670    1466.99     92.374     6.6432 339.621330  0.000e+00
      9.411     6.6100    26.7882    21.0035 6.3492e-01     0.2884      0.674    1467.01     92.410     6.6452 339.621331  0.000e+00
      9.422     6.6133    26.7932    21.0071 6.8376e-01     0.2896      0.674    1467.03     92.450     6.6474 339.621331  0.000e+00
      9.440     6.6176    26.8028    21.0142 6.8376e-01     0.2896      0.670    1467.06     92.484     6.6488 339.621332  0.000e+00
      9.458     6.6219    26.8124    21.0212 7.5702e-01     0.2920      0.707    1467.08     92.522     6.6504 339.621332  0.000e+00
      9.471     6.6260    26.8218    21.0281 8.5470e-01     0.2933      0.762    1467.11     92.554     6.6516 339.621332  0.000e+00
      9.475     6.6308    26.8317    21.0354 7.6923e-01     0.2933      0.755    1467.14     92.651     6.6574 339.621333  0.000e+00
      9.495     6.6343    26.8422    21.0432 6.5934e-01     0.2920      0.722    1467.17     92.688     6.6590 339.621333  0.000e+00
      9.517     6.6377    26.8517    21.0503 6.1050e-01     0.2908      0.692    1467.20     92.665     6.6564 339.621334  0.000e+00
      9.524     6.6401    26.8585    21.0554 5.8608e-01     0.2933      0.674    1467.22     92.760     6.6626 339.621334  0.000e+00
      9.542     6.6420    26.8575    21.0543 5.6166e-01     0.2933      0.663    1467.22     92.795     6.6649 339.621335  0.000e+00
      9.542     6.6410    26.8511    21.0494 5.3724e-01     0.2945      0.656    1467.21     92.832     6.6680 339.621335  0.000e+00
      9.577     6.6401    26.8469    21.0462 5.0061e-01     0.2957      0.659    1467.20     92.871     6.6711 339.621336  0.000e+00
      9.582     6.6397    26.8451    21.0449 4.7619e-01     0.2957      0.681    1467.20     92.911     6.6741 339.621336  0.000e+00
      9.590     6.6397    26.8482    21.0473 4.6398e-01     0.2908      0.689    1467.20     92.945     6.6764 339.621337  0.000e+00
      9.626     6.6408    26.8582    21.0550 4.6398e-01     0.2896      0.681    1467.22     92.980     6.6783 339.621337  0.000e+00
      9.631     6.6419    26.8664    21.0613 4.7619e-01     0.2945      0.670    1467.23     93.008     6.6798 339.621338  0.000e+00
      9.649     6.6421    26.8634    21.0590 4.5177e-01     0.2957      0.656    1467.23     93.038     6.6820 339.621338  0.000e+00
      9.662     6.6426    26.8587    21.0552 4.3956e-01     0.2981      0.648    1467.23     93.060     6.6838 339.621339  0.000e+00
      9.679     6.6434    26.8749    21.0678 4.3956e-01     0.2969      0.648    1467.25     93.083     6.6846 339.621339  0.000e+00
      9.697     6.6439    26.8990    21.0868 4.3956e-01     0.2957      0.648    1467.28     93.107     6.6851 339.621340  0.000e+00
      9.733     6.6439    26.9134    21.0981 4.1514e-01     0.2969      0.645    1467.30     93.061     6.6812 339.621340  0.000e+00
      9.722     6.6437    26.9201    21.1034 4.1514e-01     0.2957      0.637    1467.31     93.070     6.6816 339.621341  0.000e+00
      9.762     6.6436    26.9236    21.1062 4.3956e-01     0.2969      0.637    1467.32     93.081     6.6822 339.621341  0.000e+00
      9.757     6.6432    26.9257    21.1079 4.6398e-01     0.2969      0.645    1467.32     93.091     6.6829 339.621342  0.000e+00
      9.781     6.6424    26.9281    21.1099 4.3956e-01     0.2969      0.656    1467.32     93.033     6.6788 339.621342  0.000e+00
      9.798     6.6418    26.9291    21.1107 4.1514e-01     0.2957      0.648    1467.32     93.029     6.6786 339.621343  0.000e+00
      9.828     6.6417    26.9224    21.1054 4.0293e-01     0.3006      0.641    1467.31     93.027     6.6787 339.621343  0.000e+00
      9.840     6.6421    26.9063    21.0927 4.0293e-01     0.3006      0.645    1467.29     93.024     6.6792 339.621344  0.000e+00
      9.877     6.6415    26.9084    21.0944 4.0293e-01     0.3006      0.645    1467.29     93.015     6.6785 339.621344  0.000e+00
      9.871     6.6377    26.9308    21.1125 4.0293e-01     0.3042      0.645    1467.30     93.006     6.6775 339.621345  0.000e+00
      9.900     6.6334    26.9548    21.1319 4.0293e-01     0.3030      0.645    1467.32     92.936     6.6720 339.621345  0.000e+00
      9.924     6.6299    26.9783    21.1508 4.1514e-01     0.3006      0.641    1467.33     92.920     6.6704 339.621345  0.000e+00
      9.918     6.6269    27.0006    21.1687 4.2735e-01     0.3018      0.637    1467.35     92.905     6.6688 339.621346  0.000e+00
      9.984     6.6257    27.0200    21.1841 4.1514e-01     0.3030      0.634    1467.37     92.829     6.6627 339.621346  0.000e+00
      9.973     6.6269    27.0365    21.1969 4.0293e-01     0.3055      0.634    1467.39     92.807     6.6602 339.621347  0.000e+00
      9.995     6.6302    27.0528    21.2094 4.0293e-01     0.3055      0.634    1467.43     92.786     6.6575 339.621347  0.000e+00
     10.026     6.6380    27.0706    21.2224 4.2735e-01     0.3055      0.637    1467.48     92.696     6.6490 339.621348  0.000e+00
     10.033     6.6480    27.0867    21.2340 4.5177e-01     0.3079      0.637    1467.54     92.669     6.6448 339.621348  0.000e+00
     10.055     6.6572    27.1011    21.2443 4.5177e-01     0.3103      0.630    1467.60     92.643     6.6409 339.621349  0.000e+00
     10.068     6.6667    27.1127    21.2522 4.6398e-01     0.3103      0.630    1467.65     92.618     6.6371 339.621349  0.000e+00
     10.086     6.6761    27.1201    21.2570 4.3956e-01     0.3116      0.652    1467.70     92.533     6.6292 339.621350  0.000e+00
     10.115     6.6846    27.1246    21.2595 4.0293e-01     0.3116      0.670    1467.74     92.496     6.6250 339.621350  0.000e+00
     10.139     6.6897    27.1292    21.2625 3.9072e-01     0.3103      0.670    1467.76     92.468     6.6221 339.621351  0.000e+00
     10.151     6.6938    27.1346    21.2663 3.6630e-01     0.3055      0.667    1467.79     92.380     6.6149 339.621351  0.000e+00
     10.182     6.6974    27.1389    21.2692 3.6630e-01     0.3067      0.652    1467.81     92.349     6.6119 339.621352  0.000e+00
     10.186     6.6990    27.1432    21.2725 3.9072e-01     0.3055      0.641    1467.82     92.311     6.6088 339.621352  0.000e+00
     10.211     6.6990    27.1476    21.2759 3.9072e-01     0.3055      0.634    1467.82     92.284     6.6066 339.621353  0.000e+00
     10.235     6.6971    27.1527    21.2802 3.9072e-01     0.3055      0.626    1467.82     92.258     6.6049 339.621353  0.000e+00
     10.253     6.6947    27.1569    21.2837 4.0293e-01     0.3042      0.630    1467.82     92.235     6.6034 339.621354  0.000e+00
     10.271     6.6920    27.1607    21.2870 4.1514e-01     0.3067      0.637    1467.81     92.213     6.6021 339.621354  0.000e+00
     10.284     6.6894    27.1640    21.2900 4.0293e-01     0.3103      0.652    1467.81     92.131     6.5965 339.621355  0.000e+00
     10.319     6.6866    27.1680    21.2934 3.9072e-01     0.3103      0.656    1467.80     92.106     6.5950 339.621355  0.000e+00
     10.319     6.6843    27.1730    21.2977 4.0293e-01     0.3128      0.648    1467.80     92.083     6.5934 339.621356  0.000e+00
     10.373     6.6827    27.1781    21.3019 4.1514e-01     0.3152      0.641    1467.80     92.063     6.5920 339.621356  0.000e+00
     10.366     6.6819    27.1821    21.3051 4.1514e-01     0.3189      0.634    1467.80     92.052     6.5912 339.621357  0.000e+00
     10.390     6.6823    27.1851    21.3074 4.0293e-01     0.3201      0.626    1467.81     92.043     6.5904 339.621357  0.000e+00
     10.426     6.6836    27.1874    21.3091 3.9072e-01     0.3201      0.623    1467.82     91.968     6.5847 339.621358  0.000e+00
     10.433     6.6843    27.1899    21.3109 3.9072e-01     0.3201      0.619    1467.82     92.019     6.5881 339.621358  0.000e+00
     10.462     6.6845    27.1919    21.3125 3.7851e-01     0.3213      0.623    1467.83     91.956     6.5835 339.621359  0.000e+00
     10.497     6.6842    27.1931    21.3134 3.6630e-01     0.3189      0.623    1467.83     92.013     6.5876 339.621359  0.000e+00
     10.497     6.6834    27.1945    21.3147 3.6630e-01     0.3164      0.619    1467.82     92.017     6.5879 339.621359  0.000e+00
     10.533     6.6823    27.1958    21.3158 3.6630e-01     0.3164      0.619    1467.82     92.025     6.5886 339.621360  0.000e+00
     10.564     6.6814    27.1971    21.3169 3.6630e-01     0.3152      0.623    1467.82     92.035     6.5894 339.621360  0.000e+00
     10.582     6.6812    27.1988    21.3183 3.5409e-01     0.3140      0.626    1467.82     92.047     6.5902 339.621361  0.000e+00
     10.606     6.6819    27.2014    21.3203 3.4188e-01     0.3164      0.634    1467.83     92.062     6.5910 339.621361  0.000e+00
     10.629     6.6834    27.2045    21.3225 3.2967e-01     0.3164      0.637    1467.84     92.079     6.5919 339.621362  0.000e+00
     10.653     6.6853    27.2064    21.3238 3.2967e-01     0.3177      0.641    1467.85     92.099     6.5930 339.621362  0.000e+00
     10.684     6.6871    27.2083    21.3250 3.5409e-01     0.3164      0.641    1467.86     92.121     6.5942 339.621363  0.000e+00
     10.713     6.6883    27.2096    21.3260 3.5409e-01     0.3177      0.637    1467.87     92.084     6.5913 339.621363  0.000e+00
     10.726     6.6887    27.2112    21.3271 3.6630e-01     0.3201      0.630    1467.87     92.158     6.5965 339.621364  0.000e+00
     10.761     6.6891    27.2127    21.3283 3.7851e-01     0.3213      0.626    1467.87     92.180     6.5979 339.621364  0.000e+00
     10.784     6.6898    27.2152    21.3302 3.7851e-01     0.3226      0.626    1467.88     92.205     6.5995 339.621365  0.000e+00
     10.791     6.6917    27.2188    21.3328 5.6166e-01     0.3213      0.634    1467.89     92.231     6.6009 339.621365  0.000e+00
     10.833     6.6955    27.2216    21.3346 6.7155e-01     0.3250      0.648    1467.91     92.190     6.5972 339.621366  0.000e+00
     10.844     6.6989    27.2250    21.3368 5.8608e-01     0.3274      0.659    1467.93     92.266     6.6020 339.621366  0.000e+00
     10.893     6.7028    27.2274    21.3383 4.8840e-01     0.3287      0.659    1467.95     92.229     6.5987 339.621367  0.000e+00
     10.893     6.7064    27.2295    21.3395 4.3956e-01     0.3274      0.648    1467.97     92.310     6.6038 339.621367  0.000e+00
     10.953     6.7087    27.2309    21.3403 4.0293e-01     0.3262      0.641    1467.98     92.339     6.6055 339.621368  0.000e+00
     10.946     6.7105    27.2315    21.3406 3.7851e-01     0.3238      0.634    1467.99     92.308     6.6029 339.621368  0.000e+00
     10.999     6.7115    27.2323    21.3411 3.6630e-01     0.3201      0.637    1467.99     92.326     6.6040 339.621369  0.000e+00
     11.024     6.7134    27.2346    21.3427 3.6630e-01     0.3177      0.637    1468.00     92.407     6.6094 339.621369  0.000e+00
     11.059     6.7175    27.2387    21.3455 3.6630e-01     0.3189      0.630    1468.03     92.374     6.6062 339.621370  0.000e+00
     11.072     6.7223    27.2431    21.3484 3.6630e-01     0.3201      0.623    1468.05     92.388     6.6063 339.621370  0.000e+00
     11.108     6.7271    27.2457    21.3498 3.9072e-01     0.3201      0.626    1468.07     92.404     6.6066 339.621371  0.000e+00
     11.150     6.7301    27.2499    21.3527 4.2735e-01     0.3189      0.641    1468.09     92.484     6.6117 339.621371  0.000e+00
     11.168     6.7355    27.2607    21.3607 4.3956e-01     0.3177      0.648    1468.13     92.441     6.6073 339.621372  0.000e+00
     11.191     6.7432    27.2770    21.3725 4.1514e-01     0.3189      0.648    1468.18     92.453     6.6063 339.621372  0.000e+00
     11.215     6.7518    27.2909    21.3825 3.9072e-01     0.3177      0.641    1468.23     92.466     6.6053 339.621372  0.000e+00
     11.275     6.7597    27.3028    21.3909 4.1514e-01     0.3152      0.634    1468.28     92.543     6.6090 339.621373  0.000e+00
     11.299     6.7669    27.3138    21.3987 4.1514e-01     0.3152      0.630    1468.32     92.558     6.6085 339.621373  0.000e+00
     11.310     6.7726    27.3209    21.4036 4.1514e-01     0.3140      0.619    1468.35     92.512     6.6040 339.621374  0.000e+00
     11.353     6.7767    27.3250    21.4063 3.9072e-01     0.3128      0.612    1468.37     92.522     6.6039 339.621374  0.000e+00
     11.370     6.7798    27.3289    21.4091 3.6630e-01     0.3128      0.608    1468.39     92.586     6.6079 339.621375  0.000e+00
     11.406     6.7826    27.3338    21.4126 3.5409e-01     0.3116      0.612    1468.41     92.597     6.6080 339.621375  0.000e+00
     11.442     6.7857    27.3383    21.4157 3.4188e-01     0.3116      0.619    1468.43     92.608     6.6081 339.621376  0.000e+00
     11.455     6.7883    27.3431    21.4192 3.5409e-01     0.3103      0.630    1468.44     92.619     6.6083 339.621376  0.000e+00
     11.490     6.7920    27.3476    21.4223 3.6630e-01     0.3079      0.637    1468.46     92.631     6.6084 339.621377  0.000e+00
     11.537     6.7958    27.3504    21.4241 3.5409e-01     0.3091      0.645    1468.48     92.643     6.6085 339.621377  0.000e+00
     11.562     6.7985    27.3527    21.4255 3.4188e-01     0.3103      0.637    1468.50     92.593     6.6044 339.621378  0.000e+00
     11.573     6.8007    27.3536    21.4260 3.5409e-01     0.3103      0.634    1468.51     92.653     6.6083 339.621378  0.000e+00
