RAWDATA/20181204/VT3_Torbjørnsskjær_down.cnv
* Sea-Bird SBE 9 Data File:
* FileName = C:\CTD Brukere\NIVA\OKOKYST2018\2018_12_04\VT3_Torbjørnsskjær.hex
* Software Version Seasave V 7.23.2
* Temperature SN = 5352
* Conductivity SN = 3840
* Number of Bytes Per Scan = 28
* Number of Voltage Words = 4
* Number of Scans Averaged by the Deck Unit = 1
* NMEA baud rate = 4800
** Ship: R/V Trygve Braarud
** Cruise:
** Station:
** Operator:
# nquan = 12
# nvalues = 21751                                 
# units = specified
# name 0 = depSM: Depth [salt water, m], lat = 59.60
# name 1 = t090C: Temperature [ITS-90, deg C]
# name 2 = sal00: Salinity, Practical [PSU]
# name 3 = sigma-t00: Density [sigma-t, kg/m^3 ]
# name 4 = flSP: Fluorescence, Seapoint
# name 5 = wetStar: Fluorescence, WET Labs WETstar [mg/m^3]
# name 6 = seaTurbMtr: Turbidity, Seapoint [FTU]
# name 7 = svCM: Sound Velocity [Chen-Millero, m/s]
# name 8 = sbeox0PS: Oxygen, SBE 43 [% saturation]
# name 9 = sbeox0ML/L: Oxygen, SBE 43 [ml/l]
# name 10 = timeJ: Julian Days
# name 11 = flag:  0.000e+00
# span 0 =     -0.128,    441.971                 
# span 1 =     5.6166,    10.1248                 
# span 2 =    25.5321,    35.1177                 
# span 3 =    20.1187,    27.5620                 
# span 4 = 1.3431e-01, 1.1844e+00                 
# span 5 =    -0.0120,     0.6095                 
# span 6 =      0.414,     14.289                 
# span 7 =    1461.29,    1491.06                 
# span 8 =     75.558,     94.748                 
# span 9 =     5.0821,     6.9774                 
# span 10 = 339.620741, 339.631230                
# span 11 = 0.0000e+00, 0.0000e+00                
# interval = seconds: 0.0416667
# start_time = Dec 05 2018 14:53:52 [System UpLoad Time]
# bad_flag = -9.990e-29
*END*
[from data line 17444]
    351.742     6.6764    35.1143    27.5536 1.4652e-01     0.1223      0.579    1483.38     77.476     5.2655 339.629153  0.000e+00
    351.776     6.6764    35.1145    27.5537 1.4652e-01     0.1248      0.586    1483.38     77.475     5.2654 339.629154  0.000e+00
    351.806     6.6762    35.1148    27.5540 1.4652e-01     0.1248      0.590    1483.38     77.472     5.2652 339.629154  0.000e+00
    351.826     6.6764    35.1149    27.5540 1.4652e-01     0.1260      0.586    1483.39     77.470     5.2650 339.629155  0.000e+00
    351.851     6.6762    35.1148    27.5540 1.4652e-01     0.1260      0.586    1483.39     77.467     5.2649 339.629155  0.000e+00
    351.881     6.6764    35.1143    27.5536 1.4652e-01     0.1211      0.593    1483.39     77.464     5.2646 339.629156  0.000e+00
    351.914     6.6762    35.1144    27.5537 1.4652e-01     0.1235      0.601    1483.39     77.395     5.2600 339.629156  0.000e+00
    351.919     6.6761    35.1146    27.5538 1.4652e-01     0.1223      0.608    1483.39     77.382     5.2591 339.629157  0.000e+00
    351.952     6.6762    35.1146    27.5538 1.4652e-01     0.1211      0.604    1483.39     77.370     5.2583 339.629157  0.000e+00
    351.989     6.6765    35.1141    27.5534 1.4652e-01     0.1211      0.597    1483.39     77.358     5.2574 339.629158  0.000e+00
    352.007     6.6762    35.1141    27.5534 1.4652e-01     0.1223      0.590    1483.39     77.346     5.2567 339.629158  0.000e+00
    352.039     6.6761    35.1144    27.5537 1.4652e-01     0.1223      0.597    1483.39     77.334     5.2558 339.629158  0.000e+00
    352.019     6.6761    35.1145    27.5538 1.4652e-01     0.1223      0.597    1483.39     77.321     5.2550 339.629159  0.000e+00
    352.127     6.6759    35.1143    27.5537 1.4652e-01     0.1223      0.597    1483.39     77.310     5.2542 339.629159  0.000e+00
    352.102     6.6758    35.1149    27.5541 1.4652e-01     0.1223      0.593    1483.39     77.232     5.2489 339.629160  0.000e+00
    352.121     6.6759    35.1147    27.5539 1.4652e-01     0.1272      0.597    1483.39     77.286     5.2526 339.629160  0.000e+00
    352.166     6.6758    35.1145    27.5538 1.4652e-01     0.1248      0.604    1483.39     77.283     5.2524 339.629161  0.000e+00
    352.179     6.6758    35.1146    27.5539 1.4652e-01     0.1211      0.619    1483.39     77.207     5.2472 339.629161  0.000e+00
    352.220     6.6759    35.1146    27.5538 1.3431e-01     0.1174      0.630    1483.39     77.188     5.2459 339.629162  0.000e+00
    352.229     6.6759    35.1143    27.5536 1.4652e-01     0.1150      0.637    1483.39     77.243     5.2497 339.629162  0.000e+00
    352.265     6.6758    35.1148    27.5541 1.4652e-01     0.1150      0.659    1483.39     77.242     5.2496 339.629163  0.000e+00
    352.284     6.6758    35.1145    27.5538 1.3431e-01     0.1150      0.674    1483.39     77.167     5.2445 339.629163  0.000e+00
    352.304     6.6755    35.1147    27.5540 1.3431e-01     0.1162      0.663    1483.39     77.158     5.2439 339.629164  0.000e+00
    352.329     6.6756    35.1147    27.5540 1.4652e-01     0.1174      0.652    1483.39     77.149     5.2434 339.629164  0.000e+00
    352.359     6.6759    35.1147    27.5539 1.3431e-01     0.1162      0.645    1483.39     77.142     5.2428 339.629165  0.000e+00
    352.367     6.6758    35.1150    27.5542 1.4652e-01     0.1186      0.634    1483.39     77.126     5.2417 339.629165  0.000e+00
    352.392     6.6761    35.1147    27.5539 1.4652e-01     0.1186      0.623    1483.39     77.119     5.2413 339.629166  0.000e+00
    352.422     6.6759    35.1145    27.5538 1.4652e-01     0.1174      0.615    1483.39     77.114     5.2409 339.629166  0.000e+00
    352.442     6.6762    35.1141    27.5535 1.4652e-01     0.1186      0.615    1483.39     77.109     5.2405 339.629167  0.000e+00
    352.435     6.6762    35.1146    27.5538 1.4652e-01     0.1174      0.612    1483.40     77.104     5.2402 339.629167  0.000e+00
    352.519     6.6762    35.1145    27.5538 1.4652e-01     0.1162      0.608    1483.40     77.101     5.2400 339.629168  0.000e+00
    352.494     6.6762    35.1145    27.5537 1.4652e-01     0.1150      0.608    1483.40     77.097     5.2398 339.629168  0.000e+00
    352.485     6.6761    35.1143    27.5536 1.4652e-01     0.1150      0.630    1483.40     77.095     5.2396 339.629169  0.000e+00
    352.569     6.6761    35.1142    27.5536 1.4652e-01     0.1186      0.637    1483.40     77.094     5.2395 339.629169  0.000e+00
    352.569     6.6756    35.1148    27.5540 1.4652e-01     0.1211      0.626    1483.40     77.093     5.2395 339.629170  0.000e+00
    352.580     6.6758    35.1145    27.5538 1.3431e-01     0.1235      0.623    1483.40     77.093     5.2395 339.629170  0.000e+00
    352.587     6.6754    35.1149    27.5542 1.3431e-01     0.1235      0.619    1483.39     77.093     5.2395 339.629171  0.000e+00
    352.607     6.6751    35.1146    27.5540 1.3431e-01     0.1223      0.612    1483.39     77.086     5.2391 339.629171  0.000e+00
    352.644     6.6752    35.1143    27.5537 1.4652e-01     0.1223      0.604    1483.39     77.087     5.2392 339.629171  0.000e+00
    352.637     6.6749    35.1146    27.5540 1.4652e-01     0.1199      0.619    1483.39     77.089     5.2394 339.629172  0.000e+00
    352.669     6.6751    35.1144    27.5538 1.4652e-01     0.1186      0.641    1483.39     77.093     5.2396 339.629172  0.000e+00
    352.669     6.6751    35.1150    27.5543 1.3431e-01     0.1162      0.641    1483.40     77.096     5.2398 339.629173  0.000e+00
    352.700     6.6756    35.1147    27.5540 1.3431e-01     0.1174      0.630    1483.40     77.101     5.2400 339.629173  0.000e+00
    352.707     6.6755    35.1150    27.5542 1.4652e-01     0.1174      0.619    1483.40     77.106     5.2404 339.629174  0.000e+00
    352.720     6.6756    35.1150    27.5542 1.4652e-01     0.1174      0.608    1483.40     77.111     5.2408 339.629174  0.000e+00
    352.737     6.6756    35.1145    27.5538 1.4652e-01     0.1186      0.604    1483.40     77.118     5.2412 339.629175  0.000e+00
    352.745     6.6758    35.1141    27.5535 1.4652e-01     0.1211      0.604    1483.40     77.125     5.2417 339.629175  0.000e+00
    352.770     6.6758    35.1141    27.5535 1.4652e-01     0.1199      0.601    1483.40     77.133     5.2423 339.629176  0.000e+00
    352.775     6.6754    35.1145    27.5538 1.4652e-01     0.1211      0.601    1483.40     77.142     5.2429 339.629176  0.000e+00
    352.782     6.6751    35.1148    27.5541 1.4652e-01     0.1186      0.597    1483.40     77.151     5.2435 339.629177  0.000e+00
    352.809     6.6751    35.1148    27.5541 1.4652e-01     0.1186      0.593    1483.40     77.161     5.2442 339.629177  0.000e+00
    352.820     6.6752    35.1148    27.5541 1.3431e-01     0.1162      0.593    1483.40     77.172     5.2449 339.629178  0.000e+00
    352.825     6.6752    35.1147    27.5540 1.4652e-01     0.1150      0.593    1483.40     77.118     5.2413 339.629178  0.000e+00
    352.845     6.6754    35.1144    27.5538 1.4652e-01     0.1150      0.597    1483.40     77.188     5.2460 339.629179  0.000e+00
    352.859     6.6756    35.1147    27.5540 1.4652e-01     0.1150      0.597    1483.40     77.136     5.2424 339.629179  0.000e+00
    352.864     6.6754    35.1146    27.5539 1.4652e-01     0.1162      0.590    1483.40     77.132     5.2422 339.629180  0.000e+00
    352.895     6.6754    35.1144    27.5538 1.4652e-01     0.1211      0.582    1483.40     77.130     5.2421 339.629180  0.000e+00
    352.895     6.6756    35.1145    27.5538 1.4652e-01     0.1199      0.590    1483.40     77.128     5.2419 339.629181  0.000e+00
    352.902     6.6758    35.1144    27.5537 1.4652e-01     0.1199      0.590    1483.40     77.127     5.2419 339.629181  0.000e+00
    352.934     6.6756    35.1145    27.5538 1.3431e-01     0.1174      0.590    1483.40     77.193     5.2463 339.629182  0.000e+00
    352.947     6.6756    35.1148    27.5541 1.4652e-01     0.1186      0.590    1483.40     77.202     5.2469 339.629182  0.000e+00
    352.959     6.6754    35.1148    27.5541 1.4652e-01     0.1186      0.586    1483.40     77.145     5.2431 339.629183  0.000e+00
    352.964     6.6752    35.1146    27.5540 1.4652e-01     0.1186      0.582    1483.40     77.146     5.2432 339.629183  0.000e+00
    352.997     6.6754    35.1146    27.5539 1.3431e-01     0.1223      0.586    1483.40     77.139     5.2427 339.629184  0.000e+00
    352.997     6.6752    35.1149    27.5542 1.3431e-01     0.1248      0.593    1483.40     77.142     5.2429 339.629184  0.000e+00
    353.027     6.6752    35.1148    27.5541 1.3431e-01     0.1260      0.604    1483.40     77.210     5.2475 339.629185  0.000e+00
    353.035     6.6751    35.1147    27.5541 1.4652e-01     0.1248      0.601    1483.40     77.148     5.2433 339.629185  0.000e+00
    353.035     6.6751    35.1146    27.5540 1.4652e-01     0.1211      0.597    1483.40     77.142     5.2429 339.629185  0.000e+00
    353.085     6.6752    35.1145    27.5539 1.4652e-01     0.1223      0.593    1483.40     77.212     5.2477 339.629186  0.000e+00
    353.090     6.6749    35.1144    27.5539 1.4652e-01     0.1248      0.597    1483.40     77.160     5.2441 339.629186  0.000e+00
    353.097     6.6749    35.1146    27.5540 1.4652e-01     0.1235      0.608    1483.40     77.221     5.2483 339.629187  0.000e+00
    353.124     6.6751    35.1143    27.5538 1.4652e-01     0.1223      0.608    1483.40     77.161     5.2442 339.629187  0.000e+00
    353.135     6.6749    35.1146    27.5540 1.4652e-01     0.1174      0.597    1483.40     77.092     5.2395 339.629188  0.000e+00
    353.167     6.6751    35.1146    27.5540 1.4652e-01     0.1150      0.586    1483.40     77.146     5.2432 339.629188  0.000e+00
    353.174     6.6751    35.1146    27.5540 1.4652e-01     0.1162      0.582    1483.40     77.144     5.2430 339.629189  0.000e+00
    353.210     6.6749    35.1149    27.5543 1.4652e-01     0.1174      0.579    1483.40     77.142     5.2429 339.629189  0.000e+00
    353.199     6.6751    35.1143    27.5537 1.4652e-01     0.1211      0.579    1483.40     77.140     5.2428 339.629190  0.000e+00
    353.229     6.6749    35.1143    27.5538 1.4652e-01     0.1199      0.590    1483.40     77.139     5.2427 339.629190  0.000e+00
    353.262     6.6749    35.1146    27.5540 1.4652e-01     0.1186      0.601    1483.40     77.138     5.2427 339.629191  0.000e+00
    353.274     6.6754    35.1144    27.5538 1.4652e-01     0.1174      0.597    1483.41     77.072     5.2381 339.629191  0.000e+00
    353.292     6.6752    35.1147    27.5540 1.4652e-01     0.1174      0.590    1483.41     77.129     5.2420 339.629192  0.000e+00
    353.323     6.6749    35.1150    27.5543 1.3431e-01     0.1186      0.593    1483.41     77.065     5.2377 339.629192  0.000e+00
    353.323     6.6749    35.1150    27.5543 1.4652e-01     0.1199      0.615    1483.41     77.123     5.2416 339.629193  0.000e+00
    353.362     6.6751    35.1143    27.5537 1.4652e-01     0.1199      0.619    1483.41     77.124     5.2417 339.629193  0.000e+00
    353.380     6.6749    35.1148    27.5541 1.3431e-01     0.1186      0.608    1483.41     77.061     5.2374 339.629194  0.000e+00
    353.387     6.6748    35.1149    27.5542 1.4652e-01     0.1174      0.597    1483.41     77.120     5.2415 339.629194  0.000e+00
    353.412     6.6749    35.1143    27.5537 1.3431e-01     0.1199      0.597    1483.41     77.124     5.2417 339.629195  0.000e+00
    353.450     6.6748    35.1143    27.5538 1.3431e-01     0.1186      0.597    1483.41     77.127     5.2420 339.629195  0.000e+00
    353.463     6.6748    35.1149    27.5542 1.3431e-01     0.1186      0.593    1483.41     77.131     5.2422 339.629196  0.000e+00
    353.468     6.6749    35.1144    27.5538 1.4652e-01     0.1199      0.586    1483.41     77.135     5.2425 339.629196  0.000e+00
    353.513     6.6749    35.1144    27.5539 1.4652e-01     0.1186      0.586    1483.41     77.139     5.2428 339.629197  0.000e+00
    353.525     6.6749    35.1146    27.5540 1.4652e-01     0.1199      0.586    1483.41     77.079     5.2386 339.629197  0.000e+00
    353.552     6.6748    35.1144    27.5538 1.4652e-01     0.1199      0.586    1483.41     77.076     5.2385 339.629198  0.000e+00
    353.557     6.6746    35.1147    27.5541 1.4652e-01     0.1211      0.582    1483.41     77.139     5.2428 339.629198  0.000e+00
    353.588     6.6748    35.1147    27.5541 1.4652e-01     0.1248      0.586    1483.41     77.146     5.2432 339.629198  0.000e+00
    353.613     6.6746    35.1146    27.5540 1.4652e-01     0.1235      0.586    1483.41     77.153     5.2437 339.629199  0.000e+00
    353.638     6.6748    35.1148    27.5542 1.4652e-01     0.1260      0.575    1483.41     77.160     5.2442 339.629199  0.000e+00
    353.645     6.6748    35.1147    27.5541 1.4652e-01     0.1260      0.568    1483.41     77.167     5.2447 339.629200  0.000e+00
    353.677     6.6746    35.1148    27.5542 1.3431e-01     0.1223      0.571    1483.41     77.176     5.2453 339.629200  0.000e+00
    353.702     6.6746    35.1148    27.5542 1.4652e-01     0.1223      0.571    1483.41     77.184     5.2458 339.629201  0.000e+00
    353.715     6.6748    35.1143    27.5538 1.4652e-01     0.1223      0.571    1483.41     77.193     5.2464 339.629201  0.000e+00
    353.740     6.6748    35.1145    27.5539 1.4652e-01     0.1223      0.634    1483.41     77.128     5.2420 339.629202  0.000e+00
    353.758     6.6746    35.1148    27.5542 1.4652e-01     0.1199      0.711    1483.41     77.194     5.2465 339.629202  0.000e+00
    353.778     6.6748    35.1148    27.5542 1.4652e-01     0.1174      0.696    1483.41     77.195     5.2465 339.629203  0.000e+00
    353.803     6.6749    35.1145    27.5539 1.4652e-01     0.1186      0.667    1483.41     77.130     5.2421 339.629203  0.000e+00
    353.828     6.6746    35.1147    27.5541 1.4652e-01     0.1199      0.641    1483.41     77.189     5.2461 339.629204  0.000e+00
    353.840     6.6749    35.1144    27.5538 1.4652e-01     0.1186      0.623    1483.41     77.124     5.2417 339.629204  0.000e+00
    353.872     6.6746    35.1147    27.5541 1.4652e-01     0.1174      0.615    1483.41     77.183     5.2458 339.629205  0.000e+00
    353.892     6.6748    35.1147    27.5541 1.4652e-01     0.1199      0.608    1483.41     77.128     5.2420 339.629205  0.000e+00
    353.903     6.6746    35.1150    27.5544 1.4652e-01     0.1223      0.615    1483.41     77.131     5.2422 339.629206  0.000e+00
    353.928     6.6746    35.1150    27.5544 1.4652e-01     0.1248      0.619    1483.41     77.191     5.2463 339.629206  0.000e+00
    353.955     6.6746    35.1147    27.5541 1.4652e-01     0.1260      0.619    1483.41     77.128     5.2420 339.629207  0.000e+00
    353.973     6.6746    35.1146    27.5541 1.4652e-01     0.1223      0.615    1483.41     77.189     5.2461 339.629207  0.000e+00
    353.980     6.6749    35.1146    27.5540 1.4652e-01     0.1211      0.619    1483.42     77.192     5.2463 339.629208  0.000e+00
    354.017     6.6748    35.1148    27.5542 1.4652e-01     0.1199      0.623    1483.42     77.204     5.2472 339.629208  0.000e+00
    354.030     6.6749    35.1147    27.5540 1.4652e-01     0.1174      0.619    1483.42     77.208     5.2474 339.629209  0.000e+00
    354.055     6.6748    35.1145    27.5540 1.3431e-01     0.1150      0.612    1483.42     77.212     5.2477 339.629209  0.000e+00
    354.080     6.6746    35.1148    27.5542 1.4652e-01     0.1174      0.597    1483.42     77.225     5.2486 339.629210  0.000e+00
    354.087     6.6749    35.1146    27.5540 1.4652e-01     0.1186      0.586    1483.42     77.163     5.2444 339.629210  0.000e+00
