RAWDATA/20181204/VT67_Langesundsfjorden_down.cnv
* Sea-Bird SBE 9 Data File:
* FileName = C:\CTD Brukere\NIVA\OKOKYST2018\2018_12_04\VT67_Langesundsfjorden.hex
* Software Version Seasave V 7.23.2
* Temperature SN = 5352
* Conductivity SN = 3840
* Number of Bytes Per Scan = 28
* Number of Voltage Words = 4
* Number of Scans Averaged by the Deck Unit = 1
* NMEA baud rate = 4800
** Ship: R/V Trygve Braarud
** Cruise:
** Station:
** Operator:
# nquan = 12
# nvalues = 6564                                  
# units = specified
# name 0 = depSM: Depth [salt water, m], lat = 59.60
# name 1 = t090C: Temperature [ITS-90, deg C]
# name 2 = sal00: Salinity, Practical [PSU]
# name 3 = sigma-t00: Density [sigma-t, kg/m^3 ]
# name 4 = flSP: Fluorescence, Seapoint
# name 5 = wetStar: Fluorescence, WET Labs WETstar [mg/m^3]
# name 6 = seaTurbMtr: Turbidity, Seapoint [FTU]
# name 7 = svCM: Sound Velocity [Chen-Millero, m/s]
# name 8 = sbeox0PS: Oxygen, SBE 43 [% saturation]
# name 9 = sbeox0ML/L: Oxygen, SBE 43 [ml/l]
# name 10 = timeJ: Julian Days
# name 11 = flag:  0.000e+00
# span 0 =      0.028,    100.357                 
# span 1 =     4.9154,    11.3840                 
# span 2 =    12.0275,    34.7596                 
# span 3 =     9.5107,    26.9237                 
# span 4 = 1.4652e-01, 2.0147e+00                 
# span 5 =    -0.0120,     1.3494                 
# span 6 =      0.491,      5.524                 
# span 7 =    1441.34,    1490.38                 
# span 8 =     67.954,     95.136                 
# span 9 =     4.3900,     7.6902                 
# span 10 = 339.348727, 339.351892                
# span 11 = 0.0000e+00, 0.0000e+00                
# interval = seconds: 0.0416667
# start_time = Dec 05 2018 08:22:10 [System UpLoad Time]
# bad_flag = -9.990e-29
*END*
[from data line 2888]
     28.756    11.2988    30.8353    23.4824 2.0757e-01     0.1431      0.703    1489.89     80.561     5.0800 339.350120  0.000e+00
     28.785    11.3196    30.8702    23.5058 1.9536e-01     0.1418      0.700    1490.00     80.447     5.0694 339.350120  0.000e+00
     28.785    11.3318    30.8916    23.5204 1.9536e-01     0.1431      0.692    1490.07     80.445     5.0673 339.350121  0.000e+00
     28.816    11.3331    30.8838    23.5141 2.0757e-01     0.1418      0.689    1490.07     80.385     5.0637 339.350121  0.000e+00
     28.845    11.3280    30.8468    23.4862 2.0757e-01     0.1431      0.689    1490.00     80.330     5.0619 339.350122  0.000e+00
     28.856    11.3148    30.7740    23.4320 2.0757e-01     0.1431      0.692    1489.87     80.272     5.0620 339.350122  0.000e+00
     28.876    11.3071    30.6982    23.3744 2.0757e-01     0.1418      0.696    1489.75     80.213     5.0615 339.350122  0.000e+00
     28.905    11.2876    30.6916    23.3728 1.9536e-01     0.1418      0.700    1489.68     80.151     5.0599 339.350123  0.000e+00
     28.911    11.2576    30.7189    23.3992 1.8315e-01     0.1406      0.703    1489.60     80.086     5.0582 339.350123  0.000e+00
     28.941    11.2477    30.7315    23.4107 1.8315e-01     0.1418      0.703    1489.58     80.081     5.0586 339.350124  0.000e+00
     28.952    11.2561    30.7438    23.4188 1.9536e-01     0.1418      0.703    1489.63     80.028     5.0540 339.350124  0.000e+00
     28.984    11.2819    30.7708    23.4353 1.9536e-01     0.1418      0.703    1489.75     79.975     5.0470 339.350125  0.000e+00
     29.001    11.3073    30.8114    23.4624 1.9536e-01     0.1406      0.700    1489.89     79.981     5.0433 339.350125  0.000e+00
     29.036    11.3208    30.8579    23.4961 1.9536e-01     0.1406      0.703    1489.99     79.929     5.0371 339.350126  0.000e+00
     29.044    11.3356    30.9067    23.5314 2.0757e-01     0.1394      0.714    1490.11     79.875     5.0305 339.350126  0.000e+00
     29.061    11.3569    30.9556    23.5656 1.9536e-01     0.1357      0.729    1490.24     79.880     5.0270 339.350127  0.000e+00
     29.096    11.3735    30.9916    23.5907 1.9536e-01     0.1357      0.744    1490.34     79.835     5.0212 339.350127  0.000e+00
     29.104    11.3823    31.0004    23.5959 1.9536e-01     0.1357      0.766    1490.38     79.793     5.0174 339.350128  0.000e+00
     29.132    11.3840    30.9842    23.5831 1.9536e-01     0.1394      0.766    1490.37     79.743     5.0145 339.350128  0.000e+00
     29.156    11.3803    30.9609    23.5656 1.9536e-01     0.1382      0.740    1490.33     79.696     5.0127 339.350129  0.000e+00
     29.187    11.3748    30.9328    23.5448 2.0757e-01     0.1382      0.722    1490.28     79.708     5.0149 339.350129  0.000e+00
     29.192    11.3668    30.8869    23.5105 1.9536e-01     0.1357      0.714    1490.19     79.663     5.0144 339.350130  0.000e+00
     29.216    11.3457    30.8285    23.4689 1.9536e-01     0.1357      0.714    1490.05     79.675     5.0193 339.350130  0.000e+00
     29.236    11.3298    30.7639    23.4215 1.9536e-01     0.1321      0.711    1489.92     79.632     5.0203 339.350131  0.000e+00
     29.263    11.3362    30.7317    23.3953 1.9536e-01     0.1333      0.718    1489.90     79.594     5.0183 339.350131  0.000e+00
     29.288    11.3523    30.7510    23.4075 1.9536e-01     0.1345      0.740    1489.98     79.616     5.0173 339.350132  0.000e+00
     29.296    11.3596    30.7704    23.4213 1.9536e-01     0.1357      0.755    1490.03     79.580     5.0137 339.350132  0.000e+00
     29.323    11.3560    30.7581    23.4123 1.9536e-01     0.1333      0.747    1490.00     79.541     5.0120 339.350133  0.000e+00
     29.348    11.3475    30.7386    23.3987 1.9536e-01     0.1321      0.725    1489.95     79.553     5.0143 339.350133  0.000e+00
     29.367    11.3352    30.7461    23.4067 1.9536e-01     0.1345      0.707    1489.92     79.575     5.0167 339.350134  0.000e+00
     29.383    11.3267    30.7648    23.4227 1.9536e-01     0.1357      0.692    1489.91     79.540     5.0149 339.350134  0.000e+00
     29.408    11.3240    30.7794    23.4346 1.9536e-01     0.1345      0.689    1489.92     79.502     5.0123 339.350135  0.000e+00
     29.440    11.3233    30.7983    23.4493 1.9536e-01     0.1309      0.685    1489.94     79.523     5.0131 339.350135  0.000e+00
     29.456    11.3221    30.8202    23.4666 1.9536e-01     0.1296      0.681    1489.96     79.486     5.0102 339.350136  0.000e+00
     29.479    11.3186    30.8333    23.4773 2.0757e-01     0.1309      0.674    1489.96     79.452     5.0080 339.350136  0.000e+00
     29.512    11.3150    30.8419    23.4847 1.9536e-01     0.1309      0.663    1489.96     79.476     5.0096 339.350136  0.000e+00
     29.528    11.3130    30.8569    23.4967 1.9536e-01     0.1272      0.678    1489.97     79.436     5.0069 339.350137  0.000e+00
     29.539    11.3139    30.8770    23.5122 1.9536e-01     0.1248      0.703    1490.00     79.460     5.0076 339.350137  0.000e+00
     29.576    11.3134    30.9005    23.5305 1.9536e-01     0.1211      0.707    1490.03     79.420     5.0044 339.350138  0.000e+00
     29.596    11.3155    30.9216    23.5465 1.9536e-01     0.1199      0.685    1490.06     79.322     4.9974 339.350138  0.000e+00
     29.612    11.3194    30.9478    23.5662 1.9536e-01     0.1174      0.659    1490.11     79.336     4.9970 339.350139  0.000e+00
     29.648    11.3189    31.0117    23.6159 1.9536e-01     0.1186      0.648    1490.18     79.353     4.9961 339.350139  0.000e+00
     29.656    11.3135    31.0929    23.6799 1.9536e-01     0.1162      0.634    1490.26     79.311     4.9915 339.350140  0.000e+00
     29.684    11.3029    31.1476    23.7243 1.9536e-01     0.1162      0.623    1490.29     79.266     4.9880 339.350140  0.000e+00
     29.708    11.2873    31.1801    23.7523 2.0757e-01     0.1138      0.615    1490.28     79.283     4.9897 339.350141  0.000e+00
     29.732    11.2673    31.2054    23.7755 2.0757e-01     0.1089      0.612    1490.24     79.303     4.9923 339.350141  0.000e+00
     29.763    11.2645    31.2005    23.7722 2.1978e-01     0.1077      0.604    1490.22     79.265     4.9904 339.350142  0.000e+00
     29.768    11.2692    31.1771    23.7532 2.3199e-01     0.1077      0.601    1490.21     79.225     4.9881 339.350142  0.000e+00
     29.792    11.2663    31.1573    23.7383 2.1978e-01     0.1040      0.604    1490.18     79.240     4.9900 339.350143  0.000e+00
     29.823    11.2625    31.1296    23.7174 2.1978e-01     0.1003      0.601    1490.13     79.204     4.9890 339.350143  0.000e+00
     29.839    11.2630    31.0954    23.6908 2.1978e-01     0.0991      0.597    1490.09     79.217     4.9909 339.350144  0.000e+00
     29.864    11.2739    31.0556    23.6579 2.1978e-01     0.0967      0.597    1490.08     79.180     4.9886 339.350144  0.000e+00
     29.899    11.2820    31.0263    23.6337 2.1978e-01     0.0967      0.608    1490.07     79.198     4.9898 339.350145  0.000e+00
     29.907    11.2820    31.0167    23.6263 2.0757e-01     0.0967      0.619    1490.06     79.157     4.9876 339.350145  0.000e+00
     29.935    11.2791    31.0241    23.6326 2.0757e-01     0.0942      0.634    1490.06     79.173     4.9886 339.350146  0.000e+00
     29.959    11.2732    31.0391    23.6453 2.1978e-01     0.0930      0.630    1490.06     79.129     4.9860 339.350146  0.000e+00
     29.984    11.2539    31.0653    23.6690 2.0757e-01     0.0918      0.630    1490.02     79.080     4.9841 339.350147  0.000e+00
     30.016    11.2074    31.1210    23.7205 2.1978e-01     0.0930      0.623    1489.93     79.085     4.9876 339.350147  0.000e+00
     30.031    11.1678    31.1681    23.7640 2.0757e-01     0.0930      0.619    1489.85     79.037     4.9874 339.350148  0.000e+00
     30.055    11.1642    31.1741    23.7693 2.1978e-01     0.0906      0.608    1489.84     79.048     4.9883 339.350148  0.000e+00
     30.068    11.1884    31.1468    23.7439 2.1978e-01     0.0918      0.601    1489.89     79.001     4.9836 339.350149  0.000e+00
     30.099    11.2282    31.1044    23.7039 2.1978e-01     0.0893      0.593    1489.98     79.017     4.9817 339.350149  0.000e+00
     30.126    11.2509    31.0785    23.6798 2.1978e-01     0.0918      0.590    1490.03     78.973     4.9773 339.350149  0.000e+00
     30.151    11.2462    31.0752    23.6780 2.1978e-01     0.0930      0.590    1490.01     78.922     4.9747 339.350150  0.000e+00
     30.151    11.2094    31.0982    23.7023 2.1978e-01     0.0893      0.586    1489.91     78.931     4.9785 339.350150  0.000e+00
     30.208    11.1555    31.1380    23.7427 2.1978e-01     0.0881      0.586    1489.77     78.941     4.9836 339.350151  0.000e+00
     30.211    11.1330    31.1526    23.7580 2.1978e-01     0.0869      0.590    1489.71     78.894     4.9825 339.350151  0.000e+00
     30.235    11.1021    31.1749    23.7807 2.3199e-01     0.0881      0.586    1489.63     78.840     4.9817 339.350152  0.000e+00
     30.259    11.0666    31.2043    23.8098 2.3199e-01     0.0845      0.579    1489.54     78.842     4.9847 339.350152  0.000e+00
     30.279    11.0561    31.2116    23.8173 2.3199e-01     0.0845      0.586    1489.51     78.792     4.9825 339.350153  0.000e+00
     30.319    11.1158    31.1518    23.7604 2.3199e-01     0.0832      0.597    1489.65     78.801     4.9785 339.350153  0.000e+00
     30.319    11.1757    31.0913    23.7030 2.3199e-01     0.0820      0.604    1489.79     78.756     4.9712 339.350154  0.000e+00
     30.367    11.1988    31.0686    23.6812 2.4420e-01     0.0832      0.601    1489.84     78.705     4.9662 339.350154  0.000e+00
     30.367    11.1755    31.0908    23.7026 2.3199e-01     0.0845      0.593    1489.79     78.706     4.9681 339.350155  0.000e+00
     30.388    11.1374    31.1236    23.7347 2.3199e-01     0.0869      0.590    1489.69     78.653     4.9678 339.350155  0.000e+00
     30.427    11.1061    31.1447    23.7566 2.1978e-01     0.0869      0.593    1489.61     78.656     4.9707 339.350156  0.000e+00
     30.440    11.0913    31.1484    23.7620 2.1978e-01     0.0845      0.608    1489.56     78.540     4.9648 339.350156  0.000e+00
     30.462    11.0900    31.1417    23.7571 2.1978e-01     0.0845      0.623    1489.55     78.540     4.9651 339.350157  0.000e+00
     30.500    11.0806    31.1412    23.7583 2.1978e-01     0.0845      0.626    1489.51     78.488     4.9628 339.350157  0.000e+00
     30.508    10.9797    31.2157    23.8338 2.3199e-01     0.0832      0.619    1489.25     78.485     4.9711 339.350158  0.000e+00
     30.535    10.8431    31.3214    23.9396 2.3199e-01     0.0832      0.608    1488.89     78.423     4.9784 339.350158  0.000e+00
     30.558    10.7575    31.3876    24.0058 2.3199e-01     0.0808      0.601    1488.67     78.424     4.9856 339.350159  0.000e+00
     30.582    10.7485    31.3923    24.0110 2.1978e-01     0.0808      0.597    1488.64     78.430     4.9868 339.350159  0.000e+00
     30.618    10.7359    31.4043    24.0225 2.3199e-01     0.0820      0.601    1488.61     78.377     4.9844 339.350160  0.000e+00
     30.628    10.6893    31.4467    24.0634 2.3199e-01     0.0832      0.604    1488.49     78.262     4.9807 339.350160  0.000e+00
     30.655    10.6451    31.4869    24.1023 2.1978e-01     0.0845      0.601    1488.39     78.257     4.9839 339.350161  0.000e+00
     30.678    10.6245    31.5089    24.1230 2.1978e-01     0.0820      0.593    1488.34     78.200     4.9818 339.350161  0.000e+00
     30.702    10.6188    31.5199    24.1325 2.0757e-01     0.0820      0.586    1488.33     78.199     4.9820 339.350162  0.000e+00
     30.727    10.6150    31.5278    24.1393 2.1978e-01     0.0832      0.582    1488.33     78.133     4.9779 339.350162  0.000e+00
     30.748    10.6148    31.5297    24.1408 2.1978e-01     0.0820      0.586    1488.33     78.067     4.9737 339.350163  0.000e+00
     30.775    10.6415    31.5068    24.1184 2.1978e-01     0.0845      0.590    1488.40     78.005     4.9676 339.350163  0.000e+00
     30.787    10.6715    31.4862    24.0972 2.3199e-01     0.0845      0.590    1488.48     77.997     4.9646 339.350163  0.000e+00
     30.822    10.7097    31.4642    24.0736 2.6862e-01     0.0832      0.590    1488.59     77.992     4.9608 339.350164  0.000e+00
     30.834    10.7590    31.4359    24.0431 2.6862e-01     0.0832      0.586    1488.73     77.933     4.9527 339.350164  0.000e+00
     30.858    10.8289    31.3937    23.9983 2.6862e-01     0.0845      0.586    1488.93     77.938     4.9469 339.350165  0.000e+00
     30.891    10.8756    31.3669    23.9694 2.5641e-01     0.0881      0.582    1489.07     77.882     4.9392 339.350165  0.000e+00
     30.894    10.8767    31.3678    23.9699 2.4420e-01     0.0881      0.582    1489.07     77.819     4.9350 339.350166  0.000e+00
     30.931    10.8647    31.3752    23.9777 2.1978e-01     0.0893      0.582    1489.04     77.756     4.9321 339.350166  0.000e+00
     30.954    10.8748    31.3648    23.9679 2.1978e-01     0.0869      0.582    1489.06     77.750     4.9310 339.350167  0.000e+00
     30.978    10.9122    31.3340    23.9375 2.1978e-01     0.0845      0.579    1489.16     77.753     4.9282 339.350167  0.000e+00
     30.991    10.9555    31.3030    23.9059 2.0757e-01     0.0845      0.586    1489.27     77.697     4.9210 339.350168  0.000e+00
     31.011    10.9600    31.3071    23.9083 2.0757e-01     0.0820      0.608    1489.29     77.640     4.9168 339.350168  0.000e+00
     31.050    10.9364    31.3368    23.9355 2.0757e-01     0.0771      0.637    1489.25     77.576     4.9143 339.350169  0.000e+00
     31.062    10.8751    31.4150    24.0069 2.0757e-01     0.0771      0.656    1489.12     77.634     4.9220 339.350169  0.000e+00
     31.087    10.7737    31.5466    24.1268 2.0757e-01     0.0759      0.634    1488.92     77.575     4.9249 339.350170  0.000e+00
     31.110    10.7150    31.6275    24.1998 2.0757e-01     0.0784      0.608    1488.81     77.574     4.9286 339.350170  0.000e+00
     31.134    10.6878    31.6608    24.2304 2.0757e-01     0.0771      0.593    1488.76     77.522     4.9271 339.350171  0.000e+00
     31.147    10.6917    31.6484    24.2200 2.0757e-01     0.0771      0.586    1488.76     77.466     4.9235 339.350171  0.000e+00
     31.179    10.7389    31.5893    24.1659 2.0757e-01     0.0784      0.586    1488.85     77.474     4.9208 339.350172  0.000e+00
     31.194    10.7865    31.5356    24.1160 2.0757e-01     0.0808      0.590    1488.96     77.482     4.9180 339.350172  0.000e+00
     31.230    10.7758    31.5478    24.1273 2.0757e-01     0.0796      0.615    1488.93     77.496     4.9196 339.350173  0.000e+00
     31.218    10.7397    31.6100    24.1819 1.9536e-01     0.0784      0.645    1488.88     77.448     4.9185 339.350173  0.000e+00
     31.267    10.7023    31.6910    24.2514 1.9536e-01     0.0771      0.645    1488.85     77.395     4.9165 339.350174  0.000e+00
     31.290    10.6705    31.7529    24.3051 1.9536e-01     0.0771      0.634    1488.81     77.404     4.9185 339.350174  0.000e+00
     31.290    10.6628    31.7633    24.3145 1.9536e-01     0.0759      0.623    1488.79     77.360     4.9162 339.350175  0.000e+00
     31.338    10.6957    31.7105    24.2677 1.9536e-01     0.0747      0.630    1488.85     77.374     4.9153 339.350175  0.000e+00
     31.335    10.7241    31.6639    24.2265 2.0757e-01     0.0747      0.623    1488.89     77.328     4.9108 339.350176  0.000e+00
     31.374    10.7356    31.6488    24.2128 2.0757e-01     0.0747      0.608    1488.92     77.343     4.9110 339.350176  0.000e+00
     31.385    10.7345    31.6571    24.2195 1.9536e-01     0.0722      0.601    1488.92     77.297     4.9079 339.350177  0.000e+00
