RAWDATA/20181204/VT67_Langesundsfjorden_down.cnv
* Sea-Bird SBE 9 Data File:
* FileName = C:\CTD Brukere\NIVA\OKOKYST2018\2018_12_04\VT67_Langesundsfjorden.hex
* Software Version Seasave V 7.23.2
* Temperature SN = 5352
* Conductivity SN = 3840
* Number of Bytes Per Scan = 28
* Number of Voltage Words = 4
* Number of Scans Averaged by the Deck Unit = 1
* NMEA baud rate = 4800
** Ship: R/V Trygve Braarud
** Cruise:
** Station:
** Operator:
# nquan = 12
# nvalues = 6564                                  
# units = specified
# name 0 = depSM: Depth [salt water, m], lat = 59.60
# name 1 = t090C: Temperature [ITS-90, deg C]
# name 2 = sal00: Salinity, Practical [PSU]
# name 3 = sigma-t00: Density [sigma-t, kg/m^3 ]
# name 4 = flSP: Fluorescence, Seapoint
# name 5 = wetStar: Fluorescence, WET Labs WETstar [mg/m^3]
# name 6 = seaTurbMtr: Turbidity, Seapoint [FTU]
# name 7 = svCM: Sound Velocity [Chen-Millero, m/s]
# name 8 = sbeox0PS: Oxygen, SBE 43 [% saturation]
# name 9 = sbeox0ML/L: Oxygen, SBE 43 [ml/l]
# name 10 = timeJ: Julian Days
# name 11 = flag:  0.000e+00
# span 0 =      0.028,    100.357                 
# span 1 =     4.9154,    11.3840                 
# span 2 =    12.0275,    34.7596                 
# span 3 =     9.5107,    26.9237                 
# span 4 = 1.4652e-01, 2.0147e+00                 
# span 5 =    -0.0120,     1.3494                 
# span 6 =      0.491,      5.524                 
# span 7 =    1441.34,    1490.38                 
# span 8 =     67.954,     95.136                 
# span 9 =     4.3900,     7.6902                 
# span 10 = 339.348727, 339.351892                
# span 11 = 0.0000e+00, 0.0000e+00                
# interval = seconds: 0.0416667
# start_time = Dec 05 2018 08:22:10 [System UpLoad Time]
# bad_flag = -9.990e-29
*END*
[from data line 963]
      0.114     5.1412    12.5432     9.9094 6.7155e-01     1.3238      0.890    1442.84     89.293     7.3131 339.349191  0.000e+00
      0.124     5.1402    12.5542     9.9182 6.8376e-01     1.3262      0.879    1442.85     89.305     7.3137 339.349192  0.000e+00
      0.138     5.1369    12.5649     9.9267 6.5934e-01     1.3250      0.868    1442.85     89.319     7.3149 339.349192  0.000e+00
      0.125     5.1347    12.5733     9.9336 6.3492e-01     1.3274      0.857    1442.85     89.325     7.3154 339.349193  0.000e+00
      0.125     5.1383    12.5806     9.9391 6.1050e-01     1.3287      0.850    1442.88     89.341     7.3157 339.349193  0.000e+00
      0.124     5.1433    12.5831     9.9408 5.7387e-01     1.3262      0.846    1442.90     89.358     7.3161 339.349194  0.000e+00
      0.138     5.1502    12.5794     9.9374 5.4945e-01     1.3262      0.835    1442.93     89.369     7.3159 339.349194  0.000e+00
      0.125     5.1570    12.5751     9.9337 5.4945e-01     1.3262      0.824    1442.95     89.388     7.3165 339.349195  0.000e+00
      0.138     5.1635    12.5729     9.9316 5.8608e-01     1.3250      0.821    1442.98     89.402     7.3165 339.349195  0.000e+00
      0.136     5.1683    12.5694     9.9285 6.2271e-01     1.3250      0.821    1442.99     89.417     7.3170 339.349196  0.000e+00
      0.125     5.1714    12.5685     9.9277 6.4713e-01     1.3238      0.821    1443.01     89.433     7.3178 339.349196  0.000e+00
      0.138     5.1730    12.5724     9.9306 6.3492e-01     1.3226      0.824    1443.02     89.443     7.3181 339.349197  0.000e+00
      0.125     5.1743    12.5787     9.9356 6.4713e-01     1.3238      0.828    1443.03     89.462     7.3191 339.349197  0.000e+00
      0.136     5.1769    12.5892     9.9437 6.2271e-01     1.3238      0.839    1443.06     89.482     7.3198 339.349198  0.000e+00
      0.125     5.1815    12.6015     9.9531 6.1050e-01     1.3238      0.842    1443.09     89.495     7.3194 339.349198  0.000e+00
      0.138     5.1835    12.6132     9.9623 5.9829e-01     1.3226      0.835    1443.12     89.509     7.3196 339.349198  0.000e+00
      0.124     5.1843    12.6251     9.9716 5.9829e-01     1.3201      0.835    1443.13     89.587     7.3253 339.349199  0.000e+00
      0.149     5.1872    12.6361     9.9801 5.8608e-01     1.3213      0.839    1443.16     89.549     7.3211 339.349199  0.000e+00
      0.114     5.1898    12.6464     9.9881 5.9829e-01     1.3213      0.850    1443.18     89.628     7.3265 339.349200  0.000e+00
      0.125     5.1948    12.6548     9.9945 6.5934e-01     1.3226      0.850    1443.22     89.645     7.3266 339.349200  0.000e+00
      0.136     5.1986    12.6624    10.0002 6.5934e-01     1.3238      0.846    1443.24     89.662     7.3270 339.349201  0.000e+00
      0.125     5.2015    12.6694    10.0056 6.5934e-01     1.3238      0.839    1443.26     89.680     7.3275 339.349201  0.000e+00
      0.114     5.2033    12.6742    10.0093 6.4713e-01     1.3226      0.839    1443.28     89.698     7.3285 339.349202  0.000e+00
      0.125     5.2038    12.6794    10.0133 6.4713e-01     1.3213      0.842    1443.29     89.717     7.3297 339.349202  0.000e+00
      0.124     5.2051    12.6842    10.0170 6.3492e-01     1.3213      0.850    1443.30     89.736     7.3308 339.349203  0.000e+00
      0.114     5.2068    12.6887    10.0205 6.2271e-01     1.3226      0.850    1443.31     89.755     7.3318 339.349203  0.000e+00
      0.101     5.2081    12.6947    10.0252 6.2271e-01     1.3274      0.857    1443.32     89.767     7.3322 339.349204  0.000e+00
      0.114     5.2092    12.7006    10.0298 6.2271e-01     1.3323      0.861    1443.34     89.778     7.3326 339.349204  0.000e+00
      0.112     5.2110    12.7062    10.0341 6.2271e-01     1.3335      0.868    1443.35     89.789     7.3329 339.349205  0.000e+00
      0.101     5.2132    12.7123    10.0388 6.2271e-01     1.3335      0.872    1443.37     89.792     7.3324 339.349205  0.000e+00
      0.101     5.2168    12.7174    10.0426 6.2271e-01     1.3323      0.868    1443.39     89.802     7.3324 339.349206  0.000e+00
      0.090     5.2194    12.7211    10.0454 6.3492e-01     1.3360      0.864    1443.41     89.867     7.3370 339.349206  0.000e+00
      0.101     5.2225    12.7238    10.0473 6.4713e-01     1.3360      0.861    1443.42     89.885     7.3378 339.349207  0.000e+00
      0.090     5.2257    12.7262    10.0490 6.5934e-01     1.3360      0.857    1443.44     89.894     7.3378 339.349207  0.000e+00
      0.090     5.2294    12.7290    10.0510 6.7155e-01     1.3335      0.850    1443.46     89.903     7.3377 339.349208  0.000e+00
      0.078     5.2299    12.7327    10.0539 6.3492e-01     1.3335      0.842    1443.47     89.911     7.3381 339.349208  0.000e+00
      0.088     5.2298    12.7375    10.0577 6.1050e-01     1.3287      0.835    1443.47     89.927     7.3392 339.349209  0.000e+00
      0.078     5.2342    12.7407    10.0599 6.1050e-01     1.3262      0.842    1443.49     89.934     7.3388 339.349209  0.000e+00
      0.090     5.2381    12.7444    10.0627 6.1050e-01     1.3262      0.850    1443.52     89.940     7.3384 339.349210  0.000e+00
      0.078     5.2395    12.7513    10.0680 6.2271e-01     1.3311      0.857    1443.53     89.946     7.3383 339.349210  0.000e+00
      0.077     5.2393    12.7562    10.0719 6.4713e-01     1.3348      0.861    1443.54     89.951     7.3385 339.349211  0.000e+00
      0.065     5.2424    12.7608    10.0754 6.7155e-01     1.3348      0.857    1443.56     90.018     7.3432 339.349211  0.000e+00
      0.078     5.2487    12.7637    10.0773 7.0818e-01     1.3323      0.857    1443.59     89.966     7.3377 339.349212  0.000e+00
      0.078     5.2529    12.7665    10.0792 7.2039e-01     1.3311      0.861    1443.61     90.031     7.3420 339.349212  0.000e+00
      0.077     5.2537    12.7733    10.0846 6.8376e-01     1.3323      0.861    1443.62     90.041     7.3424 339.349212  0.000e+00
      0.078     5.2525    12.7812    10.0909 6.4713e-01     1.3348      0.857    1443.62     90.050     7.3430 339.349213  0.000e+00
      0.078     5.2513    12.7894    10.0974 6.4713e-01     1.3323      0.853    1443.63     90.121     7.3486 339.349213  0.000e+00
      0.077     5.2521    12.7974    10.1037 6.5934e-01     1.3311      0.850    1443.64     90.136     7.3492 339.349214  0.000e+00
      0.078     5.2561    12.8034    10.1081 6.4713e-01     1.3323      0.846    1443.67     90.149     7.3492 339.349214  0.000e+00
      0.078     5.2593    12.8109    10.1139 6.2271e-01     1.3323      0.846    1443.69     90.160     7.3492 339.349215  0.000e+00
      0.090     5.2573    12.8209    10.1219 5.8608e-01     1.3323      0.846    1443.70     90.171     7.3500 339.349215  0.000e+00
      0.077     5.2539    12.8300    10.1293 5.7387e-01     1.3299      0.846    1443.69     90.181     7.3510 339.349216  0.000e+00
      0.090     5.2493    12.8403    10.1377 5.6166e-01     1.3287      0.842    1443.69     90.191     7.3521 339.349216  0.000e+00
      0.078     5.2458    12.8490    10.1447 5.4945e-01     1.3262      0.853    1443.68     90.198     7.3529 339.349217  0.000e+00
      0.090     5.2442    12.8568    10.1510 5.4945e-01     1.3262      0.861    1443.69     90.204     7.3533 339.349217  0.000e+00
      0.101     5.2424    12.8652    10.1577 5.6166e-01     1.3287      0.850    1443.69     90.208     7.3536 339.349218  0.000e+00
      0.090     5.2382    12.8736    10.1646 5.8608e-01     1.3262      0.839    1443.68     90.274     7.3593 339.349218  0.000e+00
      0.090     5.2356    12.8816    10.1711 5.7387e-01     1.3238      0.835    1443.68     90.284     7.3602 339.349219  0.000e+00
      0.101     5.2354    12.8834    10.1726 5.4945e-01     1.3238      0.828    1443.68     90.291     7.3608 339.349219  0.000e+00
      0.101     5.2364    12.8859    10.1745 5.6166e-01     1.3226      0.821    1443.69     90.297     7.3609 339.349220  0.000e+00
      0.114     5.2370    12.8867    10.1750 5.9829e-01     1.3238      0.813    1443.69     90.301     7.3611 339.349220  0.000e+00
      0.101     5.2382    12.8868    10.1750 5.9829e-01     1.3226      0.817    1443.70     90.303     7.3610 339.349221  0.000e+00
      0.101     5.2311    12.8892    10.1773 5.7387e-01     1.3238      0.835    1443.67     90.367     7.3675 339.349221  0.000e+00
      0.112     5.2205    12.8907    10.1792 5.6166e-01     1.3250      0.864    1443.63     90.376     7.3701 339.349222  0.000e+00
      0.114     5.2140    12.8914    10.1801 5.6166e-01     1.3226      0.875    1443.60     90.382     7.3717 339.349222  0.000e+00
      0.114     5.2118    12.8876    10.1772 5.7387e-01     1.3226      0.868    1443.58     90.331     7.3682 339.349223  0.000e+00
      0.114     5.2132    12.8846    10.1748 6.1050e-01     1.3226      0.857    1443.59     90.387     7.3726 339.349223  0.000e+00
      0.112     5.2173    12.8832    10.1735 6.3492e-01     1.3201      0.853    1443.60     90.331     7.3674 339.349224  0.000e+00
      0.101     5.2234    12.8798    10.1704 6.4713e-01     1.3213      0.850    1443.62     90.391     7.3713 339.349224  0.000e+00
      0.114     5.2314    12.8752    10.1663 6.1050e-01     1.3213      0.850    1443.65     90.394     7.3703 339.349225  0.000e+00
      0.114     5.2361    12.8687    10.1609 6.1050e-01     1.3213      0.853    1443.67     90.396     7.3699 339.349225  0.000e+00
      0.124     5.2370    12.8640    10.1571 6.3492e-01     1.3201      0.850    1443.66     90.398     7.3701 339.349226  0.000e+00
      0.114     5.2305    12.8621    10.1560 6.2271e-01     1.3213      0.839    1443.63     90.398     7.3714 339.349226  0.000e+00
      0.114     5.2121    12.8665    10.1606 5.9829e-01     1.3201      0.832    1443.56     90.400     7.3747 339.349226  0.000e+00
      0.114     5.1907    12.8776    10.1706 6.1050e-01     1.3213      0.832    1443.48     90.463     7.3833 339.349227  0.000e+00
      0.124     5.1733    12.8910    10.1822 6.1050e-01     1.3201      0.835    1443.42     90.406     7.3812 339.349227  0.000e+00
      0.101     5.1610    12.9005    10.1904 6.2271e-01     1.3189      0.839    1443.38     90.401     7.3825 339.349228  0.000e+00
      0.125     5.1547    12.9055    10.1947 6.3492e-01     1.3238      0.842    1443.36     90.393     7.3828 339.349228  0.000e+00
      0.101     5.1465    12.9066    10.1961 6.2271e-01     1.3238      0.842    1443.33     90.383     7.3835 339.349229  0.000e+00
      0.114     5.1377    12.9008    10.1919 5.9829e-01     1.3238      0.846    1443.28     90.373     7.3845 339.349229  0.000e+00
      0.114     5.1278    12.8799    10.1760 5.7387e-01     1.3238      0.842    1443.21     90.369     7.3871 339.349230  0.000e+00
      0.125     5.1192    12.8553    10.1571 5.3724e-01     1.3238      0.835    1443.14     90.363     7.3894 339.349230  0.000e+00
      0.112     5.1123    12.8252    10.1337 5.2503e-01     1.3213      0.824    1443.08     90.356     7.3916 339.349231  0.000e+00
      0.114     5.1049    12.7932    10.1089 5.1282e-01     1.3226      0.821    1443.00     90.348     7.3939 339.349231  0.000e+00
      0.114     5.0990    12.7665    10.0881 5.3724e-01     1.3238      0.821    1442.95     90.338     7.3954 339.349232  0.000e+00
      0.114     5.0958    12.7338    10.0625 5.3724e-01     1.3238      0.821    1442.89     90.326     7.3967 339.349232  0.000e+00
      0.124     5.0949    12.7048    10.0396 5.2503e-01     1.3226      0.817    1442.85     90.374     7.4022 339.349233  0.000e+00
      0.114     5.0948    12.6798    10.0199 5.9829e-01     1.3189      0.817    1442.82     90.304     7.3978 339.349233  0.000e+00
      0.114     5.0951    12.6543     9.9997 6.5934e-01     1.3189      0.813    1442.79     90.287     7.3976 339.349234  0.000e+00
      0.114     5.0945    12.6363     9.9855 6.5934e-01     1.3189      0.806    1442.76     90.269     7.3971 339.349234  0.000e+00
      0.112     5.0929    12.6183     9.9714 6.4713e-01     1.3226      0.810    1442.73     90.258     7.3973 339.349235  0.000e+00
      0.114     5.0926    12.6062     9.9619 6.4713e-01     1.3213      0.810    1442.71     90.237     7.3963 339.349235  0.000e+00
      0.114     5.0924    12.5977     9.9552 6.3492e-01     1.3226      0.813    1442.70     90.224     7.3956 339.349236  0.000e+00
      0.114     5.0902    12.5907     9.9498 6.2271e-01     1.3213      0.813    1442.68     90.209     7.3952 339.349236  0.000e+00
      0.112     5.0880    12.5856     9.9459 6.8376e-01     1.3164      0.813    1442.67     90.194     7.3946 339.349237  0.000e+00
      0.114     5.0870    12.5811     9.9424 8.7912e-01     1.3164      0.817    1442.66     90.186     7.3944 339.349237  0.000e+00
      0.114     5.0855    12.5785     9.9404 1.1233e+00     1.3152      0.821    1442.65     90.178     7.3941 339.349238  0.000e+00
      0.114     5.0848    12.5755     9.9381 1.2332e+00     1.3128      0.832    1442.64     90.168     7.3936 339.349238  0.000e+00
      0.112     5.0869    12.5726     9.9357 1.1722e+00     1.3128      0.842    1442.65     90.157     7.3925 339.349239  0.000e+00
      0.114     5.0899    12.5686     9.9323 9.8901e-01     1.3152      0.850    1442.65     90.146     7.3912 339.349239  0.000e+00
      0.114     5.0984    12.5622     9.9268 8.3028e-01     1.3164      0.850    1442.68     90.133     7.3889 339.349239  0.000e+00
      0.114     5.1134    12.5534     9.9190 7.2039e-01     1.3177      0.839    1442.74     90.118     7.3853 339.349240  0.000e+00
      0.112     5.1261    12.5442     9.9110 6.5934e-01     1.3164      0.832    1442.78     90.040     7.3770 339.349240  0.000e+00
      0.114     5.1491    12.5311     9.8994 6.4713e-01     1.3152      0.828    1442.86     90.077     7.3765 339.349241  0.000e+00
      0.101     5.1700    12.5229     9.8918 6.2271e-01     1.3128      0.828    1442.94     90.060     7.3715 339.349241  0.000e+00
      0.114     5.2002    12.5238     9.8907 6.3492e-01     1.3128      0.835    1443.07     90.048     7.3650 339.349242  0.000e+00
      0.124     5.2565    12.5268     9.8898 6.4713e-01     1.3140      0.839    1443.32     90.032     7.3532 339.349242  0.000e+00
      0.114     5.2973    12.5555     9.9101 6.4713e-01     1.3116      0.842    1443.53     90.018     7.3432 339.349243  0.000e+00
      0.125     5.3295    12.6166     9.9564 6.7155e-01     1.3128      0.853    1443.75     90.006     7.3333 339.349243  0.000e+00
      0.114     5.3611    12.6759    10.0013 6.8376e-01     1.3116      0.861    1443.96     89.993     7.3236 339.349244  0.000e+00
      0.124     5.3908    12.7686    10.0726 6.9597e-01     1.3116      0.853    1444.20     89.981     7.3127 339.349244  0.000e+00
      0.125     5.4094    12.8569    10.1411 6.8376e-01     1.3128      0.842    1444.39     89.978     7.3048 339.349245  0.000e+00
      0.125     5.4222    12.9456    10.2103 6.7155e-01     1.3140      0.828    1444.56     89.976     7.2980 339.349245  0.000e+00
      0.124     5.4312    13.0746    10.3115 6.5934e-01     1.3152      0.824    1444.76     89.975     7.2900 339.349246  0.000e+00
      0.138     5.4398    13.1836    10.3970 6.4713e-01     1.3152      0.824    1444.94     89.966     7.2824 339.349246  0.000e+00
      0.138     5.4556    13.3151    10.4997 6.7155e-01     1.3128      0.828    1445.17     90.025     7.2780 339.349247  0.000e+00
      0.125     5.4763    13.4275    10.5870 7.2039e-01     1.3091      0.828    1445.40     89.959     7.2635 339.349247  0.000e+00
      0.136     5.4973    13.5196    10.6582 7.3260e-01     1.3006      0.824    1445.61     90.017     7.2600 339.349248  0.000e+00
      0.149     5.5235    13.6005    10.7203 7.2039e-01     1.2920      0.821    1445.82     89.958     7.2466 339.349248  0.000e+00
