RAWDATA/20181204/VT67_Langesundsfjorden_down.cnv
* Sea-Bird SBE 9 Data File:
* FileName = C:\CTD Brukere\NIVA\OKOKYST2018\2018_12_04\VT67_Langesundsfjorden.hex
* Software Version Seasave V 7.23.2
* Temperature SN = 5352
* Conductivity SN = 3840
* Number of Bytes Per Scan = 28
* Number of Voltage Words = 4
* Number of Scans Averaged by the Deck Unit = 1
* NMEA baud rate = 4800
** Ship: R/V Trygve Braarud
** Cruise:
** Station:
** Operator:
# nquan = 12
# nvalues = 6564                                  
# units = specified
# name 0 = depSM: Depth [salt water, m], lat = 59.60
# name 1 = t090C: Temperature [ITS-90, deg C]
# name 2 = sal00: Salinity, Practical [PSU]
# name 3 = sigma-t00: Density [sigma-t, kg/m^3 ]
# name 4 = flSP: Fluorescence, Seapoint
# name 5 = wetStar: Fluorescence, WET Labs WETstar [mg/m^3]
# name 6 = seaTurbMtr: Turbidity, Seapoint [FTU]
# name 7 = svCM: Sound Velocity [Chen-Millero, m/s]
# name 8 = sbeox0PS: Oxygen, SBE 43 [% saturation]
# name 9 = sbeox0ML/L: Oxygen, SBE 43 [ml/l]
# name 10 = timeJ: Julian Days
# name 11 = flag:  0.000e+00
# span 0 =      0.028,    100.357                 
# span 1 =     4.9154,    11.3840                 
# span 2 =    12.0275,    34.7596                 
# span 3 =     9.5107,    26.9237                 
# span 4 = 1.4652e-01, 2.0147e+00                 
# span 5 =    -0.0120,     1.3494                 
# span 6 =      0.491,      5.524                 
# span 7 =    1441.34,    1490.38                 
# span 8 =     67.954,     95.136                 
# span 9 =     4.3900,     7.6902                 
# span 10 = 339.348727, 339.351892                
# span 11 = 0.0000e+00, 0.0000e+00                
# interval = seconds: 0.0416667
# start_time = Dec 05 2018 08:22:10 [System UpLoad Time]
# bad_flag = -9.990e-29
*END*
[from data line 1083]
      0.138     5.5538    13.7285    10.8193 6.9597e-01     1.2652      0.949    1446.11     90.021     7.2401 339.349249  0.000e+00
      0.148     5.5580    13.7998    10.8752 7.3260e-01     1.2542      1.029    1446.22     90.026     7.2363 339.349250  0.000e+00
      0.138     5.5517    13.8755    10.9353 7.5702e-01     1.2420      0.996    1446.29     90.033     7.2344 339.349250  0.000e+00
      0.149     5.5417    13.9700    11.0105 7.5702e-01     1.2298      0.930    1446.36     90.049     7.2329 339.349251  0.000e+00
      0.149     5.5346    14.0675    11.0878 7.3260e-01     1.2188      0.879    1446.46     90.056     7.2300 339.349251  0.000e+00
      0.148     5.5443    14.1544    11.1557 7.4481e-01     1.2114      0.846    1446.61     90.060     7.2244 339.349252  0.000e+00
      0.149     5.5757    14.1966    11.1869 9.1575e-01     1.2078      0.835    1446.80     90.122     7.2218 339.349252  0.000e+00
      0.149     5.6000    14.2061    11.1927 1.1722e+00     1.2066      0.832    1446.91     90.068     7.2126 339.349253  0.000e+00
      0.149     5.6221    14.2096    11.1939 1.1600e+00     1.2053      0.828    1447.01     90.068     7.2086 339.349253  0.000e+00
      0.136     5.6281    14.2419    11.2189 9.8901e-01     1.2029      0.824    1447.07     90.133     7.2112 339.349253  0.000e+00
      0.161     5.6099    14.3062    11.2709 8.3028e-01     1.2005      0.817    1447.08     90.147     7.2124 339.349254  0.000e+00
      0.138     5.5752    14.3834    11.3341 7.2039e-01     1.2005      0.810    1447.03     90.163     7.2162 339.349254  0.000e+00
      0.149     5.5541    14.4583    11.3945 6.4713e-01     1.2029      0.806    1447.03     90.176     7.2174 339.349255  0.000e+00
      0.148     5.5456    14.5127    11.4380 6.1050e-01     1.2029      0.810    1447.07     90.187     7.2172 339.349255  0.000e+00
      0.138     5.5309    14.5556    11.4729 6.1050e-01     1.2078      0.828    1447.06     90.197     7.2186 339.349256  0.000e+00
      0.149     5.5057    14.5700    11.4859 6.3492e-01     1.2102      0.846    1446.97     90.280     7.2290 339.349256  0.000e+00
      0.138     5.4804    14.5711    11.4885 6.9597e-01     1.2175      0.883    1446.86     90.299     7.2350 339.349257  0.000e+00
      0.136     5.4569    14.5435    11.4683 7.0818e-01     1.2237      0.916    1446.73     90.318     7.2420 339.349257  0.000e+00
      0.149     5.4296    14.5053    11.4399 6.8376e-01     1.2322      0.923    1446.56     90.336     7.2502 339.349258  0.000e+00
      0.125     5.4064    14.4874    11.4274 6.5934e-01     1.2395      0.912    1446.44     90.351     7.2565 339.349258  0.000e+00
      0.138     5.3835    14.4572    11.4051 6.5934e-01     1.2481      0.897    1446.30     90.367     7.2633 339.349259  0.000e+00
      0.148     5.3696    14.4242    11.3800 6.3492e-01     1.2591      0.879    1446.20     90.379     7.2684 339.349259  0.000e+00
      0.125     5.3715    14.3903    11.3531 6.1050e-01     1.2713      0.861    1446.17     90.388     7.2704 339.349260  0.000e+00
      0.125     5.3747    14.3362    11.3103 6.2271e-01     1.2786      0.846    1446.11     90.395     7.2731 339.349260  0.000e+00
      0.138     5.3735    14.2840    11.2691 6.3492e-01     1.2847      0.835    1446.04     90.403     7.2764 339.349261  0.000e+00
      0.124     5.3732    14.2003    11.2031 6.5934e-01     1.2896      0.824    1445.94     90.471     7.2860 339.349261  0.000e+00
      0.138     5.3799    14.0988    11.1226 6.4713e-01     1.2933      0.824    1445.84     90.483     7.2907 339.349262  0.000e+00
      0.125     5.3874    13.9850    11.0324 6.2271e-01     1.2933      0.824    1445.73     90.493     7.2956 339.349262  0.000e+00
      0.114     5.3897    13.8956    10.9617 5.9829e-01     1.2957      0.821    1445.62     90.565     7.3054 339.349263  0.000e+00
      0.136     5.3876    13.8645    10.9373 5.7387e-01     1.2957      0.813    1445.57     90.519     7.3036 339.349263  0.000e+00
      0.114     5.3813    13.8637    10.9371 5.6166e-01     1.2969      0.810    1445.55     90.527     7.3054 339.349264  0.000e+00
      0.114     5.3787    13.8758    10.9468 5.6166e-01     1.2957      0.810    1445.55     90.587     7.3102 339.349264  0.000e+00
      0.114     5.3831    13.8977    10.9638 5.6166e-01     1.2969      0.813    1445.60     90.598     7.3092 339.349265  0.000e+00
      0.136     5.3904    13.9033    10.9678 5.6166e-01     1.2981      0.938    1445.64     90.607     7.3083 339.349265  0.000e+00
      0.101     5.3979    13.9015    10.9659 5.8608e-01     1.2969      1.520    1445.66     90.614     7.3076 339.349266  0.000e+00
      0.114     5.4113    13.8979    10.9621 5.9829e-01     1.2969      1.853    1445.72     90.618     7.3057 339.349266  0.000e+00
      0.125     5.4278    13.8924    10.9567 6.3492e-01     1.2981      1.700    1445.78     90.683     7.3082 339.349266  0.000e+00
      0.101     5.4473    13.8854    10.9500 7.0818e-01     1.2957      1.399    1445.86     90.690     7.3055 339.349267  0.000e+00
      0.114     5.4764    13.8751    10.9399 7.4481e-01     1.2945      1.172    1445.97     90.694     7.3011 339.349267  0.000e+00
      0.114     5.4996    13.8678    10.9327 7.0818e-01     1.2933      1.033    1446.06     90.697     7.2975 339.349268  0.000e+00
      0.114     5.5168    13.8666    10.9306 6.8376e-01     1.2945      0.952    1446.13     90.699     7.2946 339.349268  0.000e+00
      0.112     5.5303    13.8678    10.9306 6.5934e-01     1.2957      0.916    1446.19     90.699     7.2921 339.349269  0.000e+00
      0.114     5.5357    13.8763    10.9370 6.3492e-01     1.2981      0.897    1446.22     90.761     7.2957 339.349269  0.000e+00
      0.114     5.5595    13.8857    10.9428 6.1050e-01     1.2981      0.872    1446.33     90.764     7.2912 339.349270  0.000e+00
      0.124     5.5860    13.8961    10.9493 5.8608e-01     1.2994      0.846    1446.46     90.772     7.2865 339.349270  0.000e+00
      0.101     5.6062    13.9328    10.9769 6.2271e-01     1.3030      0.824    1446.59     90.770     7.2810 339.349271  0.000e+00
      0.114     5.6281    13.9823    11.0144 6.2271e-01     1.3018      0.810    1446.75     90.775     7.2750 339.349271  0.000e+00
      0.114     5.6430    14.0481    11.0652 6.3492e-01     1.3018      0.802    1446.89     90.770     7.2688 339.349272  0.000e+00
      0.124     5.6474    14.1383    11.1360 6.2271e-01     1.3018      0.795    1447.03     90.773     7.2639 339.349272  0.000e+00
      0.125     5.6465    14.2236    11.2033 5.7387e-01     1.3042      0.795    1447.13     90.838     7.2651 339.349273  0.000e+00
      0.114     5.6512    14.3236    11.2818 5.6166e-01     1.3055      0.813    1447.28     90.782     7.2550 339.349273  0.000e+00
      0.125     5.6664    14.4289    11.3637 5.8608e-01     1.3091      0.821    1447.47     90.839     7.2518 339.349274  0.000e+00
      0.124     5.6831    14.5420    11.4516 5.8608e-01     1.3079      0.810    1447.69     90.840     7.2434 339.349274  0.000e+00
      0.125     5.6880    14.6375    11.5266 5.8608e-01     1.3079      0.802    1447.83     90.840     7.2379 339.349275  0.000e+00
      0.138     5.6891    14.7102    11.5838 6.1050e-01     1.3067      0.802    1447.92     90.838     7.2341 339.349275  0.000e+00
      0.125     5.6968    14.7695    11.6299 6.5934e-01     1.3067      0.802    1448.03     90.841     7.2302 339.349276  0.000e+00
      0.136     5.7116    14.8197    11.6684 6.9597e-01     1.3079      0.799    1448.16     90.833     7.2245 339.349276  0.000e+00
      0.138     5.7110    14.8642    11.7035 7.2039e-01     1.3055      0.795    1448.21     90.825     7.2218 339.349277  0.000e+00
      0.138     5.7032    14.8997    11.7321 7.0818e-01     1.3030      0.799    1448.22     90.825     7.2215 339.349277  0.000e+00
      0.138     5.6954    14.9433    11.7669 6.8376e-01     1.3006      0.795    1448.24     90.822     7.2206 339.349278  0.000e+00
      0.124     5.6841    14.9875    11.8026 6.5934e-01     1.3018      0.788    1448.25     90.818     7.2201 339.349278  0.000e+00
      0.149     5.6789    15.0224    11.8304 6.7155e-01     1.3042      0.780    1448.27     90.812     7.2188 339.349279  0.000e+00
      0.138     5.6751    15.0497    11.8522 7.0818e-01     1.3018      0.777    1448.29     90.864     7.2224 339.349279  0.000e+00
      0.138     5.6702    15.0641    11.8639 7.3260e-01     1.3030      0.780    1448.29     90.861     7.2223 339.349280  0.000e+00
      0.136     5.6629    15.0640    11.8643 7.3260e-01     1.3006      0.795    1448.26     90.864     7.2239 339.349280  0.000e+00
      0.138     5.6581    15.0541    11.8569 6.9597e-01     1.3018      0.813    1448.22     90.864     7.2252 339.349280  0.000e+00
      0.138     5.6444    15.0418    11.8482 6.4713e-01     1.3042      0.828    1448.15     90.865     7.2283 339.349281  0.000e+00
      0.138     5.6281    15.0335    11.8428 6.1050e-01     1.3030      0.839    1448.07     90.863     7.2315 339.349281  0.000e+00
      0.136     5.6168    15.0120    11.8266 5.8608e-01     1.3055      0.842    1448.00     90.859     7.2342 339.349282  0.000e+00
      0.138     5.6070    14.9947    11.8137 5.8608e-01     1.3067      0.846    1447.93     90.852     7.2362 339.349282  0.000e+00
      0.125     5.5916    14.9836    11.8060 6.1050e-01     1.3055      0.846    1447.85     90.782     7.2339 339.349283  0.000e+00
      0.138     5.5595    14.9643    11.7930 6.2271e-01     1.3055      0.842    1447.69     90.768     7.2395 339.349283  0.000e+00
      0.136     5.5297    14.9538    11.7869 6.2271e-01     1.3091      0.842    1447.55     90.752     7.2440 339.349284  0.000e+00
      0.125     5.5038    14.9433    11.7803 5.9829e-01     1.3103      0.842    1447.43     90.733     7.2476 339.349284  0.000e+00
      0.138     5.4805    14.9217    11.7649 5.9829e-01     1.3079      0.835    1447.30     90.721     7.2519 339.349285  0.000e+00
      0.114     5.4607    14.9007    11.7497 5.9829e-01     1.3067      0.828    1447.19     90.706     7.2552 339.349285  0.000e+00
      0.136     5.4489    14.8437    11.7056 5.8608e-01     1.3055      0.828    1447.07     90.689     7.2588 339.349286  0.000e+00
      0.125     5.4393    14.7799    11.6559 5.6166e-01     1.3055      0.821    1446.95     90.678     7.2627 339.349286  0.000e+00
      0.125     5.4324    14.6793    11.5770 5.4945e-01     1.3091      0.813    1446.79     90.595     7.2622 339.349287  0.000e+00
      0.125     5.4242    14.5752    11.4955 5.3724e-01     1.3091      0.810    1446.63     90.566     7.2663 339.349287  0.000e+00
      0.124     5.4164    14.4921    11.4305 5.6166e-01     1.3067      0.806    1446.49     90.544     7.2699 339.349288  0.000e+00
      0.114     5.4086    14.4123    11.3680 5.8608e-01     1.3079      0.802    1446.36     90.521     7.2734 339.349288  0.000e+00
      0.125     5.4091    14.3567    11.3241 5.9829e-01     1.3067      0.806    1446.29     90.496     7.2740 339.349289  0.000e+00
      0.114     5.4135    14.3035    11.2819 5.8608e-01     1.3055      0.810    1446.24     90.470     7.2736 339.349289  0.000e+00
      0.124     5.4166    14.2592    11.2467 5.7387e-01     1.3042      0.806    1446.20     90.381     7.2681 339.349290  0.000e+00
      0.114     5.4159    14.2258    11.2205 5.8608e-01     1.3030      0.806    1446.15     90.355     7.2677 339.349290  0.000e+00
      0.101     5.4154    14.1834    11.1870 5.9829e-01     1.3018      0.813    1446.09     90.328     7.2677 339.349291  0.000e+00
      0.077     5.4199    14.1531    11.1628 6.2271e-01     1.3018      0.821    1446.08     90.301     7.2662 339.349291  0.000e+00
      0.161     5.4254    14.1222    11.1381 5.9829e-01     1.3055      0.828    1446.06     90.275     7.2646 339.349292  0.000e+00
      0.114     5.4318    14.0885    11.1111 6.1050e-01     1.3067      0.828    1446.05     90.185     7.2578 339.349292  0.000e+00
      0.114     5.4387    14.0617    11.0895 6.8376e-01     1.3067      0.828    1446.04     90.150     7.2551 339.349293  0.000e+00
      0.101     5.4431    14.0386    11.0710 7.0818e-01     1.3055      0.817    1446.03     90.124     7.2533 339.349293  0.000e+00
      0.114     5.4464    14.0277    11.0623 7.0818e-01     1.3067      0.806    1446.03     90.099     7.2512 339.349293  0.000e+00
      0.114     5.4615    14.0240    11.0583 6.8376e-01     1.3079      0.799    1446.09     90.011     7.2416 339.349294  0.000e+00
      0.114     5.4853    14.0195    11.0533 6.7155e-01     1.3067      0.795    1446.19     90.039     7.2398 339.349294  0.000e+00
      0.101     5.4908    14.0322    11.0629 6.5934e-01     1.3067      0.795    1446.23     90.015     7.2363 339.349295  0.000e+00
      0.125     5.4809    14.0543    11.0809 6.2271e-01     1.3079      0.788    1446.21     89.934     7.2304 339.349295  0.000e+00
      0.101     5.4810    14.0728    11.0955 6.2271e-01     1.3067      0.788    1446.24     89.905     7.2272 339.349296  0.000e+00
      0.114     5.4753    14.1127    11.1273 6.2271e-01     1.3067      0.788    1446.26     89.887     7.2249 339.349296  0.000e+00
      0.112     5.4688    14.1459    11.1539 6.3492e-01     1.3091      0.799    1446.28     89.862     7.2224 339.349297  0.000e+00
      0.114     5.4656    14.1606    11.1658 6.2271e-01     1.3079      0.810    1446.28     89.845     7.2210 339.349297  0.000e+00
      0.114     5.4670    14.1720    11.1747 6.1050e-01     1.3091      0.806    1446.30     89.830     7.2189 339.349298  0.000e+00
      0.114     5.4714    14.1759    11.1775 5.9829e-01     1.3067      0.802    1446.32     89.815     7.2168 339.349298  0.000e+00
      0.101     5.4726    14.1790    11.1799 5.8608e-01     1.3055      0.802    1446.33     89.740     7.2104 339.349299  0.000e+00
      0.114     5.4730    14.1841    11.1838 5.7387e-01     1.3042      0.806    1446.34     89.783     7.2135 339.349299  0.000e+00
      0.114     5.4738    14.1851    11.1846 5.8608e-01     1.3067      0.806    1446.35     89.711     7.2075 339.349300  0.000e+00
      0.114     5.4748    14.1795    11.1801 6.4713e-01     1.3030      0.806    1446.34     89.695     7.2063 339.349300  0.000e+00
      0.112     5.4705    14.1740    11.1760 6.8376e-01     1.3018      0.901    1446.32     89.681     7.2062 339.349301  0.000e+00
      0.114     5.4563    14.1758    11.1784 6.5934e-01     1.3006      0.960    1446.26     89.670     7.2078 339.349301  0.000e+00
      0.114     5.4385    14.1836    11.1857 6.2271e-01     1.3006      0.927    1446.19     89.662     7.2099 339.349302  0.000e+00
      0.114     5.4251    14.1881    11.1902 6.1050e-01     1.3006      0.879    1446.14     89.592     7.2065 339.349302  0.000e+00
      0.124     5.4185    14.1813    11.1852 6.3492e-01     1.2981      0.850    1446.11     89.648     7.2126 339.349303  0.000e+00
      0.114     5.4165    14.1656    11.1729 6.4713e-01     1.2920      0.821    1446.08     89.651     7.2139 339.349303  0.000e+00
      0.114     5.4191    14.1328    11.1469 6.2271e-01     1.2835      0.799    1446.05     89.656     7.2154 339.349304  0.000e+00
      0.101     5.4234    14.1046    11.1244 5.9829e-01     1.2688      0.788    1446.03     89.662     7.2165 339.349304  0.000e+00
      0.112     5.4265    14.0793    11.1043 5.8608e-01     1.2542      0.788    1446.01     89.671     7.2178 339.349305  0.000e+00
      0.125     5.4305    14.0490    11.0801 5.8608e-01     1.2432      0.791    1445.99     89.682     7.2194 339.349305  0.000e+00
      0.114     5.4333    14.0314    11.0660 5.8608e-01     1.2346      0.784    1445.98     89.694     7.2208 339.349306  0.000e+00
      0.114     5.4347    14.0182    11.0555 6.1050e-01     1.2224      0.788    1445.97     89.709     7.2224 339.349306  0.000e+00
      0.112     5.4364    14.0072    11.0467 6.7155e-01     1.2127      0.795    1445.96     89.718     7.2233 339.349307  0.000e+00
