RAWDATA/20181204/VT67_Langesundsfjorden_down.cnv
* Sea-Bird SBE 9 Data File:
* FileName = C:\CTD Brukere\NIVA\OKOKYST2018\2018_12_04\VT67_Langesundsfjorden.hex
* Software Version Seasave V 7.23.2
* Temperature SN = 5352
* Conductivity SN = 3840
* Number of Bytes Per Scan = 28
* Number of Voltage Words = 4
* Number of Scans Averaged by the Deck Unit = 1
* NMEA baud rate = 4800
** Ship: R/V Trygve Braarud
** Cruise:
** Station:
** Operator:
# nquan = 12
# nvalues = 6564                                  
# units = specified
# name 0 = depSM: Depth [salt water, m], lat = 59.60
# name 1 = t090C: Temperature [ITS-90, deg C]
# name 2 = sal00: Salinity, Practical [PSU]
# name 3 = sigma-t00: Density [sigma-t, kg/m^3 ]
# name 4 = flSP: Fluorescence, Seapoint
# name 5 = wetStar: Fluorescence, WET Labs WETstar [mg/m^3]
# name 6 = seaTurbMtr: Turbidity, Seapoint [FTU]
# name 7 = svCM: Sound Velocity [Chen-Millero, m/s]
# name 8 = sbeox0PS: Oxygen, SBE 43 [% saturation]
# name 9 = sbeox0ML/L: Oxygen, SBE 43 [ml/l]
# name 10 = timeJ: Julian Days
# name 11 = flag:  0.000e+00
# span 0 =      0.028,    100.357                 
# span 1 =     4.9154,    11.3840                 
# span 2 =    12.0275,    34.7596                 
# span 3 =     9.5107,    26.9237                 
# span 4 = 1.4652e-01, 2.0147e+00                 
# span 5 =    -0.0120,     1.3494                 
# span 6 =      0.491,      5.524                 
# span 7 =    1441.34,    1490.38                 
# span 8 =     67.954,     95.136                 
# span 9 =     4.3900,     7.6902                 
# span 10 = 339.348727, 339.351892                
# span 11 = 0.0000e+00, 0.0000e+00                
# interval = seconds: 0.0416667
# start_time = Dec 05 2018 08:22:10 [System UpLoad Time]
# bad_flag = -9.990e-29
*END*
[from data line 5895]
     96.893     9.0296    34.7388    26.9089 1.5873e-01     0.0014      0.637    1487.60     68.957     4.4553 339.351570  0.000e+00
     96.925     9.0294    34.7389    26.9090 1.5873e-01    -0.0010      0.637    1487.60     69.009     4.4587 339.351570  0.000e+00
     96.925     9.0294    34.7391    26.9091 1.5873e-01    -0.0022      0.637    1487.60     69.006     4.4585 339.351571  0.000e+00
     96.953     9.0294    34.7394    26.9094 1.5873e-01     0.0014      0.641    1487.60     68.941     4.4544 339.351571  0.000e+00
     96.986     9.0294    34.7395    26.9095 1.5873e-01     0.0027      0.645    1487.60     68.931     4.4537 339.351572  0.000e+00
     96.989     9.0294    34.7395    26.9095 1.5873e-01     0.0014      0.637    1487.60     68.921     4.4531 339.351572  0.000e+00
     97.010     9.0294    34.7395    26.9095 1.5873e-01    -0.0022      0.637    1487.60     68.911     4.4524 339.351573  0.000e+00
     97.014     9.0293    34.7397    26.9096 1.5873e-01    -0.0035      0.645    1487.60     68.901     4.4518 339.351573  0.000e+00
     97.033     9.0294    34.7397    26.9096 1.5873e-01    -0.0035      0.641    1487.60     68.891     4.4511 339.351574  0.000e+00
     97.049     9.0293    34.7400    26.9098 1.7094e-01    -0.0059      0.634    1487.60     68.881     4.4505 339.351574  0.000e+00
     97.071     9.0294    34.7404    26.9101 1.7094e-01    -0.0059      0.630    1487.60     68.871     4.4498 339.351575  0.000e+00
     97.074     9.0293    34.7406    26.9103 1.7094e-01    -0.0047      0.626    1487.60     68.861     4.4491 339.351575  0.000e+00
     97.095     9.0291    34.7402    26.9101 1.7094e-01    -0.0035      0.623    1487.60     68.851     4.4485 339.351576  0.000e+00
     97.107     9.0293    34.7402    26.9100 1.7094e-01    -0.0059      0.623    1487.60     68.841     4.4478 339.351576  0.000e+00
     97.123     9.0291    34.7404    26.9102 1.7094e-01    -0.0071      0.626    1487.60     68.831     4.4472 339.351576  0.000e+00
     97.131     9.0291    34.7404    26.9102 1.7094e-01    -0.0071      0.626    1487.60     68.821     4.4466 339.351577  0.000e+00
     97.134     9.0293    34.7400    26.9099 1.7094e-01    -0.0059      0.630    1487.60     68.810     4.4459 339.351577  0.000e+00
     97.142     9.0289    34.7405    26.9103 1.7094e-01    -0.0047      0.630    1487.60     68.808     4.4457 339.351578  0.000e+00
     97.134     9.0294    34.7401    26.9099 1.7094e-01    -0.0047      0.634    1487.60     68.805     4.4455 339.351578  0.000e+00
     97.155     9.0304    34.7394    26.9092 1.7094e-01    -0.0035      0.637    1487.60     68.864     4.4493 339.351579  0.000e+00
     97.159     9.0317    34.7385    26.9083 1.8315e-01    -0.0047      0.641    1487.61     68.807     4.4455 339.351579  0.000e+00
     97.167     9.0325    34.7380    26.9078 1.7094e-01    -0.0059      0.645    1487.61     68.805     4.4453 339.351580  0.000e+00
     97.195     9.0328    34.7378    26.9076 1.7094e-01    -0.0035      0.645    1487.61     68.804     4.4452 339.351580  0.000e+00
     97.180     9.0330    34.7374    26.9072 1.7094e-01    -0.0022      0.659    1487.61     68.802     4.4451 339.351581  0.000e+00
     97.208     9.0328    34.7377    26.9075 1.5873e-01     0.0014      0.755    1487.61     68.801     4.4450 339.351581  0.000e+00
     97.216     9.0327    34.7385    26.9081 1.5873e-01     0.0014      0.846    1487.61     68.800     4.4450 339.351582  0.000e+00
     97.203     9.0339    34.7374    26.9071 1.5873e-01     0.0027      0.828    1487.62     68.800     4.4448 339.351582  0.000e+00
     97.219     9.0349    34.7367    26.9063 1.5873e-01     0.0027      0.773    1487.62     68.800     4.4447 339.351583  0.000e+00
     97.227     9.0357    34.7360    26.9057 1.5873e-01     0.0039      0.722    1487.62     68.800     4.4447 339.351583  0.000e+00
     97.219     9.0375    34.7348    26.9044 1.5873e-01     0.0027      0.681    1487.63     68.800     4.4445 339.351584  0.000e+00
     97.240     9.0395    34.7333    26.9029 1.5873e-01     0.0014      0.656    1487.63     68.808     4.4449 339.351584  0.000e+00
     97.244     9.0394    34.7336    26.9032 1.5873e-01     0.0014      0.637    1487.63     68.809     4.4450 339.351585  0.000e+00
     97.252     9.0396    34.7333    26.9029 1.4652e-01     0.0014      0.626    1487.63     68.810     4.4451 339.351585  0.000e+00
     97.268     9.0412    34.7327    26.9022 1.4652e-01     0.0014      0.623    1487.64     68.812     4.4450 339.351586  0.000e+00
     97.276     9.0426    34.7314    26.9009 1.5873e-01     0.0014      0.634    1487.64     68.814     4.4451 339.351586  0.000e+00
     97.279     9.0435    34.7307    26.9003 1.5873e-01     0.0027      0.652    1487.64     68.817     4.4452 339.351587  0.000e+00
     97.288     9.0443    34.7300    26.8996 1.5873e-01     0.0027      0.663    1487.65     68.819     4.4453 339.351587  0.000e+00
     97.293     9.0451    34.7295    26.8991 1.5873e-01     0.0039      0.659    1487.65     68.822     4.4454 339.351588  0.000e+00
     97.301     9.0458    34.7286    26.8983 1.5873e-01     0.0051      0.648    1487.65     68.825     4.4456 339.351588  0.000e+00
     97.304     9.0459    34.7287    26.8983 1.4652e-01     0.0051      0.648    1487.65     68.829     4.4458 339.351589  0.000e+00
     97.312     9.0454    34.7287    26.8984 1.5873e-01     0.0051      0.648    1487.65     68.833     4.4461 339.351589  0.000e+00
     97.328     9.0455    34.7284    26.8982 1.5873e-01     0.0039      0.645    1487.65     68.837     4.4463 339.351590  0.000e+00
     97.337     9.0452    34.7290    26.8987 1.5873e-01     0.0039      0.641    1487.65     68.841     4.4466 339.351590  0.000e+00
     97.340     9.0451    34.7289    26.8986 1.5873e-01     0.0039      0.637    1487.65     68.846     4.4470 339.351590  0.000e+00
     97.350     9.0449    34.7290    26.8988 1.5873e-01     0.0027      0.634    1487.65     68.851     4.4473 339.351591  0.000e+00
     97.364     9.0446    34.7296    26.8992 1.5873e-01     0.0027      0.634    1487.65     68.857     4.4477 339.351591  0.000e+00
     97.372     9.0441    34.7299    26.8995 1.5873e-01     0.0002      0.634    1487.65     68.862     4.4481 339.351592  0.000e+00
     97.364     9.0435    34.7304    26.9000 1.5873e-01    -0.0010      0.630    1487.64     68.806     4.4445 339.351592  0.000e+00
     97.385     9.0430    34.7306    26.9003 1.5873e-01    -0.0010      0.634    1487.64     68.868     4.4485 339.351593  0.000e+00
     97.389     9.0433    34.7305    26.9001 1.5873e-01     0.0002      0.630    1487.64     68.867     4.4484 339.351593  0.000e+00
     97.397     9.0431    34.7304    26.9001 1.5873e-01     0.0014      0.623    1487.64     68.812     4.4449 339.351594  0.000e+00
     97.410     9.0430    34.7305    26.9002 1.5873e-01     0.0002      0.623    1487.64     68.812     4.4450 339.351594  0.000e+00
     97.413     9.0431    34.7304    26.9001 1.5873e-01     0.0014      0.623    1487.64     68.806     4.4445 339.351595  0.000e+00
     97.434     9.0430    34.7302    26.9000 1.5873e-01     0.0014      0.626    1487.64     68.800     4.4442 339.351595  0.000e+00
     97.425     9.0426    34.7305    26.9003 1.5873e-01     0.0002      0.630    1487.64     68.794     4.4438 339.351596  0.000e+00
     97.446     9.0425    34.7306    26.9004 1.5873e-01    -0.0035      0.634    1487.64     68.789     4.4435 339.351596  0.000e+00
     97.449     9.0423    34.7310    26.9007 1.5873e-01    -0.0071      0.634    1487.64     68.784     4.4431 339.351597  0.000e+00
     97.457     9.0420    34.7312    26.9009 1.5873e-01    -0.0071      0.634    1487.64     68.779     4.4429 339.351597  0.000e+00
     97.462     9.0417    34.7315    26.9012 1.4652e-01    -0.0071      0.637    1487.64     68.774     4.4426 339.351598  0.000e+00
     97.482     9.0415    34.7318    26.9015 1.4652e-01    -0.0059      0.634    1487.64     68.770     4.4423 339.351598  0.000e+00
     97.487     9.0414    34.7320    26.9017 1.5873e-01    -0.0047      0.637    1487.64     68.766     4.4421 339.351599  0.000e+00
     97.495     9.0422    34.7318    26.9014 1.5873e-01    -0.0010      0.641    1487.64     68.762     4.4417 339.351599  0.000e+00
     97.487     9.0431    34.7315    26.9010 1.5873e-01     0.0014      0.641    1487.65     68.759     4.4414 339.351600  0.000e+00
     97.519     9.0437    34.7310    26.9005 1.5873e-01     0.0027      0.637    1487.65     68.756     4.4412 339.351600  0.000e+00
     97.523     9.0436    34.7307    26.9002 1.5873e-01    -0.0010      0.663    1487.65     68.753     4.4410 339.351601  0.000e+00
     97.531     9.0433    34.7306    26.9002 1.5873e-01     0.0002      0.685    1487.65     68.750     4.4409 339.351601  0.000e+00
     97.547     9.0426    34.7312    26.9008 1.5873e-01     0.0002      0.674    1487.65     68.748     4.4408 339.351602  0.000e+00
     97.542     9.0411    34.7319    26.9016 1.5873e-01     0.0014      0.659    1487.64     68.746     4.4408 339.351602  0.000e+00
     97.558     9.0385    34.7339    26.9036 1.5873e-01     0.0014      0.656    1487.63     68.752     4.4414 339.351603  0.000e+00
     97.580     9.0365    34.7349    26.9047 1.5873e-01     0.0002      0.656    1487.63     68.751     4.4415 339.351603  0.000e+00
     97.583     9.0346    34.7363    26.9061 1.5873e-01     0.0014      0.656    1487.62     68.750     4.4416 339.351603  0.000e+00
     97.580     9.0330    34.7375    26.9073 1.5873e-01     0.0002      0.652    1487.62     68.750     4.4417 339.351604  0.000e+00
     97.594     9.0317    34.7388    26.9085 1.5873e-01    -0.0010      0.648    1487.62     68.750     4.4418 339.351604  0.000e+00
     97.604     9.0305    34.7399    26.9095 1.4652e-01    -0.0022      0.648    1487.61     68.750     4.4419 339.351605  0.000e+00
     97.619     9.0301    34.7403    26.9099 1.4652e-01    -0.0010      0.645    1487.61     68.688     4.4379 339.351605  0.000e+00
     97.616     9.0294    34.7407    26.9104 1.5873e-01    -0.0022      0.645    1487.61     68.744     4.4416 339.351606  0.000e+00
     97.655     9.0291    34.7409    26.9106 1.5873e-01    -0.0022      0.648    1487.61     68.746     4.4417 339.351606  0.000e+00
     97.643     9.0288    34.7414    26.9111 1.5873e-01    -0.0022      0.667    1487.61     68.747     4.4418 339.351607  0.000e+00
     97.664     9.0281    34.7419    26.9115 1.5873e-01     0.0002      0.681    1487.61     68.749     4.4420 339.351607  0.000e+00
     97.668     9.0283    34.7419    26.9115 1.5873e-01     0.0014      0.674    1487.61     68.751     4.4421 339.351608  0.000e+00
     97.689     9.0281    34.7422    26.9117 1.7094e-01     0.0039      0.663    1487.61     68.754     4.4423 339.351608  0.000e+00
     97.679     9.0281    34.7419    26.9115 1.7094e-01     0.0039      0.652    1487.61     68.756     4.4424 339.351609  0.000e+00
     97.700     9.0285    34.7415    26.9112 1.7094e-01     0.0027      0.656    1487.61     68.759     4.4426 339.351609  0.000e+00
     97.717     9.0286    34.7411    26.9108 1.7094e-01     0.0002      0.656    1487.61     68.701     4.4388 339.351610  0.000e+00
     97.725     9.0285    34.7412    26.9109 1.7094e-01    -0.0010      0.659    1487.61     68.759     4.4426 339.351610  0.000e+00
     97.728     9.0285    34.7416    26.9112 1.5873e-01     0.0002      0.656    1487.61     68.702     4.4389 339.351611  0.000e+00
     97.749     9.0285    34.7418    26.9114 1.5873e-01    -0.0022      0.656    1487.61     68.761     4.4428 339.351611  0.000e+00
     97.753     9.0285    34.7415    26.9112 1.5873e-01    -0.0022      0.667    1487.61     68.766     4.4431 339.351612  0.000e+00
     97.774     9.0285    34.7415    26.9111 1.5873e-01    -0.0010      0.670    1487.61     68.772     4.4434 339.351612  0.000e+00
     97.777     9.0284    34.7417    26.9113 1.5873e-01     0.0014      0.678    1487.61     68.777     4.4438 339.351613  0.000e+00
     97.785     9.0283    34.7419    26.9115 1.5873e-01     0.0039      0.670    1487.61     68.783     4.4442 339.351613  0.000e+00
     97.802     9.0285    34.7415    26.9112 1.5873e-01     0.0039      0.659    1487.61     68.790     4.4446 339.351614  0.000e+00
     97.810     9.0283    34.7416    26.9113 1.4652e-01     0.0051      0.656    1487.61     68.796     4.4450 339.351614  0.000e+00
     97.824     9.0285    34.7414    26.9111 1.7094e-01     0.0051      0.656    1487.61     68.803     4.4454 339.351615  0.000e+00
     97.834     9.0283    34.7416    26.9112 1.8315e-01     0.0039      0.659    1487.61     68.810     4.4459 339.351615  0.000e+00
     97.837     9.0284    34.7419    26.9115 1.8315e-01     0.0014      0.659    1487.61     68.756     4.4424 339.351616  0.000e+00
     97.846     9.0283    34.7417    26.9113 1.7094e-01     0.0014      0.652    1487.61     68.749     4.4420 339.351616  0.000e+00
     97.873     9.0283    34.7412    26.9110 1.7094e-01     0.0027      0.652    1487.61     68.751     4.4421 339.351617  0.000e+00
     97.873     9.0283    34.7412    26.9109 1.7094e-01     0.0014      0.652    1487.61     68.752     4.4422 339.351617  0.000e+00
     97.883     9.0280    34.7412    26.9110 1.7094e-01     0.0014      0.648    1487.61     68.748     4.4419 339.351617  0.000e+00
     97.898     9.0276    34.7415    26.9113 1.5873e-01     0.0014      0.648    1487.61     68.743     4.4417 339.351618  0.000e+00
     97.906     9.0278    34.7416    26.9114 1.5873e-01     0.0002      0.645    1487.61     68.739     4.4414 339.351618  0.000e+00
     97.922     9.0273    34.7418    26.9116 1.7094e-01     0.0014      0.641    1487.61     68.735     4.4411 339.351619  0.000e+00
     97.930     9.0276    34.7415    26.9113 1.5873e-01     0.0014      0.637    1487.61     68.731     4.4409 339.351619  0.000e+00
     97.934     9.0276    34.7415    26.9113 1.5873e-01     0.0014      0.637    1487.61     68.728     4.4407 339.351620  0.000e+00
     97.955     9.0275    34.7419    26.9116 1.5873e-01     0.0002      0.645    1487.61     68.663     4.4365 339.351620  0.000e+00
     97.958     9.0276    34.7418    26.9115 1.5873e-01    -0.0010      0.645    1487.61     68.715     4.4398 339.351621  0.000e+00
     97.968     9.0276    34.7418    26.9115 1.7094e-01     0.0014      0.645    1487.61     68.713     4.4397 339.351621  0.000e+00
     97.970     9.0276    34.7419    26.9116 1.7094e-01     0.0014      0.652    1487.61     68.711     4.4396 339.351622  0.000e+00
     97.994     9.0275    34.7417    26.9114 1.7094e-01     0.0014      0.656    1487.61     68.709     4.4395 339.351622  0.000e+00
     98.004     9.0276    34.7415    26.9112 1.7094e-01     0.0027      0.663    1487.61     68.708     4.4394 339.351623  0.000e+00
     98.007     9.0275    34.7419    26.9116 1.7094e-01     0.0014      0.663    1487.61     68.707     4.4393 339.351623  0.000e+00
     98.015     9.0276    34.7412    26.9111 1.5873e-01     0.0014      0.667    1487.61     68.706     4.4393 339.351624  0.000e+00
     98.032     9.0275    34.7417    26.9115 1.5873e-01     0.0014      0.681    1487.61     68.705     4.4392 339.351624  0.000e+00
     98.028     9.0275    34.7417    26.9114 1.5873e-01     0.0002      0.681    1487.61     68.705     4.4392 339.351625  0.000e+00
     98.054     9.0275    34.7416    26.9114 1.5873e-01    -0.0010      0.674    1487.61     68.705     4.4392 339.351625  0.000e+00
     98.053     9.0275    34.7416    26.9114 1.5873e-01    -0.0010      0.659    1487.61     68.644     4.4353 339.351626  0.000e+00
     98.054     9.0270    34.7415    26.9114 1.5873e-01    -0.0022      0.652    1487.61     68.700     4.4389 339.351626  0.000e+00
     98.076     9.0266    34.7417    26.9116 1.5873e-01    -0.0022      0.645    1487.61     68.701     4.4390 339.351627  0.000e+00
     98.079     9.0264    34.7417    26.9116 1.5873e-01     0.0014      0.645    1487.61     68.702     4.4392 339.351627  0.000e+00
