RAWDATA/20181204/VT68_Jomfrulandsrenna_down.cnv
* Sea-Bird SBE 9 Data File:
* FileName = C:\CTD Brukere\NIVA\OKOKYST2018\2018_12_04\VT68_Jomfrulandsrenna.hex
* Software Version Seasave V 7.23.2
* Temperature SN = 5352
* Conductivity SN = 3840
* Number of Bytes Per Scan = 28
* Number of Voltage Words = 4
* Number of Scans Averaged by the Deck Unit = 1
* NMEA baud rate = 4800
** Ship: R/V Trygve Braarud
** Cruise:
** Station:
** Operator:
# nquan = 12
# nvalues = 2563                                  
# units = specified
# name 0 = depSM: Depth [salt water, m], lat = 59.60
# name 1 = t090C: Temperature [ITS-90, deg C]
# name 2 = sal00: Salinity, Practical [PSU]
# name 3 = sigma-t00: Density [sigma-t, kg/m^3 ]
# name 4 = flSP: Fluorescence, Seapoint
# name 5 = wetStar: Fluorescence, WET Labs WETstar [mg/m^3]
# name 6 = seaTurbMtr: Turbidity, Seapoint [FTU]
# name 7 = svCM: Sound Velocity [Chen-Millero, m/s]
# name 8 = sbeox0PS: Oxygen, SBE 43 [% saturation]
# name 9 = sbeox0ML/L: Oxygen, SBE 43 [ml/l]
# name 10 = timeJ: Julian Days
# name 11 = flag:  0.000e+00
# span 0 =     -0.329,     22.215                 
# span 1 =     5.6637,     9.8772                 
# span 2 =     3.0727,    30.2995                 
# span 3 =     2.3986,    23.3041                 
# span 4 = 3.0525e-01, 2.9792e+00                 
# span 5 =     0.1248,     0.5887                 
# span 6 =      0.524,     15.000                 
# span 7 =    1433.08,    1484.03                 
# span 8 =     80.970,     94.772                 
# span 9 =     5.2849,     7.9816                 
# span 10 = 338.713785, 338.715020                
# span 11 = 0.0000e+00, 0.0000e+00                
# interval = seconds: 0.0416667
# start_time = Dec 04 2018 17:07:51 [System UpLoad Time]
# bad_flag = -9.990e-29
*END*
[from data line 1444]
      1.211     6.1346    22.1938    17.4386 1.0256e+00     0.5558      0.678    1459.19     91.997     6.8968 338.714481  0.000e+00
      1.236     6.1356    22.1907    17.4361 1.0134e+00     0.5570      0.670    1459.20     91.927     6.8916 338.714482  0.000e+00
      1.258     6.1367    22.1928    17.4376 9.6459e-01     0.5558      0.663    1459.20     91.915     6.8904 338.714482  0.000e+00
      1.296     6.1385    22.1953    17.4395 9.1575e-01     0.5558      0.663    1459.21     91.905     6.8892 338.714483  0.000e+00
      1.307     6.1401    22.1972    17.4408 8.7912e-01     0.5558      0.656    1459.22     91.897     6.8883 338.714483  0.000e+00
      1.320     6.1422    22.1984    17.4415 8.9133e-01     0.5545      0.648    1459.23     91.891     6.8874 338.714484  0.000e+00
      1.367     6.1435    22.2002    17.4429 9.4017e-01     0.5545      0.652    1459.24     91.888     6.8869 338.714484  0.000e+00
      1.391     6.1449    22.2018    17.4440 9.7680e-01     0.5582      0.663    1459.25     91.886     6.8865 338.714484  0.000e+00
      1.402     6.1461    22.2032    17.4449 9.6459e-01     0.5582      0.670    1459.26     91.887     6.8863 338.714485  0.000e+00
      1.427     6.1471    22.2054    17.4466 9.1575e-01     0.5570      0.667    1459.26     91.899     6.8869 338.714485  0.000e+00
      1.462     6.1485    22.2073    17.4479 8.7912e-01     0.5558      0.667    1459.27     91.905     6.8870 338.714486  0.000e+00
      1.487     6.1496    22.2094    17.4495 9.4017e-01     0.5570      0.667    1459.28     91.913     6.8874 338.714486  0.000e+00
      1.522     6.1500    22.2109    17.4506 9.6459e-01     0.5582      0.656    1459.28     91.862     6.8834 338.714487  0.000e+00
      1.533     6.1487    22.2117    17.4514 9.6459e-01     0.5570      0.645    1459.28     91.921     6.8880 338.714487  0.000e+00
      1.558     6.1479    22.2098    17.4499 9.1575e-01     0.5570      0.641    1459.27     91.937     6.8894 338.714488  0.000e+00
      1.593     6.1479    22.2084    17.4488 9.1575e-01     0.5582      0.637    1459.27     91.946     6.8902 338.714488  0.000e+00
      1.618     6.1477    22.2083    17.4488 9.4017e-01     0.5558      0.641    1459.27     91.957     6.8910 338.714489  0.000e+00
      1.629     6.1479    22.2096    17.4498 9.1575e-01     0.5533      0.656    1459.28     91.970     6.8919 338.714489  0.000e+00
      1.665     6.1479    22.2106    17.4506 8.9133e-01     0.5545      0.674    1459.28     91.924     6.8884 338.714490  0.000e+00
      1.689     6.1480    22.2120    17.4517 8.9133e-01     0.5570      0.681    1459.28     91.933     6.8890 338.714490  0.000e+00
      1.724     6.1479    22.2130    17.4525 8.9133e-01     0.5606      0.674    1459.28     91.946     6.8899 338.714491  0.000e+00
      1.737     6.1482    22.2136    17.4529 9.1575e-01     0.5594      0.670    1459.28     92.022     6.8955 338.714491  0.000e+00
      1.760     6.1477    22.2133    17.4527 9.1575e-01     0.5582      0.667    1459.28     92.046     6.8974 338.714492  0.000e+00
      1.784     6.1482    22.2121    17.4517 8.9133e-01     0.5606      0.663    1459.28     92.063     6.8987 338.714492  0.000e+00
      1.809     6.1480    22.2117    17.4514 9.1575e-01     0.5643      0.659    1459.28     92.083     6.9002 338.714493  0.000e+00
      1.833     6.1479    22.2125    17.4521 9.4017e-01     0.5668      0.652    1459.28     92.104     6.9018 338.714493  0.000e+00
      1.856     6.1474    22.2129    17.4525 9.2796e-01     0.5655      0.656    1459.28     92.127     6.9036 338.714494  0.000e+00
      1.893     6.1477    22.2141    17.4533 9.1575e-01     0.5643      0.667    1459.28     92.143     6.9047 338.714494  0.000e+00
      1.904     6.1480    22.2150    17.4540 9.0354e-01     0.5655      0.667    1459.29     92.098     6.9012 338.714495  0.000e+00
      1.915     6.1476    22.2145    17.4537 9.0354e-01     0.5655      0.659    1459.29     92.171     6.9068 338.714495  0.000e+00
      1.951     6.1473    22.2126    17.4522 9.0354e-01     0.5643      0.652    1459.28     92.192     6.9085 338.714496  0.000e+00
      1.975     6.1470    22.2112    17.4511 9.1575e-01     0.5643      0.648    1459.28     92.214     6.9102 338.714496  0.000e+00
      1.988     6.1468    22.2111    17.4511 9.0354e-01     0.5643      0.645    1459.28     92.228     6.9114 338.714497  0.000e+00
      2.024     6.1461    22.2109    17.4510 8.9133e-01     0.5655      0.645    1459.28     92.244     6.9127 338.714497  0.000e+00
      2.024     6.1455    22.2102    17.4505 8.7912e-01     0.5643      0.645    1459.27     92.261     6.9141 338.714497  0.000e+00
      2.060     6.1458    22.2106    17.4507 8.9133e-01     0.5606      0.652    1459.28     92.279     6.9153 338.714498  0.000e+00
      2.071     6.1460    22.2116    17.4515 9.7680e-01     0.5594      0.659    1459.28     92.297     6.9167 338.714498  0.000e+00
      2.095     6.1465    22.2105    17.4506 1.0012e+00     0.5545      0.663    1459.28     92.309     6.9175 338.714499  0.000e+00
      2.119     6.1463    22.2079    17.4486 1.0134e+00     0.5521      0.663    1459.27     92.329     6.9192 338.714499  0.000e+00
      2.131     6.1444    22.2057    17.4471 1.0256e+00     0.5460      0.663    1459.26     92.343     6.9206 338.714500  0.000e+00
      2.155     6.1432    22.2033    17.4453 1.0012e+00     0.5387      0.659    1459.26     92.349     6.9214 338.714500  0.000e+00
      2.166     6.1422    22.2015    17.4439 9.5238e-01     0.5338      0.656    1459.25     92.425     6.9273 338.714501  0.000e+00
      2.191     6.1416    22.2005    17.4432 9.4017e-01     0.5313      0.656    1459.25     92.385     6.9245 338.714501  0.000e+00
      2.215     6.1411    22.2001    17.4429 9.4017e-01     0.5301      0.663    1459.25     92.401     6.9257 338.714502  0.000e+00
      2.226     6.1411    22.2001    17.4430 9.2796e-01     0.5301      0.667    1459.25     92.408     6.9263 338.714502  0.000e+00
      2.238     6.1412    22.2002    17.4431 9.1575e-01     0.5289      0.659    1459.25     92.478     6.9315 338.714503  0.000e+00
      2.275     6.1404    22.1996    17.4426 9.4017e-01     0.5289      0.652    1459.24     92.494     6.9329 338.714503  0.000e+00
      2.297     6.1393    22.1973    17.4409 9.4017e-01     0.5301      0.652    1459.24     92.510     6.9344 338.714504  0.000e+00
      2.275     6.1386    22.1934    17.4379 9.1575e-01     0.5326      0.656    1459.23     92.526     6.9358 338.714504  0.000e+00
      2.357     6.1384    22.1924    17.4371 9.2796e-01     0.5350      0.667    1459.23     92.542     6.9372 338.714505  0.000e+00
      2.346     6.1395    22.1941    17.4384 9.5238e-01     0.5350      0.674    1459.23     92.550     6.9374 338.714505  0.000e+00
      2.382     6.1396    22.1988    17.4421 9.8901e-01     0.5350      0.678    1459.24     92.557     6.9378 338.714506  0.000e+00
      2.393     6.1397    22.2027    17.4451 9.7680e-01     0.5350      0.674    1459.25     92.564     6.9381 338.714506  0.000e+00
      2.417     6.1409    22.2047    17.4466 9.5238e-01     0.5350      0.670    1459.25     92.571     6.9383 338.714507  0.000e+00
      2.429     6.1432    22.2074    17.4485 9.2796e-01     0.5350      0.689    1459.27     92.577     6.9382 338.714507  0.000e+00
      2.453     6.1442    22.2088    17.4495 9.0354e-01     0.5350      0.696    1459.27     92.645     6.9431 338.714508  0.000e+00
      2.477     6.1430    22.2065    17.4479 9.0354e-01     0.5350      0.689    1459.27     92.596     6.9398 338.714508  0.000e+00
      2.501     6.1415    22.2024    17.4447 9.0354e-01     0.5265      0.678    1459.25     92.601     6.9406 338.714509  0.000e+00
      2.524     6.1411    22.1998    17.4427 9.0354e-01     0.5155      0.678    1459.25     92.606     6.9412 338.714509  0.000e+00
      2.561     6.1411    22.1988    17.4420 9.2796e-01     0.4996      0.670    1459.25     92.611     6.9416 338.714510  0.000e+00
      2.573     6.1408    22.1976    17.4411 9.2796e-01     0.4825      0.656    1459.25     92.615     6.9420 338.714510  0.000e+00
      2.608     6.1414    22.1969    17.4404 9.2796e-01     0.4666      0.648    1459.25     92.673     6.9462 338.714511  0.000e+00
      2.632     6.1513    22.2059    17.4465 9.6459e-01     0.4569      0.648    1459.30     92.682     6.9448 338.714511  0.000e+00
      2.657     6.1582    22.2238    17.4599 9.4017e-01     0.4459      0.670    1459.35     92.691     6.9435 338.714511  0.000e+00
      2.692     6.1566    22.2285    17.4638 9.1575e-01     0.4398      0.696    1459.35     92.701     6.9443 338.714512  0.000e+00
      2.679     6.1547    22.2231    17.4598 9.2796e-01     0.4337      0.692    1459.34     92.709     6.9455 338.714512  0.000e+00
      2.728     6.1556    22.2210    17.4580 9.4017e-01     0.4251      0.681    1459.34     92.655     6.9415 338.714513  0.000e+00
      2.752     6.1572    22.2244    17.4605 9.6459e-01     0.4215      0.670    1459.35     92.709     6.9451 338.714513  0.000e+00
      2.788     6.1582    22.2271    17.4626 9.7680e-01     0.4202      0.667    1459.36     92.708     6.9447 338.714514  0.000e+00
      2.812     6.1570    22.2226    17.4592 9.7680e-01     0.4215      0.656    1459.35     92.706     6.9449 338.714514  0.000e+00
      2.835     6.1555    22.2168    17.4547 1.0012e+00     0.4276      0.648    1459.34     92.773     6.9505 338.714515  0.000e+00
      2.848     6.1550    22.2171    17.4550 1.0134e+00     0.4312      0.645    1459.33     92.722     6.9467 338.714515  0.000e+00
      2.870     6.1570    22.2222    17.4588 1.0134e+00     0.4398      0.637    1459.35     92.725     6.9464 338.714516  0.000e+00
      2.908     6.1631    22.2321    17.4660 9.8901e-01     0.4520      0.645    1459.39     92.727     6.9451 338.714516  0.000e+00
      2.943     6.1677    22.2437    17.4747 9.4017e-01     0.4642      0.659    1459.42     92.728     6.9439 338.714517  0.000e+00
      2.943     6.1678    22.2478    17.4780 9.2796e-01     0.4715      0.663    1459.43     92.729     6.9437 338.714517  0.000e+00
      2.990     6.1649    22.2433    17.4747 9.4017e-01     0.4727      0.659    1459.41     92.731     6.9445 338.714518  0.000e+00
      3.014     6.1625    22.2373    17.4702 9.0354e-01     0.4715      0.652    1459.39     92.723     6.9446 338.714518  0.000e+00
      3.037     6.1633    22.2356    17.4688 8.7912e-01     0.4764      0.652    1459.39     92.784     6.9491 338.714519  0.000e+00
      3.061     6.1644    22.2403    17.4724 8.6691e-01     0.4801      0.659    1459.40     92.789     6.9491 338.714519  0.000e+00
      3.074     6.1651    22.2438    17.4751 8.9133e-01     0.4801      0.663    1459.41     92.732     6.9445 338.714520  0.000e+00
      3.099     6.1667    22.2455    17.4762 9.2796e-01     0.4837      0.663    1459.42     92.790     6.9486 338.714520  0.000e+00
      3.134     6.1729    22.2594    17.4866 9.2796e-01     0.4837      0.670    1459.47     92.792     6.9471 338.714521  0.000e+00
      3.134     6.1801    22.2982    17.5164 9.0354e-01     0.4837      0.674    1459.54     92.793     6.9442 338.714521  0.000e+00
      3.170     6.1971    22.3452    17.5517 8.7912e-01     0.4825      0.663    1459.67     92.792     6.9391 338.714522  0.000e+00
      3.181     6.2124    22.3790    17.5768 9.1575e-01     0.4813      0.656    1459.78     92.728     6.9302 338.714522  0.000e+00
      3.194     6.2223    22.3869    17.5820 9.4017e-01     0.4776      0.652    1459.83     92.780     6.9321 338.714523  0.000e+00
      3.230     6.2289    22.3845    17.5795 9.6459e-01     0.4715      0.656    1459.85     92.778     6.9309 338.714523  0.000e+00
      3.252     6.2335    22.3870    17.5810 9.4017e-01     0.4666      0.656    1459.87     92.775     6.9298 338.714524  0.000e+00
      3.277     6.2289    22.3839    17.5790 9.4017e-01     0.4630      0.656    1459.85     92.772     6.9305 338.714524  0.000e+00
      3.290     6.2253    22.3706    17.5690 9.7680e-01     0.4581      0.663    1459.82     92.776     6.9321 338.714524  0.000e+00
      3.301     6.2166    22.3506    17.5540 9.5238e-01     0.4544      0.667    1459.76     92.773     6.9341 338.714525  0.000e+00
      3.337     6.2061    22.3246    17.5346 9.2796e-01     0.4495      0.659    1459.69     92.769     6.9368 338.714525  0.000e+00
      3.348     6.1984    22.3066    17.5212 9.0354e-01     0.4459      0.656    1459.63     92.763     6.9385 338.714526  0.000e+00
      3.361     6.1968    22.3017    17.5175 9.1575e-01     0.4471      0.652    1459.62     92.763     6.9390 338.714526  0.000e+00
      3.385     6.2006    22.3147    17.5274 9.1575e-01     0.4459      0.648    1459.65     92.762     6.9377 338.714527  0.000e+00
      3.395     6.2015    22.3299    17.5392 9.2796e-01     0.4471      0.670    1459.67     92.823     6.9414 338.714527  0.000e+00
      3.421     6.2040    22.3383    17.5456 9.4017e-01     0.4447      0.689    1459.70     92.766     6.9363 338.714528  0.000e+00
      3.432     6.2070    22.3493    17.5540 1.0379e+00     0.4410      0.689    1459.72     92.825     6.9397 338.714528  0.000e+00
      3.456     6.2159    22.3599    17.5614 1.0745e+00     0.4385      0.689    1459.77     92.828     6.9380 338.714529  0.000e+00
      3.468     6.2183    22.3672    17.5669 1.0256e+00     0.4349      0.711    1459.79     92.831     6.9374 338.714529  0.000e+00
      3.468     6.2155    22.3583    17.5602 1.0012e+00     0.4361      0.740    1459.77     92.833     6.9385 338.714530  0.000e+00
      3.503     6.2092    22.3429    17.5487 9.7680e-01     0.4361      0.733    1459.72     92.836     6.9404 338.714530  0.000e+00
      3.503     6.2052    22.3335    17.5417 1.0012e+00     0.4324      0.714    1459.70     92.836     6.9416 338.714531  0.000e+00
      3.528     6.2037    22.3298    17.5390 1.0012e+00     0.4263      0.700    1459.69     92.844     6.9426 338.714531  0.000e+00
      3.539     6.2031    22.3272    17.5369 9.6459e-01     0.4215      0.700    1459.68     92.842     6.9427 338.714532  0.000e+00
      3.552     6.2020    22.3229    17.5337 1.0134e+00     0.4166      0.703    1459.67     92.840     6.9429 338.714532  0.000e+00
      3.563     6.2008    22.3174    17.5295 1.0623e+00     0.4117      0.703    1459.66     92.837     6.9431 338.714533  0.000e+00
      3.586     6.1987    22.3135    17.5266 1.0379e+00     0.4007      0.689    1459.65     92.833     6.9433 338.714533  0.000e+00
      3.599     6.1961    22.3108    17.5247 1.0379e+00     0.3958      0.681    1459.63     92.828     6.9435 338.714534  0.000e+00
      3.623     6.1949    22.3082    17.5228 1.0134e+00     0.3897      0.681    1459.62     92.830     6.9440 338.714534  0.000e+00
      3.623     6.1946    22.3063    17.5214 1.0012e+00     0.3812      0.689    1459.62     92.831     6.9442 338.714535  0.000e+00
      3.647     6.1950    22.3056    17.5208 1.0256e+00     0.3726      0.692    1459.62     92.832     6.9442 338.714535  0.000e+00
      3.647     6.1952    22.3082    17.5228 1.0012e+00     0.3690      0.700    1459.63     92.831     6.9440 338.714536  0.000e+00
      3.683     6.1957    22.3105    17.5246 9.7680e-01     0.3641      0.703    1459.63     92.893     6.9484 338.714536  0.000e+00
      3.683     6.1950    22.3113    17.5252 9.5238e-01     0.3604      0.696    1459.63     92.829     6.9437 338.714537  0.000e+00
      3.707     6.1939    22.3090    17.5235 9.1575e-01     0.3580      0.685    1459.62     92.826     6.9438 338.714537  0.000e+00
      3.719     6.1935    22.3070    17.5220 8.9133e-01     0.3555      0.681    1459.62     92.823     6.9437 338.714538  0.000e+00
      3.730     6.1930    22.3061    17.5214 9.0354e-01     0.3543      0.674    1459.62     92.819     6.9436 338.714538  0.000e+00
