RAWDATA/20181204/VT68_Jomfrulandsrenna_down.cnv
* Sea-Bird SBE 9 Data File:
* FileName = C:\CTD Brukere\NIVA\OKOKYST2018\2018_12_04\VT68_Jomfrulandsrenna.hex
* Software Version Seasave V 7.23.2
* Temperature SN = 5352
* Conductivity SN = 3840
* Number of Bytes Per Scan = 28
* Number of Voltage Words = 4
* Number of Scans Averaged by the Deck Unit = 1
* NMEA baud rate = 4800
** Ship: R/V Trygve Braarud
** Cruise:
** Station:
** Operator:
# nquan = 12
# nvalues = 2563                                  
# units = specified
# name 0 = depSM: Depth [salt water, m], lat = 59.60
# name 1 = t090C: Temperature [ITS-90, deg C]
# name 2 = sal00: Salinity, Practical [PSU]
# name 3 = sigma-t00: Density [sigma-t, kg/m^3 ]
# name 4 = flSP: Fluorescence, Seapoint
# name 5 = wetStar: Fluorescence, WET Labs WETstar [mg/m^3]
# name 6 = seaTurbMtr: Turbidity, Seapoint [FTU]
# name 7 = svCM: Sound Velocity [Chen-Millero, m/s]
# name 8 = sbeox0PS: Oxygen, SBE 43 [% saturation]
# name 9 = sbeox0ML/L: Oxygen, SBE 43 [ml/l]
# name 10 = timeJ: Julian Days
# name 11 = flag:  0.000e+00
# span 0 =     -0.329,     22.215                 
# span 1 =     5.6637,     9.8772                 
# span 2 =     3.0727,    30.2995                 
# span 3 =     2.3986,    23.3041                 
# span 4 = 3.0525e-01, 2.9792e+00                 
# span 5 =     0.1248,     0.5887                 
# span 6 =      0.524,     15.000                 
# span 7 =    1433.08,    1484.03                 
# span 8 =     80.970,     94.772                 
# span 9 =     5.2849,     7.9816                 
# span 10 = 338.713785, 338.715020                
# span 11 = 0.0000e+00, 0.0000e+00                
# interval = seconds: 0.0416667
# start_time = Dec 04 2018 17:07:51 [System UpLoad Time]
# bad_flag = -9.990e-29
*END*
     -0.006     6.0576    22.0636    17.3436 1.0379e+00     0.5777      0.700    1458.70     87.863     6.6048 338.713785  0.000e+00
     -0.006     6.0577    22.0639    17.3438 1.0134e+00     0.5777      0.685    1458.70     87.925     6.6094 338.713785  0.000e+00
      0.017     6.0568    22.0647    17.3445 1.0623e+00     0.5765      0.692    1458.69     87.995     6.6148 338.713786  0.000e+00
      0.006     6.0562    22.0650    17.3448 1.0989e+00     0.5765      0.725    1458.69     88.010     6.6160 338.713786  0.000e+00
      0.019     6.0558    22.0650    17.3448 1.0745e+00     0.5765      0.747    1458.69     88.086     6.6218 338.713787  0.000e+00
      0.017     6.0547    22.0662    17.3458 1.0623e+00     0.5777      0.744    1458.69     88.169     6.6281 338.713787  0.000e+00
      0.019     6.0543    22.0667    17.3463 1.0379e+00     0.5765      0.725    1458.69     88.258     6.6349 338.713788  0.000e+00
      0.030     6.0531    22.0672    17.3468 1.0379e+00     0.5753      0.707    1458.68     88.354     6.6423 338.713788  0.000e+00
      0.030     6.0525    22.0668    17.3466 1.0379e+00     0.5765      0.707    1458.68     88.456     6.6500 338.713789  0.000e+00
      0.041     6.0519    22.0655    17.3456 1.0501e+00     0.5790      0.707    1458.67     88.501     6.6536 338.713789  0.000e+00
      0.043     6.0514    22.0645    17.3449 1.0989e+00     0.5790      0.700    1458.67     88.606     6.6616 338.713790  0.000e+00
      0.043     6.0508    22.0632    17.3439 1.1600e+00     0.5802      0.700    1458.67     88.716     6.6700 338.713790  0.000e+00
      0.043     6.0501    22.0619    17.3430 1.1722e+00     0.5802      0.718    1458.66     88.769     6.6742 338.713791  0.000e+00
      0.041     6.0498    22.0598    17.3413 1.1844e+00     0.5814      0.744    1458.66     88.880     6.6827 338.713791  0.000e+00
      0.054     6.0499    22.0585    17.3402 1.1722e+00     0.5814      0.773    1458.66     88.997     6.6915 338.713791  0.000e+00
      0.054     6.0496    22.0579    17.3398 1.1966e+00     0.5851      0.802    1458.66     89.118     6.7007 338.713792  0.000e+00
      0.043     6.0499    22.0566    17.3387 1.2210e+00     0.5838      0.832    1458.66     89.180     6.7054 338.713792  0.000e+00
      0.053     6.0496    22.0565    17.3387 1.1844e+00     0.5838      0.868    1458.65     89.301     6.7145 338.713793  0.000e+00
      0.030     6.0498    22.0558    17.3381 1.1355e+00     0.5826      0.905    1458.65     89.425     6.7238 338.713793  0.000e+00
      0.054     6.0498    22.0558    17.3382 1.0989e+00     0.5802      0.923    1458.65     89.552     6.7334 338.713794  0.000e+00
      0.043     6.0496    22.0556    17.3380 1.0867e+00     0.5790      0.908    1458.65     89.621     6.7386 338.713794  0.000e+00
      0.041     6.0496    22.0553    17.3378 1.0623e+00     0.5814      0.853    1458.65     89.746     6.7480 338.713795  0.000e+00
      0.043     6.0495    22.0550    17.3375 1.0745e+00     0.5790      0.791    1458.65     89.812     6.7530 338.713795  0.000e+00
      0.054     6.0492    22.0548    17.3375 1.0989e+00     0.5777      0.751    1458.65     89.935     6.7623 338.713796  0.000e+00
      0.041     6.0495    22.0544    17.3371 1.1233e+00     0.5777      0.736    1458.65     90.060     6.7717 338.713796  0.000e+00
      0.043     6.0501    22.0532    17.3361 1.0867e+00     0.5765      0.733    1458.65     90.125     6.7766 338.713797  0.000e+00
      0.054     6.0505    22.0529    17.3358 1.0623e+00     0.5777      0.725    1458.65     90.185     6.7810 338.713797  0.000e+00
      0.054     6.0508    22.0530    17.3359 1.2576e+00     0.5753      0.714    1458.65     90.300     6.7896 338.713798  0.000e+00
      0.064     6.0506    22.0533    17.3361 1.4164e+00     0.5741      0.707    1458.65     90.417     6.7984 338.713798  0.000e+00
      0.066     6.0506    22.0537    17.3364 1.3675e+00     0.5741      0.689    1458.66     90.474     6.8026 338.713799  0.000e+00
      0.066     6.0509    22.0544    17.3369 1.3919e+00     0.5753      0.681    1458.66     90.523     6.8063 338.713799  0.000e+00
      0.078     6.0512    22.0552    17.3375 1.7460e+00     0.5790      0.692    1458.66     90.629     6.8141 338.713800  0.000e+00
      0.088     6.0514    22.0568    17.3388 2.4908e+00     0.5777      0.714    1458.66     90.673     6.8174 338.713800  0.000e+00
      0.090     6.0518    22.0576    17.3393 2.9792e+00     0.5790      0.718    1458.67     90.772     6.8247 338.713801  0.000e+00
      0.090     6.0517    22.0593    17.3407 2.9060e+00     0.5765      0.711    1458.67     90.873     6.8322 338.713801  0.000e+00
      0.101     6.0524    22.0602    17.3414 2.6618e+00     0.5765      0.703    1458.67     90.911     6.8349 338.713802  0.000e+00
      0.101     6.0525    22.0606    17.3417 2.3199e+00     0.5790      0.696    1458.67     90.942     6.8372 338.713802  0.000e+00
      0.101     6.0530    22.0616    17.3424 1.9170e+00     0.5765      0.689    1458.68     91.027     6.8435 338.713803  0.000e+00
      0.114     6.0536    22.0618    17.3425 1.5995e+00     0.5790      0.685    1458.68     91.113     6.8498 338.713803  0.000e+00
      0.114     6.0543    22.0624    17.3429 1.3919e+00     0.5777      0.685    1458.68     91.136     6.8514 338.713804  0.000e+00
      0.112     6.0549    22.0628    17.3432 1.2332e+00     0.5790      0.681    1458.69     91.151     6.8524 338.713804  0.000e+00
      0.114     6.0549    22.0634    17.3436 1.0989e+00     0.5777      0.674    1458.69     91.219     6.8576 338.713804  0.000e+00
      0.114     6.0549    22.0639    17.3440 1.0256e+00     0.5777      0.670    1458.69     91.288     6.8627 338.713805  0.000e+00
      0.101     6.0555    22.0634    17.3436 1.0379e+00     0.5777      0.670    1458.69     91.293     6.8630 338.713805  0.000e+00
      0.112     6.0555    22.0634    17.3436 1.0623e+00     0.5777      0.674    1458.69     91.351     6.8674 338.713806  0.000e+00
      0.101     6.0557    22.0633    17.3435 1.0256e+00     0.5790      0.678    1458.69     91.346     6.8670 338.713806  0.000e+00
      0.101     6.0557    22.0637    17.3438 1.0134e+00     0.5814      0.689    1458.69     91.394     6.8706 338.713807  0.000e+00
      0.090     6.0558    22.0639    17.3439 9.7680e-01     0.5790      0.689    1458.69     91.379     6.8694 338.713807  0.000e+00
      0.101     6.0560    22.0643    17.3443 9.4017e-01     0.5802      0.692    1458.69     91.354     6.8674 338.713808  0.000e+00
      0.078     6.0570    22.0644    17.3443 9.2796e-01     0.5802      0.692    1458.69     91.381     6.8693 338.713808  0.000e+00
      0.066     6.0571    22.0642    17.3441 9.7680e-01     0.5765      0.689    1458.70     91.352     6.8671 338.713809  0.000e+00
      0.077     6.0568    22.0655    17.3451 1.0379e+00     0.5777      0.696    1458.70     91.385     6.8696 338.713809  0.000e+00
      0.054     6.0568    22.0663    17.3458 1.0623e+00     0.5790      0.711    1458.70     91.415     6.8719 338.713810  0.000e+00
      0.054     6.0573    22.0662    17.3456 1.2454e+00     0.5765      0.733    1458.70     91.390     6.8699 338.713810  0.000e+00
      0.054     6.0581    22.0660    17.3454 1.3431e+00     0.5790      0.722    1458.70     91.364     6.8678 338.713811  0.000e+00
      0.053     6.0592    22.0648    17.3444 1.3187e+00     0.5802      0.696    1458.70     91.398     6.8702 338.713811  0.000e+00
      0.043     6.0603    22.0637    17.3434 1.2332e+00     0.5826      0.685    1458.71     91.439     6.8732 338.713812  0.000e+00
      0.030     6.0611    22.0630    17.3427 1.1355e+00     0.5814      0.685    1458.71     91.425     6.8721 338.713812  0.000e+00
      0.043     6.0614    22.0640    17.3435 1.0379e+00     0.5814      0.678    1458.71     91.403     6.8703 338.713813  0.000e+00
      0.028     6.0615    22.0649    17.3442 9.6459e-01     0.5826      0.670    1458.71     91.380     6.8685 338.713813  0.000e+00
      0.019     6.0616    22.0665    17.3454 9.2796e-01     0.5826      0.674    1458.72     91.418     6.8713 338.713814  0.000e+00
      0.019     6.0619    22.0687    17.3472 9.7680e-01     0.5802      0.674    1458.72     91.394     6.8693 338.713814  0.000e+00
      0.006     6.0627    22.0690    17.3473 1.0623e+00     0.5802      0.674    1458.72     91.432     6.8720 338.713815  0.000e+00
      0.017     6.0631    22.0700    17.3481 1.1966e+00     0.5814      0.674    1458.73     91.415     6.8706 338.713815  0.000e+00
     -0.017     6.0634    22.0708    17.3487 1.3065e+00     0.5814      0.674    1458.73     91.397     6.8692 338.713816  0.000e+00
     -0.006     6.0633    22.0711    17.3489 1.3065e+00     0.5838      0.674    1458.73     91.435     6.8720 338.713816  0.000e+00
     -0.032     6.0628    22.0724    17.3500 1.2210e+00     0.5814      0.670    1458.73     91.418     6.8708 338.713817  0.000e+00
     -0.030     6.0628    22.0730    17.3505 1.1355e+00     0.5777      0.670    1458.73     91.463     6.8741 338.713817  0.000e+00
     -0.030     6.0628    22.0737    17.3510 1.0867e+00     0.5777      0.681    1458.73     91.455     6.8735 338.713818  0.000e+00
     -0.030     6.0630    22.0741    17.3513 1.1477e+00     0.5741      0.703    1458.73     91.439     6.8722 338.713818  0.000e+00
     -0.043     6.0630    22.0740    17.3512 1.2576e+00     0.5790      0.722    1458.73     91.485     6.8757 338.713818  0.000e+00
     -0.041     6.0633    22.0741    17.3513 1.2698e+00     0.5790      0.718    1458.73     91.470     6.8746 338.713819  0.000e+00
     -0.041     6.0636    22.0736    17.3508 1.1355e+00     0.5777      0.703    1458.73     91.518     6.8781 338.713819  0.000e+00
     -0.053     6.0634    22.0734    17.3507 1.0256e+00     0.5802      0.689    1458.73     91.450     6.8730 338.713820  0.000e+00
     -0.032     6.0634    22.0731    17.3504 9.8901e-01     0.5777      0.681    1458.73     91.554     6.8809 338.713820  0.000e+00
     -0.041     6.0631    22.0733    17.3507 1.0256e+00     0.5765      0.670    1458.73     91.604     6.8846 338.713821  0.000e+00
     -0.041     6.0629    22.0739    17.3511 1.0745e+00     0.5790      0.663    1458.73     91.537     6.8797 338.713821  0.000e+00
     -0.032     6.0628    22.0744    17.3516 1.1355e+00     0.5777      0.656    1458.73     91.589     6.8835 338.713822  0.000e+00
     -0.030     6.0627    22.0748    17.3519 1.1966e+00     0.5777      0.659    1458.73     91.640     6.8874 338.713822  0.000e+00
     -0.030     6.0624    22.0749    17.3520 1.2454e+00     0.5777      0.670    1458.73     91.630     6.8867 338.713823  0.000e+00
     -0.017     6.0622    22.0748    17.3519 1.2088e+00     0.5765      0.689    1458.73     91.621     6.8860 338.713823  0.000e+00
     -0.032     6.0618    22.0754    17.3524 1.1844e+00     0.5790      0.722    1458.73     91.604     6.8848 338.713824  0.000e+00
     -0.017     6.0617    22.0754    17.3524 1.1844e+00     0.5777      0.747    1458.73     91.651     6.8883 338.713824  0.000e+00
     -0.030     6.0617    22.0756    17.3526 1.2698e+00     0.5765      0.762    1458.73     91.644     6.8878 338.713825  0.000e+00
     -0.017     6.0619    22.0752    17.3522 1.3919e+00     0.5741      0.791    1458.73     91.631     6.8868 338.713825  0.000e+00
     -0.019     6.0616    22.0756    17.3526 1.4042e+00     0.5753      0.813    1458.73     91.672     6.8899 338.713826  0.000e+00
     -0.017     6.0615    22.0759    17.3529 1.3919e+00     0.5753      0.802    1458.73     91.660     6.8891 338.713826  0.000e+00
     -0.006     6.0621    22.0756    17.3525 1.4164e+00     0.5765      0.762    1458.73     91.650     6.8882 338.713827  0.000e+00
     -0.017     6.0619    22.0759    17.3528 1.4164e+00     0.5753      0.733    1458.73     91.695     6.8916 338.713827  0.000e+00
     -0.019     6.0618    22.0756    17.3526 1.3919e+00     0.5729      0.722    1458.73     91.679     6.8904 338.713828  0.000e+00
     -0.017     6.0619    22.0759    17.3529 1.4042e+00     0.5729      0.722    1458.73     91.727     6.8940 338.713828  0.000e+00
     -0.017     6.0617    22.0757    17.3527 1.4652e+00     0.5741      0.722    1458.73     91.721     6.8936 338.713829  0.000e+00
     -0.032     6.0614    22.0756    17.3526 1.5263e+00     0.5741      0.733    1458.73     91.771     6.8974 338.713829  0.000e+00
     -0.030     6.0613    22.0752    17.3523 1.3675e+00     0.5741      0.762    1458.72     91.768     6.8972 338.713830  0.000e+00
     -0.041     6.0614    22.0748    17.3520 1.2332e+00     0.5753      0.806    1458.72     91.759     6.8965 338.713830  0.000e+00
     -0.030     6.0614    22.0747    17.3519 1.2332e+00     0.5753      0.802    1458.72     91.751     6.8959 338.713831  0.000e+00
     -0.054     6.0612    22.0749    17.3521 1.2332e+00     0.5753      0.795    1458.72     91.799     6.8995 338.713831  0.000e+00
     -0.041     6.0610    22.0754    17.3525 1.2088e+00     0.5765      0.795    1458.72     91.786     6.8986 338.713832  0.000e+00
     -0.066     6.0609    22.0748    17.3521 1.1966e+00     0.5753      0.784    1458.72     91.775     6.8978 338.713832  0.000e+00
     -0.066     6.0602    22.0749    17.3522 1.2454e+00     0.5790      0.802    1458.72     91.820     6.9013 338.713832  0.000e+00
     -0.067     6.0602    22.0750    17.3523 1.2332e+00     0.5777      0.821    1458.72     91.812     6.9007 338.713833  0.000e+00
     -0.077     6.0603    22.0743    17.3517 1.1355e+00     0.5790      0.810    1458.72     91.868     6.9049 338.713833  0.000e+00
     -0.090     6.0601    22.0742    17.3516 1.0623e+00     0.5814      0.780    1458.72     91.864     6.9047 338.713834  0.000e+00
     -0.079     6.0595    22.0740    17.3516 1.0501e+00     0.5814      0.773    1458.71     91.854     6.9040 338.713834  0.000e+00
     -0.090     6.0592    22.0737    17.3513 1.0256e+00     0.5777      0.766    1458.71     91.845     6.9034 338.713835  0.000e+00
     -0.090     6.0592    22.0732    17.3509 1.0012e+00     0.5753      0.762    1458.71     91.901     6.9077 338.713835  0.000e+00
     -0.090     6.0583    22.0730    17.3509 1.0134e+00     0.5753      0.769    1458.71     91.897     6.9075 338.713836  0.000e+00
     -0.091     6.0582    22.0728    17.3507 1.0989e+00     0.5777      0.780    1458.71     91.887     6.9068 338.713836  0.000e+00
     -0.101     6.0577    22.0728    17.3508 1.1477e+00     0.5790      0.813    1458.71     91.933     6.9103 338.713837  0.000e+00
     -0.090     6.0568    22.0734    17.3513 1.1722e+00     0.5777      0.872    1458.70     91.927     6.9100 338.713837  0.000e+00
     -0.079     6.0564    22.0734    17.3514 1.1477e+00     0.5802      0.872    1458.70     91.915     6.9092 338.713838  0.000e+00
     -0.077     6.0563    22.0721    17.3504 1.1111e+00     0.5814      0.839    1458.70     91.906     6.9085 338.713838  0.000e+00
     -0.066     6.0562    22.0714    17.3498 1.0989e+00     0.5802      0.802    1458.70     91.891     6.9074 338.713839  0.000e+00
     -0.053     6.0571    22.0701    17.3487 1.0745e+00     0.5802      0.762    1458.70     91.932     6.9104 338.713839  0.000e+00
     -0.054     6.0582    22.0696    17.3482 1.0989e+00     0.5802      0.736    1458.70     91.921     6.9095 338.713840  0.000e+00
     -0.041     6.0595    22.0334    17.3196 1.2210e+00     0.5790      0.722    1458.66     91.904     6.9097 338.713840  0.000e+00
     -0.030     6.0586    22.0310    17.3178 1.3187e+00     0.5777      0.707    1458.66     91.891     6.9089 338.713841  0.000e+00
     -0.017     6.0565    22.0433    17.3276 1.3309e+00     0.5802      0.692    1458.66     91.935     6.9120 338.713841  0.000e+00
     -0.007     6.0555    22.0653    17.3451 1.2698e+00     0.5790      0.689    1458.69     91.919     6.9099 338.713842  0.000e+00
      0.006     6.0555    22.0711    17.3496 1.1844e+00     0.5790      0.689    1458.70     91.905     6.9086 338.713842  0.000e+00
