RAWDATA/20181204/VT68_Jomfrulandsrenna_down.cnv
* Sea-Bird SBE 9 Data File:
* FileName = C:\CTD Brukere\NIVA\OKOKYST2018\2018_12_04\VT68_Jomfrulandsrenna.hex
* Software Version Seasave V 7.23.2
* Temperature SN = 5352
* Conductivity SN = 3840
* Number of Bytes Per Scan = 28
* Number of Voltage Words = 4
* Number of Scans Averaged by the Deck Unit = 1
* NMEA baud rate = 4800
** Ship: R/V Trygve Braarud
** Cruise:
** Station:
** Operator:
# nquan = 12
# nvalues = 2563                                  
# units = specified
# name 0 = depSM: Depth [salt water, m], lat = 59.60
# name 1 = t090C: Temperature [ITS-90, deg C]
# name 2 = sal00: Salinity, Practical [PSU]
# name 3 = sigma-t00: Density [sigma-t, kg/m^3 ]
# name 4 = flSP: Fluorescence, Seapoint
# name 5 = wetStar: Fluorescence, WET Labs WETstar [mg/m^3]
# name 6 = seaTurbMtr: Turbidity, Seapoint [FTU]
# name 7 = svCM: Sound Velocity [Chen-Millero, m/s]
# name 8 = sbeox0PS: Oxygen, SBE 43 [% saturation]
# name 9 = sbeox0ML/L: Oxygen, SBE 43 [ml/l]
# name 10 = timeJ: Julian Days
# name 11 = flag:  0.000e+00
# span 0 =     -0.329,     22.215                 
# span 1 =     5.6637,     9.8772                 
# span 2 =     3.0727,    30.2995                 
# span 3 =     2.3986,    23.3041                 
# span 4 = 3.0525e-01, 2.9792e+00                 
# span 5 =     0.1248,     0.5887                 
# span 6 =      0.524,     15.000                 
# span 7 =    1433.08,    1484.03                 
# span 8 =     80.970,     94.772                 
# span 9 =     5.2849,     7.9816                 
# span 10 = 338.713785, 338.715020                
# span 11 = 0.0000e+00, 0.0000e+00                
# interval = seconds: 0.0416667
# start_time = Dec 04 2018 17:07:51 [System UpLoad Time]
# bad_flag = -9.990e-29
*END*
[from data line 1204]
      0.079     6.0940    22.1149    17.3805 9.4017e-01     0.5509      1.132    1458.91     92.431     6.9397 338.714365  0.000e+00
      0.064     6.0946    22.1129    17.3788 1.0012e+00     0.5484      1.744    1458.91     92.415     6.9386 338.714366  0.000e+00
      0.066     6.0948    22.1127    17.3786 1.0867e+00     0.5472      2.553    1458.91     92.408     6.9380 338.714366  0.000e+00
      0.079     6.0948    22.1129    17.3788 1.1111e+00     0.5448      2.864    1458.91     92.400     6.9374 338.714367  0.000e+00
      0.079     6.0949    22.1133    17.3791 1.0867e+00     0.5484      2.502    1458.91     92.392     6.9368 338.714367  0.000e+00
      0.077     6.0955    22.1132    17.3789 1.0501e+00     0.5497      1.927    1458.91     92.384     6.9360 338.714368  0.000e+00
      0.090     6.0953    22.1141    17.3797 1.0623e+00     0.5497      1.491    1458.91     92.375     6.9354 338.714368  0.000e+00
      0.079     6.0959    22.1141    17.3797 1.1233e+00     0.5509      1.300    1458.92     92.366     6.9346 338.714369  0.000e+00
      0.041     6.0974    22.1143    17.3797 1.4164e+00     0.5509      1.319    1458.92     92.294     6.9289 338.714369  0.000e+00
      0.114     6.0986    22.1167    17.3814 1.4530e+00     0.5484      1.615    1458.93     92.347     6.9326 338.714370  0.000e+00
      0.066     6.0992    22.1201    17.3841 1.3187e+00     0.5472      1.883    1458.94     92.283     6.9276 338.714370  0.000e+00
      0.079     6.0987    22.1233    17.3866 1.1722e+00     0.5509      1.978    1458.94     92.337     6.9315 338.714371  0.000e+00
      0.077     6.0977    22.1239    17.3872 1.0745e+00     0.5521      2.117    1458.94     92.336     6.9316 338.714371  0.000e+00
      0.066     6.0964    22.1221    17.3859 1.0134e+00     0.5545      2.249    1458.93     92.273     6.9272 338.714372  0.000e+00
      0.054     6.0956    22.1192    17.3837 1.0134e+00     0.5570      2.132    1458.92     92.264     6.9268 338.714372  0.000e+00
      0.066     6.0952    22.1162    17.3814 1.0745e+00     0.5582      1.810    1458.92     92.319     6.9311 338.714373  0.000e+00
      0.064     6.0949    22.1137    17.3794 1.1233e+00     0.5582      1.538    1458.91     92.318     6.9312 338.714373  0.000e+00
      0.054     6.0942    22.1126    17.3786 1.1233e+00     0.5594      1.414    1458.91     92.310     6.9307 338.714374  0.000e+00
      0.043     6.0940    22.1118    17.3780 1.0745e+00     0.5619      1.396    1458.91     92.309     6.9307 338.714374  0.000e+00
      0.054     6.0945    22.1113    17.3776 1.0256e+00     0.5655      1.487    1458.91     92.317     6.9313 338.714375  0.000e+00
      0.053     6.0950    22.1113    17.3775 1.0012e+00     0.5680      1.553    1458.91     92.316     6.9311 338.714375  0.000e+00
      0.043     6.0951    22.1119    17.3780 9.8901e-01     0.5668      1.429    1458.91     92.316     6.9311 338.714375  0.000e+00
      0.043     6.0945    22.1129    17.3788 1.0134e+00     0.5655      1.223    1458.91     92.324     6.9317 338.714376  0.000e+00
      0.043     6.0938    22.1126    17.3787 1.0501e+00     0.5655      1.048    1458.91     92.324     6.9318 338.714376  0.000e+00
      0.041     6.0938    22.1107    17.3772 1.0379e+00     0.5692      0.952    1458.90     92.332     6.9325 338.714377  0.000e+00
      0.043     6.0943    22.1084    17.3753 1.0256e+00     0.5680      0.901    1458.90     92.332     6.9326 338.714377  0.000e+00
      0.043     6.0951    22.1078    17.3747 1.1233e+00     0.5680      0.839    1458.91     92.332     6.9325 338.714378  0.000e+00
      0.043     6.0955    22.1089    17.3756 1.2332e+00     0.5668      0.806    1458.91     92.333     6.9324 338.714378  0.000e+00
      0.053     6.0957    22.1111    17.3773 1.1966e+00     0.5692      0.842    1458.91     92.279     6.9282 338.714379  0.000e+00
      0.043     6.0957    22.1124    17.3783 1.1477e+00     0.5692      0.941    1458.91     92.342     6.9329 338.714379  0.000e+00
      0.054     6.0952    22.1131    17.3789 1.0989e+00     0.5704      0.960    1458.91     92.344     6.9331 338.714380  0.000e+00
      0.053     6.0948    22.1132    17.3790 1.0501e+00     0.5692      0.960    1458.91     92.345     6.9333 338.714380  0.000e+00
      0.043     6.0947    22.1131    17.3790 1.0134e+00     0.5692      0.923    1458.91     92.346     6.9334 338.714381  0.000e+00
      0.054     6.0948    22.1128    17.3787 1.0623e+00     0.5680      0.886    1458.91     92.286     6.9288 338.714381  0.000e+00
      0.066     6.0959    22.1119    17.3779 1.0989e+00     0.5692      0.832    1458.91     92.342     6.9329 338.714382  0.000e+00
      0.053     6.0973    22.1129    17.3785 1.1111e+00     0.5692      0.799    1458.92     92.343     6.9327 338.714382  0.000e+00
      0.079     6.0992    22.1144    17.3795 1.1722e+00     0.5716      0.857    1458.93     92.344     6.9324 338.714383  0.000e+00
      0.054     6.1002    22.1181    17.3824 1.2210e+00     0.5692      0.956    1458.94     92.346     6.9322 338.714383  0.000e+00
      0.054     6.0999    22.1210    17.3847 1.2088e+00     0.5692      1.004    1458.94     92.347     6.9322 338.714384  0.000e+00
      0.053     6.0986    22.1214    17.3851 1.1600e+00     0.5680      0.960    1458.94     92.287     6.9279 338.714384  0.000e+00
      0.066     6.0970    22.1197    17.3839 1.1111e+00     0.5655      0.897    1458.93     92.290     6.9284 338.714385  0.000e+00
      0.054     6.0961    22.1170    17.3819 1.1111e+00     0.5619      0.872    1458.92     92.347     6.9330 338.714385  0.000e+00
      0.054     6.0951    22.1144    17.3799 1.1477e+00     0.5643      0.842    1458.91     92.287     6.9288 338.714386  0.000e+00
      0.041     6.0961    22.1116    17.3777 1.1111e+00     0.5643      0.839    1458.91     92.282     6.9284 338.714386  0.000e+00
      0.054     6.0959    22.1126    17.3784 1.0989e+00     0.5643      0.835    1458.91     92.278     6.9280 338.714387  0.000e+00
      0.030     6.0946    22.1153    17.3807 1.1233e+00     0.5631      0.799    1458.91     92.273     6.9278 338.714387  0.000e+00
      0.030     6.0935    22.1160    17.3813 1.1233e+00     0.5631      0.762    1458.91     92.270     6.9277 338.714388  0.000e+00
      0.028     6.0924    22.1134    17.3794 1.0501e+00     0.5631      0.736    1458.90     92.266     6.9277 338.714388  0.000e+00
      0.019     6.0922    22.1104    17.3771 9.7680e-01     0.5619      0.718    1458.90     92.263     6.9276 338.714389  0.000e+00
      0.006     6.0935    22.1084    17.3754 9.5238e-01     0.5619      0.703    1458.90     92.260     6.9273 338.714389  0.000e+00
      0.004     6.0971    22.1077    17.3745 9.4017e-01     0.5619      0.692    1458.91     92.256     6.9265 338.714389  0.000e+00
     -0.006     6.0994    22.1102    17.3762 9.0354e-01     0.5643      0.689    1458.93     92.254     6.9258 338.714390  0.000e+00
     -0.006     6.0996    22.1158    17.3806 9.1575e-01     0.5643      0.711    1458.93     92.252     6.9253 338.714390  0.000e+00
     -0.017     6.0986    22.1211    17.3849 9.2796e-01     0.5643      0.744    1458.94     92.250     6.9251 338.714391  0.000e+00
     -0.019     6.0983    22.1239    17.3872 9.5238e-01     0.5643      0.780    1458.94     92.249     6.9250 338.714391  0.000e+00
     -0.030     6.0978    22.1235    17.3868 9.6459e-01     0.5668      0.868    1458.94     92.248     6.9250 338.714392  0.000e+00
     -0.030     6.0980    22.1222    17.3858 9.2796e-01     0.5680      0.923    1458.93     92.247     6.9250 338.714392  0.000e+00
     -0.041     6.0981    22.1210    17.3848 9.0354e-01     0.5668      0.894    1458.93     92.239     6.9243 338.714393  0.000e+00
     -0.043     6.0981    22.1207    17.3846 9.0354e-01     0.5668      0.853    1458.93     92.238     6.9243 338.714393  0.000e+00
     -0.041     6.1022    22.1184    17.3824 9.1575e-01     0.5668      0.810    1458.95     92.230     6.9231 338.714394  0.000e+00
     -0.053     6.1084    22.1152    17.3793 9.1575e-01     0.5668      0.773    1458.97     92.229     6.9222 338.714394  0.000e+00
     -0.054     6.1172    22.1143    17.3778 9.1575e-01     0.5668      0.755    1459.00     92.228     6.9207 338.714395  0.000e+00
     -0.053     6.1237    22.1215    17.3828 8.7912e-01     0.5643      0.736    1459.04     92.157     6.9140 338.714395  0.000e+00
     -0.065     6.1283    22.1386    17.3958 8.7912e-01     0.5631      0.714    1459.08     92.203     6.9159 338.714396  0.000e+00
     -0.065     6.1336    22.1576    17.4102 9.4017e-01     0.5631      0.703    1459.12     92.204     6.9142 338.714396  0.000e+00
     -0.054     6.1411    22.1668    17.4167 9.7680e-01     0.5619      0.707    1459.17     92.204     6.9125 338.714397  0.000e+00
     -0.077     6.1457    22.1806    17.4272 9.7680e-01     0.5631      0.729    1459.20     92.205     6.9112 338.714397  0.000e+00
     -0.065     6.1441    22.1952    17.4389 9.7680e-01     0.5619      0.762    1459.21     92.269     6.9156 338.714398  0.000e+00
     -0.090     6.1447    22.2045    17.4461 9.6459e-01     0.5606      0.795    1459.23     92.216     6.9111 338.714398  0.000e+00
     -0.078     6.1477    22.2080    17.4485 9.7680e-01     0.5594      0.945    1459.25     92.218     6.9106 338.714399  0.000e+00
     -0.090     6.1477    22.2094    17.4496 9.7680e-01     0.5594      1.703    1459.25     92.221     6.9107 338.714399  0.000e+00
     -0.090     6.1422    22.2180    17.4569 9.5238e-01     0.5582      2.685    1459.23     92.224     6.9115 338.714400  0.000e+00
     -0.091     6.1356    22.2238    17.4622 9.5238e-01     0.5594      2.879    1459.22     92.229     6.9127 338.714400  0.000e+00
     -0.101     6.1321    22.2212    17.4604 9.6459e-01     0.5594      2.857    1459.20     92.233     6.9137 338.714401  0.000e+00
     -0.112     6.1326    22.2116    17.4528 9.6459e-01     0.5594      3.084    1459.19     92.236     6.9143 338.714401  0.000e+00
     -0.101     6.1349    22.2017    17.4449 9.5238e-01     0.5570      3.370    1459.18     92.302     6.9193 338.714402  0.000e+00
     -0.114     6.1321    22.2022    17.4455 9.5238e-01     0.5582      3.516    1459.17     92.253     6.9160 338.714402  0.000e+00
     -0.137     6.1267    22.2069    17.4497 9.2796e-01     0.5582      4.158    1459.16     92.312     6.9211 338.714402  0.000e+00
     -0.125     6.1228    22.2046    17.4483 9.2796e-01     0.5558      4.978    1459.14     92.262     6.9182 338.714403  0.000e+00
     -0.127     6.1231    22.1956    17.4412 9.6459e-01     0.5570      5.359    1459.13     92.329     6.9235 338.714403  0.000e+00
     -0.137     6.1266    22.1881    17.4350 1.0501e+00     0.5558      4.949    1459.13     92.340     6.9242 338.714404  0.000e+00
     -0.148     6.1269    22.1901    17.4365 1.0745e+00     0.5533      4.022    1459.14     92.353     6.9249 338.714404  0.000e+00
     -0.137     6.1245    22.1949    17.4405 1.0745e+00     0.5497      3.117    1459.13     92.357     6.9255 338.714405  0.000e+00
     -0.150     6.1220    22.1932    17.4394 1.0379e+00     0.5521      2.436    1459.12     92.369     6.9269 338.714405  0.000e+00
     -0.161     6.1202    22.1866    17.4343 1.0012e+00     0.5533      2.037    1459.10     92.382     6.9284 338.714406  0.000e+00
     -0.137     6.1170    22.1804    17.4298 1.0012e+00     0.5509      1.982    1459.08     92.394     6.9302 338.714406  0.000e+00
     -0.163     6.1125    22.1784    17.4286 1.0256e+00     0.5472      1.967    1459.06     92.407     6.9319 338.714407  0.000e+00
     -0.148     6.1057    22.1772    17.4284 1.0012e+00     0.5460      1.714    1459.03     92.420     6.9341 338.714407  0.000e+00
     -0.137     6.0980    22.1746    17.4271 9.8901e-01     0.5448      1.454    1459.00     92.425     6.9359 338.714408  0.000e+00
     -0.148     6.0928    22.1680    17.4224 9.6459e-01     0.5436      1.388    1458.97     92.429     6.9374 338.714408  0.000e+00
     -0.138     6.0851    20.9587    16.4713 9.5238e-01     0.5448      1.689    1457.42     92.442     6.9954 338.714409  0.000e+00
     -0.137     6.0760    15.4686    12.1521 9.6459e-01     0.5448      2.286    1450.50     92.509     7.2610 338.714409  0.000e+00
     -0.137     6.0649     9.2218     7.2362 1.0256e+00     0.5460      2.282    1442.61     92.459     7.5651 338.714410  0.000e+00
     -0.125     6.0564     6.2532     4.8966 1.0501e+00     0.5484      2.088    1438.83     92.462     7.7169 338.714410  0.000e+00
     -0.127     6.0641     9.0810     7.1253 1.0745e+00     0.5509      2.051    1442.43     92.463     7.5727 338.714411  0.000e+00
     -0.125     6.0769    13.7358    10.7887 1.0867e+00     0.5533      2.022    1448.33     92.463     7.3409 338.714411  0.000e+00
     -0.125     6.0864    16.2905    12.7979 1.0989e+00     0.5533      1.952    1451.57     92.525     7.2211 338.714412  0.000e+00
     -0.127     6.0943    18.1585    14.2669 1.1111e+00     0.5533      1.769    1453.95     92.532     7.1316 338.714412  0.000e+00
     -0.125     6.0997    19.0244    14.9478 1.1355e+00     0.5533      1.495    1455.06     92.539     7.0904 338.714413  0.000e+00
     -0.125     6.1041    20.3047    15.9548 1.1477e+00     0.5521      1.223    1456.68     92.545     7.0304 338.714413  0.000e+00
     -0.125     6.1073    20.7068    16.2709 1.1600e+00     0.5533      1.033    1457.20     92.551     7.0116 338.714414  0.000e+00
     -0.114     6.1092    20.9579    16.4683 1.1844e+00     0.5521      0.927    1457.52     92.557     7.0001 338.714414  0.000e+00
     -0.137     6.1104    21.1136    16.5908 1.1600e+00     0.5521      0.857    1457.72     92.562     6.9930 338.714415  0.000e+00
     -0.137     6.1116    21.3500    16.7767 1.0989e+00     0.5533      0.802    1458.02     92.566     6.9822 338.714415  0.000e+00
     -0.127     6.1123    21.5773    16.9556 1.0379e+00     0.5521      0.762    1458.31     92.570     6.9719 338.714416  0.000e+00
     -0.125     6.1127    21.7071    17.0576 1.0256e+00     0.5521      0.740    1458.47     92.573     6.9661 338.714416  0.000e+00
     -0.125     6.1135    21.8348    17.1581 9.8901e-01     0.5521      0.722    1458.64     92.576     6.9603 338.714416  0.000e+00
     -0.137     6.1142    21.9185    17.2239 9.7680e-01     0.5521      0.703    1458.74     92.577     6.9564 338.714417  0.000e+00
     -0.127     6.1146    22.0423    17.3214 1.0134e+00     0.5545      0.685    1458.90     92.641     6.9554 338.714417  0.000e+00
     -0.137     6.1145    22.1268    17.3878 1.0501e+00     0.5509      0.674    1459.01     92.587     6.9475 338.714418  0.000e+00
     -0.148     6.1142    22.1574    17.4119 1.1111e+00     0.5484      0.663    1459.04     92.586     6.9461 338.714418  0.000e+00
     -0.138     6.1143    22.1650    17.4180 1.0989e+00     0.5497      0.656    1459.05     92.639     6.9497 338.714419  0.000e+00
     -0.137     6.1147    22.1625    17.4159 1.0745e+00     0.5497      0.652    1459.05     92.645     6.9502 338.714419  0.000e+00
     -0.148     6.1146    22.1647    17.4177 1.0989e+00     0.5533      0.645    1459.05     92.649     6.9504 338.714420  0.000e+00
     -0.148     6.1149    22.1663    17.4189 1.1355e+00     0.5521      0.641    1459.06     92.653     6.9506 338.714420  0.000e+00
     -0.138     6.1146    22.1663    17.4189 1.1477e+00     0.5521      0.652    1459.06     92.656     6.9508 338.714421  0.000e+00
     -0.137     6.1148    22.1664    17.4190 1.1600e+00     0.5521      0.667    1459.06     92.727     6.9562 338.714421  0.000e+00
     -0.125     6.1145    22.1660    17.4187 1.1477e+00     0.5509      0.674    1459.06     92.736     6.9569 338.714422  0.000e+00
     -0.138     6.1140    22.1653    17.4182 1.1722e+00     0.5521      0.674    1459.05     92.743     6.9575 338.714422  0.000e+00
