RAWDATA/20181204/VT68_Jomfrulandsrenna_down.cnv
* Sea-Bird SBE 9 Data File:
* FileName = C:\CTD Brukere\NIVA\OKOKYST2018\2018_12_04\VT68_Jomfrulandsrenna.hex
* Software Version Seasave V 7.23.2
* Temperature SN = 5352
* Conductivity SN = 3840
* Number of Bytes Per Scan = 28
* Number of Voltage Words = 4
* Number of Scans Averaged by the Deck Unit = 1
* NMEA baud rate = 4800
** Ship: R/V Trygve Braarud
** Cruise:
** Station:
** Operator:
# nquan = 12
# nvalues = 2563                                  
# units = specified
# name 0 = depSM: Depth [salt water, m], lat = 59.60
# name 1 = t090C: Temperature [ITS-90, deg C]
# name 2 = sal00: Salinity, Practical [PSU]
# name 3 = sigma-t00: Density [sigma-t, kg/m^3 ]
# name 4 = flSP: Fluorescence, Seapoint
# name 5 = wetStar: Fluorescence, WET Labs WETstar [mg/m^3]
# name 6 = seaTurbMtr: Turbidity, Seapoint [FTU]
# name 7 = svCM: Sound Velocity [Chen-Millero, m/s]
# name 8 = sbeox0PS: Oxygen, SBE 43 [% saturation]
# name 9 = sbeox0ML/L: Oxygen, SBE 43 [ml/l]
# name 10 = timeJ: Julian Days
# name 11 = flag:  0.000e+00
# span 0 =     -0.329,     22.215                 
# span 1 =     5.6637,     9.8772                 
# span 2 =     3.0727,    30.2995                 
# span 3 =     2.3986,    23.3041                 
# span 4 = 3.0525e-01, 2.9792e+00                 
# span 5 =     0.1248,     0.5887                 
# span 6 =      0.524,     15.000                 
# span 7 =    1433.08,    1484.03                 
# span 8 =     80.970,     94.772                 
# span 9 =     5.2849,     7.9816                 
# span 10 = 338.713785, 338.715020                
# span 11 = 0.0000e+00, 0.0000e+00                
# interval = seconds: 0.0416667
# start_time = Dec 04 2018 17:07:51 [System UpLoad Time]
# bad_flag = -9.990e-29
*END*
[from data line 361]
     -0.184     6.0499    21.1385    16.6160 9.2796e-01     0.5741      0.945    1457.50     92.453     6.9938 338.713959  0.000e+00
     -0.221     6.0319    15.1417    11.8984 9.1575e-01     0.5753      0.850    1449.90     92.460     7.2808 338.713959  0.000e+00
     -0.245     6.0073     7.8645     6.1699 9.4017e-01     0.5765      0.806    1440.65     92.467     7.6450 338.713960  0.000e+00
     -0.279     5.9765     4.8191     3.7681 9.5238e-01     0.5753      0.817    1436.67     92.475     7.8070 338.713960  0.000e+00
     -0.279     5.9460     4.1922     3.2738 9.4017e-01     0.5765      0.894    1435.74     92.481     7.8460 338.713961  0.000e+00
     -0.305     5.9181     3.8365     2.9937 9.4017e-01     0.5790      0.916    1435.17     92.548     7.8757 338.713961  0.000e+00
     -0.292     5.8904     3.6372     2.8371 9.4017e-01     0.5802      0.894    1434.79     92.560     7.8926 338.713962  0.000e+00
     -0.292     5.8638     3.5171     2.7431 9.1575e-01     0.5802      1.000    1434.52     92.570     7.9050 338.713962  0.000e+00
     -0.303     5.8432     3.4782     2.7131 9.5238e-01     0.5814      5.319    1434.38     92.578     7.9119 338.713963  0.000e+00
     -0.305     5.8209     3.5102     2.7393 9.8901e-01     0.5838     12.916    1434.33     92.585     7.9152 338.713963  0.000e+00
     -0.303     5.8020     3.5340     2.7589 9.7680e-01     0.5765     15.000    1434.27     92.599     7.9189 338.713964  0.000e+00
     -0.292     5.7877     3.5125     2.7424 1.0012e+00     0.5716     15.000    1434.19     92.602     7.9232 338.713964  0.000e+00
     -0.305     5.7751     3.4813     2.7182 1.0134e+00     0.4849     14.718    1434.09     92.604     7.9275 338.713965  0.000e+00
     -0.303     5.7640     3.4375     2.6839 9.7680e-01     0.3421     14.634    1433.99     92.675     7.9381 338.713965  0.000e+00
     -0.292     5.7529     3.3300     2.5992 9.5238e-01     0.2273     13.828    1433.80     92.620     7.9412 338.713966  0.000e+00
     -0.294     5.7435     3.2328     2.5226 9.6459e-01     0.1516     11.736    1433.64     92.625     7.9487 338.713966  0.000e+00
     -0.279     5.7346     3.3794     2.6390 9.7680e-01     0.1394      7.396    1433.78     92.692     7.9485 338.713967  0.000e+00
     -0.268     5.7263     3.4111     2.6645 9.5238e-01     0.2285      3.410    1433.79     92.641     7.9441 338.713967  0.000e+00
     -0.244     5.7166     3.3330     2.6030 9.4017e-01     0.3335      1.949    1433.65     92.706     7.9558 338.713967  0.000e+00
     -0.223     5.7056     3.2820     2.5629 9.6459e-01     0.4105      1.824    1433.53     92.715     7.9615 338.713968  0.000e+00
     -0.221     5.6957     3.2351     2.5262 9.6459e-01     0.4593      1.711    1433.43     92.661     7.9613 338.713968  0.000e+00
     -0.184     5.6803     3.1321     2.4451 9.7680e-01     0.4911      1.443    1433.23     92.661     7.9698 338.713969  0.000e+00
     -0.198     5.6637     3.0727     2.3986 9.7680e-01     0.5130      1.212    1433.08     92.722     7.9816 338.713969  0.000e+00
     -0.172     5.6711     3.1129     2.4301 9.5238e-01     0.5289      1.304    1433.17     92.724     7.9781 338.713970  0.000e+00
     -0.172     5.7389     3.2557     2.5408 9.4017e-01     0.5436      1.582    1433.65     92.713     7.9560 338.713970  0.000e+00
     -0.161     5.8360     4.1738     3.2640 9.7680e-01     0.5533      1.678    1435.24     92.696     7.8870 338.713971  0.000e+00
     -0.150     5.9173     9.1092     7.1561 9.8901e-01     0.5582      1.560    1441.84     92.681     7.6169 338.713971  0.000e+00
     -0.148     5.9700    11.1525     8.7627 1.0012e+00     0.5619      1.300    1444.63     92.670     7.5038 338.713972  0.000e+00
     -0.137     6.0013    14.1298    11.1043 1.0256e+00     0.5655      1.088    1448.51     92.661     7.3511 338.713972  0.000e+00
     -0.138     6.0202    14.7066    11.5568 1.0745e+00     0.5692      0.993    1449.31     92.653     7.3190 338.713973  0.000e+00
     -0.125     6.0305    14.7794    11.6134 1.1600e+00     0.5704      0.967    1449.45     92.645     7.3130 338.713973  0.000e+00
     -0.137     6.0371    15.6528    12.3001 1.2088e+00     0.5716      0.949    1450.57     92.636     7.2690 338.713974  0.000e+00
     -0.125     6.0408    17.7682    13.9644 1.1722e+00     0.5741      0.901    1453.24     92.688     7.1714 338.713974  0.000e+00
     -0.138     6.0431    18.8497    14.8152 1.0623e+00     0.5741      0.864    1454.60     92.685     7.1196 338.713975  0.000e+00
     -0.148     6.0444    19.7892    15.5545 1.0379e+00     0.5741      1.015    1455.79     92.688     7.0755 338.713975  0.000e+00
     -0.125     6.0459    20.4662    16.0872 1.1111e+00     0.5765      1.139    1456.64     92.690     7.0437 338.713976  0.000e+00
     -0.150     6.0461    20.5689    16.1680 1.1111e+00     0.5777      1.044    1456.77     92.683     7.0383 338.713976  0.000e+00
     -0.148     6.0466    21.2492    16.7035 1.1233e+00     0.5741      0.916    1457.63     92.682     7.0066 338.713977  0.000e+00
     -0.148     6.0473    21.7224    17.0759 1.1233e+00     0.5753      0.835    1458.22     92.680     6.9844 338.713977  0.000e+00
     -0.161     6.0477    21.7674    17.1113 1.0867e+00     0.5765      0.795    1458.28     92.676     6.9820 338.713978  0.000e+00
     -0.174     6.0486    21.6225    16.9972 1.1355e+00     0.5765      0.777    1458.10     92.672     6.9882 338.713978  0.000e+00
     -0.161     6.0490    21.5463    16.9372 1.1722e+00     0.5765      0.755    1458.01     92.666     6.9912 338.713979  0.000e+00
     -0.172     6.0493    21.3949    16.8179 1.1966e+00     0.5765      0.736    1457.82     92.658     6.9976 338.713979  0.000e+00
     -0.174     6.0496    21.4853    16.8890 1.1722e+00     0.5777      0.718    1457.93     92.650     6.9927 338.713980  0.000e+00
     -0.161     6.0499    21.3966    16.8192 1.1477e+00     0.5777      0.707    1457.82     92.648     6.9967 338.713980  0.000e+00
     -0.161     6.0500    21.4896    16.8924 1.1722e+00     0.5753      0.696    1457.94     92.646     6.9921 338.713981  0.000e+00
     -0.172     6.0499    21.5745    16.9592 1.1600e+00     0.5765      0.700    1458.05     92.642     6.9879 338.713981  0.000e+00
     -0.138     6.0503    21.8248    17.1562 1.0989e+00     0.5790      0.703    1458.36     92.638     6.9760 338.713981  0.000e+00
     -0.137     6.0501    21.9188    17.2303 1.0867e+00     0.5790      0.703    1458.48     92.632     6.9713 338.713982  0.000e+00
     -0.125     6.0505    22.0053    17.2983 1.0501e+00     0.5790      0.700    1458.59     92.626     6.9667 338.713982  0.000e+00
     -0.101     6.0505    22.0427    17.3278 1.0379e+00     0.5802      0.692    1458.64     92.619     6.9645 338.713983  0.000e+00
     -0.091     6.0506    22.0427    17.3278 1.0379e+00     0.5790      0.689    1458.64     92.610     6.9638 338.713983  0.000e+00
     -0.090     6.0506    22.0593    17.3408 1.0745e+00     0.5802      0.685    1458.66     92.601     6.9623 338.713984  0.000e+00
     -0.053     6.0505    22.0612    17.3423 1.0134e+00     0.5802      0.685    1458.66     92.591     6.9615 338.713984  0.000e+00
     -0.032     6.0508    22.0519    17.3350 1.0012e+00     0.5765      0.685    1458.65     92.588     6.9617 338.713985  0.000e+00
      0.006     6.0506    22.0568    17.3389 1.0012e+00     0.5753      0.674    1458.66     92.585     6.9612 338.713985  0.000e+00
      0.019     6.0508    22.0584    17.3401 9.7680e-01     0.5741      0.667    1458.66     92.580     6.9608 338.713986  0.000e+00
      0.054     6.0505    22.0626    17.3434 9.5238e-01     0.5741      0.659    1458.67     92.513     6.9556 338.713986  0.000e+00
      0.077     6.0503    22.0630    17.3438 9.8901e-01     0.5753      0.663    1458.67     92.500     6.9547 338.713987  0.000e+00
      0.101     6.0496    22.0663    17.3464 1.0012e+00     0.5753      0.707    1458.67     92.487     6.9536 338.713987  0.000e+00
      0.125     6.0492    22.0678    17.3476 1.0134e+00     0.5741      0.824    1458.67     92.473     6.9526 338.713988  0.000e+00
      0.125     6.0495    22.0678    17.3476 9.8901e-01     0.5741      0.956    1458.67     92.459     6.9515 338.713988  0.000e+00
      0.159     6.0492    22.0683    17.3481 1.0256e+00     0.5765      1.216    1458.67     92.453     6.9510 338.713989  0.000e+00
      0.161     6.0496    22.0678    17.3476 1.0623e+00     0.5765      1.220    1458.67     92.438     6.9499 338.713989  0.000e+00
      0.174     6.0499    22.0680    17.3477 1.1111e+00     0.5765      1.059    1458.67     92.423     6.9487 338.713990  0.000e+00
      0.185     6.0500    22.0682    17.3479 1.1111e+00     0.5753      0.919    1458.67     92.354     6.9435 338.713990  0.000e+00
      0.197     6.0509    22.0670    17.3469 1.1111e+00     0.5716      0.912    1458.68     92.332     6.9417 338.713991  0.000e+00
      0.197     6.0527    22.0660    17.3459 1.1477e+00     0.5729      0.894    1458.68     92.317     6.9403 338.713991  0.000e+00
      0.197     6.0541    22.0658    17.3456 1.1600e+00     0.5741      0.872    1458.69     92.240     6.9343 338.713992  0.000e+00
      0.210     6.0557    22.0653    17.3451 1.0745e+00     0.5765      0.872    1458.69     92.210     6.9319 338.713992  0.000e+00
      0.197     6.0577    22.0650    17.3446 9.8901e-01     0.5765      0.853    1458.70     92.181     6.9293 338.713993  0.000e+00
      0.185     6.0576    22.0661    17.3455 9.5238e-01     0.5777      0.923    1458.70     92.222     6.9324 338.713993  0.000e+00
      0.185     6.0571    22.0669    17.3462 9.7680e-01     0.5790      0.919    1458.70     92.147     6.9268 338.713994  0.000e+00
      0.197     6.0573    22.0672    17.3464 9.8901e-01     0.5777      0.853    1458.70     92.127     6.9253 338.713994  0.000e+00
      0.184     6.0568    22.0682    17.3472 9.2796e-01     0.5777      0.799    1458.70     92.108     6.9238 338.713995  0.000e+00
      0.185     6.0565    22.0688    17.3477 9.4017e-01     0.5765      0.791    1458.70     92.028     6.9178 338.713995  0.000e+00
      0.161     6.0562    22.0690    17.3480 9.7680e-01     0.5790      0.806    1458.70     92.002     6.9159 338.713995  0.000e+00
      0.174     6.0563    22.0693    17.3481 1.0012e+00     0.5777      0.788    1458.70     91.978     6.9141 338.713996  0.000e+00
      0.159     6.0574    22.0687    17.3476 1.0134e+00     0.5777      0.747    1458.70     91.954     6.9121 338.713996  0.000e+00
      0.161     6.0579    22.0684    17.3473 1.0012e+00     0.5777      0.722    1458.71     91.869     6.9057 338.713997  0.000e+00
      0.161     6.0581    22.0686    17.3475 9.8901e-01     0.5753      0.718    1458.71     91.840     6.9035 338.713997  0.000e+00
      0.150     6.0577    22.0688    17.3476 9.7680e-01     0.5777      0.718    1458.70     91.821     6.9021 338.713998  0.000e+00
      0.159     6.0581    22.0685    17.3474 9.6459e-01     0.5790      0.725    1458.71     91.803     6.9007 338.713998  0.000e+00
      0.150     6.0590    22.0681    17.3470 9.7680e-01     0.5802      0.758    1458.71     91.786     6.8993 338.713999  0.000e+00
      0.150     6.0599    22.0677    17.3465 9.6459e-01     0.5777      0.762    1458.71     91.772     6.8981 338.713999  0.000e+00
      0.150     6.0602    22.0676    17.3465 9.4017e-01     0.5765      0.802    1458.71     91.759     6.8970 338.714000  0.000e+00
      0.159     6.0592    22.0683    17.3471 9.5238e-01     0.5790      0.919    1458.71     91.685     6.8917 338.714000  0.000e+00
      0.161     6.0580    22.0691    17.3478 9.8901e-01     0.5777      1.128    1458.71     91.668     6.8905 338.714001  0.000e+00
      0.150     6.0560    22.0698    17.3486 1.0134e+00     0.5777      1.143    1458.70     91.653     6.8897 338.714001  0.000e+00
      0.174     6.0544    22.0705    17.3493 1.0012e+00     0.5790      1.066    1458.69     91.640     6.8890 338.714002  0.000e+00
      0.159     6.0530    22.0706    17.3495 9.8901e-01     0.5753      1.026    1458.69     91.629     6.8883 338.714002  0.000e+00
      0.185     6.0524    22.0702    17.3493 1.0012e+00     0.5741      1.066    1458.69     91.558     6.8831 338.714003  0.000e+00
      0.161     6.0519    22.0704    17.3494 1.0012e+00     0.5777      1.070    1458.68     91.543     6.8820 338.714003  0.000e+00
      0.174     6.0515    22.0706    17.3496 1.0012e+00     0.5777      1.000    1458.68     91.530     6.8812 338.714004  0.000e+00
      0.172     6.0519    22.0704    17.3494 9.7680e-01     0.5753      0.916    1458.68     91.520     6.8803 338.714004  0.000e+00
      0.185     6.0522    22.0704    17.3494 9.2796e-01     0.5741      0.846    1458.68     91.450     6.8750 338.714005  0.000e+00
      0.174     6.0522    22.0702    17.3493 8.9133e-01     0.5753      0.795    1458.68     91.436     6.8740 338.714005  0.000e+00
      0.185     6.0521    22.0703    17.3494 8.5470e-01     0.5790      0.777    1458.68     91.363     6.8686 338.714006  0.000e+00
      0.172     6.0520    22.0703    17.3494 8.1807e-01     0.5790      0.832    1458.68     91.410     6.8720 338.714006  0.000e+00
      0.174     6.0520    22.0703    17.3493 8.3028e-01     0.5802      0.919    1458.68     91.343     6.8670 338.714007  0.000e+00
      0.161     6.0517    22.0707    17.3497 8.7912e-01     0.5777      0.952    1458.68     91.332     6.8663 338.714007  0.000e+00
      0.150     6.0519    22.0675    17.3471 9.0354e-01     0.5777      0.993    1458.68     91.263     6.8611 338.714008  0.000e+00
      0.148     6.0536    22.0670    17.3466 9.2796e-01     0.5802      1.110    1458.69     91.189     6.8553 338.714008  0.000e+00
      0.138     6.0554    22.0691    17.3481 1.0134e+00     0.5790      1.114    1458.70     91.173     6.8537 338.714008  0.000e+00
      0.114     6.0550    22.0721    17.3505 1.0745e+00     0.5826      1.077    1458.70     91.098     6.8480 338.714009  0.000e+00
      0.101     6.0555    22.0735    17.3516 1.2332e+00     0.5838      1.059    1458.70     91.081     6.8466 338.714009  0.000e+00
      0.088     6.0591    22.0756    17.3529 1.3187e+00     0.5814      1.092    1458.72     91.060     6.8444 338.714010  0.000e+00
      0.054     6.0646    22.0798    17.3557 1.2454e+00     0.5826      1.103    1458.75     90.980     6.8373 338.714010  0.000e+00
      0.066     6.0701    22.0857    17.3597 1.1966e+00     0.5838      1.121    1458.78     90.959     6.8345 338.714011  0.000e+00
      0.028     6.0727    22.0896    17.3626 1.1477e+00     0.5838      1.121    1458.79     90.879     6.8279 338.714011  0.000e+00
      0.030     6.0727    22.0903    17.3631 1.0745e+00     0.5838      1.040    1458.79     90.859     6.8263 338.714012  0.000e+00
      0.019     6.0722    22.0890    17.3622 1.0134e+00     0.5838      0.949    1458.79     90.781     6.8206 338.714012  0.000e+00
     -0.006     6.0725    22.0876    17.3610 9.8901e-01     0.5814      0.912    1458.79     90.761     6.8191 338.714013  0.000e+00
     -0.007     6.0719    22.0864    17.3601 9.8901e-01     0.5814      0.927    1458.78     90.746     6.8181 338.714013  0.000e+00
     -0.017     6.0709    22.0852    17.3592 1.0134e+00     0.5838      1.081    1458.78     90.665     6.8123 338.714014  0.000e+00
     -0.030     6.0697    22.0838    17.3583 1.0256e+00     0.5838      1.121    1458.77     90.643     6.8109 338.714014  0.000e+00
     -0.041     6.0693    22.0819    17.3568 9.7680e-01     0.5838      1.048    1458.77     90.626     6.8098 338.714015  0.000e+00
     -0.043     6.0694    22.0802    17.3555 9.2796e-01     0.5838      1.117    1458.76     90.543     6.8036 338.714015  0.000e+00
     -0.053     6.0690    22.0794    17.3549 9.4017e-01     0.5826      1.216    1458.76     90.519     6.8019 338.714016  0.000e+00
     -0.053     6.0678    22.0790    17.3547 9.4017e-01     0.5826      1.253    1458.76     90.500     6.8007 338.714016  0.000e+00
