BC-1_20190212_down.cnv
* Sea-Bird SBE 9 Data File:
* FileName = C:\CTD Brukere\NIVA\OKOKYST2019\20190211\BC-1_20190212.hex
* Software Version Seasave V 7.23.2
* Temperature SN = 5352
* Conductivity SN = 3840
* Number of Bytes Per Scan = 28
* Number of Voltage Words = 4
* Number of Scans Averaged by the Deck Unit = 1
* NMEA baud rate = 4800
** Ship: R/V Trygve Braarud
** Cruise:
** Station:
** Operator:
# nquan = 12
# nvalues = 5004                                  
# units = specified
# name 0 = depSM: Depth [salt water, m], lat = 59.60
# name 1 = t090C: Temperature [ITS-90, deg C]
# name 2 = sal00: Salinity, Practical [PSU]
# name 3 = sigma-t00: Density [sigma-t, kg/m^3 ]
# name 4 = flSP: Fluorescence, Seapoint
# name 5 = wetStar: Fluorescence, WET Labs WETstar [mg/m^3]
# name 6 = seaTurbMtr: Turbidity, Seapoint [FTU]
# name 7 = svCM: Sound Velocity [Chen-Millero, m/s]
# name 8 = sbeox0PS: Oxygen, SBE 43 [% saturation]
# name 9 = sbeox0ML/L: Oxygen, SBE 43 [ml/l]
# name 10 = timeJ: Julian Days
# name 11 = flag:  0.000e+00
# span 0 =      0.093,     92.539                 
# span 1 =     1.9464,     8.2841                 
# span 2 =     5.3204,    33.7871                 
# span 3 =     4.2327,    26.4290                 
# span 4 = 1.4652e-01, 4.1514e-01                 
# span 5 =     0.1273,     0.1310                 
# span 6 =      0.011,      0.018                 
# span 7 =    1419.05,    1481.76                 
# span 8 =     11.103,     74.166                 
# span 9 =     0.7513,     6.7244                 
# span 10 =  43.714826,  43.717239                
# span 11 = 0.0000e+00, 0.0000e+00                
# interval = seconds: 0.0416667
# start_time = Feb 12 2019 17:09:21 [System UpLoad Time]
# bad_flag = -9.990e-29
*END*
[from data line 4211]
     87.349     7.2531    33.7838    26.4258 2.0757e-01     0.1298      0.018    1479.56     21.414     1.4489  43.716857  0.000e+00
     87.385     7.2531    33.7842    26.4261 2.0757e-01     0.1298      0.015    1479.56     21.401     1.4480  43.716858  0.000e+00
     87.387     7.2532    33.7841    26.4260 2.0757e-01     0.1298      0.018    1479.56     21.397     1.4477  43.716858  0.000e+00
     87.421     7.2531    33.7838    26.4258 2.0757e-01     0.1298      0.018    1479.56     21.387     1.4470  43.716859  0.000e+00
     87.423     7.2529    33.7840    26.4260 2.0757e-01     0.1298      0.015    1479.56     21.316     1.4422  43.716859  0.000e+00
     87.470     7.2532    33.7836    26.4257 2.0757e-01     0.1298      0.015    1479.56     21.302     1.4413  43.716860  0.000e+00
     87.472     7.2529    33.7843    26.4263 2.0757e-01     0.1298      0.015    1479.56     21.289     1.4404  43.716860  0.000e+00
     87.481     7.2531    33.7840    26.4260 2.0757e-01     0.1298      0.018    1479.56     21.279     1.4397  43.716861  0.000e+00
     87.581     7.2529    33.7841    26.4261 2.0757e-01     0.1298      0.015    1479.56     21.208     1.4349  43.716861  0.000e+00
     87.519     7.2531    33.7841    26.4261 2.0757e-01     0.1298      0.015    1479.56     21.256     1.4382  43.716861  0.000e+00
     87.568     7.2529    33.7839    26.4259 2.0757e-01     0.1298      0.018    1479.56     21.190     1.4337  43.716862  0.000e+00
     87.579     7.2531    33.7836    26.4257 2.0757e-01     0.1298      0.015    1479.56     21.180     1.4330  43.716862  0.000e+00
     87.617     7.2528    33.7839    26.4260 2.0757e-01     0.1298      0.015    1479.56     21.110     1.4283  43.716863  0.000e+00
     87.615     7.2528    33.7839    26.4259 2.0757e-01     0.1298      0.018    1479.56     21.097     1.4275  43.716863  0.000e+00
     87.666     7.2528    33.7841    26.4261 2.0757e-01     0.1298      0.015    1479.57     21.087     1.4268  43.716864  0.000e+00
     87.675     7.2528    33.7840    26.4260 2.0757e-01     0.1298      0.015    1479.57     21.072     1.4257  43.716864  0.000e+00
     87.701     7.2528    33.7844    26.4263 2.0757e-01     0.1298      0.018    1479.57     20.996     1.4206  43.716865  0.000e+00
     87.711     7.2528    33.7840    26.4260 2.0757e-01     0.1298      0.015    1479.57     20.978     1.4194  43.716865  0.000e+00
     87.726     7.2525    33.7843    26.4263 2.0757e-01     0.1310      0.018    1479.57     20.962     1.4183  43.716866  0.000e+00
     87.749     7.2526    33.7844    26.4264 2.0757e-01     0.1298      0.015    1479.57     20.949     1.4174  43.716866  0.000e+00
     87.762     7.2522    33.7846    26.4266 2.0757e-01     0.1298      0.018    1479.57     20.938     1.4167  43.716867  0.000e+00
     87.796     7.2525    33.7842    26.4262 2.0757e-01     0.1298      0.018    1479.57     20.868     1.4119  43.716867  0.000e+00
     87.822     7.2521    33.7845    26.4265 2.0757e-01     0.1298      0.015    1479.57     20.855     1.4111  43.716868  0.000e+00
     87.832     7.2521    33.7850    26.4269 2.0757e-01     0.1298      0.015    1479.57     20.853     1.4109  43.716868  0.000e+00
     87.871     7.2519    33.7850    26.4269 2.0757e-01     0.1298      0.018    1479.57     20.783     1.4062  43.716869  0.000e+00
     87.881     7.2519    33.7849    26.4268 2.1978e-01     0.1298      0.015    1479.57     20.772     1.4055  43.716869  0.000e+00
     87.905     7.2518    33.7848    26.4268 2.0757e-01     0.1298      0.015    1479.57     20.764     1.4049  43.716870  0.000e+00
     87.918     7.2518    33.7849    26.4269 2.0757e-01     0.1298      0.015    1479.57     20.759     1.4046  43.716870  0.000e+00
     87.954     7.2516    33.7851    26.4271 2.0757e-01     0.1298      0.018    1479.57     20.695     1.4002  43.716871  0.000e+00
     87.967     7.2518    33.7848    26.4268 2.0757e-01     0.1298      0.018    1479.57     20.689     1.3998  43.716871  0.000e+00
     87.977     7.2518    33.7849    26.4269 2.0757e-01     0.1298      0.015    1479.57     20.616     1.3949  43.716872  0.000e+00
     88.016     7.2519    33.7845    26.4266 2.0757e-01     0.1298      0.015    1479.57     20.601     1.3939  43.716872  0.000e+00
     88.026     7.2518    33.7847    26.4267 2.0757e-01     0.1298      0.015    1479.57     20.590     1.3932  43.716873  0.000e+00
     88.052     7.2516    33.7850    26.4270 2.1978e-01     0.1298      0.015    1479.57     20.583     1.3927  43.716873  0.000e+00
     88.062     7.2516    33.7848    26.4268 2.1978e-01     0.1298      0.015    1479.57     20.516     1.3882  43.716874  0.000e+00
     88.099     7.2516    33.7849    26.4269 2.1978e-01     0.1298      0.015    1479.57     20.509     1.3876  43.716874  0.000e+00
     88.112     7.2516    33.7852    26.4271 2.1978e-01     0.1298      0.015    1479.57     20.497     1.3868  43.716875  0.000e+00
     88.135     7.2516    33.7853    26.4272 2.1978e-01     0.1298      0.015    1479.57     20.426     1.3820  43.716875  0.000e+00
     88.148     7.2515    33.7853    26.4272 2.0757e-01     0.1298      0.015    1479.57     20.413     1.3812  43.716875  0.000e+00
     88.184     7.2513    33.7850    26.4270 2.0757e-01     0.1298      0.015    1479.57     20.342     1.3764  43.716876  0.000e+00
     88.197     7.2515    33.7850    26.4270 2.1978e-01     0.1298      0.015    1479.57     20.330     1.3756  43.716876  0.000e+00
     88.220     7.2511    33.7855    26.4274 2.1978e-01     0.1298      0.015    1479.57     20.323     1.3751  43.716877  0.000e+00
     88.233     7.2513    33.7851    26.4271 2.0757e-01     0.1298      0.015    1479.57     20.311     1.3743  43.716877  0.000e+00
     88.269     7.2511    33.7852    26.4272 2.0757e-01     0.1298      0.018    1479.57     20.249     1.3701  43.716878  0.000e+00
     88.280     7.2511    33.7857    26.4276 2.0757e-01     0.1298      0.015    1479.57     20.238     1.3693  43.716878  0.000e+00
     88.306     7.2510    33.7857    26.4276 2.1978e-01     0.1298      0.015    1479.57     20.231     1.3689  43.716879  0.000e+00
     88.329     7.2513    33.7851    26.4271 2.0757e-01     0.1298      0.015    1479.57     20.165     1.3644  43.716879  0.000e+00
     88.342     7.2508    33.7854    26.4274 2.0757e-01     0.1298      0.018    1479.57     20.152     1.3635  43.716880  0.000e+00
     88.365     7.2511    33.7856    26.4275 2.0757e-01     0.1298      0.018    1479.57     20.079     1.3586  43.716880  0.000e+00
     88.414     7.2511    33.7855    26.4274 2.0757e-01     0.1298      0.018    1479.57     20.067     1.3577  43.716881  0.000e+00
     88.403     7.2511    33.7852    26.4272 2.0757e-01     0.1298      0.018    1479.57     20.058     1.3572  43.716881  0.000e+00
     88.425     7.2511    33.7853    26.4273 2.0757e-01     0.1298      0.018    1479.57     20.054     1.3569  43.716882  0.000e+00
     88.464     7.2508    33.7857    26.4276 2.0757e-01     0.1298      0.015    1479.57     19.992     1.3527  43.716882  0.000e+00
     88.474     7.2508    33.7858    26.4277 2.0757e-01     0.1298      0.015    1479.57     19.982     1.3520  43.716883  0.000e+00
     88.476     7.2510    33.7855    26.4275 2.0757e-01     0.1298      0.015    1479.57     19.976     1.3516  43.716883  0.000e+00
     88.546     7.2509    33.7855    26.4275 2.0757e-01     0.1298      0.018    1479.57     19.912     1.3473  43.716884  0.000e+00
     88.546     7.2507    33.7856    26.4276 2.0757e-01     0.1298      0.015    1479.57     19.907     1.3470  43.716884  0.000e+00
     88.561     7.2507    33.7857    26.4277 2.0757e-01     0.1298      0.015    1479.57     19.837     1.3422  43.716885  0.000e+00
     88.582     7.2505    33.7859    26.4279 2.0757e-01     0.1298      0.018    1479.57     19.835     1.3421  43.716885  0.000e+00
     88.606     7.2508    33.7853    26.4274 2.1978e-01     0.1298      0.015    1479.58     19.767     1.3375  43.716886  0.000e+00
     88.632     7.2505    33.7860    26.4279 2.1978e-01     0.1298      0.015    1479.58     19.759     1.3370  43.716886  0.000e+00
     88.655     7.2505    33.7857    26.4277 2.1978e-01     0.1298      0.018    1479.58     19.748     1.3362  43.716887  0.000e+00
     88.657     7.2505    33.7860    26.4279 2.1978e-01     0.1298      0.015    1479.58     19.680     1.3316  43.716887  0.000e+00
     88.691     7.2504    33.7859    26.4279 2.0757e-01     0.1298      0.015    1479.58     19.672     1.3310  43.716888  0.000e+00
     88.716     7.2505    33.7853    26.4273 2.0757e-01     0.1298      0.015    1479.58     19.606     1.3266  43.716888  0.000e+00
     88.742     7.2505    33.7856    26.4276 2.1978e-01     0.1298      0.018    1479.58     19.592     1.3257  43.716889  0.000e+00
     88.764     7.2507    33.7854    26.4274 2.0757e-01     0.1298      0.015    1479.58     19.521     1.3209  43.716889  0.000e+00
     88.779     7.2505    33.7859    26.4278 2.1978e-01     0.1298      0.015    1479.58     19.511     1.3201  43.716889  0.000e+00
     88.800     7.2504    33.7858    26.4277 2.0757e-01     0.1298      0.015    1479.58     19.443     1.3156  43.716890  0.000e+00
     88.825     7.2504    33.7858    26.4278 2.1978e-01     0.1298      0.018    1479.58     19.436     1.3151  43.716890  0.000e+00
     88.864     7.2505    33.7856    26.4276 2.1978e-01     0.1298      0.015    1479.58     19.364     1.3102  43.716891  0.000e+00
     88.861     7.2505    33.7860    26.4279 2.0757e-01     0.1298      0.015    1479.58     19.352     1.3094  43.716891  0.000e+00
     88.885     7.2504    33.7857    26.4277 2.0757e-01     0.1298      0.018    1479.58     19.347     1.3091  43.716892  0.000e+00
     88.911     7.2505    33.7852    26.4273 2.1978e-01     0.1298      0.018    1479.58     19.276     1.3043  43.716892  0.000e+00
     88.934     7.2504    33.7855    26.4275 2.1978e-01     0.1298      0.015    1479.58     19.204     1.2994  43.716893  0.000e+00
     88.945     7.2504    33.7858    26.4277 2.1978e-01     0.1298      0.015    1479.58     19.193     1.2986  43.716893  0.000e+00
     88.985     7.2505    33.7857    26.4277 2.1978e-01     0.1298      0.018    1479.58     19.125     1.2941  43.716894  0.000e+00
     88.994     7.2504    33.7857    26.4277 2.1978e-01     0.1298      0.018    1479.58     19.111     1.2931  43.716894  0.000e+00
     89.020     7.2504    33.7858    26.4278 2.0757e-01     0.1298      0.018    1479.58     19.040     1.2883  43.716895  0.000e+00
     89.055     7.2504    33.7856    26.4276 2.0757e-01     0.1298      0.018    1479.58     19.022     1.2871  43.716895  0.000e+00
     89.066     7.2504    33.7856    26.4276 2.1978e-01     0.1298      0.018    1479.58     18.948     1.2821  43.716896  0.000e+00
     89.069     7.2500    33.7858    26.4279 2.0757e-01     0.1298      0.015    1479.58     18.873     1.2770  43.716896  0.000e+00
     89.115     7.2502    33.7861    26.4281 2.1978e-01     0.1298      0.015    1479.58     18.859     1.2760  43.716897  0.000e+00
     89.126     7.2502    33.7858    26.4278 2.0757e-01     0.1298      0.018    1479.58     18.844     1.2750  43.716897  0.000e+00
     89.154     7.2500    33.7859    26.4279 2.1978e-01     0.1298      0.015    1479.58     18.772     1.2702  43.716898  0.000e+00
     89.164     7.2500    33.7863    26.4282 2.1978e-01     0.1298      0.015    1479.58     18.700     1.2653  43.716898  0.000e+00
     89.187     7.2500    33.7862    26.4281 2.1978e-01     0.1298      0.018    1479.58     18.682     1.2641  43.716899  0.000e+00
     89.226     7.2502    33.7861    26.4280 2.1978e-01     0.1298      0.015    1479.58     18.670     1.2633  43.716899  0.000e+00
     89.236     7.2500    33.7861    26.4281 2.0757e-01     0.1298      0.018    1479.58     18.595     1.2582  43.716900  0.000e+00
     89.260     7.2500    33.7859    26.4279 2.1978e-01     0.1298      0.015    1479.58     18.581     1.2573  43.716900  0.000e+00
     89.286     7.2500    33.7859    26.4279 2.1978e-01     0.1298      0.018    1479.58     18.511     1.2525  43.716901  0.000e+00
     89.296     7.2500    33.7862    26.4281 2.1978e-01     0.1298      0.015    1479.58     18.503     1.2520  43.716901  0.000e+00
     89.320     7.2500    33.7861    26.4280 2.1978e-01     0.1298      0.015    1479.58     18.432     1.2472  43.716902  0.000e+00
     89.311     7.2500    33.7861    26.4280 2.1978e-01     0.1298      0.015    1479.58     18.360     1.2423  43.716902  0.000e+00
     89.405     7.2499    33.7863    26.4282 2.1978e-01     0.1298      0.015    1479.59     18.351     1.2417  43.716902  0.000e+00
     89.381     7.2500    33.7860    26.4280 2.1978e-01     0.1298      0.015    1479.59     18.278     1.2367  43.716903  0.000e+00
     89.417     7.2499    33.7862    26.4281 2.1978e-01     0.1298      0.015    1479.59     18.267     1.2360  43.716903  0.000e+00
     89.444     7.2500    33.7858    26.4278 2.1978e-01     0.1298      0.018    1479.59     18.193     1.2310  43.716904  0.000e+00
     89.454     7.2500    33.7859    26.4279 2.1978e-01     0.1298      0.018    1479.59     18.182     1.2302  43.716904  0.000e+00
     89.479     7.2500    33.7860    26.4280 2.1978e-01     0.1298      0.015    1479.59     18.115     1.2257  43.716905  0.000e+00
     89.505     7.2499    33.7861    26.4281 2.1978e-01     0.1310      0.015    1479.59     18.110     1.2254  43.716905  0.000e+00
     89.514     7.2500    33.7861    26.4281 2.1978e-01     0.1298      0.015    1479.59     18.043     1.2209  43.716906  0.000e+00
     89.550     7.2502    33.7858    26.4278 2.1978e-01     0.1298      0.018    1479.59     17.976     1.2163  43.716906  0.000e+00
     89.554     7.2500    33.7857    26.4277 2.1978e-01     0.1298      0.015    1479.59     17.972     1.2160  43.716907  0.000e+00
     89.586     7.2499    33.7861    26.4281 2.1978e-01     0.1298      0.015    1479.59     17.905     1.2115  43.716907  0.000e+00
     89.611     7.2499    33.7866    26.4285 2.1978e-01     0.1298      0.018    1479.59     17.901     1.2112  43.716908  0.000e+00
     89.624     7.2500    33.7858    26.4278 2.1978e-01     0.1298      0.015    1479.59     17.897     1.2110  43.716908  0.000e+00
     89.650     7.2499    33.7862    26.4281 2.1978e-01     0.1298      0.018    1479.59     17.838     1.2070  43.716909  0.000e+00
     89.671     7.2500    33.7861    26.4281 2.0757e-01     0.1298      0.015    1479.59     17.834     1.2067  43.716909  0.000e+00
     89.709     7.2499    33.7865    26.4284 2.1978e-01     0.1298      0.018    1479.59     17.775     1.2027  43.716910  0.000e+00
     89.710     7.2500    33.7857    26.4278 2.1978e-01     0.1310      0.015    1479.59     17.716     1.1987  43.716910  0.000e+00
     89.744     7.2502    33.7854    26.4275 2.1978e-01     0.1298      0.015    1479.59     17.650     1.1943  43.716911  0.000e+00
     89.756     7.2499    33.7862    26.4282 2.1978e-01     0.1298      0.015    1479.59     17.647     1.1941  43.716911  0.000e+00
     89.793     7.2497    33.7865    26.4284 2.1978e-01     0.1298      0.018    1479.59     17.583     1.1897  43.716912  0.000e+00
     89.795     7.2500    33.7862    26.4281 2.0757e-01     0.1298      0.015    1479.59     17.581     1.1896  43.716912  0.000e+00
     89.829     7.2499    33.7864    26.4283 2.1978e-01     0.1298      0.015    1479.59     17.517     1.1852  43.716913  0.000e+00
     89.854     7.2497    33.7864    26.4284 2.1978e-01     0.1298      0.015    1479.59     17.516     1.1852  43.716913  0.000e+00
     89.865     7.2500    33.7859    26.4279 2.1978e-01     0.1298      0.015    1479.59     17.515     1.1851  43.716914  0.000e+00
     89.904     7.2497    33.7859    26.4279 2.1978e-01     0.1298      0.015    1479.59     17.398     1.1772  43.716914  0.000e+00
