BC-1_20190212_down.cnv
* Sea-Bird SBE 9 Data File:
* FileName = C:\CTD Brukere\NIVA\OKOKYST2019\20190211\BC-1_20190212.hex
* Software Version Seasave V 7.23.2
* Temperature SN = 5352
* Conductivity SN = 3840
* Number of Bytes Per Scan = 28
* Number of Voltage Words = 4
* Number of Scans Averaged by the Deck Unit = 1
* NMEA baud rate = 4800
** Ship: R/V Trygve Braarud
** Cruise:
** Station:
** Operator:
# nquan = 12
# nvalues = 5004                                  
# units = specified
# name 0 = depSM: Depth [salt water, m], lat = 59.60
# name 1 = t090C: Temperature [ITS-90, deg C]
# name 2 = sal00: Salinity, Practical [PSU]
# name 3 = sigma-t00: Density [sigma-t, kg/m^3 ]
# name 4 = flSP: Fluorescence, Seapoint
# name 5 = wetStar: Fluorescence, WET Labs WETstar [mg/m^3]
# name 6 = seaTurbMtr: Turbidity, Seapoint [FTU]
# name 7 = svCM: Sound Velocity [Chen-Millero, m/s]
# name 8 = sbeox0PS: Oxygen, SBE 43 [% saturation]
# name 9 = sbeox0ML/L: Oxygen, SBE 43 [ml/l]
# name 10 = timeJ: Julian Days
# name 11 = flag:  0.000e+00
# span 0 =      0.093,     92.539                 
# span 1 =     1.9464,     8.2841                 
# span 2 =     5.3204,    33.7871                 
# span 3 =     4.2327,    26.4290                 
# span 4 = 1.4652e-01, 4.1514e-01                 
# span 5 =     0.1273,     0.1310                 
# span 6 =      0.011,      0.018                 
# span 7 =    1419.05,    1481.76                 
# span 8 =     11.103,     74.166                 
# span 9 =     0.7513,     6.7244                 
# span 10 =  43.714826,  43.717239                
# span 11 = 0.0000e+00, 0.0000e+00                
# interval = seconds: 0.0416667
# start_time = Feb 12 2019 17:09:21 [System UpLoad Time]
# bad_flag = -9.990e-29
*END*
[from data line 3249]
     65.111     7.3342    33.7337    26.3750 1.7094e-01     0.1298      0.015    1479.44     30.486     2.0595  43.716393  0.000e+00
     65.132     7.3340    33.7334    26.3749 1.7094e-01     0.1298      0.015    1479.44     30.439     2.0564  43.716394  0.000e+00
     65.168     7.3337    33.7340    26.3754 1.7094e-01     0.1298      0.015    1479.44     30.448     2.0570  43.716394  0.000e+00
     65.168     7.3335    33.7339    26.3753 1.7094e-01     0.1298      0.015    1479.44     30.463     2.0580  43.716395  0.000e+00
     65.207     7.3334    33.7337    26.3752 1.7094e-01     0.1298      0.015    1479.44     30.354     2.0507  43.716395  0.000e+00
     65.230     7.3334    33.7336    26.3751 1.7094e-01     0.1298      0.018    1479.44     30.355     2.0507  43.716396  0.000e+00
     65.253     7.3329    33.7341    26.3755 1.7094e-01     0.1298      0.015    1479.44     30.363     2.0513  43.716396  0.000e+00
     65.267     7.3332    33.7335    26.3751 1.7094e-01     0.1285      0.015    1479.44     30.308     2.0476  43.716397  0.000e+00
     65.301     7.3326    33.7343    26.3757 1.7094e-01     0.1298      0.015    1479.44     30.316     2.0481  43.716397  0.000e+00
     65.326     7.3326    33.7341    26.3756 1.8315e-01     0.1298      0.018    1479.44     30.323     2.0486  43.716398  0.000e+00
     65.337     7.3323    33.7341    26.3756 1.7094e-01     0.1298      0.015    1479.44     30.275     2.0454  43.716398  0.000e+00
     65.352     7.3318    33.7345    26.3760 1.7094e-01     0.1298      0.015    1479.44     30.220     2.0417  43.716399  0.000e+00
     65.386     7.3318    33.7342    26.3758 1.7094e-01     0.1285      0.018    1479.44     30.226     2.0421  43.716399  0.000e+00
     65.410     7.3316    33.7345    26.3761 1.7094e-01     0.1298      0.018    1479.44     30.233     2.0425  43.716399  0.000e+00
     65.436     7.3313    33.7344    26.3760 1.7094e-01     0.1298      0.018    1479.44     30.239     2.0429  43.716400  0.000e+00
     65.458     7.3311    33.7344    26.3761 1.7094e-01     0.1298      0.015    1479.44     30.189     2.0396  43.716400  0.000e+00
     65.482     7.3313    33.7344    26.3760 1.7094e-01     0.1298      0.015    1479.44     30.131     2.0357  43.716401  0.000e+00
     65.506     7.3309    33.7345    26.3761 1.7094e-01     0.1285      0.015    1479.44     30.135     2.0360  43.716401  0.000e+00
     65.521     7.3306    33.7348    26.3764 1.7094e-01     0.1298      0.018    1479.44     30.139     2.0362  43.716402  0.000e+00
     65.542     7.3305    33.7347    26.3764 1.7094e-01     0.1298      0.018    1479.44     30.087     2.0327  43.716402  0.000e+00
     65.567     7.3306    33.7345    26.3762 1.7094e-01     0.1298      0.015    1479.44     30.089     2.0329  43.716403  0.000e+00
     65.593     7.3306    33.7349    26.3765 1.7094e-01     0.1298      0.015    1479.44     30.036     2.0293  43.716403  0.000e+00
     65.615     7.3303    33.7349    26.3765 1.7094e-01     0.1298      0.015    1479.44     29.975     2.0252  43.716404  0.000e+00
     65.640     7.3303    33.7345    26.3762 1.7094e-01     0.1298      0.018    1479.44     29.976     2.0252  43.716404  0.000e+00
     65.666     7.3301    33.7346    26.3763 1.7094e-01     0.1298      0.018    1479.44     29.984     2.0258  43.716405  0.000e+00
     65.687     7.3300    33.7346    26.3764 1.7094e-01     0.1298      0.018    1479.44     29.929     2.0221  43.716405  0.000e+00
     65.711     7.3299    33.7347    26.3765 1.7094e-01     0.1298      0.018    1479.44     29.874     2.0184  43.716406  0.000e+00
     65.726     7.3300    33.7349    26.3766 1.7094e-01     0.1298      0.018    1479.44     29.873     2.0183  43.716406  0.000e+00
     65.760     7.3298    33.7346    26.3764 1.7094e-01     0.1298      0.015    1479.44     29.871     2.0182  43.716407  0.000e+00
     65.760     7.3297    33.7351    26.3768 1.7094e-01     0.1298      0.018    1479.44     29.815     2.0144  43.716407  0.000e+00
     65.798     7.3294    33.7353    26.3770 1.7094e-01     0.1298      0.018    1479.44     29.750     2.0100  43.716408  0.000e+00
     65.832     7.3294    33.7350    26.3768 1.8315e-01     0.1298      0.015    1479.44     29.747     2.0098  43.716408  0.000e+00
     65.845     7.3292    33.7351    26.3769 1.7094e-01     0.1298      0.015    1479.44     29.751     2.0101  43.716409  0.000e+00
     65.871     7.3291    33.7353    26.3771 1.7094e-01     0.1298      0.015    1479.44     29.692     2.0061  43.716409  0.000e+00
     65.892     7.3289    33.7352    26.3770 1.8315e-01     0.1298      0.015    1479.44     29.633     2.0021  43.716410  0.000e+00
     65.916     7.3290    33.7351    26.3769 1.7094e-01     0.1298      0.015    1479.44     29.629     2.0018  43.716410  0.000e+00
     65.931     7.3287    33.7352    26.3771 1.8315e-01     0.1298      0.018    1479.44     29.631     2.0020  43.716411  0.000e+00
     65.965     7.3288    33.7347    26.3766 1.8315e-01     0.1298      0.015    1479.44     29.641     2.0027  43.716411  0.000e+00
     65.977     7.3286    33.7352    26.3770 1.7094e-01     0.1298      0.015    1479.44     29.588     1.9991  43.716412  0.000e+00
     66.014     7.3284    33.7348    26.3768 1.7094e-01     0.1298      0.018    1479.44     29.527     1.9950  43.716412  0.000e+00
     66.026     7.3283    33.7351    26.3770 1.7094e-01     0.1298      0.015    1479.44     29.527     1.9950  43.716413  0.000e+00
     66.061     7.3279    33.7354    26.3773 1.7094e-01     0.1298      0.018    1479.44     29.535     1.9956  43.716413  0.000e+00
     66.076     7.3275    33.7354    26.3774 1.8315e-01     0.1298      0.015    1479.43     29.480     1.9919  43.716413  0.000e+00
     66.110     7.3276    33.7353    26.3773 1.7094e-01     0.1298      0.015    1479.44     29.487     1.9924  43.716414  0.000e+00
     66.122     7.3272    33.7359    26.3778 1.8315e-01     0.1298      0.018    1479.43     29.432     1.9886  43.716414  0.000e+00
     66.148     7.3268    33.7364    26.3782 1.7094e-01     0.1298      0.015    1479.43     29.430     1.9885  43.716415  0.000e+00
     66.157     7.3270    33.7364    26.3782 1.7094e-01     0.1298      0.015    1479.44     29.373     1.9846  43.716415  0.000e+00
     66.193     7.3271    33.7363    26.3781 1.7094e-01     0.1298      0.018    1479.44     29.370     1.9844  43.716416  0.000e+00
     66.219     7.3272    33.7366    26.3784 1.7094e-01     0.1298      0.015    1479.44     29.311     1.9805  43.716416  0.000e+00
     66.242     7.3275    33.7368    26.3784 1.8315e-01     0.1298      0.018    1479.44     29.377     1.9849  43.716417  0.000e+00
     66.257     7.3275    33.7374    26.3789 1.8315e-01     0.1298      0.015    1479.44     29.325     1.9814  43.716417  0.000e+00
     66.291     7.3280    33.7375    26.3790 1.8315e-01     0.1298      0.015    1479.44     29.272     1.9778  43.716418  0.000e+00
     66.315     7.3281    33.7378    26.3792 1.7094e-01     0.1298      0.018    1479.44     29.219     1.9742  43.716418  0.000e+00
     66.328     7.3287    33.7378    26.3790 1.7094e-01     0.1298      0.018    1479.45     29.275     1.9779  43.716419  0.000e+00
     66.362     7.3290    33.7379    26.3791 1.7094e-01     0.1298      0.015    1479.45     29.220     1.9742  43.716419  0.000e+00
     66.377     7.3292    33.7381    26.3792 1.7094e-01     0.1285      0.015    1479.45     29.227     1.9747  43.716420  0.000e+00
     66.411     7.3295    33.7375    26.3787 1.7094e-01     0.1298      0.015    1479.45     29.233     1.9751  43.716420  0.000e+00
     66.423     7.3295    33.7377    26.3789 1.7094e-01     0.1298      0.015    1479.45     29.184     1.9717  43.716421  0.000e+00
     66.462     7.3297    33.7377    26.3788 1.7094e-01     0.1298      0.015    1479.45     29.196     1.9725  43.716421  0.000e+00
     66.460     7.3297    33.7377    26.3789 1.7094e-01     0.1298      0.015    1479.45     29.145     1.9691  43.716422  0.000e+00
     66.507     7.3298    33.7374    26.3786 1.7094e-01     0.1298      0.018    1479.45     29.147     1.9692  43.716422  0.000e+00
     66.509     7.3294    33.7382    26.3793 1.7094e-01     0.1298      0.018    1479.45     29.094     1.9657  43.716423  0.000e+00
     66.543     7.3295    33.7374    26.3786 1.8315e-01     0.1298      0.018    1479.45     29.103     1.9662  43.716423  0.000e+00
     66.569     7.3292    33.7377    26.3789 1.7094e-01     0.1298      0.015    1479.45     29.118     1.9673  43.716424  0.000e+00
     66.592     7.3289    33.7380    26.3792 1.8315e-01     0.1298      0.015    1479.45     29.070     1.9641  43.716424  0.000e+00
     66.618     7.3288    33.7381    26.3793 1.7094e-01     0.1285      0.015    1479.45     29.076     1.9645  43.716425  0.000e+00
     66.641     7.3284    33.7379    26.3792 1.8315e-01     0.1298      0.015    1479.45     29.089     1.9654  43.716425  0.000e+00
     66.665     7.3281    33.7381    26.3794 1.7094e-01     0.1298      0.018    1479.45     29.046     1.9625  43.716426  0.000e+00
     66.678     7.3278    33.7383    26.3796 1.7094e-01     0.1298      0.015    1479.45     29.057     1.9632  43.716426  0.000e+00
     66.712     7.3275    33.7386    26.3799 1.8315e-01     0.1298      0.015    1479.45     29.012     1.9602  43.716427  0.000e+00
     66.725     7.3271    33.7388    26.3801 1.7094e-01     0.1298      0.015    1479.45     29.021     1.9608  43.716427  0.000e+00
     66.748     7.3270    33.7386    26.3799 1.7094e-01     0.1298      0.018    1479.45     29.028     1.9613  43.716427  0.000e+00
     66.772     7.3263    33.7390    26.3804 1.7094e-01     0.1285      0.018    1479.45     28.980     1.9581  43.716428  0.000e+00
     66.799     7.3261    33.7390    26.3804 1.7094e-01     0.1298      0.015    1479.45     28.993     1.9590  43.716428  0.000e+00
     66.833     7.3255    33.7393    26.3807 1.7094e-01     0.1298      0.018    1479.44     29.004     1.9598  43.716429  0.000e+00
     66.847     7.3250    33.7397    26.3810 1.7094e-01     0.1298      0.018    1479.44     28.952     1.9563  43.716429  0.000e+00
     66.870     7.3249    33.7391    26.3807 1.8315e-01     0.1298      0.015    1479.44     28.899     1.9527  43.716430  0.000e+00
     66.883     7.3242    33.7400    26.3814 1.7094e-01     0.1285      0.015    1479.44     28.969     1.9574  43.716430  0.000e+00
     66.917     7.3239    33.7404    26.3818 1.7094e-01     0.1298      0.015    1479.44     28.921     1.9542  43.716431  0.000e+00
     66.930     7.3236    33.7402    26.3817 1.8315e-01     0.1298      0.018    1479.44     28.925     1.9545  43.716431  0.000e+00
     66.966     7.3234    33.7404    26.3818 1.7094e-01     0.1298      0.015    1479.44     28.874     1.9510  43.716432  0.000e+00
     66.978     7.3230    33.7404    26.3819 1.7094e-01     0.1298      0.015    1479.44     28.946     1.9559  43.716432  0.000e+00
     67.015     7.3226    33.7400    26.3817 1.7094e-01     0.1298      0.018    1479.44     28.899     1.9527  43.716433  0.000e+00
     67.038     7.3223    33.7402    26.3818 1.7094e-01     0.1298      0.015    1479.44     28.904     1.9531  43.716433  0.000e+00
     67.039     7.3219    33.7402    26.3819 1.8315e-01     0.1298      0.018    1479.44     28.853     1.9497  43.716434  0.000e+00
     67.075     7.3215    33.7405    26.3822 1.7094e-01     0.1298      0.018    1479.43     28.863     1.9504  43.716434  0.000e+00
     67.100     7.3210    33.7405    26.3823 1.7094e-01     0.1298      0.015    1479.43     28.879     1.9515  43.716435  0.000e+00
     67.111     7.3207    33.7412    26.3828 1.7094e-01     0.1310      0.018    1479.43     28.831     1.9482  43.716435  0.000e+00
     67.148     7.3202    33.7412    26.3830 1.7094e-01     0.1298      0.018    1479.43     28.835     1.9485  43.716436  0.000e+00
     67.158     7.3197    33.7414    26.3831 1.8315e-01     0.1298      0.018    1479.43     28.845     1.9492  43.716436  0.000e+00
     67.196     7.3197    33.7410    26.3828 1.7094e-01     0.1298      0.015    1479.43     28.861     1.9503  43.716437  0.000e+00
     67.220     7.3194    33.7414    26.3832 1.8315e-01     0.1298      0.015    1479.43     28.812     1.9470  43.716437  0.000e+00
     67.231     7.3187    33.7418    26.3836 1.7094e-01     0.1285      0.015    1479.43     28.762     1.9436  43.716438  0.000e+00
     67.269     7.3186    33.7419    26.3837 1.7094e-01     0.1298      0.015    1479.43     28.826     1.9480  43.716438  0.000e+00
     67.280     7.3186    33.7420    26.3838 1.8315e-01     0.1298      0.018    1479.43     28.779     1.9448  43.716439  0.000e+00
     67.305     7.3183    33.7423    26.3840 1.8315e-01     0.1298      0.015    1479.43     28.785     1.9452  43.716439  0.000e+00
     67.327     7.3181    33.7420    26.3839 1.8315e-01     0.1298      0.015    1479.43     28.795     1.9459  43.716440  0.000e+00
     67.365     7.3178    33.7426    26.3844 1.7094e-01     0.1298      0.018    1479.43     28.741     1.9423  43.716440  0.000e+00
     67.376     7.3178    33.7425    26.3843 1.7094e-01     0.1298      0.015    1479.43     28.755     1.9432  43.716440  0.000e+00
     67.401     7.3177    33.7424    26.3842 1.8315e-01     0.1298      0.015    1479.43     28.767     1.9440  43.716441  0.000e+00
     67.436     7.3173    33.7430    26.3848 1.7094e-01     0.1298      0.018    1479.43     28.714     1.9404  43.716441  0.000e+00
     67.450     7.3175    33.7427    26.3845 1.8315e-01     0.1298      0.015    1479.43     28.713     1.9404  43.716442  0.000e+00
     67.485     7.3171    33.7433    26.3850 1.8315e-01     0.1298      0.018    1479.43     28.725     1.9412  43.716442  0.000e+00
     67.498     7.3172    33.7431    26.3849 1.8315e-01     0.1298      0.015    1479.43     28.734     1.9418  43.716443  0.000e+00
     67.508     7.3172    33.7428    26.3846 1.8315e-01     0.1298      0.015    1479.43     28.687     1.9386  43.716443  0.000e+00
     67.546     7.3168    33.7436    26.3853 1.7094e-01     0.1298      0.015    1479.43     28.699     1.9395  43.716444  0.000e+00
     67.581     7.3171    33.7434    26.3851 1.8315e-01     0.1298      0.015    1479.43     28.709     1.9401  43.716444  0.000e+00
     67.594     7.3172    33.7431    26.3848 1.8315e-01     0.1298      0.018    1479.43     28.724     1.9411  43.716445  0.000e+00
     67.617     7.3172    33.7434    26.3851 1.8315e-01     0.1298      0.015    1479.43     28.673     1.9377  43.716445  0.000e+00
     67.642     7.3171    33.7434    26.3851 1.8315e-01     0.1298      0.015    1479.43     28.683     1.9384  43.716446  0.000e+00
     67.677     7.3174    33.7428    26.3846 1.7094e-01     0.1298      0.015    1479.43     28.690     1.9388  43.716446  0.000e+00
     67.690     7.3171    33.7428    26.3847 1.8315e-01     0.1298      0.018    1479.43     28.701     1.9396  43.716447  0.000e+00
     67.713     7.3168    33.7436    26.3853 1.7094e-01     0.1298      0.018    1479.43     28.717     1.9407  43.716447  0.000e+00
     67.751     7.3171    33.7433    26.3851 1.8315e-01     0.1298      0.015    1479.43     28.668     1.9373  43.716448  0.000e+00
     67.775     7.3172    33.7433    26.3850 1.8315e-01     0.1298      0.018    1479.43     28.678     1.9380  43.716448  0.000e+00
     67.786     7.3172    33.7430    26.3848 1.8315e-01     0.1298      0.015    1479.43     28.693     1.9390  43.716449  0.000e+00
     67.824     7.3168    33.7436    26.3853 1.8315e-01     0.1298      0.015    1479.43     28.642     1.9356  43.716449  0.000e+00
     67.835     7.3167    33.7434    26.3851 1.8315e-01     0.1298      0.018    1479.43     28.651     1.9362  43.716450  0.000e+00
     67.871     7.3167    33.7434    26.3851 1.8315e-01     0.1298      0.015    1479.43     28.657     1.9366  43.716450  0.000e+00
