BC-1_20190212_down.cnv
* Sea-Bird SBE 9 Data File:
* FileName = C:\CTD Brukere\NIVA\OKOKYST2019\20190211\BC-1_20190212.hex
* Software Version Seasave V 7.23.2
* Temperature SN = 5352
* Conductivity SN = 3840
* Number of Bytes Per Scan = 28
* Number of Voltage Words = 4
* Number of Scans Averaged by the Deck Unit = 1
* NMEA baud rate = 4800
** Ship: R/V Trygve Braarud
** Cruise:
** Station:
** Operator:
# nquan = 12
# nvalues = 5004                                  
# units = specified
# name 0 = depSM: Depth [salt water, m], lat = 59.60
# name 1 = t090C: Temperature [ITS-90, deg C]
# name 2 = sal00: Salinity, Practical [PSU]
# name 3 = sigma-t00: Density [sigma-t, kg/m^3 ]
# name 4 = flSP: Fluorescence, Seapoint
# name 5 = wetStar: Fluorescence, WET Labs WETstar [mg/m^3]
# name 6 = seaTurbMtr: Turbidity, Seapoint [FTU]
# name 7 = svCM: Sound Velocity [Chen-Millero, m/s]
# name 8 = sbeox0PS: Oxygen, SBE 43 [% saturation]
# name 9 = sbeox0ML/L: Oxygen, SBE 43 [ml/l]
# name 10 = timeJ: Julian Days
# name 11 = flag:  0.000e+00
# span 0 =      0.093,     92.539                 
# span 1 =     1.9464,     8.2841                 
# span 2 =     5.3204,    33.7871                 
# span 3 =     4.2327,    26.4290                 
# span 4 = 1.4652e-01, 4.1514e-01                 
# span 5 =     0.1273,     0.1310                 
# span 6 =      0.011,      0.018                 
# span 7 =    1419.05,    1481.76                 
# span 8 =     11.103,     74.166                 
# span 9 =     0.7513,     6.7244                 
# span 10 =  43.714826,  43.717239                
# span 11 = 0.0000e+00, 0.0000e+00                
# interval = seconds: 0.0416667
# start_time = Feb 12 2019 17:09:21 [System UpLoad Time]
# bad_flag = -9.990e-29
*END*
[from data line 3970]
     81.941     7.2631    33.7770    26.4191 1.9536e-01     0.1298      0.015    1479.50     22.674     1.5338  43.716741  0.000e+00
     81.956     7.2631    33.7774    26.4194 2.0757e-01     0.1298      0.018    1479.50     22.675     1.5339  43.716741  0.000e+00
     81.992     7.2631    33.7772    26.4192 2.0757e-01     0.1298      0.018    1479.50     22.679     1.5342  43.716742  0.000e+00
     82.016     7.2628    33.7776    26.4196 1.9536e-01     0.1298      0.018    1479.50     22.622     1.5303  43.716742  0.000e+00
     82.041     7.2628    33.7777    26.4197 1.9536e-01     0.1298      0.015    1479.50     22.623     1.5304  43.716743  0.000e+00
     82.052     7.2628    33.7775    26.4195 1.9536e-01     0.1310      0.015    1479.50     22.626     1.5306  43.716743  0.000e+00
     82.077     7.2628    33.7776    26.4196 1.9536e-01     0.1298      0.015    1479.50     22.632     1.5310  43.716744  0.000e+00
     82.113     7.2627    33.7777    26.4197 1.9536e-01     0.1298      0.018    1479.50     22.632     1.5310  43.716744  0.000e+00
     82.126     7.2627    33.7775    26.4196 1.9536e-01     0.1298      0.015    1479.50     22.635     1.5312  43.716745  0.000e+00
     82.148     7.2628    33.7774    26.4194 1.9536e-01     0.1298      0.015    1479.50     22.577     1.5273  43.716745  0.000e+00
     82.161     7.2627    33.7771    26.4192 1.9536e-01     0.1298      0.015    1479.50     22.639     1.5315  43.716746  0.000e+00
     82.197     7.2625    33.7777    26.4197 1.9536e-01     0.1298      0.018    1479.50     22.586     1.5279  43.716746  0.000e+00
     82.222     7.2625    33.7777    26.4197 1.9536e-01     0.1298      0.015    1479.50     22.583     1.5277  43.716747  0.000e+00
     82.233     7.2627    33.7777    26.4197 1.9536e-01     0.1298      0.015    1479.51     22.582     1.5276  43.716747  0.000e+00
     82.271     7.2623    33.7783    26.4202 1.9536e-01     0.1298      0.015    1479.51     22.583     1.5277  43.716748  0.000e+00
     82.282     7.2622    33.7781    26.4201 1.9536e-01     0.1298      0.015    1479.50     22.586     1.5279  43.716748  0.000e+00
     82.318     7.2623    33.7782    26.4202 1.9536e-01     0.1298      0.018    1479.51     22.529     1.5241  43.716749  0.000e+00
     82.331     7.2622    33.7782    26.4201 1.9536e-01     0.1298      0.015    1479.51     22.522     1.5236  43.716749  0.000e+00
     82.367     7.2622    33.7777    26.4198 1.9536e-01     0.1298      0.018    1479.51     22.516     1.5232  43.716750  0.000e+00
     82.378     7.2623    33.7782    26.4201 1.9536e-01     0.1298      0.015    1479.51     22.513     1.5230  43.716750  0.000e+00
     82.403     7.2622    33.7782    26.4201 1.9536e-01     0.1298      0.018    1479.51     22.450     1.5187  43.716751  0.000e+00
     82.416     7.2622    33.7779    26.4199 1.9536e-01     0.1298      0.018    1479.51     22.444     1.5183  43.716751  0.000e+00
     82.452     7.2622    33.7779    26.4199 1.9536e-01     0.1298      0.015    1479.51     22.441     1.5181  43.716752  0.000e+00
     82.463     7.2620    33.7782    26.4202 1.9536e-01     0.1298      0.015    1479.51     22.377     1.5138  43.716752  0.000e+00
     82.476     7.2620    33.7779    26.4200 1.9536e-01     0.1298      0.018    1479.51     22.434     1.5176  43.716753  0.000e+00
     82.523     7.2622    33.7778    26.4198 1.9536e-01     0.1298      0.015    1479.51     22.368     1.5132  43.716753  0.000e+00
     82.536     7.2620    33.7780    26.4200 1.9536e-01     0.1298      0.015    1479.51     22.368     1.5132  43.716753  0.000e+00
     82.561     7.2617    33.7779    26.4199 1.9536e-01     0.1298      0.015    1479.51     22.362     1.5128  43.716754  0.000e+00
     82.585     7.2616    33.7783    26.4203 1.9536e-01     0.1298      0.015    1479.51     22.297     1.5084  43.716754  0.000e+00
     82.608     7.2614    33.7785    26.4205 1.9536e-01     0.1298      0.015    1479.51     22.351     1.5121  43.716755  0.000e+00
     82.621     7.2616    33.7781    26.4202 1.9536e-01     0.1298      0.015    1479.51     22.291     1.5080  43.716755  0.000e+00
     82.645     7.2614    33.7788    26.4207 1.9536e-01     0.1298      0.018    1479.51     22.289     1.5078  43.716756  0.000e+00
     82.668     7.2614    33.7786    26.4206 1.9536e-01     0.1298      0.015    1479.51     22.281     1.5073  43.716756  0.000e+00
     82.681     7.2610    33.7788    26.4208 1.9536e-01     0.1298      0.015    1479.51     22.214     1.5028  43.716757  0.000e+00
     82.717     7.2610    33.7784    26.4205 1.9536e-01     0.1298      0.015    1479.51     22.204     1.5021  43.716757  0.000e+00
     82.730     7.2609    33.7788    26.4208 1.9536e-01     0.1298      0.015    1479.51     22.197     1.5016  43.716758  0.000e+00
     82.753     7.2607    33.7791    26.4211 1.9536e-01     0.1298      0.015    1479.51     22.193     1.5014  43.716758  0.000e+00
     82.777     7.2607    33.7788    26.4208 1.9536e-01     0.1298      0.015    1479.51     22.122     1.4965  43.716759  0.000e+00
     82.802     7.2609    33.7787    26.4207 1.9536e-01     0.1298      0.015    1479.51     22.116     1.4961  43.716759  0.000e+00
     82.813     7.2607    33.7787    26.4208 1.9536e-01     0.1298      0.015    1479.51     22.105     1.4954  43.716760  0.000e+00
     82.826     7.2607    33.7787    26.4208 1.9536e-01     0.1298      0.015    1479.51     22.035     1.4907  43.716760  0.000e+00
     82.862     7.2606    33.7790    26.4210 1.9536e-01     0.1298      0.015    1479.51     22.031     1.4904  43.716761  0.000e+00
     82.875     7.2607    33.7790    26.4210 1.9536e-01     0.1298      0.018    1479.51     22.022     1.4898  43.716761  0.000e+00
     82.898     7.2606    33.7792    26.4211 1.9536e-01     0.1298      0.015    1479.51     22.016     1.4894  43.716762  0.000e+00
     82.911     7.2606    33.7790    26.4210 1.9536e-01     0.1298      0.015    1479.51     21.951     1.4850  43.716762  0.000e+00
     82.947     7.2604    33.7792    26.4212 1.9536e-01     0.1298      0.015    1479.51     21.999     1.4883  43.716763  0.000e+00
     82.958     7.2602    33.7792    26.4212 1.9536e-01     0.1298      0.015    1479.51     21.933     1.4838  43.716763  0.000e+00
     82.983     7.2601    33.7790    26.4211 1.9536e-01     0.1298      0.015    1479.51     21.924     1.4832  43.716764  0.000e+00
     83.007     7.2601    33.7790    26.4211 1.9536e-01     0.1298      0.015    1479.51     21.857     1.4786  43.716764  0.000e+00
     83.020     7.2601    33.7795    26.4215 1.9536e-01     0.1298      0.018    1479.51     21.847     1.4780  43.716765  0.000e+00
     83.032     7.2602    33.7795    26.4214 1.9536e-01     0.1298      0.015    1479.51     21.841     1.4776  43.716765  0.000e+00
     83.094     7.2599    33.7793    26.4214 1.9536e-01     0.1298      0.018    1479.51     21.839     1.4774  43.716766  0.000e+00
     83.081     7.2601    33.7795    26.4214 1.9536e-01     0.1298      0.015    1479.51     21.770     1.4727  43.716766  0.000e+00
     83.116     7.2601    33.7793    26.4213 1.9536e-01     0.1298      0.018    1479.51     21.759     1.4720  43.716766  0.000e+00
     83.141     7.2601    33.7794    26.4214 1.9536e-01     0.1298      0.015    1479.51     21.751     1.4715  43.716767  0.000e+00
     83.152     7.2598    33.7797    26.4217 1.9536e-01     0.1310      0.018    1479.51     21.685     1.4670  43.716767  0.000e+00
     83.177     7.2600    33.7793    26.4213 1.9536e-01     0.1298      0.018    1479.51     21.677     1.4665  43.716768  0.000e+00
     83.201     7.2599    33.7793    26.4214 1.9536e-01     0.1298      0.018    1479.51     21.673     1.4662  43.716768  0.000e+00
     83.226     7.2598    33.7793    26.4213 1.9536e-01     0.1298      0.018    1479.51     21.602     1.4614  43.716769  0.000e+00
     83.237     7.2599    33.7795    26.4215 1.9536e-01     0.1298      0.018    1479.51     21.598     1.4612  43.716769  0.000e+00
     83.273     7.2598    33.7795    26.4215 1.9536e-01     0.1298      0.015    1479.51     21.591     1.4606  43.716770  0.000e+00
     83.286     7.2596    33.7796    26.4216 1.9536e-01     0.1298      0.018    1479.51     21.586     1.4604  43.716770  0.000e+00
     83.310     7.2598    33.7792    26.4213 1.9536e-01     0.1298      0.015    1479.51     21.586     1.4603  43.716771  0.000e+00
     83.322     7.2595    33.7797    26.4217 1.9536e-01     0.1298      0.015    1479.51     21.527     1.4564  43.716771  0.000e+00
     83.371     7.2596    33.7796    26.4216 1.9536e-01     0.1298      0.015    1479.51     21.527     1.4564  43.716772  0.000e+00
     83.372     7.2596    33.7794    26.4214 1.9536e-01     0.1298      0.018    1479.51     21.524     1.4561  43.716772  0.000e+00
     83.395     7.2596    33.7797    26.4217 1.9536e-01     0.1298      0.018    1479.52     21.524     1.4561  43.716773  0.000e+00
     83.431     7.2595    33.7797    26.4217 1.9536e-01     0.1298      0.015    1479.52     21.465     1.4522  43.716773  0.000e+00
     83.442     7.2593    33.7800    26.4220 1.9536e-01     0.1298      0.015    1479.52     21.466     1.4522  43.716774  0.000e+00
     83.480     7.2593    33.7798    26.4219 1.9536e-01     0.1298      0.015    1479.52     21.462     1.4520  43.716774  0.000e+00
     83.491     7.2595    33.7796    26.4217 1.9536e-01     0.1298      0.015    1479.52     21.400     1.4478  43.716775  0.000e+00
     83.503     7.2593    33.7798    26.4218 1.9536e-01     0.1298      0.015    1479.52     21.397     1.4476  43.716775  0.000e+00
     83.552     7.2595    33.7794    26.4215 1.9536e-01     0.1298      0.018    1479.52     21.390     1.4471  43.716776  0.000e+00
     83.552     7.2593    33.7797    26.4218 1.9536e-01     0.1298      0.015    1479.52     21.333     1.4432  43.716776  0.000e+00
     83.587     7.2593    33.7798    26.4218 1.9536e-01     0.1298      0.015    1479.52     21.326     1.4428  43.716777  0.000e+00
     83.602     7.2593    33.7799    26.4219 1.9536e-01     0.1298      0.015    1479.52     21.324     1.4426  43.716777  0.000e+00
     83.636     7.2593    33.7798    26.4218 1.9536e-01     0.1298      0.018    1479.52     21.326     1.4428  43.716778  0.000e+00
     83.661     7.2591    33.7799    26.4219 1.9536e-01     0.1298      0.018    1479.52     21.262     1.4384  43.716778  0.000e+00
     83.672     7.2593    33.7798    26.4218 1.9536e-01     0.1298      0.015    1479.52     21.265     1.4386  43.716779  0.000e+00
     83.710     7.2591    33.7797    26.4217 1.9536e-01     0.1298      0.015    1479.52     21.201     1.4343  43.716779  0.000e+00
     83.732     7.2591    33.7801    26.4221 1.9536e-01     0.1298      0.015    1479.52     21.197     1.4340  43.716780  0.000e+00
     83.745     7.2591    33.7799    26.4219 1.9536e-01     0.1298      0.018    1479.52     21.198     1.4341  43.716780  0.000e+00
     83.781     7.2591    33.7797    26.4217 1.9536e-01     0.1298      0.018    1479.52     21.195     1.4339  43.716780  0.000e+00
     83.794     7.2591    33.7800    26.4220 1.9536e-01     0.1298      0.015    1479.52     21.133     1.4297  43.716781  0.000e+00
     83.830     7.2590    33.7803    26.4223 1.9536e-01     0.1298      0.015    1479.52     21.131     1.4296  43.716781  0.000e+00
     83.855     7.2588    33.7806    26.4225 1.9536e-01     0.1298      0.018    1479.52     21.133     1.4297  43.716782  0.000e+00
     83.866     7.2590    33.7801    26.4221 1.9536e-01     0.1298      0.015    1479.52     21.070     1.4254  43.716782  0.000e+00
     83.902     7.2588    33.7801    26.4221 1.9536e-01     0.1298      0.015    1479.52     21.128     1.4293  43.716783  0.000e+00
     83.926     7.2588    33.7803    26.4223 1.9536e-01     0.1298      0.018    1479.52     21.073     1.4256  43.716783  0.000e+00
     83.938     7.2590    33.7801    26.4221 1.9536e-01     0.1298      0.018    1479.52     21.069     1.4254  43.716784  0.000e+00
     83.987     7.2589    33.7803    26.4222 1.9536e-01     0.1298      0.015    1479.52     21.069     1.4254  43.716784  0.000e+00
     83.988     7.2588    33.7804    26.4223 1.9536e-01     0.1298      0.018    1479.52     21.074     1.4257  43.716785  0.000e+00
     84.036     7.2588    33.7808    26.4226 1.9536e-01     0.1298      0.018    1479.52     21.082     1.4263  43.716785  0.000e+00
     84.036     7.2587    33.7804    26.4224 1.9536e-01     0.1298      0.015    1479.52     21.025     1.4224  43.716786  0.000e+00
     84.071     7.2587    33.7802    26.4222 1.9536e-01     0.1298      0.015    1479.52     21.034     1.4230  43.716786  0.000e+00
     84.107     7.2587    33.7803    26.4223 1.9536e-01     0.1298      0.015    1479.52     21.040     1.4234  43.716787  0.000e+00
     84.132     7.2585    33.7805    26.4225 1.9536e-01     0.1298      0.018    1479.52     20.987     1.4199  43.716787  0.000e+00
     84.145     7.2587    33.7801    26.4222 1.9536e-01     0.1298      0.018    1479.52     20.986     1.4198  43.716788  0.000e+00
     84.168     7.2585    33.7803    26.4223 1.9536e-01     0.1298      0.015    1479.52     20.989     1.4200  43.716788  0.000e+00
     84.192     7.2583    33.7806    26.4226 1.9536e-01     0.1298      0.015    1479.52     20.934     1.4162  43.716789  0.000e+00
     84.230     7.2583    33.7804    26.4224 1.9536e-01     0.1298      0.015    1479.53     20.938     1.4165  43.716789  0.000e+00
     84.241     7.2583    33.7806    26.4226 1.9536e-01     0.1298      0.018    1479.53     20.938     1.4165  43.716790  0.000e+00
     84.277     7.2582    33.7806    26.4226 1.9536e-01     0.1298      0.015    1479.53     20.942     1.4168  43.716790  0.000e+00
     84.303     7.2582    33.7807    26.4227 1.9536e-01     0.1298      0.015    1479.53     20.951     1.4174  43.716791  0.000e+00
     84.326     7.2580    33.7807    26.4227 1.9536e-01     0.1298      0.015    1479.53     20.956     1.4177  43.716791  0.000e+00
     84.337     7.2580    33.7807    26.4227 1.9536e-01     0.1298      0.015    1479.53     20.964     1.4183  43.716792  0.000e+00
     84.375     7.2580    33.7808    26.4228 1.9536e-01     0.1298      0.015    1479.53     20.977     1.4191  43.716792  0.000e+00
     84.397     7.2579    33.7806    26.4226 1.9536e-01     0.1298      0.015    1479.53     20.985     1.4197  43.716793  0.000e+00
     84.435     7.2579    33.7806    26.4226 1.9536e-01     0.1298      0.015    1479.53     20.934     1.4163  43.716793  0.000e+00
     84.459     7.2580    33.7804    26.4225 1.9536e-01     0.1298      0.015    1479.53     20.942     1.4168  43.716793  0.000e+00
     84.471     7.2579    33.7807    26.4227 1.9536e-01     0.1298      0.018    1479.53     20.954     1.4176  43.716794  0.000e+00
     84.495     7.2577    33.7806    26.4227 1.9536e-01     0.1298      0.015    1479.53     20.970     1.4187  43.716794  0.000e+00
     84.531     7.2576    33.7807    26.4228 1.9536e-01     0.1298      0.015    1479.53     20.981     1.4195  43.716795  0.000e+00
     84.555     7.2576    33.7807    26.4228 1.9536e-01     0.1298      0.018    1479.53     20.996     1.4205  43.716795  0.000e+00
     84.580     7.2574    33.7811    26.4231 1.9536e-01     0.1298      0.018    1479.53     21.014     1.4217  43.716796  0.000e+00
     84.604     7.2572    33.7811    26.4231 1.9536e-01     0.1298      0.015    1479.53     21.036     1.4232  43.716796  0.000e+00
     84.627     7.2571    33.7815    26.4235 1.9536e-01     0.1298      0.015    1479.53     20.991     1.4202  43.716797  0.000e+00
     84.665     7.2569    33.7816    26.4236 1.9536e-01     0.1298      0.018    1479.53     21.005     1.4211  43.716797  0.000e+00
     84.678     7.2569    33.7816    26.4236 1.9536e-01     0.1298      0.015    1479.53     21.021     1.4222  43.716798  0.000e+00
     84.712     7.2568    33.7817    26.4237 1.9536e-01     0.1298      0.015    1479.53     21.034     1.4230  43.716798  0.000e+00
