BC-1_20190212_down.cnv
* Sea-Bird SBE 9 Data File:
* FileName = C:\CTD Brukere\NIVA\OKOKYST2019\20190211\BC-1_20190212.hex
* Software Version Seasave V 7.23.2
* Temperature SN = 5352
* Conductivity SN = 3840
* Number of Bytes Per Scan = 28
* Number of Voltage Words = 4
* Number of Scans Averaged by the Deck Unit = 1
* NMEA baud rate = 4800
** Ship: R/V Trygve Braarud
** Cruise:
** Station:
** Operator:
# nquan = 12
# nvalues = 5004                                  
# units = specified
# name 0 = depSM: Depth [salt water, m], lat = 59.60
# name 1 = t090C: Temperature [ITS-90, deg C]
# name 2 = sal00: Salinity, Practical [PSU]
# name 3 = sigma-t00: Density [sigma-t, kg/m^3 ]
# name 4 = flSP: Fluorescence, Seapoint
# name 5 = wetStar: Fluorescence, WET Labs WETstar [mg/m^3]
# name 6 = seaTurbMtr: Turbidity, Seapoint [FTU]
# name 7 = svCM: Sound Velocity [Chen-Millero, m/s]
# name 8 = sbeox0PS: Oxygen, SBE 43 [% saturation]
# name 9 = sbeox0ML/L: Oxygen, SBE 43 [ml/l]
# name 10 = timeJ: Julian Days
# name 11 = flag:  0.000e+00
# span 0 =      0.093,     92.539                 
# span 1 =     1.9464,     8.2841                 
# span 2 =     5.3204,    33.7871                 
# span 3 =     4.2327,    26.4290                 
# span 4 = 1.4652e-01, 4.1514e-01                 
# span 5 =     0.1273,     0.1310                 
# span 6 =      0.011,      0.018                 
# span 7 =    1419.05,    1481.76                 
# span 8 =     11.103,     74.166                 
# span 9 =     0.7513,     6.7244                 
# span 10 =  43.714826,  43.717239                
# span 11 = 0.0000e+00, 0.0000e+00                
# interval = seconds: 0.0416667
# start_time = Feb 12 2019 17:09:21 [System UpLoad Time]
# bad_flag = -9.990e-29
*END*
[from data line 963]
     13.518     6.7872    32.0097    25.0918 1.9536e-01     0.1285      0.015    1474.31     64.094     4.4347  43.715291  0.000e+00
     13.553     6.7983    32.0161    25.0954 1.9536e-01     0.1285      0.015    1474.36     64.102     4.4340  43.715291  0.000e+00
     13.553     6.8092    32.0246    25.1006 1.8315e-01     0.1285      0.015    1474.41     64.123     4.4341  43.715292  0.000e+00
     13.602     6.8215    32.0315    25.1045 1.8315e-01     0.1285      0.015    1474.47     64.087     4.4301  43.715292  0.000e+00
     13.618     6.8331    32.0378    25.1080 1.8315e-01     0.1285      0.015    1474.53     64.118     4.4309  43.715293  0.000e+00
     13.638     6.8428    32.0447    25.1121 1.8315e-01     0.1298      0.015    1474.57     64.092     4.4278  43.715293  0.000e+00
     13.662     6.8544    32.0502    25.1149 1.9536e-01     0.1285      0.015    1474.63     64.124     4.4287  43.715294  0.000e+00
     13.686     6.8666    32.0567    25.1184 1.9536e-01     0.1285      0.015    1474.68     64.099     4.4256  43.715294  0.000e+00
     13.709     6.8787    32.0640    25.1226 1.8315e-01     0.1285      0.015    1474.74     64.133     4.4265  43.715295  0.000e+00
     13.733     6.8889    32.0689    25.1251 1.8315e-01     0.1285      0.015    1474.78     64.171     4.4279  43.715295  0.000e+00
     13.757     6.8988    32.0731    25.1272 1.8315e-01     0.1298      0.015    1474.83     64.151     4.4254  43.715296  0.000e+00
     13.793     6.9069    32.0785    25.1303 1.8315e-01     0.1273      0.015    1474.87     64.197     4.4275  43.715296  0.000e+00
     13.804     6.9135    32.0822    25.1324 1.9536e-01     0.1285      0.015    1474.90     64.184     4.4259  43.715297  0.000e+00
     13.832     6.9214    32.0857    25.1341 1.9536e-01     0.1273      0.015    1474.93     64.229     4.4281  43.715297  0.000e+00
     13.853     6.9302    32.0904    25.1367 1.9536e-01     0.1285      0.015    1474.98     64.278     4.4304  43.715298  0.000e+00
     13.877     6.9368    32.0944    25.1389 1.9536e-01     0.1298      0.015    1475.01     64.330     4.4332  43.715298  0.000e+00
     13.900     6.9421    32.0954    25.1390 1.9536e-01     0.1285      0.015    1475.03     64.323     4.4322  43.715299  0.000e+00
     13.924     6.9463    32.0954    25.1384 1.9536e-01     0.1285      0.015    1475.05     64.373     4.4352  43.715299  0.000e+00
     13.960     6.9492    32.0960    25.1385 1.9536e-01     0.1285      0.015    1475.06     64.426     4.4385  43.715299  0.000e+00
     13.973     6.9518    32.0988    25.1404 1.8315e-01     0.1285      0.015    1475.07     64.480     4.4419  43.715300  0.000e+00
     13.997     6.9546    32.1015    25.1422 1.8315e-01     0.1273      0.015    1475.09     64.475     4.4412  43.715300  0.000e+00
     14.012     6.9578    32.1040    25.1437 1.8315e-01     0.1285      0.015    1475.10     64.526     4.4443  43.715301  0.000e+00
     14.044     6.9618    32.1063    25.1450 1.8315e-01     0.1285      0.015    1475.12     64.578     4.4474  43.715301  0.000e+00
     14.069     6.9662    32.1072    25.1451 1.8315e-01     0.1273      0.015    1475.14     64.640     4.4512  43.715302  0.000e+00
     14.104     6.9699    32.1080    25.1453 1.8315e-01     0.1285      0.015    1475.16     64.695     4.4546  43.715302  0.000e+00
     14.116     6.9726    32.1084    25.1453 1.8315e-01     0.1273      0.015    1475.17     64.689     4.4538  43.715303  0.000e+00
     14.140     6.9746    32.1094    25.1458 1.8315e-01     0.1285      0.015    1475.18     64.745     4.4575  43.715303  0.000e+00
     14.167     6.9760    32.1106    25.1465 1.8315e-01     0.1285      0.015    1475.18     64.802     4.4613  43.715304  0.000e+00
     14.188     6.9776    32.1111    25.1467 1.8315e-01     0.1285      0.015    1475.19     64.860     4.4650  43.715304  0.000e+00
     14.211     6.9790    32.1118    25.1471 1.8315e-01     0.1285      0.015    1475.20     64.917     4.4688  43.715305  0.000e+00
     14.224     6.9808    32.1128    25.1476 1.8315e-01     0.1285      0.015    1475.21     64.974     4.4725  43.715305  0.000e+00
     14.260     6.9820    32.1134    25.1480 1.8315e-01     0.1285      0.015    1475.21     65.030     4.4763  43.715306  0.000e+00
     14.271     6.9828    32.1148    25.1489 1.8315e-01     0.1285      0.018    1475.22     65.086     4.4799  43.715306  0.000e+00
     14.308     6.9840    32.1148    25.1488 1.8315e-01     0.1285      0.015    1475.22     65.071     4.4788  43.715307  0.000e+00
     14.323     6.9851    32.1169    25.1503 1.8315e-01     0.1285      0.015    1475.23     65.116     4.4817  43.715307  0.000e+00
     14.344     6.9881    32.1209    25.1530 1.9536e-01     0.1298      0.015    1475.25     65.159     4.4843  43.715308  0.000e+00
     14.367     6.9913    32.1252    25.1560 1.9536e-01     0.1285      0.015    1475.27     65.209     4.4872  43.715308  0.000e+00
     14.380     6.9947    32.1281    25.1578 2.0757e-01     0.1285      0.015    1475.28     65.256     4.4901  43.715309  0.000e+00
     14.427     6.9979    32.1294    25.1584 1.9536e-01     0.1285      0.015    1475.30     65.302     4.4928  43.715309  0.000e+00
     14.430     7.0001    32.1304    25.1589 1.9536e-01     0.1285      0.015    1475.31     65.344     4.4955  43.715310  0.000e+00
     14.462     7.0022    32.1319    25.1598 1.9536e-01     0.1285      0.015    1475.32     65.454     4.5028  43.715310  0.000e+00
     14.475     7.0046    32.1337    25.1609 1.9536e-01     0.1285      0.015    1475.33     65.506     4.5061  43.715311  0.000e+00
     14.500     7.0074    32.1363    25.1626 1.9536e-01     0.1285      0.015    1475.34     65.493     4.5048  43.715311  0.000e+00
     14.535     7.0113    32.1378    25.1632 1.9536e-01     0.1285      0.015    1475.36     65.531     4.5070  43.715312  0.000e+00
     14.535     7.0140    32.1394    25.1642 1.9536e-01     0.1285      0.015    1475.37     65.635     4.5138  43.715312  0.000e+00
     14.574     7.0159    32.1415    25.1655 1.9536e-01     0.1285      0.015    1475.39     65.680     4.5166  43.715313  0.000e+00
     14.595     7.0187    32.1428    25.1662 1.9536e-01     0.1285      0.015    1475.40     65.729     4.5196  43.715313  0.000e+00
     14.606     7.0220    32.1466    25.1687 1.9536e-01     0.1285      0.015    1475.42     65.773     4.5222  43.715313  0.000e+00
     14.631     7.0274    32.1510    25.1715 1.9536e-01     0.1273      0.015    1475.44     65.813     4.5242  43.715314  0.000e+00
     14.666     7.0336    32.1539    25.1730 1.9536e-01     0.1285      0.015    1475.47     65.847     4.5259  43.715314  0.000e+00
     14.670     7.0404    32.1580    25.1753 1.9536e-01     0.1285      0.015    1475.50     65.884     4.5276  43.715315  0.000e+00
     14.702     7.0512    32.1633    25.1780 1.9536e-01     0.1273      0.015    1475.55     65.923     4.5290  43.715315  0.000e+00
     14.726     7.0663    32.1681    25.1798 1.9536e-01     0.1285      0.015    1475.62     65.956     4.5296  43.715316  0.000e+00
     14.738     7.0768    32.1762    25.1848 1.8315e-01     0.1285      0.015    1475.67     66.054     4.5349  43.715316  0.000e+00
     14.765     7.0862    32.1860    25.1912 1.9536e-01     0.1285      0.015    1475.72     66.030     4.5320  43.715317  0.000e+00
     14.786     7.0981    32.1948    25.1965 1.9536e-01     0.1285      0.015    1475.78     66.123     4.5369  43.715317  0.000e+00
     14.798     7.1075    32.2007    25.1999 1.8315e-01     0.1285      0.015    1475.82     66.156     4.5380  43.715318  0.000e+00
     14.822     7.1161    32.2050    25.2022 1.8315e-01     0.1285      0.015    1475.86     66.191     4.5393  43.715318  0.000e+00
     14.858     7.1227    32.2097    25.2050 1.8315e-01     0.1285      0.015    1475.89     66.165     4.5367  43.715319  0.000e+00
     14.872     7.1287    32.2133    25.2070 1.8315e-01     0.1285      0.015    1475.92     66.187     4.5375  43.715319  0.000e+00
     14.893     7.1345    32.2156    25.2081 1.8315e-01     0.1285      0.015    1475.94     66.210     4.5384  43.715320  0.000e+00
     14.906     7.1390    32.2180    25.2093 1.7094e-01     0.1285      0.015    1475.97     66.227     4.5390  43.715320  0.000e+00
     14.942     7.1432    32.2193    25.2098 1.8315e-01     0.1285      0.015    1475.98     66.306     4.5440  43.715321  0.000e+00
     14.956     7.1456    32.2195    25.2096 1.8315e-01     0.1298      0.015    1475.99     66.332     4.5456  43.715321  0.000e+00
     14.989     7.1465    32.2209    25.2106 1.8315e-01     0.1285      0.015    1476.00     66.359     4.5473  43.715322  0.000e+00
     15.002     7.1472    32.2222    25.2115 1.9536e-01     0.1285      0.015    1476.00     66.379     4.5485  43.715322  0.000e+00
     15.026     7.1497    32.2234    25.2122 1.8315e-01     0.1285      0.015    1476.02     66.399     4.5496  43.715323  0.000e+00
     15.049     7.1538    32.2263    25.2139 1.8315e-01     0.1285      0.015    1476.04     66.419     4.5504  43.715323  0.000e+00
     15.076     7.1586    32.2293    25.2156 1.8315e-01     0.1298      0.015    1476.06     66.439     4.5512  43.715324  0.000e+00
     15.073     7.1632    32.2334    25.2182 1.8315e-01     0.1285      0.015    1476.08     66.452     4.5515  43.715324  0.000e+00
     15.122     7.1674    32.2357    25.2194 1.8315e-01     0.1285      0.015    1476.10     66.465     4.5519  43.715325  0.000e+00
     15.133     7.1720    32.2382    25.2207 1.8315e-01     0.1285      0.015    1476.12     66.477     4.5522  43.715325  0.000e+00
     15.159     7.1781    32.2432    25.2239 1.8315e-01     0.1285      0.018    1476.15     66.490     4.5523  43.715326  0.000e+00
     15.193     7.1844    32.2495    25.2280 1.8315e-01     0.1285      0.015    1476.19     66.503     4.5523  43.715326  0.000e+00
     15.204     7.1916    32.2550    25.2314 1.8315e-01     0.1285      0.015    1476.22     66.508     4.5517  43.715326  0.000e+00
     15.219     7.1990    32.2617    25.2356 1.9536e-01     0.1285      0.018    1476.26     66.512     4.5510  43.715327  0.000e+00
     15.253     7.2066    32.2688    25.2402 1.9536e-01     0.1285      0.015    1476.30     66.516     4.5503  43.715327  0.000e+00
     15.277     7.2149    32.2739    25.2431 1.9536e-01     0.1285      0.015    1476.34     66.520     4.5495  43.715328  0.000e+00
     15.289     7.2231    32.2791    25.2461 1.8315e-01     0.1298      0.015    1476.37     66.523     4.5488  43.715328  0.000e+00
     15.315     7.2307    32.2834    25.2484 1.8315e-01     0.1285      0.015    1476.41     66.527     4.5481  43.715329  0.000e+00
     15.349     7.2387    32.2877    25.2507 1.8315e-01     0.1285      0.015    1476.45     66.530     4.5473  43.715329  0.000e+00
     15.360     7.2459    32.2914    25.2526 1.8315e-01     0.1285      0.015    1476.48     66.532     4.5466  43.715330  0.000e+00
     15.384     7.2534    32.2944    25.2540 1.8315e-01     0.1285      0.015    1476.51     66.527     4.5454  43.715330  0.000e+00
     15.399     7.2596    32.2970    25.2552 1.8315e-01     0.1298      0.015    1476.54     66.521     4.5442  43.715331  0.000e+00
     15.433     7.2646    32.2999    25.2568 1.8315e-01     0.1285      0.015    1476.56     66.515     4.5432  43.715331  0.000e+00
     15.456     7.2704    32.3040    25.2593 1.8315e-01     0.1285      0.015    1476.59     66.507     4.5420  43.715332  0.000e+00
     15.459     7.2758    32.3103    25.2635 1.8315e-01     0.1285      0.015    1476.62     66.438     4.5365  43.715332  0.000e+00
     15.504     7.2810    32.3152    25.2666 1.8315e-01     0.1285      0.015    1476.65     66.484     4.5390  43.715333  0.000e+00
     15.504     7.2869    32.3176    25.2677 1.8315e-01     0.1298      0.015    1476.67     66.476     4.5377  43.715333  0.000e+00
     15.540     7.2919    32.3198    25.2687 1.8315e-01     0.1285      0.015    1476.70     66.413     4.5328  43.715334  0.000e+00
     15.566     7.2967    32.3223    25.2700 1.8315e-01     0.1285      0.015    1476.72     66.404     4.5316  43.715334  0.000e+00
     15.575     7.3014    32.3252    25.2717 1.8315e-01     0.1285      0.015    1476.74     66.387     4.5299  43.715335  0.000e+00
     15.611     7.3050    32.3283    25.2736 1.8315e-01     0.1285      0.015    1476.76     66.370     4.5283  43.715335  0.000e+00
     15.626     7.3089    32.3308    25.2751 1.7094e-01     0.1273      0.015    1476.78     66.361     4.5272  43.715336  0.000e+00
     15.635     7.3130    32.3354    25.2781 1.8315e-01     0.1285      0.015    1476.80     66.290     4.5218  43.715336  0.000e+00
     15.671     7.3174    32.3402    25.2813 1.8315e-01     0.1285      0.015    1476.82     66.273     4.5201  43.715337  0.000e+00
     15.671     7.3232    32.3447    25.2840 1.7094e-01     0.1298      0.018    1476.85     66.257     4.5182  43.715337  0.000e+00
     15.746     7.3294    32.3499    25.2873 1.8315e-01     0.1285      0.015    1476.88     66.241     4.5164  43.715338  0.000e+00
     15.744     7.3350    32.3569    25.2920 1.7094e-01     0.1298      0.015    1476.91     66.226     4.5145  43.715338  0.000e+00
     15.755     7.3418    32.3619    25.2950 1.7094e-01     0.1285      0.015    1476.94     66.210     4.5126  43.715339  0.000e+00
     15.806     7.3486    32.3661    25.2974 1.7094e-01     0.1285      0.018    1476.98     66.134     4.5065  43.715339  0.000e+00
     15.791     7.3547    32.3705    25.3000 1.7094e-01     0.1285      0.015    1477.01     66.111     4.5043  43.715340  0.000e+00
     15.840     7.3601    32.3743    25.3022 1.7094e-01     0.1285      0.015    1477.03     66.098     4.5027  43.715340  0.000e+00
     15.865     7.3648    32.3767    25.3035 1.7094e-01     0.1285      0.018    1477.05     66.140     4.5050  43.715340  0.000e+00
     15.875     7.3689    32.3797    25.3053 1.7094e-01     0.1285      0.015    1477.07     66.073     4.4999  43.715341  0.000e+00
     15.911     7.3719    32.3829    25.3074 1.8315e-01     0.1285      0.015    1477.09     66.062     4.4988  43.715341  0.000e+00
     15.925     7.3749    32.3858    25.3093 1.7094e-01     0.1298      0.015    1477.10     66.052     4.4977  43.715342  0.000e+00
     15.959     7.3779    32.3881    25.3107 1.7094e-01     0.1285      0.015    1477.12     66.035     4.4962  43.715342  0.000e+00
     15.971     7.3811    32.3905    25.3121 1.8315e-01     0.1285      0.015    1477.14     65.957     4.4905  43.715343  0.000e+00
     15.997     7.3838    32.3933    25.3139 1.7094e-01     0.1285      0.015    1477.15     65.935     4.4886  43.715343  0.000e+00
     16.018     7.3870    32.3963    25.3158 1.7094e-01     0.1285      0.015    1477.17     65.913     4.4867  43.715344  0.000e+00
     16.055     7.3910    32.4004    25.3186 1.8315e-01     0.1285      0.018    1477.19     65.838     4.4810  43.715344  0.000e+00
     16.068     7.3951    32.4041    25.3209 1.8315e-01     0.1285      0.018    1477.21     65.819     4.4792  43.715345  0.000e+00
     16.102     7.3991    32.4069    25.3226 1.8315e-01     0.1285      0.018    1477.23     65.740     4.4733  43.715345  0.000e+00
     16.102     7.4032    32.4100    25.3244 1.7094e-01     0.1285      0.015    1477.25     65.716     4.4712  43.715346  0.000e+00
     16.139     7.4072    32.4118    25.3252 1.8315e-01     0.1285      0.015    1477.27     65.695     4.4693  43.715346  0.000e+00
     16.151     7.4113    32.4152    25.3274 1.7094e-01     0.1285      0.015    1477.29     65.676     4.4675  43.715347  0.000e+00
     16.162     7.4153    32.4184    25.3293 1.7094e-01     0.1285      0.015    1477.31     65.658     4.4658  43.715347  0.000e+00
     16.235     7.4188    32.4220    25.3317 1.7094e-01     0.1285      0.015    1477.32     65.643     4.4643  43.715348  0.000e+00
