BO-1_20190211_down.cnv
* Sea-Bird SBE 9 Data File:
* FileName = C:\CTD Brukere\NIVA\OKOKYST2019\20190211\BO-1_20190211.hex
* Software Version Seasave V 7.23.2
* Temperature SN = 5352
* Conductivity SN = 3840
* Number of Bytes Per Scan = 28
* Number of Voltage Words = 4
* Number of Scans Averaged by the Deck Unit = 1
* NMEA baud rate = 4800
** Ship: R/V Trygve Braarud
** Cruise:
** Station:
** Operator:
# nquan = 12
# nvalues = 3193                                  
# units = specified
# name 0 = depSM: Depth [salt water, m], lat = 59.60
# name 1 = t090C: Temperature [ITS-90, deg C]
# name 2 = sal00: Salinity, Practical [PSU]
# name 3 = sigma-t00: Density [sigma-t, kg/m^3 ]
# name 4 = flSP: Fluorescence, Seapoint
# name 5 = wetStar: Fluorescence, WET Labs WETstar [mg/m^3]
# name 6 = seaTurbMtr: Turbidity, Seapoint [FTU]
# name 7 = svCM: Sound Velocity [Chen-Millero, m/s]
# name 8 = sbeox0PS: Oxygen, SBE 43 [% saturation]
# name 9 = sbeox0ML/L: Oxygen, SBE 43 [ml/l]
# name 10 = timeJ: Julian Days
# name 11 = flag:  0.000e+00
# span 0 =      0.158,     55.900                 
# span 1 =     2.3908,     5.8994                 
# span 2 =    27.1369,    30.0107                 
# span 3 =    21.3569,    23.9472                 
# span 4 = 2.0757e-01, 6.8376e-01                 
# span 5 =     0.1249,     0.1261                 
# span 6 =      0.000,      0.004                 
# span 7 =    1453.30,    1465.44                 
# span 8 =     54.259,     71.175                 
# span 9 =     4.2194,     5.5402                 
# span 10 =  42.653461,  42.655000                
# span 11 = 0.0000e+00, 0.0000e+00                
# interval = seconds: 0.0416667
# start_time = Feb 11 2019 15:40:59 [System UpLoad Time]
# bad_flag = -9.990e-29
*END*
[from data line 1925]
     34.122     3.1139    29.2562    23.2942 2.8083e-01     0.1261      0.004    1456.01     66.410     5.1124  42.654389  0.000e+00
     34.157     3.1145    29.2552    23.2934 2.8083e-01     0.1249      0.000    1456.01     66.417     5.1129  42.654389  0.000e+00
     34.182     3.1148    29.2550    23.2932 2.6862e-01     0.1261      0.000    1456.01     66.427     5.1136  42.654390  0.000e+00
     34.195     3.1144    29.2557    23.2938 2.6862e-01     0.1261      0.000    1456.01     66.438     5.1145  42.654390  0.000e+00
     34.217     3.1142    29.2554    23.2936 3.0525e-01     0.1249      0.000    1456.01     66.443     5.1149  42.654391  0.000e+00
     34.229     3.1159    29.2540    23.2923 3.2967e-01     0.1261      0.004    1456.01     66.449     5.1151  42.654391  0.000e+00
     34.266     3.1192    29.2513    23.2899 3.1746e-01     0.1261      0.000    1456.02     66.456     5.1154  42.654392  0.000e+00
     34.289     3.1226    29.2480    23.2870 2.9304e-01     0.1261      0.000    1456.04     66.402     5.1109  42.654392  0.000e+00
     34.277     3.1250    29.2461    23.2853 3.1746e-01     0.1249      0.000    1456.04     66.404     5.1109  42.654393  0.000e+00
     34.337     3.1278    29.2435    23.2830 3.0525e-01     0.1261      0.000    1456.05     66.410     5.1110  42.654393  0.000e+00
     34.349     3.1298    29.2418    23.2815 3.0525e-01     0.1261      0.000    1456.06     66.417     5.1114  42.654394  0.000e+00
     34.373     3.1324    29.2391    23.2792 2.9304e-01     0.1249      0.000    1456.07     66.481     5.1161  42.654394  0.000e+00
     34.386     3.1355    29.2362    23.2766 2.8083e-01     0.1261      0.000    1456.08     66.428     5.1117  42.654395  0.000e+00
     34.422     3.1392    29.2333    23.2740 2.6862e-01     0.1249      0.000    1456.09     66.431     5.1116  42.654395  0.000e+00
     34.422     3.1419    29.2310    23.2720 2.5641e-01     0.1261      0.000    1456.10     66.437     5.1117  42.654396  0.000e+00
     34.458     3.1435    29.2293    23.2705 2.6862e-01     0.1249      0.004    1456.10     66.444     5.1122  42.654396  0.000e+00
     34.469     3.1443    29.2287    23.2700 2.6862e-01     0.1261      0.000    1456.11     66.444     5.1121  42.654397  0.000e+00
     34.493     3.1463    29.2270    23.2684 2.9304e-01     0.1261      0.000    1456.11     66.391     5.1078  42.654397  0.000e+00
     34.529     3.1481    29.2254    23.2670 3.0525e-01     0.1261      0.000    1456.12     66.459     5.1129  42.654398  0.000e+00
     34.542     3.1518    29.2218    23.2639 2.9304e-01     0.1249      0.000    1456.13     66.401     5.1080  42.654398  0.000e+00
     34.553     3.1548    29.2192    23.2616 2.9304e-01     0.1261      0.000    1456.14     66.399     5.1076  42.654399  0.000e+00
     34.589     3.1569    29.2176    23.2601 2.8083e-01     0.1261      0.000    1456.15     66.399     5.1074  42.654399  0.000e+00
     34.613     3.1592    29.2158    23.2585 2.6862e-01     0.1249      0.004    1456.16     66.401     5.1073  42.654400  0.000e+00
     34.625     3.1608    29.2143    23.2571 2.6862e-01     0.1249      0.004    1456.16     66.405     5.1075  42.654400  0.000e+00
     34.649     3.1616    29.2138    23.2568 2.6862e-01     0.1249      0.000    1456.17     66.411     5.1079  42.654401  0.000e+00
     34.662     3.1639    29.2120    23.2551 2.8083e-01     0.1249      0.004    1456.17     66.419     5.1082  42.654401  0.000e+00
     34.698     3.1679    29.2088    23.2522 2.8083e-01     0.1249      0.000    1456.19     66.419     5.1078  42.654402  0.000e+00
     34.709     3.1727    29.2046    23.2485 2.8083e-01     0.1261      0.000    1456.20     66.420     5.1075  42.654402  0.000e+00
     34.733     3.1784    29.1996    23.2441 2.8083e-01     0.1261      0.000    1456.22     66.423     5.1071  42.654402  0.000e+00
     34.758     3.1825    29.1962    23.2411 2.6862e-01     0.1249      0.004    1456.24     66.364     5.1021  42.654403  0.000e+00
     34.782     3.1822    29.1965    23.2414 2.8083e-01     0.1249      0.004    1456.23     66.425     5.1069  42.654403  0.000e+00
     34.805     3.1841    29.1953    23.2403 2.8083e-01     0.1249      0.000    1456.24     66.434     5.1074  42.654404  0.000e+00
     34.805     3.1868    29.1933    23.2384 2.9304e-01     0.1261      0.000    1456.25     66.379     5.1029  42.654404  0.000e+00
     34.854     3.1902    29.1904    23.2359 3.1746e-01     0.1249      0.000    1456.26     66.382     5.1027  42.654405  0.000e+00
     34.865     3.1927    29.1880    23.2337 3.4188e-01     0.1261      0.000    1456.27     66.386     5.1028  42.654405  0.000e+00
     34.889     3.1955    29.1856    23.2316 3.2967e-01     0.1261      0.000    1456.28     66.383     5.1023  42.654406  0.000e+00
     34.901     3.1965    29.1844    23.2306 3.1746e-01     0.1261      0.000    1456.28     66.381     5.1021  42.654406  0.000e+00
     34.938     3.1963    29.1848    23.2309 2.9304e-01     0.1249      0.000    1456.28     66.381     5.1021  42.654407  0.000e+00
     34.949     3.1981    29.1829    23.2292 2.6862e-01     0.1249      0.000    1456.29     66.383     5.1021  42.654407  0.000e+00
     34.974     3.2008    29.1803    23.2270 2.6862e-01     0.1261      0.000    1456.30     66.386     5.1020  42.654408  0.000e+00
     34.985     3.2028    29.1782    23.2252 3.0525e-01     0.1261      0.000    1456.30     66.326     5.0973  42.654408  0.000e+00
     35.022     3.2047    29.1765    23.2236 3.1746e-01     0.1249      0.000    1456.31     66.323     5.0969  42.654409  0.000e+00
     35.034     3.2078    29.1731    23.2207 3.0525e-01     0.1249      0.000    1456.32     66.313     5.0958  42.654409  0.000e+00
     35.058     3.2163    29.1651    23.2137 2.9304e-01     0.1249      0.000    1456.35     66.312     5.0950  42.654410  0.000e+00
     35.094     3.2262    29.1556    23.2053 2.8083e-01     0.1261      0.000    1456.38     66.304     5.0934  42.654410  0.000e+00
     35.094     3.2341    29.1486    23.1991 2.6862e-01     0.1261      0.004    1456.40     66.307     5.0929  42.654411  0.000e+00
     35.129     3.2404    29.1425    23.1938 2.8083e-01     0.1249      0.000    1456.42     66.303     5.0920  42.654411  0.000e+00
     35.141     3.2459    29.1374    23.1893 2.8083e-01     0.1261      0.000    1456.44     66.300     5.0913  42.654412  0.000e+00
     35.178     3.2488    29.1346    23.1868 2.6862e-01     0.1249      0.000    1456.45     66.236     5.0861  42.654412  0.000e+00
     35.190     3.2511    29.1324    23.1849 2.6862e-01     0.1261      0.000    1456.46     66.228     5.0852  42.654413  0.000e+00
     35.201     3.2502    29.1332    23.1855 2.6862e-01     0.1261      0.000    1456.45     66.223     5.0849  42.654413  0.000e+00
     35.225     3.2483    29.1351    23.1872 2.8083e-01     0.1249      0.004    1456.45     66.219     5.0848  42.654414  0.000e+00
     35.261     3.2487    29.1348    23.1869 2.8083e-01     0.1261      0.000    1456.45     66.218     5.0847  42.654414  0.000e+00
     35.274     3.2484    29.1352    23.1873 2.8083e-01     0.1261      0.000    1456.45     66.218     5.0847  42.654415  0.000e+00
     35.297     3.2436    29.1397    23.1912 2.6862e-01     0.1261      0.000    1456.43     66.221     5.0854  42.654415  0.000e+00
     35.321     3.2362    29.1466    23.1973 2.6862e-01     0.1261      0.000    1456.41     66.226     5.0865  42.654416  0.000e+00
     35.345     3.2366    29.1463    23.1971 2.6862e-01     0.1261      0.000    1456.41     66.222     5.0861  42.654416  0.000e+00
     35.357     3.2422    29.1416    23.1929 2.5641e-01     0.1261      0.000    1456.43     66.219     5.0854  42.654416  0.000e+00
     35.381     3.2462    29.1380    23.1897 2.5641e-01     0.1249      0.000    1456.44     66.218     5.0849  42.654417  0.000e+00
     35.405     3.2533    29.1315    23.1840 2.5641e-01     0.1261      0.000    1456.47     66.154     5.0793  42.654417  0.000e+00
     35.417     3.2601    29.1258    23.1789 2.6862e-01     0.1249      0.004    1456.49     66.156     5.0788  42.654418  0.000e+00
     35.454     3.2660    29.1207    23.1743 2.8083e-01     0.1249      0.000    1456.51     66.151     5.0779  42.654418  0.000e+00
     35.477     3.2707    29.1164    23.1706 2.8083e-01     0.1261      0.000    1456.52     66.149     5.0772  42.654419  0.000e+00
     35.501     3.2690    29.1184    23.1723 2.8083e-01     0.1261      0.000    1456.52     66.149     5.0773  42.654419  0.000e+00
     35.514     3.2623    29.1246    23.1778 2.9304e-01     0.1261      0.000    1456.50     66.087     5.0733  42.654420  0.000e+00
     35.537     3.2535    29.1326    23.1848 2.9304e-01     0.1261      0.000    1456.47     66.084     5.0738  42.654420  0.000e+00
     35.561     3.2436    29.1416    23.1928 2.8083e-01     0.1261      0.000    1456.44     66.073     5.0739  42.654421  0.000e+00
     35.586     3.2477    29.1385    23.1900 2.8083e-01     0.1261      0.000    1456.46     66.071     5.0734  42.654421  0.000e+00
     35.610     3.2576    29.1297    23.1822 3.1746e-01     0.1249      0.000    1456.49     66.062     5.0717  42.654422  0.000e+00
     35.634     3.2705    29.1181    23.1719 3.1746e-01     0.1261      0.000    1456.53     66.054     5.0699  42.654422  0.000e+00
     35.646     3.2806    29.1094    23.1642 3.0525e-01     0.1261      0.000    1456.56     65.984     5.0635  42.654423  0.000e+00
     35.681     3.2887    29.1025    23.1581 2.8083e-01     0.1261      0.000    1456.59     65.971     5.0618  42.654423  0.000e+00
     35.706     3.2982    29.0941    23.1506 2.6862e-01     0.1249      0.000    1456.62     65.961     5.0601  42.654424  0.000e+00
     35.730     3.3046    29.0886    23.1457 2.6862e-01     0.1249      0.000    1456.64     65.954     5.0589  42.654424  0.000e+00
     35.754     3.3087    29.0847    23.1423 2.8083e-01     0.1249      0.004    1456.65     65.949     5.0582  42.654425  0.000e+00
     35.766     3.3119    29.0815    23.1395 2.8083e-01     0.1261      0.000    1456.66     65.882     5.0528  42.654425  0.000e+00
     35.801     3.3184    29.0767    23.1351 2.6862e-01     0.1249      0.000    1456.68     65.873     5.0514  42.654426  0.000e+00
     35.801     3.3273    29.0684    23.1278 2.6862e-01     0.1261      0.000    1456.71     65.866     5.0500  42.654426  0.000e+00
     35.850     3.3276    29.0685    23.1279 2.6862e-01     0.1249      0.000    1456.71     65.853     5.0490  42.654427  0.000e+00
     35.861     3.3180    29.0774    23.1358 2.6862e-01     0.1249      0.004    1456.68     65.854     5.0500  42.654427  0.000e+00
     35.886     3.3037    29.0905    23.1473 2.5641e-01     0.1249      0.004    1456.64     65.857     5.0516  42.654428  0.000e+00
     35.910     3.2917    29.1014    23.1569 2.6862e-01     0.1261      0.004    1456.60     65.790     5.0476  42.654428  0.000e+00
     35.933     3.2997    29.0943    23.1507 2.6862e-01     0.1261      0.000    1456.63     65.841     5.0507  42.654429  0.000e+00
     35.957     3.3086    29.0869    23.1440 2.6862e-01     0.1249      0.000    1456.66     65.776     5.0449  42.654429  0.000e+00
     35.970     3.3072    29.0879    23.1449 2.5641e-01     0.1261      0.000    1456.65     65.770     5.0445  42.654429  0.000e+00
     35.993     3.3118    29.0833    23.1410 2.5641e-01     0.1249      0.000    1456.67     65.701     5.0388  42.654430  0.000e+00
     36.030     3.3334    29.0640    23.1238 2.6862e-01     0.1249      0.004    1456.74     65.752     5.0407  42.654430  0.000e+00
     36.042     3.3432    29.0554    23.1162 2.6862e-01     0.1261      0.000    1456.77     65.752     5.0398  42.654431  0.000e+00
     36.064     3.3391    29.0590    23.1194 2.6862e-01     0.1249      0.004    1456.75     65.693     5.0356  42.654431  0.000e+00
     36.090     3.3317    29.0655    23.1251 2.5641e-01     0.1261      0.000    1456.73     65.683     5.0356  42.654432  0.000e+00
     36.113     3.3190    29.0765    23.1349 2.5641e-01     0.1261      0.000    1456.69     65.677     5.0363  42.654432  0.000e+00
     36.137     3.3117    29.0827    23.1405 2.6862e-01     0.1249      0.000    1456.67     65.608     5.0317  42.654433  0.000e+00
     36.150     3.3201    29.0748    23.1335 2.6862e-01     0.1261      0.000    1456.69     65.531     5.0250  42.654433  0.000e+00
     36.173     3.3474    29.0505    23.1120 2.6862e-01     0.1249      0.000    1456.78     65.574     5.0257  42.654434  0.000e+00
     36.197     3.3715    29.0287    23.0927 2.5641e-01     0.1249      0.000    1456.86     65.629     5.0277  42.654434  0.000e+00
     36.233     3.3871    29.0144    23.0801 2.5641e-01     0.1249      0.000    1456.91     65.505     5.0168  42.654435  0.000e+00
     36.245     3.4012    29.0018    23.0689 2.5641e-01     0.1249      0.000    1456.95     65.494     5.0146  42.654435  0.000e+00
     36.258     3.4113    28.9927    23.0608 2.5641e-01     0.1261      0.000    1456.98     65.479     5.0125  42.654436  0.000e+00
     36.293     3.4157    28.9888    23.0574 2.5641e-01     0.1249      0.000    1457.00     65.467     5.0111  42.654436  0.000e+00
     36.305     3.4217    28.9838    23.0529 2.4420e-01     0.1249      0.004    1457.02     65.457     5.0098  42.654437  0.000e+00
     36.342     3.4344    28.9724    23.0428 2.5641e-01     0.1261      0.000    1457.06     65.450     5.0081  42.654437  0.000e+00
     36.340     3.4450    28.9631    23.0345 2.6862e-01     0.1249      0.004    1457.09     65.382     5.0019  42.654438  0.000e+00
     36.389     3.4339    28.9735    23.0437 3.0525e-01     0.1261      0.000    1457.06     65.376     5.0025  42.654438  0.000e+00
     36.402     3.4134    28.9923    23.0603 3.1746e-01     0.1249      0.004    1456.99     65.374     5.0042  42.654439  0.000e+00
     36.425     3.3882    29.0151    23.0805 3.0525e-01     0.1261      0.000    1456.91     65.376     5.0067  42.654439  0.000e+00
     36.449     3.3562    29.0442    23.1063 2.9304e-01     0.1249      0.004    1456.82     65.319     5.0053  42.654440  0.000e+00
     36.473     3.3270    29.0707    23.1297 2.6862e-01     0.1249      0.004    1456.72     65.320     5.0081  42.654440  0.000e+00
     36.498     3.3264    29.0716    23.1304 2.6862e-01     0.1249      0.000    1456.72     65.320     5.0082  42.654441  0.000e+00
     36.522     3.3362    29.0632    23.1230 2.6862e-01     0.1249      0.000    1456.75     65.250     5.0019  42.654441  0.000e+00
     36.533     3.3487    29.0525    23.1135 2.5641e-01     0.1249      0.000    1456.79     65.302     5.0047  42.654442  0.000e+00
     36.558     3.3650    29.0378    23.1004 2.5641e-01     0.1261      0.000    1456.85     65.238     4.9982  42.654442  0.000e+00
     36.582     3.3898    29.0157    23.0809 2.5641e-01     0.1261      0.000    1456.92     65.231     4.9954  42.654443  0.000e+00
     36.616     3.4080    28.9999    23.0668 2.5641e-01     0.1261      0.000    1456.98     65.230     4.9936  42.654443  0.000e+00
     36.629     3.4201    28.9893    23.0574 2.5641e-01     0.1249      0.000    1457.02     65.223     4.9919  42.654443  0.000e+00
     36.665     3.4350    28.9762    23.0457 2.5641e-01     0.1249      0.000    1457.07     65.219     4.9902  42.654444  0.000e+00
     36.667     3.4279    28.9827    23.0515 2.5641e-01     0.1249      0.004    1457.05     65.158     4.9862  42.654444  0.000e+00
     36.701     3.4127    28.9966    23.0638 2.5641e-01     0.1249      0.000    1457.00     65.156     4.9875  42.654445  0.000e+00
     36.738     3.3959    29.0116    23.0771 2.5641e-01     0.1249      0.000    1456.95     65.159     4.9893  42.654445  0.000e+00
     36.749     3.3786    29.0272    23.0909 2.5641e-01     0.1249      0.000    1456.89     65.165     4.9914  42.654446  0.000e+00
     36.774     3.3747    29.0305    23.0939 2.5641e-01     0.1249      0.000    1456.88     65.164     4.9916  42.654446  0.000e+00
