BO-1_20190211_down.cnv
* Sea-Bird SBE 9 Data File:
* FileName = C:\CTD Brukere\NIVA\OKOKYST2019\20190211\BO-1_20190211.hex
* Software Version Seasave V 7.23.2
* Temperature SN = 5352
* Conductivity SN = 3840
* Number of Bytes Per Scan = 28
* Number of Voltage Words = 4
* Number of Scans Averaged by the Deck Unit = 1
* NMEA baud rate = 4800
** Ship: R/V Trygve Braarud
** Cruise:
** Station:
** Operator:
# nquan = 12
# nvalues = 3193                                  
# units = specified
# name 0 = depSM: Depth [salt water, m], lat = 59.60
# name 1 = t090C: Temperature [ITS-90, deg C]
# name 2 = sal00: Salinity, Practical [PSU]
# name 3 = sigma-t00: Density [sigma-t, kg/m^3 ]
# name 4 = flSP: Fluorescence, Seapoint
# name 5 = wetStar: Fluorescence, WET Labs WETstar [mg/m^3]
# name 6 = seaTurbMtr: Turbidity, Seapoint [FTU]
# name 7 = svCM: Sound Velocity [Chen-Millero, m/s]
# name 8 = sbeox0PS: Oxygen, SBE 43 [% saturation]
# name 9 = sbeox0ML/L: Oxygen, SBE 43 [ml/l]
# name 10 = timeJ: Julian Days
# name 11 = flag:  0.000e+00
# span 0 =      0.158,     55.900                 
# span 1 =     2.3908,     5.8994                 
# span 2 =    27.1369,    30.0107                 
# span 3 =    21.3569,    23.9472                 
# span 4 = 2.0757e-01, 6.8376e-01                 
# span 5 =     0.1249,     0.1261                 
# span 6 =      0.000,      0.004                 
# span 7 =    1453.30,    1465.44                 
# span 8 =     54.259,     71.175                 
# span 9 =     4.2194,     5.5402                 
# span 10 =  42.653461,  42.655000                
# span 11 = 0.0000e+00, 0.0000e+00                
# interval = seconds: 0.0416667
# start_time = Feb 11 2019 15:40:59 [System UpLoad Time]
# bad_flag = -9.990e-29
*END*
[from data line 963]
     12.686     2.4969    29.8111    23.7829 3.7851e-01     0.1261      0.000    1453.69     69.847     5.4401  42.653925  0.000e+00
     12.699     2.5042    29.8046    23.7772 3.9072e-01     0.1249      0.000    1453.71     69.820     5.4372  42.653926  0.000e+00
     12.734     2.5152    29.7944    23.7683 5.4945e-01     0.1261      0.004    1453.75     69.855     5.4388  42.653926  0.000e+00
     12.759     2.5208    29.7896    23.7640 5.8608e-01     0.1249      0.000    1453.77     69.889     5.4409  42.653927  0.000e+00
     12.770     2.5294    29.7818    23.7572 5.1282e-01     0.1261      0.000    1453.79     69.875     5.4389  42.653927  0.000e+00
     12.806     2.5217    29.7893    23.7638 4.5177e-01     0.1249      0.004    1453.77     69.930     5.4439  42.653927  0.000e+00
     12.830     2.5130    29.7977    23.7710 4.2735e-01     0.1249      0.000    1453.74     69.918     5.4440  42.653928  0.000e+00
     12.854     2.5124    29.7984    23.7717 4.2735e-01     0.1261      0.004    1453.74     69.958     5.4471  42.653928  0.000e+00
     12.877     2.5051    29.8053    23.7777 3.9072e-01     0.1249      0.000    1453.72     69.944     5.4467  42.653929  0.000e+00
     12.914     2.4949    29.8152    23.7864 3.9072e-01     0.1261      0.000    1453.69     69.993     5.4516  42.653929  0.000e+00
     12.925     2.4894    29.8208    23.7912 3.6630e-01     0.1261      0.000    1453.67     69.985     5.4515  42.653930  0.000e+00
     12.961     2.5059    29.8055    23.7778 3.7851e-01     0.1249      0.004    1453.73     70.088     5.4578  42.653930  0.000e+00
     12.985     2.5107    29.8015    23.7742 3.9072e-01     0.1261      0.000    1453.74     70.019     5.4519  42.653931  0.000e+00
     12.997     2.5036    29.8090    23.7807 3.9072e-01     0.1261      0.000    1453.72     70.072     5.4568  42.653931  0.000e+00
     13.032     2.4914    29.8201    23.7905 4.1514e-01     0.1261      0.000    1453.68     70.061     5.4572  42.653932  0.000e+00
     13.068     2.4897    29.8220    23.7921 4.1514e-01     0.1249      0.004    1453.68     70.046     5.4562  42.653932  0.000e+00
     13.081     2.4911    29.8209    23.7911 4.0293e-01     0.1261      0.000    1453.68     70.084     5.4590  42.653933  0.000e+00
     13.105     2.4918    29.8208    23.7910 4.0293e-01     0.1261      0.000    1453.69     70.131     5.4626  42.653933  0.000e+00
     13.128     2.4934    29.8195    23.7899 4.1514e-01     0.1249      0.000    1453.69     70.123     5.4617  42.653934  0.000e+00
     13.165     2.4981    29.8159    23.7866 4.2735e-01     0.1249      0.004    1453.71     70.103     5.4597  42.653934  0.000e+00
     13.188     2.5147    29.8006    23.7733 4.1514e-01     0.1261      0.004    1453.76     70.143     5.4611  42.653935  0.000e+00
     13.201     2.5314    29.7852    23.7598 4.1514e-01     0.1249      0.000    1453.82     70.119     5.4575  42.653935  0.000e+00
     13.224     2.5503    29.7679    23.7446 4.0293e-01     0.1249      0.004    1453.88     70.157     5.4585  42.653936  0.000e+00
     13.261     2.5627    29.7567    23.7348 3.7851e-01     0.1249      0.000    1453.92     70.133     5.4554  42.653936  0.000e+00
     13.272     2.5859    29.7353    23.7160 3.6630e-01     0.1261      0.000    1453.99     70.169     5.4558  42.653937  0.000e+00
     13.313     2.6011    29.7220    23.7043 3.7851e-01     0.1261      0.004    1454.04     70.153     5.4529  42.653937  0.000e+00
     13.321     2.5900    29.7328    23.7137 3.9072e-01     0.1249      0.000    1454.01     70.134     5.4526  42.653938  0.000e+00
     13.356     2.5690    29.7526    23.7310 3.9072e-01     0.1261      0.000    1453.94     70.182     5.4585  42.653938  0.000e+00
     13.368     2.5470    29.7733    23.7491 3.7851e-01     0.1261      0.000    1453.87     70.176     5.4603  42.653939  0.000e+00
     13.403     2.5326    29.7866    23.7608 3.6630e-01     0.1261      0.000    1453.83     70.223     5.4654  42.653939  0.000e+00
     13.428     2.5258    29.7936    23.7669 3.5409e-01     0.1249      0.000    1453.81     70.212     5.4652  42.653940  0.000e+00
     13.452     2.5287    29.7912    23.7647 3.4188e-01     0.1249      0.000    1453.82     70.253     5.4681  42.653940  0.000e+00
     13.463     2.5342    29.7863    23.7604 3.4188e-01     0.1249      0.000    1453.83     70.239     5.4664  42.653940  0.000e+00
     13.499     2.5473    29.7744    23.7500 3.6630e-01     0.1249      0.000    1453.88     70.223     5.4638  42.653941  0.000e+00
     13.512     2.5612    29.7619    23.7390 3.7851e-01     0.1261      0.000    1453.92     70.262     5.4654  42.653941  0.000e+00
     13.548     2.5553    29.7680    23.7443 3.7851e-01     0.1261      0.000    1453.90     70.253     5.4653  42.653942  0.000e+00
     13.548     2.5508    29.7726    23.7483 3.7851e-01     0.1261      0.000    1453.89     70.307     5.4699  42.653942  0.000e+00
     13.586     2.5555    29.7686    23.7448 3.6630e-01     0.1261      0.000    1453.91     70.296     5.4686  42.653943  0.000e+00
     13.608     2.5652    29.7596    23.7369 3.7851e-01     0.1249      0.000    1453.94     70.274     5.4659  42.653943  0.000e+00
     13.619     2.5743    29.7511    23.7294 4.0293e-01     0.1249      0.000    1453.97     70.317     5.4683  42.653944  0.000e+00
     13.655     2.5810    29.7453    23.7243 4.0293e-01     0.1249      0.000    1453.99     70.297     5.4660  42.653944  0.000e+00
     13.667     2.5861    29.7410    23.7205 4.1514e-01     0.1261      0.000    1454.00     70.278     5.4640  42.653945  0.000e+00
     13.703     2.6010    29.7272    23.7084 4.2735e-01     0.1261      0.000    1454.05     70.248     5.4602  42.653945  0.000e+00
     13.714     2.6047    29.7240    23.7056 4.2735e-01     0.1249      0.000    1454.06     70.287     5.4628  42.653946  0.000e+00
     13.727     2.6049    29.7236    23.7053 4.0293e-01     0.1261      0.000    1454.07     70.273     5.4617  42.653946  0.000e+00
     13.763     2.6086    29.7205    23.7025 3.9072e-01     0.1249      0.000    1454.08     70.314     5.4644  42.653947  0.000e+00
     13.778     2.5957    29.7330    23.7134 3.9072e-01     0.1261      0.000    1454.04     70.305     5.4651  42.653947  0.000e+00
     13.799     2.5672    29.7596    23.7367 3.7851e-01     0.1261      0.000    1453.95     70.293     5.4671  42.653948  0.000e+00
     13.834     2.5385    29.7863    23.7601 3.6630e-01     0.1249      0.000    1453.86     70.347     5.4743  42.653948  0.000e+00
     13.834     2.5191    29.8049    23.7764 3.6630e-01     0.1261      0.000    1453.80     70.335     5.4753  42.653949  0.000e+00
     13.870     2.5055    29.8177    23.7876 3.5409e-01     0.1249      0.004    1453.76     70.378     5.4800  42.653949  0.000e+00
     13.894     2.4941    29.8285    23.7970 3.5409e-01     0.1261      0.000    1453.72     70.366     5.4803  42.653950  0.000e+00
     13.919     2.4852    29.8370    23.8044 3.6630e-01     0.1261      0.004    1453.69     70.355     5.4803  42.653950  0.000e+00
     13.930     2.4891    29.8335    23.8014 3.7851e-01     0.1261      0.000    1453.70     70.397     5.4832  42.653951  0.000e+00
     13.958     2.5042    29.8195    23.7891 4.0293e-01     0.1261      0.000    1453.75     70.383     5.4805  42.653951  0.000e+00
     13.979     2.5046    29.8191    23.7888 3.9072e-01     0.1261      0.004    1453.75     70.429     5.4840  42.653952  0.000e+00
     13.990     2.4867    29.8363    23.8037 3.7851e-01     0.1261      0.000    1453.70     70.362     5.4807  42.653952  0.000e+00
     14.014     2.4729    29.8494    23.8152 3.9072e-01     0.1249      0.004    1453.66     70.406     5.4855  42.653953  0.000e+00
     14.050     2.4724    29.8500    23.8157 4.1514e-01     0.1249      0.004    1453.65     70.394     5.4846  42.653953  0.000e+00
     14.061     2.4875    29.8359    23.8034 4.3956e-01     0.1249      0.000    1453.70     70.370     5.4812  42.653954  0.000e+00
     14.086     2.4947    29.8295    23.7978 4.3956e-01     0.1261      0.004    1453.73     70.424     5.4846  42.653954  0.000e+00
     14.089     2.4878    29.8361    23.8035 4.5177e-01     0.1249      0.000    1453.70     70.410     5.4843  42.653954  0.000e+00
     14.145     2.4789    29.8450    23.8113 4.6398e-01     0.1249      0.000    1453.68     70.464     5.4894  42.653955  0.000e+00
     14.134     2.4737    29.8502    23.8158 4.3956e-01     0.1249      0.004    1453.66     70.454     5.4891  42.653955  0.000e+00
     14.170     2.4678    29.8554    23.8204 4.0293e-01     0.1249      0.000    1453.64     70.437     5.4884  42.653956  0.000e+00
     14.181     2.4636    29.8600    23.8243 3.9072e-01     0.1261      0.004    1453.63     70.422     5.4877  42.653956  0.000e+00
     14.217     2.4654    29.8585    23.8230 3.7851e-01     0.1249      0.004    1453.64     70.473     5.4914  42.653957  0.000e+00
     14.220     2.4607    29.8629    23.8269 3.9072e-01     0.1249      0.004    1453.62     70.463     5.4911  42.653957  0.000e+00
     14.252     2.4617    29.8622    23.8262 4.0293e-01     0.1249      0.004    1453.63     70.444     5.4896  42.653958  0.000e+00
     14.265     2.4673    29.8570    23.8217 3.9072e-01     0.1261      0.000    1453.65     70.492     5.4927  42.653958  0.000e+00
     14.290     2.4667    29.8578    23.8223 3.6630e-01     0.1249      0.004    1453.64     70.479     5.4917  42.653959  0.000e+00
     14.325     2.4615    29.8629    23.8268 3.6630e-01     0.1249      0.000    1453.63     70.470     5.4916  42.653959  0.000e+00
     14.325     2.4664    29.8587    23.8231 3.6630e-01     0.1261      0.000    1453.64     70.452     5.4896  42.653960  0.000e+00
     14.351     2.4751    29.8504    23.8159 3.6630e-01     0.1249      0.000    1453.67     70.500     5.4925  42.653960  0.000e+00
     14.372     2.4794    29.8465    23.8124 3.7851e-01     0.1261      0.000    1453.69     70.487     5.4911  42.653961  0.000e+00
     14.397     2.4751    29.8506    23.8160 3.9072e-01     0.1261      0.004    1453.67     70.471     5.4902  42.653961  0.000e+00
     14.421     2.4656    29.8596    23.8239 3.9072e-01     0.1249      0.004    1453.64     70.523     5.4953  42.653962  0.000e+00
     14.444     2.4589    29.8664    23.8298 3.9072e-01     0.1261      0.000    1453.62     70.513     5.4951  42.653962  0.000e+00
     14.457     2.4578    29.8676    23.8309 3.9072e-01     0.1261      0.000    1453.62     70.504     5.4946  42.653963  0.000e+00
     14.484     2.4564    29.8688    23.8318 3.6630e-01     0.1261      0.000    1453.62     70.554     5.4986  42.653963  0.000e+00
     14.504     2.4804    29.8465    23.8123 3.5409e-01     0.1261      0.000    1453.69     70.481     5.4904  42.653964  0.000e+00
     14.528     2.5190    29.8106    23.7810 3.5409e-01     0.1261      0.000    1453.82     70.581     5.4943  42.653964  0.000e+00
     14.541     2.5337    29.7973    23.7692 3.5409e-01     0.1249      0.000    1453.86     70.572     5.4920  42.653965  0.000e+00
     14.563     2.5483    29.7835    23.7571 3.5409e-01     0.1261      0.000    1453.91     70.565     5.4900  42.653965  0.000e+00
     14.591     2.5529    29.7796    23.7537 3.4188e-01     0.1261      0.000    1453.92     70.556     5.4887  42.653966  0.000e+00
     14.612     2.5367    29.7948    23.7671 3.6630e-01     0.1261      0.000    1453.87     70.555     5.4903  42.653966  0.000e+00
     14.636     2.5121    29.8183    23.7875 3.9072e-01     0.1249      0.000    1453.80     70.550     5.4925  42.653967  0.000e+00
     14.659     2.4855    29.8430    23.8092 3.9072e-01     0.1261      0.000    1453.71     70.540     5.4945  42.653967  0.000e+00
     14.672     2.4606    29.8664    23.8297 3.9072e-01     0.1249      0.000    1453.63     70.598     5.5015  42.653967  0.000e+00
     14.698     2.4468    29.8792    23.8409 4.0293e-01     0.1249      0.004    1453.59     70.592     5.5025  42.653968  0.000e+00
     14.719     2.4338    29.8916    23.8517 4.2735e-01     0.1261      0.000    1453.55     70.580     5.5029  42.653968  0.000e+00
     14.743     2.4179    29.9068    23.8650 4.2735e-01     0.1249      0.000    1453.50     70.563     5.5032  42.653969  0.000e+00
     14.768     2.4077    29.9166    23.8735 4.0293e-01     0.1249      0.000    1453.47     70.612     5.5081  42.653969  0.000e+00
     14.792     2.4052    29.9190    23.8756 3.6630e-01     0.1249      0.000    1453.46     70.599     5.5073  42.653970  0.000e+00
     14.818     2.4168    29.9084    23.8663 3.6630e-01     0.1249      0.000    1453.50     70.650     5.5101  42.653970  0.000e+00
     14.839     2.4376    29.8890    23.8493 3.6630e-01     0.1261      0.000    1453.57     70.639     5.5070  42.653971  0.000e+00
     14.852     2.4661    29.8627    23.8263 3.7851e-01     0.1249      0.000    1453.66     70.619     5.5026  42.653971  0.000e+00
     14.888     2.4856    29.8448    23.8107 3.6630e-01     0.1249      0.000    1453.72     70.670     5.5045  42.653972  0.000e+00
     14.902     2.4942    29.8372    23.8039 3.6630e-01     0.1249      0.000    1453.75     70.598     5.4980  42.653972  0.000e+00
     14.935     2.4880    29.8432    23.8092 3.6630e-01     0.1249      0.000    1453.73     70.590     5.4980  42.653973  0.000e+00
     14.959     2.4900    29.8415    23.8077 3.6630e-01     0.1261      0.000    1453.74     70.639     5.5016  42.653973  0.000e+00
     14.983     2.4964    29.8359    23.8027 3.6630e-01     0.1249      0.000    1453.76     70.626     5.4999  42.653974  0.000e+00
     14.998     2.4951    29.8371    23.8038 3.9072e-01     0.1261      0.000    1453.75     70.620     5.4996  42.653974  0.000e+00
     15.030     2.4889    29.8437    23.8095 4.2735e-01     0.1261      0.004    1453.73     70.674     5.5044  42.653975  0.000e+00
     15.054     2.4799    29.8519    23.8167 4.1514e-01     0.1249      0.000    1453.71     70.678     5.5056  42.653975  0.000e+00
     15.079     2.4698    29.8619    23.8254 4.0293e-01     0.1261      0.000    1453.68     70.667     5.5059  42.653976  0.000e+00
     15.105     2.4578    29.8738    23.8358 3.9072e-01     0.1261      0.000    1453.64     70.662     5.5066  42.653976  0.000e+00
     15.126     2.4513    29.8801    23.8413 3.7851e-01     0.1249      0.000    1453.62     70.650     5.5063  42.653977  0.000e+00
     15.150     2.4474    29.8839    23.8446 3.6630e-01     0.1249      0.004    1453.61     70.696     5.5103  42.653977  0.000e+00
     15.174     2.4433    29.8884    23.8484 3.7851e-01     0.1249      0.000    1453.60     70.628     5.5054  42.653978  0.000e+00
     15.200     2.4514    29.8811    23.8420 3.9072e-01     0.1261      0.000    1453.62     70.606     5.5029  42.653978  0.000e+00
     15.210     2.4658    29.8682    23.8307 3.9072e-01     0.1249      0.000    1453.67     70.653     5.5050  42.653979  0.000e+00
     15.246     2.4821    29.8533    23.8177 3.7851e-01     0.1261      0.004    1453.72     70.639     5.5022  42.653979  0.000e+00
     15.281     2.5107    29.8269    23.7946 3.6630e-01     0.1249      0.000    1453.81     70.618     5.4976  42.653980  0.000e+00
     15.285     2.5325    29.8068    23.7770 3.5409e-01     0.1249      0.000    1453.88     70.593     5.4935  42.653980  0.000e+00
     15.330     2.5259    29.8137    23.7829 3.6630e-01     0.1249      0.000    1453.86     70.646     5.4982  42.653981  0.000e+00
     15.354     2.5156    29.8236    23.7916 4.0293e-01     0.1261      0.000    1453.83     70.639     5.4987  42.653981  0.000e+00
     15.366     2.5119    29.8271    23.7946 4.0293e-01     0.1261      0.004    1453.82     70.626     5.4981  42.653981  0.000e+00
     15.404     2.5039    29.8350    23.8015 4.1514e-01     0.1249      0.000    1453.80     70.620     5.4984  42.653982  0.000e+00
