BO-1_20190211_down.cnv
* Sea-Bird SBE 9 Data File:
* FileName = C:\CTD Brukere\NIVA\OKOKYST2019\20190211\BO-1_20190211.hex
* Software Version Seasave V 7.23.2
* Temperature SN = 5352
* Conductivity SN = 3840
* Number of Bytes Per Scan = 28
* Number of Voltage Words = 4
* Number of Scans Averaged by the Deck Unit = 1
* NMEA baud rate = 4800
** Ship: R/V Trygve Braarud
** Cruise:
** Station:
** Operator:
# nquan = 12
# nvalues = 3193                                  
# units = specified
# name 0 = depSM: Depth [salt water, m], lat = 59.60
# name 1 = t090C: Temperature [ITS-90, deg C]
# name 2 = sal00: Salinity, Practical [PSU]
# name 3 = sigma-t00: Density [sigma-t, kg/m^3 ]
# name 4 = flSP: Fluorescence, Seapoint
# name 5 = wetStar: Fluorescence, WET Labs WETstar [mg/m^3]
# name 6 = seaTurbMtr: Turbidity, Seapoint [FTU]
# name 7 = svCM: Sound Velocity [Chen-Millero, m/s]
# name 8 = sbeox0PS: Oxygen, SBE 43 [% saturation]
# name 9 = sbeox0ML/L: Oxygen, SBE 43 [ml/l]
# name 10 = timeJ: Julian Days
# name 11 = flag:  0.000e+00
# span 0 =      0.158,     55.900                 
# span 1 =     2.3908,     5.8994                 
# span 2 =    27.1369,    30.0107                 
# span 3 =    21.3569,    23.9472                 
# span 4 = 2.0757e-01, 6.8376e-01                 
# span 5 =     0.1249,     0.1261                 
# span 6 =      0.000,      0.004                 
# span 7 =    1453.30,    1465.44                 
# span 8 =     54.259,     71.175                 
# span 9 =     4.2194,     5.5402                 
# span 10 =  42.653461,  42.655000                
# span 11 = 0.0000e+00, 0.0000e+00                
# interval = seconds: 0.0416667
# start_time = Feb 11 2019 15:40:59 [System UpLoad Time]
# bad_flag = -9.990e-29
*END*
[from data line 2407]
     44.765     5.1567    27.5036    21.7227 2.1978e-01     0.1261      0.000    1462.58     61.655     4.5680  42.654621  0.000e+00
     44.783     5.1880    27.4783    21.6996 2.0757e-01     0.1249      0.004    1462.67     61.592     4.5607  42.654622  0.000e+00
     44.820     5.2260    27.4470    21.6711 2.1978e-01     0.1261      0.004    1462.79     61.588     4.5572  42.654622  0.000e+00
     44.831     5.2575    27.4215    21.6479 2.1978e-01     0.1249      0.004    1462.89     61.589     4.5546  42.654623  0.000e+00
     44.849     5.2776    27.4052    21.6330 2.0757e-01     0.1249      0.004    1462.95     61.596     4.5534  42.654623  0.000e+00
     44.891     5.2635    27.4168    21.6435 2.0757e-01     0.1249      0.000    1462.91     61.601     4.5550  42.654624  0.000e+00
     44.916     5.2427    27.4342    21.6593 2.0757e-01     0.1249      0.000    1462.85     61.611     4.5574  42.654624  0.000e+00
     44.927     5.2433    27.4340    21.6592 2.0757e-01     0.1249      0.000    1462.85     61.560     4.5536  42.654625  0.000e+00
     44.956     5.2508    27.4286    21.6541 2.0757e-01     0.1261      0.004    1462.87     61.559     4.5529  42.654625  0.000e+00
     44.976     5.2463    27.4333    21.6583 2.0757e-01     0.1261      0.000    1462.86     61.564     4.5536  42.654626  0.000e+00
     45.012     5.2059    27.4674    21.6893 2.1978e-01     0.1261      0.000    1462.74     61.575     4.5578  42.654626  0.000e+00
     45.036     5.1774    27.4919    21.7115 2.1978e-01     0.1249      0.000    1462.65     61.589     4.5613  42.654627  0.000e+00
     45.052     5.1905    27.4819    21.7023 2.1978e-01     0.1249      0.004    1462.69     61.533     4.5560  42.654627  0.000e+00
     45.083     5.1823    27.4896    21.7092 2.1978e-01     0.1261      0.000    1462.67     61.537     4.5569  42.654628  0.000e+00
     45.107     5.1028    27.5560    21.7695 2.0757e-01     0.1249      0.004    1462.43     61.552     4.5647  42.654628  0.000e+00
     45.132     4.9636    27.6721    21.8749 2.1978e-01     0.1249      0.004    1462.00     61.575     4.5783  42.654629  0.000e+00
     45.148     4.9252    27.7050    21.9046 2.0757e-01     0.1249      0.004    1461.88     61.532     4.5783  42.654629  0.000e+00
     45.180     4.9057    27.7220    21.9200 2.0757e-01     0.1261      0.000    1461.82     61.537     4.5803  42.654630  0.000e+00
     45.203     4.9024    27.7258    21.9233 2.0757e-01     0.1249      0.000    1461.81     61.545     4.5812  42.654630  0.000e+00
     45.228     4.8522    27.7684    21.9619 2.0757e-01     0.1261      0.004    1461.66     61.562     4.5867  42.654631  0.000e+00
     45.245     4.8477    27.7732    21.9661 2.0757e-01     0.1261      0.000    1461.64     61.570     4.5876  42.654631  0.000e+00
     45.263     4.8660    27.7589    21.9530 2.0757e-01     0.1261      0.000    1461.70     61.516     4.5821  42.654632  0.000e+00
     45.301     4.8295    27.7901    21.9812 2.0757e-01     0.1261      0.000    1461.59     61.527     4.5860  42.654632  0.000e+00
     45.317     4.8401    27.7820    21.9738 2.0757e-01     0.1261      0.000    1461.62     61.528     4.5851  42.654633  0.000e+00
     45.348     4.7871    27.8270    22.0144 2.1978e-01     0.1249      0.000    1461.46     61.540     4.5905  42.654633  0.000e+00
     45.361     4.6053    27.9808    22.1534 2.0757e-01     0.1249      0.000    1460.90     61.504     4.6034  42.654633  0.000e+00
     45.397     4.4839    28.0846    22.2468 2.0757e-01     0.1261      0.004    1460.52     61.522     4.6151  42.654634  0.000e+00
     45.413     4.4855    28.0839    22.2462 2.0757e-01     0.1261      0.004    1460.53     61.523     4.6151  42.654634  0.000e+00
     45.444     4.5016    28.0707    22.2342 2.0757e-01     0.1261      0.000    1460.58     61.464     4.6093  42.654635  0.000e+00
     45.468     4.5278    28.0491    22.2146 2.1978e-01     0.1249      0.004    1460.66     61.463     4.6069  42.654635  0.000e+00
     45.484     4.5535    28.0281    22.1956 2.1978e-01     0.1249      0.000    1460.74     61.457     4.6042  42.654636  0.000e+00
     45.517     4.6029    27.9867    22.1583 2.1978e-01     0.1249      0.004    1460.90     61.453     4.5996  42.654636  0.000e+00
     45.541     4.6699    27.9307    22.1076 2.1978e-01     0.1249      0.004    1461.11     61.388     4.5890  42.654637  0.000e+00
     45.552     4.6507    27.9472    22.1225 2.1978e-01     0.1261      0.000    1461.05     61.453     4.5955  42.654637  0.000e+00
     45.582     4.5707    28.0153    22.1839 2.1978e-01     0.1261      0.004    1460.80     61.410     4.5991  42.654638  0.000e+00
     45.613     4.5512    28.0327    22.1995 2.1978e-01     0.1249      0.000    1460.74     61.411     4.6009  42.654638  0.000e+00
     45.624     4.5576    28.0277    22.1950 2.1978e-01     0.1261      0.000    1460.76     61.414     4.6005  42.654639  0.000e+00
     45.653     4.5568    28.0293    22.1963 2.1978e-01     0.1249      0.000    1460.76     61.358     4.5964  42.654639  0.000e+00
     45.684     4.5407    28.0439    22.2094 2.1978e-01     0.1261      0.000    1460.71     61.354     4.5974  42.654640  0.000e+00
     45.697     4.5329    28.0517    22.2162 2.1978e-01     0.1249      0.004    1460.69     61.352     4.5980  42.654640  0.000e+00
     45.725     4.5234    28.0604    22.2240 2.3199e-01     0.1261      0.000    1460.66     61.355     4.5990  42.654641  0.000e+00
     45.744     4.4588    28.1164    22.2743 2.3199e-01     0.1261      0.000    1460.46     61.367     4.6054  42.654641  0.000e+00
     45.769     4.3375    28.2206    22.3681 2.1978e-01     0.1261      0.000    1460.09     61.317     4.6120  42.654642  0.000e+00
     45.785     4.2048    28.3356    22.4712 2.0757e-01     0.1249      0.000    1459.67     61.263     4.6194  42.654642  0.000e+00
     45.817     4.0866    28.4387    22.5635 2.0757e-01     0.1249      0.004    1459.31     61.331     4.6347  42.654643  0.000e+00
     45.829     4.0770    28.4477    22.5715 2.0757e-01     0.1249      0.004    1459.28     61.336     4.6359  42.654643  0.000e+00
     45.869     4.0781    28.4478    22.5714 2.0757e-01     0.1261      0.000    1459.28     61.281     4.6316  42.654644  0.000e+00
     45.877     4.1918    28.3502    22.4839 2.0757e-01     0.1249      0.000    1459.64     61.264     4.6205  42.654644  0.000e+00
     45.889     4.3494    28.2154    22.3629 2.1978e-01     0.1261      0.000    1460.13     61.248     4.6056  42.654645  0.000e+00
     45.918     4.3604    28.2064    22.3547 2.3199e-01     0.1249      0.004    1460.17     61.186     4.6001  42.654645  0.000e+00
     45.949     4.2995    28.2589    22.4019 2.3199e-01     0.1261      0.000    1459.98     61.245     4.6097  42.654646  0.000e+00
     45.973     4.2401    28.3099    22.4477 2.3199e-01     0.1261      0.000    1459.79     61.190     4.6107  42.654646  0.000e+00
     45.989     4.1511    28.3869    22.5167 2.1978e-01     0.1261      0.000    1459.52     61.196     4.6188  42.654647  0.000e+00
     45.998     4.0446    28.4797    22.5997 2.1978e-01     0.1249      0.000    1459.18     61.208     4.6289  42.654647  0.000e+00
     46.033     4.0603    28.4660    22.5875 2.0757e-01     0.1249      0.004    1459.23     61.148     4.6230  42.654647  0.000e+00
     46.050     4.1805    28.3626    22.4948 2.1978e-01     0.1261      0.000    1459.61     61.137     4.6118  42.654648  0.000e+00
     46.069     4.2925    28.2668    22.4088 2.1978e-01     0.1261      0.000    1459.96     61.122     4.6010  42.654648  0.000e+00
     46.093     4.3308    28.2342    22.3794 2.3199e-01     0.1261      0.000    1460.08     61.118     4.5974  42.654649  0.000e+00
     46.121     4.3202    28.2434    22.3877 2.1978e-01     0.1261      0.000    1460.05     61.060     4.5939  42.654649  0.000e+00
     46.142     4.3386    28.2282    22.3739 2.1978e-01     0.1249      0.004    1460.11     60.995     4.5874  42.654650  0.000e+00
     46.145     4.3453    28.2226    22.3689 2.1978e-01     0.1249      0.000    1460.13     61.053     4.5913  42.654650  0.000e+00
     46.189     4.2853    28.2747    22.4157 2.1978e-01     0.1261      0.000    1459.94     61.059     4.5968  42.654651  0.000e+00
     46.202     4.1705    28.3744    22.5050 2.4420e-01     0.1261      0.004    1459.59     61.074     4.6078  42.654651  0.000e+00
     46.219     4.1076    28.4291    22.5540 2.4420e-01     0.1249      0.004    1459.39     61.088     4.6143  42.654652  0.000e+00
     46.238     4.1366    28.4043    22.5318 2.3199e-01     0.1261      0.000    1459.48     61.097     4.6124  42.654652  0.000e+00
     46.274     4.1709    28.3751    22.5055 2.1978e-01     0.1249      0.000    1459.59     61.100     4.6097  42.654653  0.000e+00
     46.279     4.2256    28.3282    22.4635 2.1978e-01     0.1261      0.000    1459.76     60.978     4.5958  42.654653  0.000e+00
     46.310     4.2273    28.3270    22.4624 2.1978e-01     0.1249      0.000    1459.77     60.975     4.5954  42.654654  0.000e+00
     46.326     4.1922    28.3576    22.4897 2.1978e-01     0.1261      0.000    1459.66     61.044     4.6036  42.654654  0.000e+00
     46.345     4.1553    28.3897    22.5185 2.1978e-01     0.1249      0.000    1459.54     60.998     4.6033  42.654655  0.000e+00
     46.370     4.1120    28.4277    22.5525 2.1978e-01     0.1261      0.000    1459.41     61.004     4.6075  42.654655  0.000e+00
     46.386     4.0455    28.4855    22.6042 2.1978e-01     0.1249      0.000    1459.20     61.016     4.6141  42.654656  0.000e+00
     46.430     3.9876    28.5365    22.6497 2.1978e-01     0.1261      0.000    1459.02     61.031     4.6202  42.654656  0.000e+00
     46.383     4.0030    28.5232    22.6379 2.1978e-01     0.1249      0.000    1459.07     61.042     4.6197  42.654657  0.000e+00
     46.495     4.0593    28.4741    22.5940 2.3199e-01     0.1249      0.004    1459.25     61.044     4.6150  42.654657  0.000e+00
     46.465     4.1396    28.4048    22.5319 2.4420e-01     0.1261      0.000    1459.50     60.983     4.6035  42.654658  0.000e+00
     46.495     4.2339    28.3235    22.4590 2.3199e-01     0.1249      0.004    1459.79     60.980     4.5951  42.654658  0.000e+00
     46.514     4.2792    28.2845    22.4240 2.6862e-01     0.1249      0.000    1459.93     60.977     4.5910  42.654659  0.000e+00
     46.514     4.2915    28.2740    22.4146 2.9304e-01     0.1261      0.000    1459.97     60.981     4.5903  42.654659  0.000e+00
     46.566     4.3863    28.1932    22.3419 2.8083e-01     0.1249      0.004    1460.27     60.980     4.5821  42.654660  0.000e+00
     46.586     4.4689    28.1229    22.2786 2.5641e-01     0.1249      0.000    1460.53     60.984     4.5753  42.654660  0.000e+00
     46.578     4.5045    28.0928    22.2514 2.4420e-01     0.1249      0.000    1460.64     60.987     4.5725  42.654660  0.000e+00
     46.623     4.4848    28.1096    22.2666 2.4420e-01     0.1261      0.000    1460.58     60.945     4.5710  42.654661  0.000e+00
     46.638     4.5045    28.0929    22.2515 2.3199e-01     0.1261      0.000    1460.64     60.949     4.5696  42.654661  0.000e+00
     46.646     4.5381    28.0646    22.2260 2.3199e-01     0.1249      0.000    1460.74     60.954     4.5672  42.654662  0.000e+00
     46.670     4.5354    28.0667    22.2280 2.1978e-01     0.1249      0.000    1460.74     60.967     4.5684  42.654662  0.000e+00
     46.698     4.5657    28.0412    22.2049 2.1978e-01     0.1261      0.004    1460.83     60.972     4.5661  42.654663  0.000e+00
     46.706     4.5802    28.0289    22.1938 2.3199e-01     0.1249      0.004    1460.88     60.981     4.5655  42.654663  0.000e+00
     46.735     4.5644    28.0425    22.2060 2.3199e-01     0.1261      0.000    1460.83     60.933     4.5633  42.654664  0.000e+00
     46.755     4.4822    28.1120    22.2687 2.3199e-01     0.1249      0.004    1460.57     61.013     4.5763  42.654664  0.000e+00
     46.766     4.4246    28.1615    22.3133 2.1978e-01     0.1249      0.000    1460.39     60.976     4.5785  42.654665  0.000e+00
     46.795     4.4547    28.1362    22.2905 2.1978e-01     0.1249      0.004    1460.49     60.980     4.5761  42.654665  0.000e+00
     46.815     4.4749    28.1192    22.2751 2.1978e-01     0.1261      0.000    1460.55     61.042     4.5791  42.654666  0.000e+00
     46.842     4.4508    28.1395    22.2934 2.1978e-01     0.1249      0.004    1460.48     61.002     4.5781  42.654666  0.000e+00
     46.851     4.4280    28.1590    22.3109 2.1978e-01     0.1261      0.000    1460.41     61.020     4.5814  42.654667  0.000e+00
     46.878     4.4238    28.1631    22.3146 2.0757e-01     0.1249      0.004    1460.39     61.030     4.5825  42.654667  0.000e+00
     46.899     4.4796    28.1154    22.2717 2.0757e-01     0.1261      0.000    1460.57     61.037     4.5783  42.654668  0.000e+00
     46.903     4.5292    28.0736    22.2340 2.0757e-01     0.1261      0.000    1460.72     61.047     4.5748  42.654668  0.000e+00
     46.935     4.5349    28.0690    22.2298 2.0757e-01     0.1249      0.000    1460.74     61.056     4.5750  42.654669  0.000e+00
     46.959     4.4874    28.1094    22.2662 2.1978e-01     0.1261      0.000    1460.59     61.082     4.5810  42.654669  0.000e+00
     46.987     4.4436    28.1472    22.3002 2.1978e-01     0.1249      0.000    1460.46     61.101     4.5862  42.654670  0.000e+00
     47.008     4.4450    28.1467    22.2996 2.1978e-01     0.1261      0.000    1460.46     61.118     4.5873  42.654670  0.000e+00
     47.023     4.4692    28.1262    22.2812 2.1978e-01     0.1249      0.000    1460.54     61.135     4.5865  42.654671  0.000e+00
     47.044     4.5028    28.0979    22.2557 2.0757e-01     0.1261      0.000    1460.65     61.145     4.5844  42.654671  0.000e+00
     47.071     4.5194    28.0843    22.2434 2.0757e-01     0.1249      0.004    1460.70     61.095     4.5792  42.654672  0.000e+00
     47.091     4.4967    28.1044    22.2614 2.1978e-01     0.1261      0.004    1460.63     61.107     4.5820  42.654672  0.000e+00
     47.119     4.4950    28.1062    22.2630 2.1978e-01     0.1249      0.004    1460.62     61.119     4.5831  42.654673  0.000e+00
     47.128     4.5204    28.0852    22.2440 2.1978e-01     0.1261      0.000    1460.70     61.122     4.5811  42.654673  0.000e+00
     47.143     4.5385    28.0701    22.2303 2.0757e-01     0.1249      0.004    1460.76     61.119     4.5793  42.654674  0.000e+00
     47.175     4.5519    28.0590    22.2203 2.1978e-01     0.1261      0.004    1460.80     61.127     4.5787  42.654674  0.000e+00
     47.211     4.5686    28.0457    22.2082 2.1978e-01     0.1261      0.000    1460.86     61.136     4.5780  42.654674  0.000e+00
     47.203     4.5398    28.0701    22.2302 2.1978e-01     0.1261      0.000    1460.77     61.153     4.5817  42.654675  0.000e+00
     47.249     4.4664    28.1326    22.2865 2.1978e-01     0.1249      0.000    1460.54     61.178     4.5898  42.654675  0.000e+00
     47.275     4.4098    28.1812    22.3302 2.0757e-01     0.1249      0.000    1460.36     61.202     4.5965  42.654676  0.000e+00
     47.284     4.4578    28.1403    22.2934 2.0757e-01     0.1249      0.004    1460.51     61.153     4.5887  42.654676  0.000e+00
     47.312     4.4921    28.1112    22.2672 2.0757e-01     0.1261      0.000    1460.62     61.209     4.5899  42.654677  0.000e+00
     47.331     4.4867    28.1164    22.2718 2.0757e-01     0.1261      0.000    1460.61     61.216     4.5909  42.654677  0.000e+00
     47.359     4.4514    28.1467    22.2991 2.0757e-01     0.1249      0.000    1460.50     61.237     4.5955  42.654678  0.000e+00
     47.380     4.3864    28.2027    22.3494 2.0757e-01     0.1249      0.000    1460.30     61.254     4.6023  42.654678  0.000e+00
