BO-1_20190211_down.cnv
* Sea-Bird SBE 9 Data File:
* FileName = C:\CTD Brukere\NIVA\OKOKYST2019\20190211\BO-1_20190211.hex
* Software Version Seasave V 7.23.2
* Temperature SN = 5352
* Conductivity SN = 3840
* Number of Bytes Per Scan = 28
* Number of Voltage Words = 4
* Number of Scans Averaged by the Deck Unit = 1
* NMEA baud rate = 4800
** Ship: R/V Trygve Braarud
** Cruise:
** Station:
** Operator:
# nquan = 12
# nvalues = 3193                                  
# units = specified
# name 0 = depSM: Depth [salt water, m], lat = 59.60
# name 1 = t090C: Temperature [ITS-90, deg C]
# name 2 = sal00: Salinity, Practical [PSU]
# name 3 = sigma-t00: Density [sigma-t, kg/m^3 ]
# name 4 = flSP: Fluorescence, Seapoint
# name 5 = wetStar: Fluorescence, WET Labs WETstar [mg/m^3]
# name 6 = seaTurbMtr: Turbidity, Seapoint [FTU]
# name 7 = svCM: Sound Velocity [Chen-Millero, m/s]
# name 8 = sbeox0PS: Oxygen, SBE 43 [% saturation]
# name 9 = sbeox0ML/L: Oxygen, SBE 43 [ml/l]
# name 10 = timeJ: Julian Days
# name 11 = flag:  0.000e+00
# span 0 =      0.158,     55.900                 
# span 1 =     2.3908,     5.8994                 
# span 2 =    27.1369,    30.0107                 
# span 3 =    21.3569,    23.9472                 
# span 4 = 2.0757e-01, 6.8376e-01                 
# span 5 =     0.1249,     0.1261                 
# span 6 =      0.000,      0.004                 
# span 7 =    1453.30,    1465.44                 
# span 8 =     54.259,     71.175                 
# span 9 =     4.2194,     5.5402                 
# span 10 =  42.653461,  42.655000                
# span 11 = 0.0000e+00, 0.0000e+00                
# interval = seconds: 0.0416667
# start_time = Feb 11 2019 15:40:59 [System UpLoad Time]
# bad_flag = -9.990e-29
*END*
[from data line 2767]
     52.806     4.7572    27.9825    22.1404 2.1978e-01     0.1261      0.000    1461.66     62.672     4.6735  42.654795  0.000e+00
     52.831     4.7540    27.9853    22.1429 2.0757e-01     0.1249      0.004    1461.65     62.680     4.6743  42.654796  0.000e+00
     52.855     4.7816    27.9626    22.1224 2.0757e-01     0.1261      0.000    1461.73     62.682     4.6721  42.654796  0.000e+00
     52.880     4.7778    27.9661    22.1255 2.0757e-01     0.1261      0.004    1461.72     62.687     4.6727  42.654796  0.000e+00
     52.891     4.7300    28.0071    22.1624 2.0757e-01     0.1249      0.004    1461.58     62.696     4.6776  42.654797  0.000e+00
     52.915     4.6683    28.0592    22.2096 2.0757e-01     0.1249      0.000    1461.39     62.770     4.6885  42.654797  0.000e+00
     52.964     4.6941    28.0375    22.1899 2.0757e-01     0.1261      0.000    1461.47     62.775     4.6866  42.654798  0.000e+00
     52.951     4.8098    27.9402    22.1019 2.0757e-01     0.1249      0.000    1461.82     62.773     4.6764  42.654798  0.000e+00
     53.023     4.9230    27.8458    22.0163 2.0757e-01     0.1249      0.000    1462.18     62.762     4.6657  42.654799  0.000e+00
     53.024     4.9479    27.8249    21.9974 2.1978e-01     0.1261      0.000    1462.25     62.762     4.6635  42.654799  0.000e+00
     53.049     4.9706    27.8065    21.9806 2.0757e-01     0.1249      0.000    1462.33     62.760     4.6614  42.654800  0.000e+00
     53.060     4.9903    27.7908    21.9662 2.0757e-01     0.1261      0.000    1462.39     62.829     4.6648  42.654800  0.000e+00
     53.096     5.0508    27.7406    21.9206 2.1978e-01     0.1261      0.000    1462.57     62.827     4.6594  42.654801  0.000e+00
     53.132     5.0583    27.7350    21.9154 2.0757e-01     0.1261      0.000    1462.60     62.830     4.6590  42.654801  0.000e+00
     53.145     4.9958    27.7873    21.9629 2.0757e-01     0.1249      0.000    1462.41     62.850     4.6659  42.654802  0.000e+00
     53.169     4.9505    27.8252    21.9973 2.0757e-01     0.1249      0.004    1462.27     62.857     4.6703  42.654802  0.000e+00
     53.192     4.9335    27.8401    22.0108 2.0757e-01     0.1261      0.000    1462.22     62.867     4.6725  42.654803  0.000e+00
     53.229     4.9604    27.8178    21.9905 2.0757e-01     0.1249      0.004    1462.30     62.932     4.6750  42.654803  0.000e+00
     53.252     5.0117    27.7755    21.9520 2.0757e-01     0.1249      0.004    1462.46     62.936     4.6708  42.654804  0.000e+00
     53.265     5.0667    27.7298    21.9105 2.0757e-01     0.1261      0.000    1462.63     62.938     4.6662  42.654804  0.000e+00
     53.301     5.1339    27.6749    21.8605 2.0757e-01     0.1249      0.000    1462.84     62.936     4.6601  42.654805  0.000e+00
     53.336     5.1749    27.6412    21.8297 2.0757e-01     0.1249      0.000    1462.97     62.935     4.6566  42.654805  0.000e+00
     53.348     5.2067    27.6157    21.8064 2.0757e-01     0.1261      0.004    1463.07     62.997     4.6584  42.654806  0.000e+00
     53.385     5.2278    27.5990    21.7911 2.0757e-01     0.1261      0.000    1463.13     63.003     4.6570  42.654806  0.000e+00
     53.410     5.2622    27.5710    21.7655 2.0757e-01     0.1261      0.000    1463.24     63.005     4.6541  42.654807  0.000e+00
     53.432     5.2579    27.5755    21.7695 2.1978e-01     0.1249      0.000    1463.23     63.010     4.6548  42.654807  0.000e+00
     53.445     5.2070    27.6179    21.8081 2.0757e-01     0.1261      0.000    1463.07     63.028     4.6605  42.654808  0.000e+00
     53.481     5.1025    27.7051    21.8875 2.0757e-01     0.1249      0.004    1462.75     63.051     4.6713  42.654808  0.000e+00
     53.517     5.0665    27.7356    21.9151 2.0757e-01     0.1261      0.000    1462.64     63.063     4.6753  42.654809  0.000e+00
     53.541     5.0754    27.7289    21.9089 2.0757e-01     0.1249      0.004    1462.67     63.129     4.6794  42.654809  0.000e+00
     53.553     5.0315    27.7659    21.9425 2.0757e-01     0.1261      0.004    1462.53     63.146     4.6845  42.654810  0.000e+00
     53.577     4.9857    27.8049    21.9778 2.0757e-01     0.1249      0.004    1462.39     63.161     4.6895  42.654810  0.000e+00
     53.613     4.9701    27.8185    21.9901 2.0757e-01     0.1249      0.000    1462.35     63.169     4.6914  42.654810  0.000e+00
     53.637     4.9773    27.8131    21.9852 2.0757e-01     0.1249      0.000    1462.37     63.171     4.6909  42.654811  0.000e+00
     53.650     5.0236    27.7753    21.9507 2.0757e-01     0.1261      0.000    1462.52     63.227     4.6911  42.654811  0.000e+00
     53.686     5.0712    27.7368    21.9156 2.0757e-01     0.1249      0.000    1462.66     63.226     4.6868  42.654812  0.000e+00
     53.722     5.0863    27.7248    21.9046 2.0757e-01     0.1261      0.000    1462.71     63.227     4.6856  42.654812  0.000e+00
     53.735     4.9678    27.8244    21.9950 2.0757e-01     0.1261      0.000    1462.35     63.246     4.6973  42.654813  0.000e+00
     53.757     4.8376    27.9342    22.0945 2.0757e-01     0.1249      0.000    1461.95     63.273     4.7106  42.654813  0.000e+00
     53.782     4.7443    28.0129    22.1657 2.0757e-01     0.1249      0.004    1461.66     63.355     4.7249  42.654814  0.000e+00
     53.770     4.6747    28.0726    22.2196 2.0757e-01     0.1261      0.000    1461.44     63.375     4.7325  42.654814  0.000e+00
     53.865     4.6367    28.1055    22.2492 2.0757e-01     0.1249      0.000    1461.33     63.389     4.7369  42.654815  0.000e+00
     53.855     4.6612    28.0853    22.2309 2.0757e-01     0.1249      0.004    1461.40     63.389     4.7347  42.654815  0.000e+00
     53.878     4.6883    28.0632    22.2109 2.0757e-01     0.1261      0.000    1461.49     63.449     4.7368  42.654816  0.000e+00
     53.902     4.7271    28.0312    22.1819 2.1978e-01     0.1249      0.004    1461.61     63.449     4.7333  42.654816  0.000e+00
     53.926     4.7624    28.0019    22.1553 2.0757e-01     0.1249      0.000    1461.72     63.456     4.7307  42.654817  0.000e+00
     53.962     4.7825    27.9859    22.1407 2.0757e-01     0.1249      0.000    1461.79     63.462     4.7294  42.654817  0.000e+00
     53.975     4.8274    27.9484    22.1067 2.1978e-01     0.1249      0.000    1461.93     63.452     4.7247  42.654818  0.000e+00
     53.998     4.8809    27.9041    22.0665 2.1978e-01     0.1249      0.000    1462.09     63.438     4.7189  42.654818  0.000e+00
     54.035     4.9266    27.8665    22.0323 2.1978e-01     0.1261      0.004    1462.23     63.495     4.7191  42.654819  0.000e+00
     54.035     4.9665    27.8337    22.0025 2.0757e-01     0.1249      0.000    1462.36     63.494     4.7155  42.654819  0.000e+00
     54.083     5.0064    27.8008    21.9726 2.1978e-01     0.1249      0.000    1462.48     63.490     4.7117  42.654820  0.000e+00
     54.096     5.0192    27.7908    21.9634 2.1978e-01     0.1249      0.000    1462.52     63.550     4.7150  42.654820  0.000e+00
     54.107     4.9910    27.8150    21.9853 2.1978e-01     0.1249      0.000    1462.44     63.495     4.7134  42.654821  0.000e+00
     54.141     4.9605    27.8411    22.0089 2.1978e-01     0.1249      0.000    1462.35     63.565     4.7212  42.654821  0.000e+00
     54.167     4.9473    27.8526    22.0193 2.1978e-01     0.1249      0.004    1462.31     63.573     4.7230  42.654822  0.000e+00
     54.191     4.9549    27.8470    22.0141 2.1978e-01     0.1261      0.000    1462.33     63.575     4.7225  42.654822  0.000e+00
     54.203     4.9644    27.8397    22.0075 2.1978e-01     0.1249      0.004    1462.36     63.637     4.7262  42.654823  0.000e+00
     54.240     4.9442    27.8571    22.0232 2.0757e-01     0.1249      0.000    1462.30     63.645     4.7286  42.654823  0.000e+00
     54.263     4.9160    27.8813    22.0451 2.0757e-01     0.1249      0.000    1462.21     63.588     4.7268  42.654823  0.000e+00
     54.274     4.9106    27.8859    22.0493 2.0757e-01     0.1261      0.000    1462.20     63.651     4.7319  42.654824  0.000e+00
     54.300     4.8759    27.9160    22.0764 2.0757e-01     0.1249      0.000    1462.09     63.661     4.7357  42.654824  0.000e+00
     54.312     4.7580    28.0156    22.1665 2.0757e-01     0.1261      0.000    1461.73     63.681     4.7476  42.654825  0.000e+00
     54.347     4.7095    28.0568    22.2038 2.1978e-01     0.1249      0.000    1461.58     63.750     4.7570  42.654825  0.000e+00
     54.361     4.6625    28.0975    22.2404 2.1978e-01     0.1249      0.000    1461.43     63.760     4.7619  42.654826  0.000e+00
     54.382     4.6867    28.0773    22.2222 2.1978e-01     0.1261      0.000    1461.51     63.755     4.7594  42.654826  0.000e+00
     54.421     4.6884    28.0765    22.2213 2.1978e-01     0.1261      0.000    1461.52     63.823     4.7643  42.654827  0.000e+00
     54.421     4.6460    28.1126    22.2540 2.1978e-01     0.1261      0.004    1461.39     63.776     4.7645  42.654827  0.000e+00
     54.443     4.5784    28.1705    22.3062 2.0757e-01     0.1261      0.004    1461.18     63.849     4.7759  42.654828  0.000e+00
     54.481     4.5510    28.1941    22.3275 2.1978e-01     0.1261      0.004    1461.09     63.856     4.7789  42.654828  0.000e+00
     54.491     4.5720    28.1771    22.3120 2.0757e-01     0.1261      0.004    1461.16     63.852     4.7767  42.654829  0.000e+00
     54.504     4.5695    28.1795    22.3141 2.0757e-01     0.1261      0.000    1461.15     63.856     4.7773  42.654829  0.000e+00
     54.528     4.5084    28.2317    22.3612 2.0757e-01     0.1261      0.000    1460.96     63.932     4.7883  42.654830  0.000e+00
     54.564     4.4413    28.2897    22.4134 2.0757e-01     0.1261      0.000    1460.76     63.886     4.7909  42.654830  0.000e+00
     54.564     4.3812    28.3413    22.4598 2.0757e-01     0.1261      0.004    1460.57     63.954     4.8014  42.654831  0.000e+00
     54.599     4.3508    28.3676    22.4834 2.0757e-01     0.1261      0.000    1460.48     63.959     4.8045  42.654831  0.000e+00
     54.612     4.4716    28.2645    22.3906 2.0757e-01     0.1249      0.000    1460.85     63.934     4.7917  42.654832  0.000e+00
     54.637     4.6492    28.1139    22.2547 2.1978e-01     0.1249      0.000    1461.40     63.896     4.7731  42.654832  0.000e+00
     54.648     4.6905    28.0795    22.2235 2.0757e-01     0.1249      0.000    1461.53     63.887     4.7687  42.654833  0.000e+00
     54.673     4.6238    28.1362    22.2748 2.1978e-01     0.1261      0.004    1461.33     63.956     4.7798  42.654833  0.000e+00
     54.695     4.5324    28.2143    22.3452 2.0757e-01     0.1249      0.004    1461.04     63.971     4.7890  42.654834  0.000e+00
     54.708     4.5168    28.2277    22.3572 2.1978e-01     0.1261      0.000    1461.00     63.969     4.7903  42.654834  0.000e+00
     54.746     4.5860    28.1690    22.3043 2.1978e-01     0.1261      0.000    1461.21     63.950     4.7827  42.654835  0.000e+00
     54.746     4.6675    28.1005    22.2424 2.1978e-01     0.1249      0.000    1461.46     63.934     4.7742  42.654835  0.000e+00
     54.767     4.7085    28.0656    22.2109 2.1978e-01     0.1249      0.004    1461.59     63.985     4.7743  42.654836  0.000e+00
     54.782     4.7726    28.0118    22.1621 2.0757e-01     0.1249      0.000    1461.79     63.973     4.7678  42.654836  0.000e+00
     54.806     4.8335    27.9607    22.1158 2.1978e-01     0.1249      0.000    1461.98     63.959     4.7614  42.654837  0.000e+00
     54.829     4.8983    27.9066    22.0668 2.3199e-01     0.1261      0.004    1462.18     63.941     4.7543  42.654837  0.000e+00
     54.842     4.9641    27.8522    22.0174 2.3199e-01     0.1261      0.000    1462.39     63.928     4.7475  42.654837  0.000e+00
     54.863     5.0041    27.8192    21.9874 2.4420e-01     0.1261      0.000    1462.51     63.917     4.7431  42.654838  0.000e+00
     54.889     5.0308    27.7978    21.9678 2.3199e-01     0.1249      0.004    1462.59     63.967     4.7444  42.654838  0.000e+00
     54.889     5.0763    27.7600    21.9335 2.3199e-01     0.1261      0.000    1462.73     63.956     4.7396  42.654839  0.000e+00
     54.913     5.1268    27.7184    21.8955 2.3199e-01     0.1249      0.000    1462.89     63.950     4.7347  42.654839  0.000e+00
     54.923     5.1173    27.7261    21.9026 2.1978e-01     0.1261      0.000    1462.86     63.949     4.7355  42.654840  0.000e+00
     54.938     5.0858    27.7532    21.9271 2.1978e-01     0.1261      0.000    1462.77     63.950     4.7383  42.654840  0.000e+00
     54.938     4.9967    27.8281    21.9951 2.1978e-01     0.1249      0.004    1462.49     64.019     4.7512  42.654841  0.000e+00
     54.962     4.9092    27.9020    22.0621 2.0757e-01     0.1261      0.000    1462.22     64.030     4.7598  42.654841  0.000e+00
     54.983     4.8260    27.9725    22.1260 2.1978e-01     0.1261      0.000    1461.97     64.037     4.7676  42.654842  0.000e+00
     55.009     4.7125    28.0687    22.2129 2.6862e-01     0.1249      0.000    1461.62     64.054     4.7790  42.654842  0.000e+00
     55.009     4.5836    28.1787    22.3122 2.9304e-01     0.1249      0.004    1461.22     64.071     4.7917  42.654843  0.000e+00
     55.034     4.4606    28.2837    22.4069 2.6862e-01     0.1249      0.004    1460.84     64.148     4.8084  42.654843  0.000e+00
     55.021     4.3529    28.3764    22.4902 2.5641e-01     0.1261      0.000    1460.50     64.109     4.8152  42.654844  0.000e+00
     55.022     4.2614    28.4556    22.5613 2.5641e-01     0.1249      0.000    1460.22     64.111     4.8235  42.654844  0.000e+00
     55.022     4.1837    28.5231    22.6219 2.4420e-01     0.1261      0.000    1459.98     64.179     4.8356  42.654845  0.000e+00
     55.034     4.1145    28.5837    22.6761 2.3199e-01     0.1261      0.000    1459.76     64.188     4.8426  42.654845  0.000e+00
     55.043     4.0910    28.6052    22.6952 2.1978e-01     0.1261      0.000    1459.69     64.186     4.8445  42.654846  0.000e+00
     55.058     4.0850    28.6107    22.7002 2.1978e-01     0.1261      0.004    1459.67     64.187     4.8451  42.654846  0.000e+00
     55.082     4.0773    28.6184    22.7070 2.1978e-01     0.1261      0.000    1459.65     64.185     4.8456  42.654847  0.000e+00
     55.069     4.0364    28.6543    22.7390 2.0757e-01     0.1249      0.000    1459.52     64.176     4.8486  42.654847  0.000e+00
     55.092     3.9836    28.7010    22.7808 2.0757e-01     0.1261      0.000    1459.36     64.176     4.8534  42.654848  0.000e+00
     55.069     3.9368    28.7423    22.8177 2.0757e-01     0.1249      0.004    1459.21     64.171     4.8573  42.654848  0.000e+00
     55.082     3.8979    28.7761    22.8479 2.0757e-01     0.1261      0.000    1459.09     64.163     4.8602  42.654849  0.000e+00
     55.034     3.8648    28.8057    22.8742 2.0757e-01     0.1249      0.004    1458.99     64.223     4.8677  42.654849  0.000e+00
     55.128     3.8580    28.8117    22.8796 2.0757e-01     0.1249      0.000    1458.97     64.221     4.8682  42.654850  0.000e+00
     55.094     3.9634    28.7192    22.7970 2.1978e-01     0.1261      0.000    1459.30     64.195     4.8566  42.654850  0.000e+00
     55.094     4.1732    28.5363    22.6333 2.0757e-01     0.1249      0.004    1459.95     64.094     4.8300  42.654851  0.000e+00
     55.116     4.3604    28.3747    22.4882 2.0757e-01     0.1249      0.000    1460.53     64.105     4.8141  42.654851  0.000e+00
     55.118     4.4727    28.2788    22.4018 2.0757e-01     0.1261      0.000    1460.88     64.081     4.8022  42.654851  0.000e+00
     55.118     4.5345    28.2271    22.3551 2.0757e-01     0.1261      0.000    1461.08     64.063     4.7953  42.654852  0.000e+00
     55.118     4.6118    28.1622    22.2965 2.0757e-01     0.1261      0.004    1461.32     64.040     4.7866  42.654852  0.000e+00
