I-1_20190214_down.cnv
* Sea-Bird SBE 9 Data File:
* FileName = C:\CTD Brukere\NIVA\OKOKYST2019\20190211\I-1_20190214.hex
* Software Version Seasave V 7.23.2
* Temperature SN = 5352
* Conductivity SN = 3840
* Number of Bytes Per Scan = 28
* Number of Voltage Words = 4
* Number of Scans Averaged by the Deck Unit = 1
* NMEA baud rate = 4800
** Ship: R/V Trygve Braarud
** Cruise:
** Station:
** Operator:
# nquan = 12
# nvalues = 3861                                  
# units = specified
# name 0 = depSM: Depth [salt water, m], lat = 59.60
# name 1 = t090C: Temperature [ITS-90, deg C]
# name 2 = sal00: Salinity, Practical [PSU]
# name 3 = sigma-t00: Density [sigma-t, kg/m^3 ]
# name 4 = flSP: Fluorescence, Seapoint
# name 5 = wetStar: Fluorescence, WET Labs WETstar [mg/m^3]
# name 6 = seaTurbMtr: Turbidity, Seapoint [FTU]
# name 7 = svCM: Sound Velocity [Chen-Millero, m/s]
# name 8 = sbeox0PS: Oxygen, SBE 43 [% saturation]
# name 9 = sbeox0ML/L: Oxygen, SBE 43 [ml/l]
# name 10 = timeJ: Julian Days
# name 11 = flag:  0.000e+00
# span 0 =      0.124,     48.827                 
# span 1 =     1.0987,     7.3200                 
# span 2 =    10.9119,    33.9326                 
# span 3 =     8.7104,    26.5408                 
# span 4 = 1.7094e-01, 6.5934e-01                 
# span 5 =     0.1273,     0.1298                 
# span 6 =      0.011,      0.018                 
# span 7 =    1422.39,    1479.36                 
# span 8 =     63.025,     75.229                 
# span 9 =     4.2558,     6.8747                 
# span 10 =  45.363750,  45.365611                
# span 11 = 0.0000e+00, 0.0000e+00                
# interval = seconds: 0.0416667
# start_time = Feb 14 2019 08:43:48 [System UpLoad Time]
# bad_flag = -9.990e-29
*END*
[from data line 3128]
     45.722     7.2162    33.8896    26.5142 1.9536e-01     0.1298      0.018    1478.86     64.211     4.3452  45.365258  0.000e+00
     45.714     7.2162    33.8899    26.5145 1.9536e-01     0.1298      0.015    1478.86     64.211     4.3451  45.365259  0.000e+00
     45.722     7.2160    33.8899    26.5145 1.9536e-01     0.1285      0.015    1478.86     64.210     4.3451  45.365259  0.000e+00
     45.722     7.2163    33.8898    26.5144 1.9536e-01     0.1298      0.015    1478.86     64.218     4.3456  45.365260  0.000e+00
     45.725     7.2165    33.8892    26.5139 1.9536e-01     0.1298      0.015    1478.86     64.219     4.3457  45.365260  0.000e+00
     45.684     7.2163    33.8897    26.5143 1.9536e-01     0.1298      0.015    1478.86     64.157     4.3415  45.365261  0.000e+00
     45.745     7.2165    33.8895    26.5141 1.9536e-01     0.1298      0.015    1478.86     64.214     4.3453  45.365261  0.000e+00
     45.702     7.2167    33.8894    26.5140 2.0757e-01     0.1298      0.015    1478.86     64.215     4.3454  45.365262  0.000e+00
     45.733     7.2165    33.8898    26.5143 2.0757e-01     0.1298      0.018    1478.86     64.218     4.3456  45.365262  0.000e+00
     45.709     7.2167    33.8896    26.5141 1.9536e-01     0.1298      0.015    1478.86     64.220     4.3457  45.365263  0.000e+00
     45.714     7.2167    33.8896    26.5141 1.9536e-01     0.1285      0.015    1478.86     64.223     4.3459  45.365263  0.000e+00
     45.722     7.2170    33.8898    26.5143 1.9536e-01     0.1285      0.018    1478.86     64.226     4.3461  45.365264  0.000e+00
     45.709     7.2168    33.8901    26.5145 1.9536e-01     0.1298      0.015    1478.86     64.230     4.3463  45.365264  0.000e+00
     45.714     7.2171    33.8898    26.5142 1.9536e-01     0.1285      0.015    1478.87     64.233     4.3466  45.365265  0.000e+00
     45.709     7.2170    33.8899    26.5144 1.9536e-01     0.1298      0.015    1478.86     64.237     4.3468  45.365265  0.000e+00
     45.722     7.2170    33.8897    26.5142 1.9536e-01     0.1298      0.015    1478.86     64.242     4.3471  45.365266  0.000e+00
     45.673     7.2171    33.8895    26.5140 2.0757e-01     0.1298      0.015    1478.86     64.184     4.3432  45.365266  0.000e+00
     45.749     7.2170    33.8893    26.5139 2.0757e-01     0.1298      0.015    1478.86     64.183     4.3431  45.365267  0.000e+00
     45.722     7.2170    33.8897    26.5142 2.0757e-01     0.1298      0.015    1478.86     64.243     4.3472  45.365267  0.000e+00
     45.709     7.2170    33.8899    26.5144 1.9536e-01     0.1298      0.015    1478.86     64.249     4.3476  45.365268  0.000e+00
     45.714     7.2170    33.8899    26.5144 1.9536e-01     0.1298      0.018    1478.86     64.255     4.3481  45.365268  0.000e+00
     45.722     7.2170    33.8899    26.5144 1.9536e-01     0.1298      0.018    1478.86     64.262     4.3485  45.365269  0.000e+00
     45.709     7.2168    33.8901    26.5145 1.9536e-01     0.1298      0.015    1478.86     64.270     4.3490  45.365269  0.000e+00
     45.714     7.2170    33.8897    26.5142 1.9536e-01     0.1285      0.015    1478.86     64.277     4.3495  45.365270  0.000e+00
     45.722     7.2170    33.8896    26.5141 1.9536e-01     0.1298      0.015    1478.86     64.285     4.3501  45.365270  0.000e+00
     45.722     7.2167    33.8901    26.5146 1.9536e-01     0.1298      0.015    1478.86     64.293     4.3506  45.365271  0.000e+00
     45.714     7.2165    33.8904    26.5148 1.9536e-01     0.1298      0.015    1478.86     64.294     4.3507  45.365271  0.000e+00
     45.722     7.2168    33.8898    26.5143 1.9536e-01     0.1285      0.015    1478.86     64.294     4.3507  45.365272  0.000e+00
     45.722     7.2167    33.8899    26.5144 1.9536e-01     0.1298      0.015    1478.86     64.295     4.3508  45.365272  0.000e+00
     45.714     7.2165    33.8901    26.5146 1.9536e-01     0.1298      0.018    1478.86     64.303     4.3513  45.365272  0.000e+00
     45.722     7.2163    33.8900    26.5145 1.9536e-01     0.1298      0.018    1478.86     64.304     4.3514  45.365273  0.000e+00
     45.733     7.2165    33.8902    26.5147 2.0757e-01     0.1298      0.015    1478.86     64.367     4.3557  45.365273  0.000e+00
     45.714     7.2163    33.8903    26.5148 2.1978e-01     0.1298      0.015    1478.86     64.313     4.3520  45.365274  0.000e+00
     45.722     7.2165    33.8898    26.5144 2.1978e-01     0.1298      0.015    1478.86     64.314     4.3521  45.365274  0.000e+00
     45.733     7.2165    33.8900    26.5145 2.0757e-01     0.1298      0.018    1478.86     64.377     4.3563  45.365275  0.000e+00
     45.738     7.2163    33.8897    26.5143 2.0757e-01     0.1298      0.015    1478.86     64.323     4.3527  45.365275  0.000e+00
     45.722     7.2165    33.8902    26.5146 1.9536e-01     0.1298      0.018    1478.86     64.385     4.3569  45.365276  0.000e+00
     45.722     7.2167    33.8897    26.5142 1.9536e-01     0.1298      0.018    1478.86     64.330     4.3532  45.365276  0.000e+00
     45.738     7.2167    33.8898    26.5143 1.9536e-01     0.1298      0.015    1478.86     64.330     4.3532  45.365277  0.000e+00
     45.733     7.2165    33.8898    26.5144 1.9536e-01     0.1298      0.015    1478.86     64.392     4.3574  45.365277  0.000e+00
     45.733     7.2167    33.8898    26.5143 1.9536e-01     0.1298      0.015    1478.86     64.400     4.3578  45.365278  0.000e+00
     45.738     7.2168    33.8895    26.5140 2.0757e-01     0.1298      0.015    1478.86     64.344     4.3541  45.365278  0.000e+00
     45.733     7.2163    33.8901    26.5146 1.9536e-01     0.1298      0.015    1478.86     64.406     4.3583  45.365279  0.000e+00
     45.745     7.2167    33.8899    26.5144 1.9536e-01     0.1285      0.015    1478.86     64.412     4.3587  45.365279  0.000e+00
     45.738     7.2167    33.8899    26.5144 1.9536e-01     0.1298      0.018    1478.86     64.419     4.3591  45.365280  0.000e+00
     45.745     7.2165    33.8901    26.5146 1.9536e-01     0.1285      0.015    1478.86     64.425     4.3596  45.365280  0.000e+00
     45.745     7.2167    33.8902    26.5146 1.9536e-01     0.1298      0.015    1478.86     64.430     4.3599  45.365281  0.000e+00
     45.733     7.2167    33.8902    26.5147 1.9536e-01     0.1298      0.015    1478.86     64.435     4.3603  45.365281  0.000e+00
     45.749     7.2165    33.8901    26.5146 1.9536e-01     0.1285      0.018    1478.86     64.441     4.3606  45.365282  0.000e+00
     45.758     7.2167    33.8899    26.5144 1.9536e-01     0.1298      0.018    1478.86     64.383     4.3568  45.365282  0.000e+00
     45.745     7.2165    33.8901    26.5146 1.9536e-01     0.1298      0.015    1478.86     64.442     4.3608  45.365283  0.000e+00
     45.749     7.2165    33.8903    26.5147 1.9536e-01     0.1298      0.018    1478.86     64.447     4.3611  45.365283  0.000e+00
     45.758     7.2165    33.8902    26.5147 2.0757e-01     0.1298      0.015    1478.86     64.451     4.3613  45.365284  0.000e+00
     45.745     7.2163    33.8900    26.5145 2.1978e-01     0.1298      0.018    1478.86     64.455     4.3616  45.365284  0.000e+00
     45.749     7.2165    33.8902    26.5147 2.5641e-01     0.1285      0.018    1478.86     64.450     4.3613  45.365285  0.000e+00
     45.758     7.2167    33.8897    26.5142 2.5641e-01     0.1285      0.015    1478.86     64.453     4.3615  45.365285  0.000e+00
     45.758     7.2163    33.8899    26.5144 2.3199e-01     0.1285      0.015    1478.86     64.456     4.3617  45.365285  0.000e+00
     45.762     7.2163    33.8899    26.5144 2.1978e-01     0.1298      0.015    1478.86     64.458     4.3618  45.365286  0.000e+00
     45.758     7.2163    33.8902    26.5147 2.1978e-01     0.1298      0.015    1478.86     64.460     4.3619  45.365286  0.000e+00
     45.758     7.2162    33.8901    26.5146 2.0757e-01     0.1285      0.018    1478.86     64.461     4.3621  45.365287  0.000e+00
     45.774     7.2163    33.8899    26.5144 2.0757e-01     0.1298      0.018    1478.86     64.463     4.3622  45.365287  0.000e+00
     45.758     7.2160    33.8902    26.5147 2.1978e-01     0.1298      0.015    1478.86     64.464     4.3622  45.365288  0.000e+00
     45.758     7.2162    33.8900    26.5146 2.1978e-01     0.1298      0.015    1478.86     64.464     4.3623  45.365288  0.000e+00
     45.774     7.2160    33.8902    26.5147 2.1978e-01     0.1298      0.015    1478.86     64.465     4.3623  45.365289  0.000e+00
     45.758     7.2163    33.8896    26.5142 2.0757e-01     0.1285      0.018    1478.86     64.526     4.3665  45.365289  0.000e+00
     45.769     7.2162    33.8902    26.5147 1.9536e-01     0.1285      0.015    1478.86     64.464     4.3622  45.365290  0.000e+00
     45.774     7.2163    33.8902    26.5147 1.9536e-01     0.1285      0.018    1478.86     64.455     4.3616  45.365290  0.000e+00
     45.769     7.2162    33.8904    26.5148 1.9536e-01     0.1285      0.015    1478.86     64.453     4.3615  45.365291  0.000e+00
     45.769     7.2163    33.8902    26.5147 1.9536e-01     0.1298      0.015    1478.86     64.450     4.3613  45.365291  0.000e+00
     45.774     7.2163    33.8900    26.5145 1.9536e-01     0.1285      0.015    1478.86     64.448     4.3612  45.365292  0.000e+00
     45.769     7.2165    33.8897    26.5143 1.9536e-01     0.1298      0.015    1478.86     64.445     4.3610  45.365292  0.000e+00
     45.769     7.2163    33.8899    26.5144 1.9536e-01     0.1285      0.018    1478.86     64.442     4.3608  45.365293  0.000e+00
     45.774     7.2163    33.8899    26.5144 1.9536e-01     0.1298      0.015    1478.86     64.439     4.3605  45.365293  0.000e+00
     45.782     7.2163    33.8899    26.5144 1.9536e-01     0.1298      0.015    1478.86     64.373     4.3561  45.365294  0.000e+00
     45.769     7.2163    33.8899    26.5144 2.0757e-01     0.1298      0.018    1478.86     64.362     4.3553  45.365294  0.000e+00
     45.774     7.2163    33.8899    26.5144 2.0757e-01     0.1285      0.018    1478.86     64.412     4.3588  45.365295  0.000e+00
     45.769     7.2162    33.8900    26.5146 2.0757e-01     0.1298      0.015    1478.86     64.408     4.3585  45.365295  0.000e+00
     45.782     7.2162    33.8902    26.5147 1.9536e-01     0.1285      0.018    1478.86     64.404     4.3582  45.365296  0.000e+00
     45.785     7.2159    33.8907    26.5151 1.9536e-01     0.1285      0.018    1478.86     64.399     4.3579  45.365296  0.000e+00
     45.769     7.2162    33.8904    26.5148 1.9536e-01     0.1298      0.018    1478.86     64.394     4.3575  45.365297  0.000e+00
     45.782     7.2160    33.8902    26.5148 1.9536e-01     0.1298      0.015    1478.86     64.397     4.3577  45.365297  0.000e+00
     45.785     7.2160    33.8902    26.5147 1.9536e-01     0.1298      0.015    1478.86     64.392     4.3574  45.365298  0.000e+00
     45.769     7.2159    33.8903    26.5149 2.0757e-01     0.1298      0.018    1478.86     64.386     4.3570  45.365298  0.000e+00
     45.782     7.2159    33.8903    26.5149 2.0757e-01     0.1285      0.018    1478.86     64.388     4.3571  45.365299  0.000e+00
     45.774     7.2159    33.8903    26.5149 2.1978e-01     0.1298      0.018    1478.86     64.382     4.3567  45.365299  0.000e+00
     45.782     7.2159    33.8903    26.5149 2.1978e-01     0.1285      0.015    1478.86     64.383     4.3568  45.365299  0.000e+00
     45.782     7.2157    33.8902    26.5148 2.1978e-01     0.1285      0.015    1478.86     64.377     4.3564  45.365300  0.000e+00
     45.774     7.2160    33.8896    26.5142 2.1978e-01     0.1298      0.015    1478.86     64.371     4.3560  45.365300  0.000e+00
     45.769     7.2160    33.8897    26.5143 2.0757e-01     0.1298      0.018    1478.86     64.309     4.3518  45.365301  0.000e+00
     45.782     7.2162    33.8897    26.5143 2.0757e-01     0.1285      0.015    1478.86     64.365     4.3556  45.365301  0.000e+00
     45.785     7.2157    33.8901    26.5147 2.0757e-01     0.1298      0.015    1478.86     64.359     4.3552  45.365302  0.000e+00
     45.769     7.2160    33.8899    26.5145 2.0757e-01     0.1298      0.018    1478.86     64.360     4.3552  45.365302  0.000e+00
     45.782     7.2157    33.8901    26.5147 2.0757e-01     0.1285      0.018    1478.86     64.361     4.3553  45.365303  0.000e+00
     45.769     7.2159    33.8897    26.5144 2.0757e-01     0.1285      0.018    1478.86     64.362     4.3554  45.365303  0.000e+00
     45.785     7.2157    33.8900    26.5146 2.1978e-01     0.1298      0.018    1478.86     64.363     4.3554  45.365304  0.000e+00
     45.769     7.2159    33.8900    26.5146 2.1978e-01     0.1285      0.018    1478.86     64.363     4.3555  45.365304  0.000e+00
     45.769     7.2157    33.8903    26.5149 2.1978e-01     0.1298      0.015    1478.86     64.364     4.3555  45.365305  0.000e+00
     45.774     7.2159    33.8898    26.5144 2.1978e-01     0.1298      0.018    1478.86     64.365     4.3556  45.365305  0.000e+00
     45.769     7.2157    33.8900    26.5146 2.0757e-01     0.1298      0.015    1478.86     64.358     4.3552  45.365306  0.000e+00
     45.769     7.2159    33.8900    26.5146 2.0757e-01     0.1298      0.015    1478.86     64.359     4.3552  45.365306  0.000e+00
     45.774     7.2157    33.8899    26.5145 2.0757e-01     0.1298      0.015    1478.86     64.360     4.3552  45.365307  0.000e+00
     45.758     7.2155    33.8900    26.5147 1.9536e-01     0.1285      0.015    1478.86     64.360     4.3553  45.365307  0.000e+00
     45.782     7.2155    33.8900    26.5146 2.0757e-01     0.1285      0.015    1478.86     64.423     4.3595  45.365308  0.000e+00
     45.762     7.2154    33.8902    26.5148 2.0757e-01     0.1285      0.015    1478.86     64.369     4.3559  45.365308  0.000e+00
     45.769     7.2157    33.8898    26.5145 2.0757e-01     0.1285      0.015    1478.86     64.369     4.3559  45.365309  0.000e+00
     45.758     7.2154    33.8902    26.5148 2.1978e-01     0.1298      0.015    1478.86     64.369     4.3559  45.365309  0.000e+00
     45.762     7.2157    33.8895    26.5143 2.1978e-01     0.1298      0.015    1478.86     64.370     4.3559  45.365310  0.000e+00
     45.769     7.2155    33.8899    26.5145 2.1978e-01     0.1285      0.015    1478.86     64.370     4.3560  45.365310  0.000e+00
     45.758     7.2155    33.8900    26.5147 2.3199e-01     0.1298      0.015    1478.86     64.370     4.3560  45.365311  0.000e+00
     45.762     7.2154    33.8899    26.5146 2.5641e-01     0.1298      0.018    1478.86     64.371     4.3560  45.365311  0.000e+00
     45.758     7.2154    33.8898    26.5145 2.4420e-01     0.1285      0.015    1478.86     64.371     4.3560  45.365312  0.000e+00
     45.745     7.2155    33.8899    26.5146 2.3199e-01     0.1298      0.015    1478.86     64.371     4.3560  45.365312  0.000e+00
     45.774     7.2154    33.8899    26.5146 2.1978e-01     0.1298      0.015    1478.86     64.372     4.3561  45.365313  0.000e+00
     45.745     7.2155    33.8899    26.5146 2.0757e-01     0.1285      0.015    1478.86     64.379     4.3566  45.365313  0.000e+00
     45.758     7.2154    33.8899    26.5146 2.0757e-01     0.1285      0.015    1478.86     64.380     4.3567  45.365313  0.000e+00
     45.749     7.2154    33.8898    26.5145 2.0757e-01     0.1285      0.015    1478.86     64.381     4.3567  45.365314  0.000e+00
     45.745     7.2154    33.8900    26.5147 2.0757e-01     0.1285      0.015    1478.86     64.381     4.3567  45.365314  0.000e+00
     45.745     7.2155    33.8898    26.5145 2.1978e-01     0.1285      0.015    1478.86     64.382     4.3568  45.365315  0.000e+00
     45.749     7.2154    33.8898    26.5145 2.0757e-01     0.1298      0.015    1478.86     64.383     4.3568  45.365315  0.000e+00
     45.733     7.2154    33.8900    26.5147 1.9536e-01     0.1298      0.015    1478.86     64.383     4.3569  45.365316  0.000e+00
