I-1_20190214_down.cnv
* Sea-Bird SBE 9 Data File:
* FileName = C:\CTD Brukere\NIVA\OKOKYST2019\20190211\I-1_20190214.hex
* Software Version Seasave V 7.23.2
* Temperature SN = 5352
* Conductivity SN = 3840
* Number of Bytes Per Scan = 28
* Number of Voltage Words = 4
* Number of Scans Averaged by the Deck Unit = 1
* NMEA baud rate = 4800
** Ship: R/V Trygve Braarud
** Cruise:
** Station:
** Operator:
# nquan = 12
# nvalues = 3861                                  
# units = specified
# name 0 = depSM: Depth [salt water, m], lat = 59.60
# name 1 = t090C: Temperature [ITS-90, deg C]
# name 2 = sal00: Salinity, Practical [PSU]
# name 3 = sigma-t00: Density [sigma-t, kg/m^3 ]
# name 4 = flSP: Fluorescence, Seapoint
# name 5 = wetStar: Fluorescence, WET Labs WETstar [mg/m^3]
# name 6 = seaTurbMtr: Turbidity, Seapoint [FTU]
# name 7 = svCM: Sound Velocity [Chen-Millero, m/s]
# name 8 = sbeox0PS: Oxygen, SBE 43 [% saturation]
# name 9 = sbeox0ML/L: Oxygen, SBE 43 [ml/l]
# name 10 = timeJ: Julian Days
# name 11 = flag:  0.000e+00
# span 0 =      0.124,     48.827                 
# span 1 =     1.0987,     7.3200                 
# span 2 =    10.9119,    33.9326                 
# span 3 =     8.7104,    26.5408                 
# span 4 = 1.7094e-01, 6.5934e-01                 
# span 5 =     0.1273,     0.1298                 
# span 6 =      0.011,      0.018                 
# span 7 =    1422.39,    1479.36                 
# span 8 =     63.025,     75.229                 
# span 9 =     4.2558,     6.8747                 
# span 10 =  45.363750,  45.365611                
# span 11 = 0.0000e+00, 0.0000e+00                
# interval = seconds: 0.0416667
# start_time = Feb 14 2019 08:43:48 [System UpLoad Time]
# bad_flag = -9.990e-29
*END*
[from data line 1204]
     13.824     2.9293    30.6455    24.4163 2.6862e-01     0.1285      0.015    1456.68     73.215     5.6089  45.364331  0.000e+00
     13.835     2.9455    30.6664    24.4316 2.6862e-01     0.1285      0.015    1456.77     73.150     5.6009  45.364331  0.000e+00
     13.859     2.9598    30.6853    24.4456 2.6862e-01     0.1298      0.015    1456.86     73.141     5.5974  45.364332  0.000e+00
     13.871     2.9717    30.7000    24.4563 2.9304e-01     0.1285      0.015    1456.93     73.196     5.5994  45.364332  0.000e+00
     13.906     2.9833    30.7130    24.4658 3.1746e-01     0.1285      0.015    1457.00     73.197     5.5974  45.364333  0.000e+00
     13.906     2.9923    30.7261    24.4755 3.2967e-01     0.1285      0.015    1457.05     73.134     5.5908  45.364333  0.000e+00
     13.942     2.9983    30.7383    24.4847 3.1746e-01     0.1285      0.015    1457.10     73.127     5.5890  45.364334  0.000e+00
     13.970     3.0038    30.7493    24.4931 3.0525e-01     0.1298      0.015    1457.14     73.184     5.5922  45.364334  0.000e+00
     13.979     3.0105    30.7576    24.4991 3.0525e-01     0.1298      0.015    1457.18     73.122     5.5862  45.364334  0.000e+00
     14.015     3.0183    30.7684    24.5071 3.0525e-01     0.1285      0.015    1457.22     73.180     5.5891  45.364335  0.000e+00
     14.015     3.0276    30.7922    24.5253 3.0525e-01     0.1285      0.018    1457.29     73.182     5.5870  45.364335  0.000e+00
     14.051     3.0376    30.8102    24.5389 2.9304e-01     0.1298      0.015    1457.36     73.184     5.5851  45.364336  0.000e+00
     14.075     3.0474    30.8202    24.5460 3.0525e-01     0.1285      0.015    1457.42     73.122     5.5787  45.364336  0.000e+00
     14.086     3.0558    30.8296    24.5529 3.0525e-01     0.1285      0.015    1457.47     73.116     5.5767  45.364337  0.000e+00
     14.101     3.0668    30.8384    24.5590 3.0525e-01     0.1298      0.015    1457.52     73.109     5.5743  45.364337  0.000e+00
     14.135     3.0791    30.8496    24.5669 3.1746e-01     0.1285      0.015    1457.59     73.167     5.5766  45.364338  0.000e+00
     14.146     3.0878    30.8598    24.5743 3.1746e-01     0.1285      0.015    1457.64     73.106     5.5704  45.364338  0.000e+00
     14.182     3.0954    30.8694    24.5813 3.0525e-01     0.1298      0.015    1457.69     73.165     5.5734  45.364339  0.000e+00
     14.193     3.1036    30.8790    24.5883 3.0525e-01     0.1298      0.015    1457.74     73.169     5.5722  45.364339  0.000e+00
     14.206     3.1126    30.8859    24.5931 3.1746e-01     0.1285      0.015    1457.79     73.173     5.5710  45.364340  0.000e+00
     14.234     3.1211    30.8951    24.5997 2.9304e-01     0.1298      0.015    1457.83     73.177     5.5698  45.364340  0.000e+00
     14.253     3.1268    30.9080    24.6095 2.9304e-01     0.1285      0.015    1457.88     73.181     5.5688  45.364341  0.000e+00
     14.266     3.1351    30.9185    24.6172 2.9304e-01     0.1285      0.018    1457.93     73.185     5.5676  45.364341  0.000e+00
     14.290     3.1452    30.9282    24.6241 3.0525e-01     0.1298      0.015    1457.98     73.188     5.5661  45.364342  0.000e+00
     14.326     3.1554    30.9397    24.6324 3.1746e-01     0.1285      0.015    1458.04     73.192     5.5645  45.364342  0.000e+00
     14.326     3.1686    30.9538    24.6425 3.1746e-01     0.1285      0.015    1458.12     73.195     5.5623  45.364343  0.000e+00
     14.365     3.1822    30.9725    24.6563 3.1746e-01     0.1298      0.015    1458.20     73.198     5.5600  45.364343  0.000e+00
     14.386     3.1978    30.9959    24.6737 3.2967e-01     0.1285      0.018    1458.30     73.200     5.5571  45.364344  0.000e+00
     14.397     3.2176    31.0219    24.6927 3.1746e-01     0.1285      0.018    1458.42     73.192     5.5528  45.364344  0.000e+00
     14.409     3.2408    31.0452    24.7093 3.0525e-01     0.1298      0.015    1458.55     73.183     5.5481  45.364345  0.000e+00
     14.444     3.2649    31.0683    24.7257 2.9304e-01     0.1285      0.015    1458.68     73.183     5.5439  45.364345  0.000e+00
     14.457     3.2867    31.0889    24.7403 3.0525e-01     0.1285      0.015    1458.80     73.184     5.5402  45.364346  0.000e+00
     14.485     3.3067    31.0990    24.7466 3.2967e-01     0.1285      0.015    1458.90     73.185     5.5371  45.364346  0.000e+00
     14.504     3.3225    31.1118    24.7555 3.1746e-01     0.1285      0.015    1458.98     73.186     5.5346  45.364347  0.000e+00
     14.517     3.3385    31.1282    24.7671 3.1746e-01     0.1285      0.015    1459.07     73.188     5.5319  45.364347  0.000e+00
     14.541     3.3567    31.1499    24.7828 2.8083e-01     0.1298      0.015    1459.18     73.189     5.5287  45.364348  0.000e+00
     14.564     3.3778    31.1748    24.8009 2.8083e-01     0.1298      0.015    1459.30     73.190     5.5250  45.364348  0.000e+00
     14.580     3.3924    31.1992    24.8190 2.9304e-01     0.1285      0.015    1459.40     73.255     5.5270  45.364348  0.000e+00
     14.600     3.4113    31.2139    24.8291 2.9304e-01     0.1298      0.015    1459.50     73.192     5.5191  45.364349  0.000e+00
     14.624     3.4308    31.2257    24.8368 3.0525e-01     0.1298      0.015    1459.60     73.192     5.5160  45.364349  0.000e+00
     14.648     3.4465    31.2430    24.8492 2.9304e-01     0.1285      0.015    1459.69     73.193     5.5133  45.364350  0.000e+00
     14.660     3.4589    31.2583    24.8602 2.9304e-01     0.1285      0.015    1459.76     73.195     5.5112  45.364350  0.000e+00
     14.699     3.4697    31.2644    24.8642 2.9304e-01     0.1285      0.015    1459.81     73.197     5.5096  45.364351  0.000e+00
     14.708     3.4785    31.2738    24.8708 3.0525e-01     0.1285      0.015    1459.86     73.199     5.5082  45.364351  0.000e+00
     14.733     3.4873    31.2872    24.8807 3.0525e-01     0.1298      0.015    1459.92     73.201     5.5067  45.364352  0.000e+00
     14.768     3.4990    31.2992    24.8893 3.0525e-01     0.1298      0.015    1459.98     73.267     5.5096  45.364352  0.000e+00
     14.759     3.5118    31.3137    24.8997 3.0525e-01     0.1285      0.015    1460.06     73.276     5.5080  45.364353  0.000e+00
     14.815     3.5246    31.3275    24.9095 2.9304e-01     0.1298      0.015    1460.13     73.214     5.5011  45.364353  0.000e+00
     14.815     3.5379    31.3373    24.9162 2.9304e-01     0.1298      0.015    1460.20     73.204     5.4982  45.364354  0.000e+00
     14.840     3.5491    31.3444    24.9208 2.9304e-01     0.1285      0.015    1460.26     73.268     5.5012  45.364354  0.000e+00
     14.864     3.5597    31.3541    24.9276 2.8083e-01     0.1285      0.015    1460.31     73.268     5.4994  45.364355  0.000e+00
     14.890     3.5709    31.3659    24.9359 2.8083e-01     0.1298      0.015    1460.38     73.267     5.4974  45.364355  0.000e+00
     14.911     3.5831    31.3744    24.9416 2.8083e-01     0.1285      0.015    1460.44     73.274     5.4959  45.364356  0.000e+00
     14.948     3.5921    31.3813    24.9463 2.8083e-01     0.1285      0.015    1460.49     73.282     5.4950  45.364356  0.000e+00
     14.960     3.5987    31.3860    24.9495 2.8083e-01     0.1298      0.015    1460.52     73.280     5.4938  45.364357  0.000e+00
     14.985     3.6041    31.3887    24.9511 2.9304e-01     0.1285      0.015    1460.55     73.277     5.4928  45.364357  0.000e+00
     15.008     3.6097    31.3925    24.9536 2.9304e-01     0.1285      0.015    1460.58     73.284     5.4924  45.364358  0.000e+00
     15.031     3.6140    31.3964    24.9564 2.9304e-01     0.1298      0.015    1460.60     73.280     5.4914  45.364358  0.000e+00
     15.044     3.6169    31.4007    24.9595 2.9304e-01     0.1285      0.015    1460.62     73.286     5.4913  45.364359  0.000e+00
     15.070     3.6197    31.4048    24.9625 2.9304e-01     0.1285      0.015    1460.64     73.355     5.4959  45.364359  0.000e+00
     15.104     3.6228    31.4085    24.9652 3.0525e-01     0.1285      0.018    1460.66     73.368     5.4964  45.364360  0.000e+00
     15.115     3.6264    31.4127    24.9682 3.2967e-01     0.1285      0.015    1460.68     73.371     5.4959  45.364360  0.000e+00
     15.151     3.6302    31.4170    24.9713 3.1746e-01     0.1285      0.015    1460.70     73.373     5.4954  45.364361  0.000e+00
     15.165     3.6346    31.4234    24.9760 3.0525e-01     0.1285      0.018    1460.73     73.311     5.4899  45.364361  0.000e+00
     15.199     3.6391    31.4324    24.9827 2.9304e-01     0.1285      0.015    1460.76     73.375     5.4938  45.364361  0.000e+00
     15.186     3.6468    31.4444    24.9916 2.8083e-01     0.1285      0.018    1460.81     73.437     5.4969  45.364362  0.000e+00
     15.235     3.6554    31.4563    25.0002 2.6862e-01     0.1285      0.015    1460.86     73.388     5.4917  45.364362  0.000e+00
     15.261     3.6618    31.4646    25.0063 2.6862e-01     0.1298      0.015    1460.90     73.331     5.4862  45.364363  0.000e+00
     15.282     3.6664    31.4696    25.0099 2.6862e-01     0.1285      0.015    1460.92     73.392     5.4900  45.364363  0.000e+00
     15.306     3.6705    31.4718    25.0112 2.5641e-01     0.1285      0.015    1460.94     73.460     5.4945  45.364364  0.000e+00
     15.331     3.6736    31.4749    25.0134 2.6862e-01     0.1298      0.015    1460.96     73.410     5.4902  45.364364  0.000e+00
     15.356     3.6763    31.4790    25.0165 2.8083e-01     0.1298      0.015    1460.98     73.477     5.4947  45.364365  0.000e+00
     15.378     3.6805    31.4855    25.0212 2.6862e-01     0.1285      0.015    1461.00     73.489     5.4947  45.364365  0.000e+00
     15.391     3.6879    31.4927    25.0263 2.6862e-01     0.1285      0.015    1461.05     73.498     5.4942  45.364366  0.000e+00
     15.428     3.6984    31.5018    25.0325 2.6862e-01     0.1285      0.018    1461.10     73.506     5.4930  45.364366  0.000e+00
     15.450     3.7095    31.5093    25.0375 2.6862e-01     0.1285      0.015    1461.16     73.512     5.4917  45.364367  0.000e+00
     15.475     3.7192    31.5175    25.0431 2.8083e-01     0.1298      0.015    1461.21     73.518     5.4905  45.364367  0.000e+00
     15.497     3.7283    31.5268    25.0497 2.8083e-01     0.1285      0.018    1461.26     73.523     5.4893  45.364368  0.000e+00
     15.523     3.7390    31.5345    25.0548 2.8083e-01     0.1298      0.015    1461.32     73.526     5.4878  45.364368  0.000e+00
     15.546     3.7506    31.5385    25.0569 2.9304e-01     0.1298      0.015    1461.37     73.528     5.4863  45.364369  0.000e+00
     15.557     3.7618    31.5424    25.0590 3.0525e-01     0.1285      0.015    1461.43     73.529     5.4847  45.364369  0.000e+00
     15.596     3.7714    31.5453    25.0604 3.1746e-01     0.1298      0.015    1461.47     73.529     5.4833  45.364370  0.000e+00
     15.630     3.7793    31.5474    25.0614 3.1746e-01     0.1285      0.015    1461.51     73.529     5.4821  45.364370  0.000e+00
     15.630     3.7855    31.5503    25.0631 3.1746e-01     0.1285      0.015    1461.54     73.591     5.4858  45.364371  0.000e+00
     15.666     3.7901    31.5528    25.0647 3.0525e-01     0.1298      0.015    1461.56     73.597     5.4856  45.364371  0.000e+00
     15.692     3.7931    31.5541    25.0654 3.0525e-01     0.1298      0.015    1461.58     73.602     5.4855  45.364372  0.000e+00
     15.713     3.7945    31.5552    25.0661 3.0525e-01     0.1298      0.015    1461.58     73.615     5.4863  45.364372  0.000e+00
     15.737     3.7982    31.5589    25.0688 3.0525e-01     0.1285      0.018    1461.60     73.618     5.4858  45.364373  0.000e+00
     15.763     3.8034    31.5653    25.0733 3.0525e-01     0.1298      0.015    1461.63     73.682     5.4896  45.364373  0.000e+00
     15.773     3.8116    31.5715    25.0775 3.0525e-01     0.1285      0.015    1461.68     73.689     5.4888  45.364374  0.000e+00
     15.809     3.8216    31.5773    25.0812 3.0525e-01     0.1285      0.015    1461.73     73.694     5.4876  45.364374  0.000e+00
     15.835     3.8299    31.5820    25.0842 2.9304e-01     0.1298      0.018    1461.77     73.697     5.4866  45.364375  0.000e+00
     15.857     3.8377    31.5846    25.0855 2.9304e-01     0.1285      0.018    1461.81     73.699     5.4856  45.364375  0.000e+00
     15.882     3.8450    31.5859    25.0859 2.8083e-01     0.1298      0.018    1461.84     73.699     5.4845  45.364375  0.000e+00
     15.907     3.8509    31.5860    25.0854 2.8083e-01     0.1298      0.015    1461.86     73.706     5.4843  45.364376  0.000e+00
     15.928     3.8524    31.5803    25.0807 2.9304e-01     0.1285      0.015    1461.86     73.776     5.4895  45.364376  0.000e+00
     15.953     3.8514    31.5780    25.0790 2.9304e-01     0.1285      0.015    1461.86     73.718     5.4854  45.364377  0.000e+00
     15.967     3.8514    31.5768    25.0780 2.9304e-01     0.1298      0.015    1461.86     73.712     5.4851  45.364377  0.000e+00
     16.000     3.8494    31.5668    25.0703 3.1746e-01     0.1298      0.015    1461.83     73.778     5.4906  45.364378  0.000e+00
     16.024     3.8529    31.5707    25.0731 3.2967e-01     0.1285      0.015    1461.85     73.786     5.4905  45.364378  0.000e+00
     16.026     3.8623    31.5882    25.0861 3.4188e-01     0.1298      0.015    1461.92     73.791     5.4890  45.364379  0.000e+00
     16.060     3.8730    31.5971    25.0921 3.4188e-01     0.1285      0.015    1461.97     73.794     5.4874  45.364379  0.000e+00
     16.084     3.8765    31.5925    25.0882 3.1746e-01     0.1285      0.015    1461.98     73.796     5.4873  45.364380  0.000e+00
     16.110     3.8803    31.5961    25.0907 3.0525e-01     0.1298      0.018    1462.00     73.797     5.4867  45.364380  0.000e+00
     16.144     3.8918    31.6017    25.0941 2.9304e-01     0.1298      0.015    1462.06     73.857     5.4895  45.364381  0.000e+00
     16.155     3.9055    31.6083    25.0980 2.8083e-01     0.1285      0.015    1462.13     73.861     5.4876  45.364381  0.000e+00
     16.170     3.9177    31.6216    25.1074 2.8083e-01     0.1298      0.015    1462.20     73.862     5.4856  45.364382  0.000e+00
     16.204     3.9266    31.6371    25.1189 3.0525e-01     0.1285      0.015    1462.25     73.862     5.4839  45.364382  0.000e+00
     16.217     3.9401    31.6531    25.1303 3.0525e-01     0.1285      0.015    1462.33     73.868     5.4819  45.364383  0.000e+00
     16.240     3.9598    31.6656    25.1384 2.9304e-01     0.1298      0.015    1462.43     73.871     5.4790  45.364383  0.000e+00
     16.264     3.9725    31.6757    25.1452 2.9304e-01     0.1285      0.015    1462.50     73.873     5.4771  45.364384  0.000e+00
     16.290     3.9750    31.6840    25.1516 2.9304e-01     0.1285      0.018    1462.52     73.813     5.4720  45.364384  0.000e+00
     16.311     3.9712    31.6925    25.1587 2.9304e-01     0.1285      0.015    1462.51     73.861     5.4757  45.364385  0.000e+00
     16.335     3.9665    31.6988    25.1641 2.8083e-01     0.1285      0.018    1462.50     73.861     5.4762  45.364385  0.000e+00
     16.337     3.9579    31.6876    25.1561 2.9304e-01     0.1285      0.015    1462.45     73.869     5.4783  45.364386  0.000e+00
     16.371     3.9448    31.6684    25.1420 2.6862e-01     0.1298      0.015    1462.37     73.868     5.4807  45.364386  0.000e+00
     16.385     3.9404    31.6731    25.1462 2.6862e-01     0.1298      0.015    1462.36     73.854     5.4801  45.364387  0.000e+00
     16.408     3.9561    31.7085    25.1729 2.8083e-01     0.1285      0.018    1462.47     73.844     5.4759  45.364387  0.000e+00
     16.444     3.9747    31.7393    25.1955 2.8083e-01     0.1285      0.018    1462.59     73.840     5.4720  45.364388  0.000e+00
