I-1_20190214_down.cnv
* Sea-Bird SBE 9 Data File:
* FileName = C:\CTD Brukere\NIVA\OKOKYST2019\20190211\I-1_20190214.hex
* Software Version Seasave V 7.23.2
* Temperature SN = 5352
* Conductivity SN = 3840
* Number of Bytes Per Scan = 28
* Number of Voltage Words = 4
* Number of Scans Averaged by the Deck Unit = 1
* NMEA baud rate = 4800
** Ship: R/V Trygve Braarud
** Cruise:
** Station:
** Operator:
# nquan = 12
# nvalues = 3861                                  
# units = specified
# name 0 = depSM: Depth [salt water, m], lat = 59.60
# name 1 = t090C: Temperature [ITS-90, deg C]
# name 2 = sal00: Salinity, Practical [PSU]
# name 3 = sigma-t00: Density [sigma-t, kg/m^3 ]
# name 4 = flSP: Fluorescence, Seapoint
# name 5 = wetStar: Fluorescence, WET Labs WETstar [mg/m^3]
# name 6 = seaTurbMtr: Turbidity, Seapoint [FTU]
# name 7 = svCM: Sound Velocity [Chen-Millero, m/s]
# name 8 = sbeox0PS: Oxygen, SBE 43 [% saturation]
# name 9 = sbeox0ML/L: Oxygen, SBE 43 [ml/l]
# name 10 = timeJ: Julian Days
# name 11 = flag:  0.000e+00
# span 0 =      0.124,     48.827                 
# span 1 =     1.0987,     7.3200                 
# span 2 =    10.9119,    33.9326                 
# span 3 =     8.7104,    26.5408                 
# span 4 = 1.7094e-01, 6.5934e-01                 
# span 5 =     0.1273,     0.1298                 
# span 6 =      0.011,      0.018                 
# span 7 =    1422.39,    1479.36                 
# span 8 =     63.025,     75.229                 
# span 9 =     4.2558,     6.8747                 
# span 10 =  45.363750,  45.365611                
# span 11 = 0.0000e+00, 0.0000e+00                
# interval = seconds: 0.0416667
# start_time = Feb 14 2019 08:43:48 [System UpLoad Time]
# bad_flag = -9.990e-29
*END*
[from data line 2407]
     40.338     6.9833    33.7874    26.4658 1.8315e-01     0.1298      0.015    1477.74     66.348     4.5168  45.364911  0.000e+00
     40.354     6.9920    33.7884    26.4655 1.8315e-01     0.1298      0.015    1477.78     66.343     4.5155  45.364911  0.000e+00
     40.387     6.9980    33.7899    26.4658 1.9536e-01     0.1298      0.015    1477.80     66.340     4.5147  45.364912  0.000e+00
     40.398     7.0044    33.7919    26.4665 1.9536e-01     0.1285      0.015    1477.83     66.401     4.5181  45.364912  0.000e+00
     40.434     7.0099    33.7931    26.4667 1.9536e-01     0.1298      0.015    1477.85     66.417     4.5186  45.364913  0.000e+00
     40.447     7.0138    33.7930    26.4661 2.0757e-01     0.1285      0.015    1477.87     66.364     4.5146  45.364913  0.000e+00
     40.474     7.0160    33.7878    26.4617 2.0757e-01     0.1298      0.015    1477.87     66.367     4.5147  45.364914  0.000e+00
     40.482     7.0128    33.7730    26.4504 1.9536e-01     0.1298      0.018    1477.84     66.311     4.5116  45.364914  0.000e+00
     40.518     7.0007    33.7688    26.4488 1.9536e-01     0.1285      0.015    1477.79     66.373     4.5173  45.364915  0.000e+00
     40.543     6.9947    33.7781    26.4570 1.8315e-01     0.1298      0.015    1477.78     66.383     4.5182  45.364915  0.000e+00
     40.554     6.9985    33.7876    26.4640 1.8315e-01     0.1285      0.015    1477.81     66.392     4.5182  45.364916  0.000e+00
     40.583     7.0055    33.7920    26.4664 1.9536e-01     0.1298      0.015    1477.84     66.404     4.5182  45.364916  0.000e+00
     40.614     7.0105    33.7900    26.4642 1.9536e-01     0.1285      0.015    1477.86     66.409     4.5181  45.364917  0.000e+00
     40.614     7.0106    33.7802    26.4565 1.8315e-01     0.1285      0.015    1477.84     66.416     4.5188  45.364917  0.000e+00
     40.651     7.0029    33.7622    26.4434 1.8315e-01     0.1285      0.015    1477.79     66.362     4.5165  45.364918  0.000e+00
     40.674     6.9910    33.7508    26.4360 1.8315e-01     0.1285      0.018    1477.73     66.427     4.5225  45.364918  0.000e+00
     40.690     6.9841    33.7539    26.4393 1.8315e-01     0.1298      0.018    1477.71     66.377     4.5197  45.364918  0.000e+00
     40.711     6.9857    33.7747    26.4555 1.9536e-01     0.1285      0.018    1477.74     66.382     4.5192  45.364919  0.000e+00
     40.747     6.9950    33.7887    26.4653 1.9536e-01     0.1285      0.015    1477.80     66.387     4.5182  45.364919  0.000e+00
     40.758     7.0026    33.7924    26.4671 2.0757e-01     0.1298      0.015    1477.83     66.387     4.5173  45.364920  0.000e+00
     40.794     7.0082    33.7937    26.4674 2.0757e-01     0.1285      0.015    1477.86     66.388     4.5168  45.364920  0.000e+00
     40.807     7.0130    33.7941    26.4671 1.9536e-01     0.1298      0.015    1477.87     66.390     4.5164  45.364921  0.000e+00
     40.835     7.0152    33.7932    26.4661 1.9536e-01     0.1285      0.015    1477.88     66.394     4.5165  45.364921  0.000e+00
     40.854     7.0153    33.7851    26.4597 1.9536e-01     0.1285      0.015    1477.87     66.399     4.5171  45.364922  0.000e+00
     40.879     7.0082    33.7738    26.4517 1.9536e-01     0.1298      0.015    1477.83     66.399     4.5181  45.364922  0.000e+00
     40.903     6.9988    33.7702    26.4502 2.0757e-01     0.1298      0.015    1477.79     66.407     4.5197  45.364923  0.000e+00
     40.927     6.9937    33.7770    26.4562 2.0757e-01     0.1298      0.015    1477.78     66.408     4.5201  45.364923  0.000e+00
     40.950     6.9977    33.7889    26.4650 1.9536e-01     0.1298      0.018    1477.81     66.409     4.5195  45.364924  0.000e+00
     40.966     7.0050    33.7943    26.4683 1.9536e-01     0.1285      0.018    1477.85     66.412     4.5187  45.364924  0.000e+00
     40.999     7.0106    33.7940    26.4673 1.9536e-01     0.1298      0.015    1477.87     66.415     4.5183  45.364925  0.000e+00
     41.023     7.0127    33.7934    26.4666 1.9536e-01     0.1285      0.015    1477.88     66.357     4.5142  45.364925  0.000e+00
     41.048     7.0142    33.7966    26.4689 1.9536e-01     0.1298      0.015    1477.89     66.355     4.5138  45.364926  0.000e+00
     41.070     7.0189    33.8004    26.4712 1.8315e-01     0.1285      0.015    1477.91     66.355     4.5132  45.364926  0.000e+00
     41.083     7.0242    33.8005    26.4705 1.8315e-01     0.1285      0.015    1477.93     66.355     4.5127  45.364927  0.000e+00
     41.119     7.0277    33.8006    26.4702 1.9536e-01     0.1298      0.015    1477.94     66.357     4.5124  45.364927  0.000e+00
     41.124     7.0306    33.8004    26.4696 1.8315e-01     0.1285      0.015    1477.96     66.360     4.5123  45.364928  0.000e+00
     41.155     7.0319    33.7975    26.4671 1.8315e-01     0.1285      0.015    1477.96     66.357     4.5121  45.364928  0.000e+00
     41.179     7.0308    33.7937    26.4643 1.8315e-01     0.1298      0.015    1477.95     66.292     4.5079  45.364929  0.000e+00
     41.203     7.0280    33.7881    26.4603 1.9536e-01     0.1298      0.015    1477.93     66.284     4.5078  45.364929  0.000e+00
     41.239     7.0231    33.7811    26.4555 1.8315e-01     0.1285      0.018    1477.90     66.285     4.5086  45.364930  0.000e+00
     41.263     7.0146    33.7809    26.4565 1.8315e-01     0.1298      0.015    1477.87     66.280     4.5091  45.364930  0.000e+00
     41.275     7.0138    33.7829    26.4581 1.8315e-01     0.1298      0.018    1477.87     66.275     4.5088  45.364931  0.000e+00
     41.299     7.0116    33.7747    26.4520 1.8315e-01     0.1298      0.018    1477.85     66.272     4.5091  45.364931  0.000e+00
     41.315     7.0113    33.7802    26.4564 1.8315e-01     0.1285      0.018    1477.86     66.270     4.5088  45.364932  0.000e+00
     41.359     7.0165    33.7875    26.4614 1.8315e-01     0.1285      0.015    1477.89     66.269     4.5080  45.364932  0.000e+00
     41.359     7.0151    33.7794    26.4552 1.8315e-01     0.1298      0.015    1477.87     66.208     4.5042  45.364932  0.000e+00
     41.406     7.0022    33.7683    26.4482 1.8315e-01     0.1285      0.018    1477.81     66.203     4.5056  45.364933  0.000e+00
     41.419     6.9902    33.7646    26.4470 1.9536e-01     0.1298      0.015    1477.76     66.200     4.5067  45.364933  0.000e+00
     41.455     6.9819    33.7675    26.4503 1.8315e-01     0.1285      0.015    1477.73     66.199     4.5074  45.364934  0.000e+00
     41.455     6.9789    33.7722    26.4545 1.8315e-01     0.1285      0.015    1477.73     66.128     4.5027  45.364934  0.000e+00
     41.491     6.9793    33.7795    26.4602 1.8315e-01     0.1298      0.018    1477.74     66.113     4.5015  45.364935  0.000e+00
     41.527     6.9905    33.7941    26.4701 1.8315e-01     0.1298      0.015    1477.80     66.100     4.4989  45.364935  0.000e+00
     41.531     7.0053    33.8033    26.4753 1.8315e-01     0.1298      0.018    1477.87     66.095     4.4968  45.364936  0.000e+00
     41.564     7.0167    33.8004    26.4716 1.9536e-01     0.1298      0.018    1477.91     66.092     4.4956  45.364936  0.000e+00
     41.587     7.0190    33.7899    26.4629 1.9536e-01     0.1298      0.015    1477.91     66.084     4.4951  45.364937  0.000e+00
     41.611     7.0122    33.7798    26.4559 2.0757e-01     0.1285      0.015    1477.87     66.017     4.4915  45.364937  0.000e+00
     41.635     7.0035    33.7813    26.4583 1.9536e-01     0.1298      0.015    1477.84     66.060     4.4953  45.364938  0.000e+00
     41.647     7.0014    33.7861    26.4623 1.9536e-01     0.1298      0.015    1477.83     65.995     4.4909  45.364938  0.000e+00
     41.671     7.0046    33.7885    26.4638 1.9536e-01     0.1285      0.018    1477.85     65.986     4.4899  45.364939  0.000e+00
     41.707     7.0087    33.7845    26.4601 1.9536e-01     0.1298      0.015    1477.86     65.979     4.4892  45.364939  0.000e+00
     41.720     7.0044    33.7763    26.4543 1.9536e-01     0.1285      0.018    1477.83     65.912     4.4853  45.364940  0.000e+00
     41.744     6.9972    33.7700    26.4502 1.8315e-01     0.1298      0.015    1477.80     65.903     4.4856  45.364940  0.000e+00
     41.780     6.9885    33.7510    26.4365 1.8315e-01     0.1298      0.015    1477.74     65.895     4.4865  45.364941  0.000e+00
     41.791     6.9819    33.7695    26.4519 1.8315e-01     0.1298      0.018    1477.74     65.882     4.4858  45.364941  0.000e+00
     41.821     6.9985    33.7940    26.4690 1.8315e-01     0.1285      0.015    1477.83     65.877     4.4830  45.364942  0.000e+00
     41.840     7.0170    33.8058    26.4758 1.8315e-01     0.1298      0.015    1477.92     65.866     4.4800  45.364942  0.000e+00
     41.876     7.0314    33.8097    26.4768 1.8315e-01     0.1285      0.015    1477.98     65.858     4.4778  45.364943  0.000e+00
     41.876     7.0427    33.8131    26.4779 1.8315e-01     0.1285      0.015    1478.03     65.789     4.4719  45.364943  0.000e+00
     41.911     7.0540    33.8128    26.4762 1.8315e-01     0.1298      0.015    1478.07     65.777     4.4699  45.364944  0.000e+00
     41.911     7.0617    33.8093    26.4724 1.8315e-01     0.1298      0.018    1478.10     65.768     4.4686  45.364944  0.000e+00
     41.972     7.0664    33.8068    26.4697 1.8315e-01     0.1298      0.015    1478.12     65.761     4.4677  45.364945  0.000e+00
     41.972     7.0693    33.8072    26.4697 1.8315e-01     0.1298      0.015    1478.13     65.694     4.4629  45.364945  0.000e+00
     41.996     7.0709    33.8089    26.4708 1.8315e-01     0.1285      0.018    1478.14     65.684     4.4620  45.364946  0.000e+00
     42.032     7.0669    33.8038    26.4673 1.9536e-01     0.1298      0.018    1478.12     65.678     4.4621  45.364946  0.000e+00
     42.032     7.0626    33.8054    26.4692 1.8315e-01     0.1298      0.018    1478.10     65.673     4.4622  45.364946  0.000e+00
     42.045     7.0667    33.8129    26.4745 1.8315e-01     0.1298      0.015    1478.13     65.671     4.4614  45.364947  0.000e+00
     42.103     7.0736    33.8194    26.4787 1.8315e-01     0.1298      0.015    1478.16     65.671     4.4605  45.364947  0.000e+00
     42.103     7.0794    33.8162    26.4753 1.8315e-01     0.1285      0.015    1478.18     65.612     4.4560  45.364948  0.000e+00
     42.127     7.0762    33.8060    26.4678 1.8315e-01     0.1285      0.015    1478.16     65.610     4.4565  45.364948  0.000e+00
     42.163     7.0653    33.7896    26.4563 1.8315e-01     0.1285      0.018    1478.09     65.666     4.4619  45.364949  0.000e+00
     42.176     7.0479    33.7807    26.4517 1.8315e-01     0.1298      0.015    1478.02     65.608     4.4600  45.364949  0.000e+00
     42.188     7.0348    33.7845    26.4565 1.7094e-01     0.1285      0.015    1477.97     65.607     4.4612  45.364950  0.000e+00
     42.223     7.0327    33.7949    26.4650 1.8315e-01     0.1285      0.018    1477.98     65.608     4.4611  45.364950  0.000e+00
     42.236     7.0384    33.8122    26.4778 1.8315e-01     0.1285      0.015    1478.02     65.610     4.4602  45.364951  0.000e+00
     42.261     7.0557    33.8246    26.4852 1.8315e-01     0.1298      0.015    1478.10     65.553     4.4542  45.364951  0.000e+00
     42.283     7.0709    33.8288    26.4865 1.8315e-01     0.1298      0.015    1478.17     65.553     4.4525  45.364952  0.000e+00
     42.308     7.0799    33.8288    26.4852 1.8315e-01     0.1298      0.015    1478.20     65.548     4.4512  45.364952  0.000e+00
     42.326     7.0852    33.8267    26.4829 1.8315e-01     0.1298      0.018    1478.22     65.546     4.4506  45.364953  0.000e+00
     42.356     7.0850    33.8220    26.4792 1.8315e-01     0.1285      0.015    1478.21     65.547     4.4508  45.364953  0.000e+00
     42.368     7.0811    33.8186    26.4770 1.8315e-01     0.1298      0.018    1478.19     65.550     4.4516  45.364954  0.000e+00
     42.392     7.0778    33.8059    26.4675 1.8315e-01     0.1298      0.015    1478.17     65.556     4.4527  45.364954  0.000e+00
     42.417     7.0663    33.7967    26.4618 1.8315e-01     0.1285      0.015    1478.11     65.503     4.4505  45.364955  0.000e+00
     42.428     7.0582    33.8061    26.4703 1.8315e-01     0.1285      0.015    1478.09     65.507     4.4514  45.364955  0.000e+00
     42.441     7.0605    33.8097    26.4728 1.8315e-01     0.1298      0.015    1478.11     65.514     4.4515  45.364956  0.000e+00
     42.488     7.0600    33.8067    26.4705 1.9536e-01     0.1285      0.015    1478.10     65.515     4.4517  45.364956  0.000e+00
     42.501     7.0609    33.8148    26.4768 1.9536e-01     0.1298      0.015    1478.11     65.519     4.4516  45.364957  0.000e+00
     42.512     7.0666    33.8231    26.4826 1.9536e-01     0.1298      0.018    1478.15     65.525     4.4512  45.364957  0.000e+00
     42.537     7.0703    33.8109    26.4724 1.8315e-01     0.1298      0.018    1478.15     65.534     4.4518  45.364958  0.000e+00
     42.572     7.0620    33.7982    26.4636 1.9536e-01     0.1298      0.015    1478.10     65.476     4.4491  45.364958  0.000e+00
     42.572     7.0579    33.8079    26.4718 1.9536e-01     0.1285      0.015    1478.10     65.475     4.4491  45.364959  0.000e+00
     42.608     7.0631    33.8116    26.4740 1.9536e-01     0.1285      0.018    1478.12     65.476     4.4486  45.364959  0.000e+00
     42.608     7.0625    33.8110    26.4736 1.9536e-01     0.1285      0.015    1478.12     65.479     4.4489  45.364959  0.000e+00
     42.644     7.0637    33.8166    26.4779 1.9536e-01     0.1298      0.015    1478.13     65.485     4.4490  45.364960  0.000e+00
     42.668     7.0662    33.8247    26.4839 1.9536e-01     0.1285      0.018    1478.15     65.432     4.4449  45.364960  0.000e+00
     42.681     7.0693    33.8409    26.4962 1.9536e-01     0.1285      0.015    1478.18     65.428     4.4438  45.364961  0.000e+00
     42.723     7.0807    33.8513    26.5028 1.9536e-01     0.1298      0.015    1478.24     65.434     4.4427  45.364961  0.000e+00
     42.741     7.0927    33.8527    26.5023 1.9536e-01     0.1285      0.018    1478.29     65.434     4.4415  45.364962  0.000e+00
     42.753     7.1007    33.8521    26.5007 1.9536e-01     0.1285      0.015    1478.32     65.438     4.4410  45.364962  0.000e+00
     42.777     7.1082    33.8481    26.4965 1.9536e-01     0.1298      0.018    1478.34     65.444     4.4407  45.364963  0.000e+00
     42.801     7.1120    33.8449    26.4935 1.9536e-01     0.1285      0.015    1478.35     65.445     4.4405  45.364963  0.000e+00
     42.813     7.1167    33.8428    26.4912 1.9536e-01     0.1298      0.015    1478.37     65.447     4.4403  45.364964  0.000e+00
     42.849     7.1196    33.8443    26.4920 1.9536e-01     0.1298      0.015    1478.38     65.453     4.4403  45.364964  0.000e+00
     42.862     7.1227    33.8459    26.4928 1.8315e-01     0.1285      0.015    1478.40     65.398     4.4362  45.364965  0.000e+00
     42.884     7.1238    33.8451    26.4920 1.8315e-01     0.1285      0.015    1478.40     65.401     4.4363  45.364965  0.000e+00
     42.909     7.1236    33.8427    26.4902 1.9536e-01     0.1298      0.018    1478.40     65.468     4.4410  45.364966  0.000e+00
     42.922     7.1238    33.8410    26.4888 1.8315e-01     0.1298      0.018    1478.40     65.421     4.4378  45.364966  0.000e+00
     42.944     7.1220    33.8389    26.4874 1.9536e-01     0.1298      0.015    1478.39     65.423     4.4382  45.364967  0.000e+00
     42.969     7.1174    33.8386    26.4878 1.9536e-01     0.1298      0.015    1478.37     65.366     4.4348  45.364967  0.000e+00
     42.993     7.1135    33.8344    26.4850 1.8315e-01     0.1285      0.015    1478.35     65.427     4.4395  45.364968  0.000e+00
