I-1_20190214_down.cnv
* Sea-Bird SBE 9 Data File:
* FileName = C:\CTD Brukere\NIVA\OKOKYST2019\20190211\I-1_20190214.hex
* Software Version Seasave V 7.23.2
* Temperature SN = 5352
* Conductivity SN = 3840
* Number of Bytes Per Scan = 28
* Number of Voltage Words = 4
* Number of Scans Averaged by the Deck Unit = 1
* NMEA baud rate = 4800
** Ship: R/V Trygve Braarud
** Cruise:
** Station:
** Operator:
# nquan = 12
# nvalues = 3861                                  
# units = specified
# name 0 = depSM: Depth [salt water, m], lat = 59.60
# name 1 = t090C: Temperature [ITS-90, deg C]
# name 2 = sal00: Salinity, Practical [PSU]
# name 3 = sigma-t00: Density [sigma-t, kg/m^3 ]
# name 4 = flSP: Fluorescence, Seapoint
# name 5 = wetStar: Fluorescence, WET Labs WETstar [mg/m^3]
# name 6 = seaTurbMtr: Turbidity, Seapoint [FTU]
# name 7 = svCM: Sound Velocity [Chen-Millero, m/s]
# name 8 = sbeox0PS: Oxygen, SBE 43 [% saturation]
# name 9 = sbeox0ML/L: Oxygen, SBE 43 [ml/l]
# name 10 = timeJ: Julian Days
# name 11 = flag:  0.000e+00
# span 0 =      0.124,     48.827                 
# span 1 =     1.0987,     7.3200                 
# span 2 =    10.9119,    33.9326                 
# span 3 =     8.7104,    26.5408                 
# span 4 = 1.7094e-01, 6.5934e-01                 
# span 5 =     0.1273,     0.1298                 
# span 6 =      0.011,      0.018                 
# span 7 =    1422.39,    1479.36                 
# span 8 =     63.025,     75.229                 
# span 9 =     4.2558,     6.8747                 
# span 10 =  45.363750,  45.365611                
# span 11 = 0.0000e+00, 0.0000e+00                
# interval = seconds: 0.0416667
# start_time = Feb 14 2019 08:43:48 [System UpLoad Time]
# bad_flag = -9.990e-29
*END*
[from data line 3610]
     47.769     7.2874    33.9175    26.5263 1.9536e-01     0.1298      0.015    1479.20     63.752     4.3063  45.365491  0.000e+00
     47.777     7.2857    33.9187    26.5275 1.9536e-01     0.1298      0.015    1479.20     63.755     4.3066  45.365491  0.000e+00
     47.780     7.2865    33.9180    26.5268 1.9536e-01     0.1285      0.015    1479.20     63.757     4.3067  45.365492  0.000e+00
     47.790     7.2889    33.9160    26.5249 1.9536e-01     0.1285      0.015    1479.21     63.752     4.3062  45.365492  0.000e+00
     47.780     7.2903    33.9147    26.5236 1.9536e-01     0.1285      0.015    1479.21     63.755     4.3063  45.365493  0.000e+00
     47.777     7.2894    33.9159    26.5247 1.9536e-01     0.1285      0.015    1479.21     63.758     4.3065  45.365493  0.000e+00
     47.780     7.2879    33.9176    26.5262 1.9536e-01     0.1298      0.018    1479.21     63.761     4.3069  45.365494  0.000e+00
     47.777     7.2876    33.9185    26.5270 1.9536e-01     0.1298      0.018    1479.21     63.765     4.3071  45.365494  0.000e+00
     47.793     7.2882    33.9185    26.5270 1.9536e-01     0.1298      0.015    1479.21     63.769     4.3073  45.365495  0.000e+00
     47.766     7.2900    33.9186    26.5267 2.0757e-01     0.1298      0.018    1479.22     63.773     4.3074  45.365495  0.000e+00
     47.780     7.2922    33.9174    26.5255 1.9536e-01     0.1298      0.015    1479.22     63.778     4.3076  45.365496  0.000e+00
     47.780     7.2934    33.9159    26.5242 1.9536e-01     0.1298      0.015    1479.23     63.783     4.3078  45.365496  0.000e+00
     47.777     7.2931    33.9152    26.5236 1.9536e-01     0.1298      0.015    1479.22     63.788     4.3082  45.365497  0.000e+00
     47.793     7.2911    33.9170    26.5253 1.9536e-01     0.1285      0.015    1479.22     63.794     4.3088  45.365497  0.000e+00
     47.777     7.2889    33.9186    26.5269 1.9536e-01     0.1285      0.015    1479.21     63.800     4.3093  45.365498  0.000e+00
     47.780     7.2882    33.9188    26.5272 1.9536e-01     0.1298      0.015    1479.21     63.806     4.3098  45.365498  0.000e+00
     47.777     7.2892    33.9175    26.5260 1.9536e-01     0.1285      0.018    1479.21     63.813     4.3102  45.365499  0.000e+00
     47.780     7.2895    33.9182    26.5265 1.9536e-01     0.1298      0.018    1479.21     63.750     4.3059  45.365499  0.000e+00
     47.777     7.2911    33.9180    26.5262 1.9536e-01     0.1298      0.015    1479.22     63.749     4.3057  45.365500  0.000e+00
     47.780     7.2956    33.9156    26.5236 1.9536e-01     0.1285      0.018    1479.23     63.803     4.3090  45.365500  0.000e+00
     47.777     7.2999    33.9144    26.5220 1.9536e-01     0.1298      0.015    1479.25     63.803     4.3086  45.365501  0.000e+00
     47.793     7.3028    33.9133    26.5208 1.9536e-01     0.1298      0.015    1479.26     63.803     4.3083  45.365501  0.000e+00
     47.777     7.3034    33.9138    26.5211 1.9536e-01     0.1285      0.015    1479.26     63.749     4.3046  45.365502  0.000e+00
     47.793     7.3022    33.9155    26.5226 1.9536e-01     0.1298      0.018    1479.26     63.812     4.3089  45.365502  0.000e+00
     47.777     7.3002    33.9168    26.5239 1.9536e-01     0.1298      0.015    1479.25     63.751     4.3050  45.365503  0.000e+00
     47.793     7.2978    33.9179    26.5251 1.9536e-01     0.1298      0.015    1479.25     63.807     4.3089  45.365503  0.000e+00
     47.777     7.2962    33.9186    26.5259 1.9536e-01     0.1298      0.015    1479.24     63.808     4.3092  45.365503  0.000e+00
     47.793     7.2953    33.9183    26.5258 1.9536e-01     0.1285      0.015    1479.24     63.809     4.3094  45.365504  0.000e+00
     47.801     7.2946    33.9186    26.5261 1.9536e-01     0.1298      0.015    1479.23     63.811     4.3095  45.365504  0.000e+00
     47.840     7.2943    33.9187    26.5262 1.9536e-01     0.1285      0.015    1479.23     63.812     4.3097  45.365505  0.000e+00
     47.816     7.2946    33.9192    26.5265 1.9536e-01     0.1298      0.015    1479.24     63.813     4.3097  45.365505  0.000e+00
     47.837     7.2959    33.9216    26.5283 1.9536e-01     0.1298      0.018    1479.24     63.815     4.3096  45.365506  0.000e+00
     47.840     7.2990    33.9242    26.5299 1.9536e-01     0.1298      0.015    1479.26     63.816     4.3093  45.365506  0.000e+00
     47.826     7.3027    33.9260    26.5308 1.9536e-01     0.1298      0.015    1479.27     63.817     4.3089  45.365507  0.000e+00
     47.853     7.3065    33.9245    26.5290 1.8315e-01     0.1298      0.018    1479.29     63.756     4.3045  45.365507  0.000e+00
     47.813     7.3069    33.9224    26.5274 1.8315e-01     0.1298      0.015    1479.29     63.750     4.3041  45.365508  0.000e+00
     47.925     7.3060    33.9222    26.5274 1.9536e-01     0.1298      0.015    1479.28     63.807     4.3080  45.365508  0.000e+00
     47.910     7.3060    33.9231    26.5281 1.9536e-01     0.1298      0.018    1479.29     63.809     4.3081  45.365509  0.000e+00
     47.925     7.3060    33.9245    26.5292 1.9536e-01     0.1298      0.015    1479.29     63.749     4.3040  45.365509  0.000e+00
     47.922     7.3062    33.9243    26.5290 1.9536e-01     0.1298      0.015    1479.29     63.805     4.3078  45.365510  0.000e+00
     47.974     7.3066    33.9238    26.5285 1.9536e-01     0.1298      0.018    1479.29     63.746     4.3038  45.365510  0.000e+00
     47.982     7.3068    33.9244    26.5290 1.9536e-01     0.1285      0.015    1479.29     63.741     4.3034  45.365511  0.000e+00
     47.985     7.3065    33.9209    26.5262 1.9536e-01     0.1298      0.018    1479.29     63.798     4.3074  45.365511  0.000e+00
     47.985     7.3034    33.9195    26.5256 1.8315e-01     0.1298      0.015    1479.27     63.739     4.3038  45.365512  0.000e+00
     48.030     7.3019    33.9199    26.5261 1.8315e-01     0.1298      0.015    1479.27     63.798     4.3079  45.365512  0.000e+00
     48.045     7.3013    33.9212    26.5272 1.8315e-01     0.1298      0.015    1479.27     63.739     4.3039  45.365513  0.000e+00
     48.055     7.3020    33.9216    26.5274 1.8315e-01     0.1285      0.018    1479.27     63.735     4.3036  45.365513  0.000e+00
     48.069     7.3021    33.9221    26.5278 1.9536e-01     0.1298      0.015    1479.27     63.731     4.3033  45.365514  0.000e+00
     48.102     7.3020    33.9211    26.5271 1.8315e-01     0.1298      0.015    1479.27     63.728     4.3031  45.365514  0.000e+00
     48.105     7.3017    33.9200    26.5262 1.8315e-01     0.1285      0.015    1479.27     63.725     4.3030  45.365515  0.000e+00
     48.115     7.3007    33.9199    26.5263 1.9536e-01     0.1285      0.015    1479.26     63.722     4.3029  45.365515  0.000e+00
     48.130     7.2998    33.9182    26.5251 1.9536e-01     0.1298      0.015    1479.26     63.720     4.3029  45.365516  0.000e+00
     48.141     7.2973    33.9181    26.5253 1.9536e-01     0.1298      0.018    1479.25     63.718     4.3030  45.365516  0.000e+00
     48.138     7.2964    33.9187    26.5259 1.9536e-01     0.1298      0.015    1479.25     63.716     4.3030  45.365516  0.000e+00
     48.165     7.2960    33.9206    26.5275 1.9536e-01     0.1298      0.015    1479.25     63.715     4.3029  45.365517  0.000e+00
     48.162     7.2967    33.9215    26.5281 1.9536e-01     0.1285      0.015    1479.25     63.714     4.3027  45.365517  0.000e+00
     48.177     7.2975    33.9209    26.5275 1.9536e-01     0.1298      0.015    1479.25     63.713     4.3026  45.365518  0.000e+00
     48.211     7.2976    33.9211    26.5277 1.9536e-01     0.1298      0.018    1479.26     63.712     4.3025  45.365518  0.000e+00
     48.212     7.2982    33.9218    26.5281 1.9536e-01     0.1298      0.015    1479.26     63.712     4.3024  45.365519  0.000e+00
     48.225     7.2988    33.9227    26.5288 1.9536e-01     0.1298      0.015    1479.26     63.712     4.3023  45.365519  0.000e+00
     48.235     7.3001    33.9231    26.5289 1.9536e-01     0.1285      0.015    1479.27     63.712     4.3022  45.365520  0.000e+00
     48.250     7.3015    33.9232    26.5288 1.9536e-01     0.1298      0.015    1479.27     63.713     4.3021  45.365520  0.000e+00
     48.258     7.3028    33.9228    26.5283 1.9536e-01     0.1298      0.018    1479.28     63.714     4.3021  45.365521  0.000e+00
     48.261     7.3036    33.9229    26.5283 1.9536e-01     0.1285      0.015    1479.28     63.715     4.3021  45.365521  0.000e+00
     48.295     7.3044    33.9219    26.5273 1.8315e-01     0.1298      0.015    1479.28     63.717     4.3021  45.365522  0.000e+00
     48.297     7.3040    33.9194    26.5255 1.8315e-01     0.1285      0.015    1479.28     63.719     4.3024  45.365522  0.000e+00
     48.310     7.3024    33.9189    26.5253 1.8315e-01     0.1298      0.015    1479.27     63.652     4.2980  45.365523  0.000e+00
     48.331     7.3015    33.9210    26.5270 1.8315e-01     0.1298      0.015    1479.27     63.701     4.3014  45.365523  0.000e+00
     48.346     7.3023    33.9230    26.5285 1.9536e-01     0.1298      0.015    1479.28     63.642     4.2972  45.365524  0.000e+00
     48.355     7.3039    33.9245    26.5294 2.0757e-01     0.1298      0.018    1479.29     63.637     4.2967  45.365524  0.000e+00
     48.381     7.3057    33.9255    26.5300 2.0757e-01     0.1298      0.015    1479.30     63.633     4.2963  45.365525  0.000e+00
     48.393     7.3069    33.9260    26.5302 1.9536e-01     0.1298      0.015    1479.30     63.623     4.2954  45.365525  0.000e+00
     48.391     7.3089    33.9253    26.5294 1.9536e-01     0.1298      0.015    1479.31     63.620     4.2950  45.365526  0.000e+00
     48.417     7.3090    33.9254    26.5294 1.9536e-01     0.1298      0.015    1479.31     63.610     4.2943  45.365526  0.000e+00
     48.427     7.3097    33.9260    26.5298 2.0757e-01     0.1298      0.015    1479.31     63.608     4.2941  45.365527  0.000e+00
     48.430     7.3111    33.9263    26.5298 1.9536e-01     0.1298      0.015    1479.32     63.607     4.2939  45.365527  0.000e+00
     48.466     7.3113    33.9239    26.5280 1.9536e-01     0.1298      0.015    1479.32     63.606     4.2939  45.365528  0.000e+00
     48.476     7.3101    33.9208    26.5257 1.9536e-01     0.1298      0.015    1479.31     63.607     4.2941  45.365528  0.000e+00
     48.490     7.3089    33.9215    26.5264 1.9536e-01     0.1298      0.015    1479.30     63.607     4.2943  45.365529  0.000e+00
     48.487     7.3086    33.9238    26.5282 1.8315e-01     0.1298      0.015    1479.31     63.609     4.2944  45.365529  0.000e+00
     48.513     7.3094    33.9254    26.5294 1.9536e-01     0.1298      0.018    1479.31     63.611     4.2944  45.365530  0.000e+00
     48.537     7.3098    33.9276    26.5311 1.9536e-01     0.1298      0.015    1479.32     63.613     4.2944  45.365530  0.000e+00
     48.536     7.3114    33.9289    26.5319 1.9536e-01     0.1285      0.015    1479.32     63.616     4.2944  45.365530  0.000e+00
     48.562     7.3132    33.9292    26.5318 1.9536e-01     0.1298      0.015    1479.33     63.612     4.2940  45.365531  0.000e+00
     48.571     7.3149    33.9295    26.5318 1.9536e-01     0.1298      0.015    1479.34     63.609     4.2936  45.365531  0.000e+00
     48.586     7.3164    33.9291    26.5313 1.9536e-01     0.1298      0.015    1479.34     63.613     4.2937  45.365532  0.000e+00
     48.586     7.3171    33.9288    26.5310 1.9536e-01     0.1298      0.015    1479.35     63.618     4.2940  45.365532  0.000e+00
     48.620     7.3177    33.9281    26.5304 1.9536e-01     0.1298      0.018    1479.35     63.616     4.2938  45.365533  0.000e+00
     48.610     7.3180    33.9272    26.5296 1.9536e-01     0.1298      0.018    1479.35     63.622     4.2942  45.365533  0.000e+00
     48.643     7.3180    33.9267    26.5292 1.9536e-01     0.1298      0.015    1479.35     63.621     4.2942  45.365534  0.000e+00
     48.658     7.3182    33.9275    26.5298 1.9536e-01     0.1298      0.015    1479.35     63.620     4.2941  45.365534  0.000e+00
     48.671     7.3183    33.9277    26.5299 1.9536e-01     0.1298      0.018    1479.35     63.627     4.2945  45.365535  0.000e+00
     48.692     7.3184    33.9278    26.5300 1.9536e-01     0.1298      0.015    1479.35     63.627     4.2945  45.365535  0.000e+00
     48.706     7.3186    33.9275    26.5297 1.9536e-01     0.1285      0.015    1479.35     63.636     4.2951  45.365536  0.000e+00
     48.703     7.3188    33.9283    26.5303 1.9536e-01     0.1298      0.015    1479.35     63.636     4.2951  45.365536  0.000e+00
     48.731     7.3194    33.9280    26.5300 1.9536e-01     0.1298      0.018    1479.36     63.638     4.2951  45.365537  0.000e+00
     48.742     7.3198    33.9280    26.5300 1.9536e-01     0.1298      0.018    1479.36     63.639     4.2952  45.365537  0.000e+00
     48.740     7.3199    33.9281    26.5301 1.9536e-01     0.1298      0.015    1479.36     63.641     4.2953  45.365538  0.000e+00
     48.718     7.3199    33.9279    26.5299 1.9536e-01     0.1298      0.015    1479.36     63.643     4.2955  45.365538  0.000e+00
     48.731     7.3199    33.9275    26.5296 1.9536e-01     0.1298      0.015    1479.36     63.584     4.2915  45.365539  0.000e+00
     48.752     7.3200    33.9274    26.5294 2.0757e-01     0.1298      0.015    1479.36     63.642     4.2954  45.365539  0.000e+00
     48.766     7.3199    33.9261    26.5285 1.9536e-01     0.1298      0.015    1479.36     63.583     4.2915  45.365540  0.000e+00
     48.763     7.3190    33.9261    26.5286 1.9536e-01     0.1298      0.015    1479.35     63.580     4.2913  45.365540  0.000e+00
     48.778     7.3183    33.9268    26.5293 1.9536e-01     0.1298      0.015    1479.35     63.577     4.2912  45.365541  0.000e+00
     48.791     7.3184    33.9269    26.5293 1.9536e-01     0.1298      0.018    1479.35     63.575     4.2910  45.365541  0.000e+00
     48.776     7.3190    33.9268    26.5291 1.9536e-01     0.1285      0.018    1479.35     63.573     4.2909  45.365542  0.000e+00
     48.753     7.3190    33.9265    26.5289 1.9536e-01     0.1285      0.015    1479.35     63.572     4.2908  45.365542  0.000e+00
     48.731     7.3188    33.9270    26.5293 1.9536e-01     0.1298      0.018    1479.35     63.572     4.2908  45.365543  0.000e+00
     48.763     7.3186    33.9269    26.5292 1.9536e-01     0.1298      0.018    1479.35     63.572     4.2908  45.365543  0.000e+00
     48.766     7.3185    33.9270    26.5294 1.8315e-01     0.1298      0.015    1479.35     63.573     4.2909  45.365543  0.000e+00
     48.788     7.3190    33.9266    26.5290 1.9536e-01     0.1298      0.015    1479.35     63.575     4.2910  45.365544  0.000e+00
     48.778     7.3185    33.9266    26.5291 1.8315e-01     0.1298      0.015    1479.35     63.577     4.2912  45.365544  0.000e+00
     48.791     7.3184    33.9263    26.5288 1.8315e-01     0.1298      0.018    1479.35     63.580     4.2914  45.365545  0.000e+00
     48.776     7.3178    33.9268    26.5293 1.8315e-01     0.1298      0.018    1479.35     63.584     4.2917  45.365545  0.000e+00
     48.778     7.3177    33.9271    26.5296 1.9536e-01     0.1298      0.018    1479.35     63.588     4.2919  45.365546  0.000e+00
     48.753     7.3178    33.9271    26.5296 1.9536e-01     0.1298      0.018    1479.35     63.584     4.2917  45.365546  0.000e+00
     48.763     7.3178    33.9264    26.5290 2.0757e-01     0.1298      0.018    1479.35     63.589     4.2921  45.365547  0.000e+00
     48.791     7.3174    33.9270    26.5295 2.0757e-01     0.1298      0.015    1479.35     63.587     4.2920  45.365547  0.000e+00
     48.778     7.3175    33.9263    26.5289 2.0757e-01     0.1285      0.018    1479.35     63.523     4.2877  45.365548  0.000e+00
