KF-1_20190214_down.cnv
* Sea-Bird SBE 9 Data File:
* FileName = C:\CTD Brukere\NIVA\OKOKYST2019\20190211\KF-1_20190214.hex
* Software Version Seasave V 7.23.2
* Temperature SN = 5352
* Conductivity SN = 3840
* Number of Bytes Per Scan = 28
* Number of Voltage Words = 4
* Number of Scans Averaged by the Deck Unit = 1
* NMEA baud rate = 4800
** Ship: R/V Trygve Braarud
** Cruise:
** Station:
** Operator:
# nquan = 12
# nvalues = 785                                   
# units = specified
# name 0 = depSM: Depth [salt water, m], lat = 59.60
# name 1 = t090C: Temperature [ITS-90, deg C]
# name 2 = sal00: Salinity, Practical [PSU]
# name 3 = sigma-t00: Density [sigma-t, kg/m^3 ]
# name 4 = flSP: Fluorescence, Seapoint
# name 5 = wetStar: Fluorescence, WET Labs WETstar [mg/m^3]
# name 6 = seaTurbMtr: Turbidity, Seapoint [FTU]
# name 7 = svCM: Sound Velocity [Chen-Millero, m/s]
# name 8 = sbeox0PS: Oxygen, SBE 43 [% saturation]
# name 9 = sbeox0ML/L: Oxygen, SBE 43 [ml/l]
# name 10 = timeJ: Julian Days
# name 11 = flag:  0.000e+00
# span 0 =      0.047,     11.883                 
# span 1 =     2.1267,     2.6928                 
# span 2 =    27.7242,    29.7709                 
# span 3 =    22.1379,    23.7366                 
# span 4 = 2.6862e-01, 9.6459e-01                 
# span 5 =     0.1273,     0.1298                 
# span 6 =      0.011,      0.018                 
# span 7 =    1449.27,    1454.48                 
# span 8 =     73.905,     75.384                 
# span 9 =     5.7508,     6.0069                 
# span 10 =  45.564572,  45.564950                
# span 11 = 0.0000e+00, 0.0000e+00                
# interval = seconds: 0.0416667
# start_time = Feb 14 2019 13:32:59 [System UpLoad Time]
# bad_flag = -9.990e-29
*END*
      0.250     2.1519    27.7658    22.1715 3.1746e-01     0.1285      0.018    1449.30     75.026     5.9780  45.564572  0.000e+00
      0.240     2.1523    27.7618    22.1683 3.0525e-01     0.1285      0.015    1449.29     75.026     5.9781  45.564572  0.000e+00
      0.264     2.1525    27.7585    22.1657 3.1746e-01     0.1285      0.015    1449.29     75.026     5.9782  45.564573  0.000e+00
      0.251     2.1526    27.7569    22.1644 3.1746e-01     0.1285      0.015    1449.29     75.026     5.9783  45.564573  0.000e+00
      0.263     2.1523    27.7573    22.1647 3.0525e-01     0.1285      0.015    1449.29     75.026     5.9783  45.564574  0.000e+00
      0.264     2.1524    27.7584    22.1656 2.9304e-01     0.1285      0.015    1449.29     75.026     5.9783  45.564574  0.000e+00
      0.276     2.1523    27.7603    22.1672 2.9304e-01     0.1285      0.015    1449.29     75.026     5.9782  45.564575  0.000e+00
      0.276     2.1520    27.7616    22.1682 2.8083e-01     0.1298      0.015    1449.29     75.027     5.9782  45.564575  0.000e+00
      0.263     2.1521    27.7629    22.1692 2.8083e-01     0.1285      0.015    1449.29     75.091     5.9832  45.564576  0.000e+00
      0.276     2.1521    27.7637    22.1699 2.9304e-01     0.1298      0.015    1449.29     75.036     5.9788  45.564576  0.000e+00
      0.276     2.1520    27.7642    22.1703 2.9304e-01     0.1285      0.015    1449.29     75.035     5.9788  45.564577  0.000e+00
      0.276     2.1516    27.7648    22.1708 2.9304e-01     0.1285      0.015    1449.29     75.035     5.9788  45.564577  0.000e+00
      0.287     2.1518    27.7652    22.1711 3.0525e-01     0.1298      0.015    1449.30     75.035     5.9787  45.564578  0.000e+00
      0.276     2.1514    27.7647    22.1707 3.2967e-01     0.1285      0.015    1449.29     75.034     5.9788  45.564578  0.000e+00
      0.287     2.1515    27.7635    22.1697 3.2967e-01     0.1285      0.015    1449.29     75.034     5.9788  45.564579  0.000e+00
      0.276     2.1514    27.7637    22.1699 3.1746e-01     0.1285      0.015    1449.29     75.033     5.9788  45.564579  0.000e+00
      0.274     2.1514    27.7659    22.1716 3.0525e-01     0.1285      0.018    1449.29     75.097     5.9838  45.564579  0.000e+00
      0.276     2.1514    27.7681    22.1734 2.9304e-01     0.1285      0.015    1449.30     75.042     5.9792  45.564580  0.000e+00
      0.264     2.1512    27.7695    22.1746 2.9304e-01     0.1285      0.015    1449.30     75.041     5.9791  45.564580  0.000e+00
      0.264     2.1519    27.7678    22.1731 3.0525e-01     0.1285      0.015    1449.30     75.040     5.9790  45.564581  0.000e+00
      0.263     2.1524    27.7647    22.1706 3.0525e-01     0.1285      0.015    1449.30     75.103     5.9841  45.564581  0.000e+00
      0.251     2.1525    27.7618    22.1683 2.9304e-01     0.1285      0.018    1449.29     75.111     5.9849  45.564582  0.000e+00
      0.240     2.1529    27.7604    22.1671 2.9304e-01     0.1285      0.015    1449.29     75.055     5.9804  45.564582  0.000e+00
      0.240     2.1525    27.7614    22.1680 3.0525e-01     0.1285      0.015    1449.29     75.117     5.9854  45.564583  0.000e+00
      0.216     2.1523    27.7629    22.1692 3.1746e-01     0.1298      0.015    1449.29     75.061     5.9808  45.564583  0.000e+00
      0.214     2.1521    27.7639    22.1700 3.1746e-01     0.1285      0.015    1449.29     75.059     5.9806  45.564584  0.000e+00
      0.191     2.1523    27.7641    22.1701 3.1746e-01     0.1285      0.015    1449.29     75.056     5.9804  45.564584  0.000e+00
      0.180     2.1524    27.7638    22.1699 3.0525e-01     0.1285      0.015    1449.29     75.118     5.9854  45.564585  0.000e+00
      0.156     2.1525    27.7626    22.1689 2.9304e-01     0.1285      0.015    1449.29     75.061     5.9808  45.564585  0.000e+00
      0.143     2.1527    27.7610    22.1677 2.9304e-01     0.1285      0.015    1449.29     75.059     5.9807  45.564586  0.000e+00
      0.144     2.1532    27.7581    22.1653 2.8083e-01     0.1285      0.015    1449.29     75.056     5.9805  45.564586  0.000e+00
      0.133     2.1535    27.7559    22.1635 2.9304e-01     0.1285      0.015    1449.29     75.054     5.9804  45.564587  0.000e+00
      0.083     2.1538    27.7537    22.1618 2.9304e-01     0.1298      0.015    1449.29     75.051     5.9802  45.564587  0.000e+00
      0.144     2.1535    27.7525    22.1608 2.9304e-01     0.1285      0.015    1449.28     75.113     5.9853  45.564588  0.000e+00
      0.096     2.1538    27.7511    22.1597 2.8083e-01     0.1298      0.015    1449.28     75.055     5.9806  45.564588  0.000e+00
      0.085     2.1540    27.7513    22.1599 2.8083e-01     0.1285      0.015    1449.28     75.116     5.9855  45.564589  0.000e+00
      0.072     2.1538    27.7515    22.1600 2.8083e-01     0.1285      0.015    1449.28     75.123     5.9860  45.564589  0.000e+00
      0.085     2.1538    27.7498    22.1586 2.9304e-01     0.1285      0.015    1449.28     75.064     5.9814  45.564590  0.000e+00
      0.060     2.1547    27.7472    22.1565 2.9304e-01     0.1285      0.015    1449.28     75.060     5.9811  45.564590  0.000e+00
      0.073     2.1549    27.7447    22.1545 3.2967e-01     0.1298      0.015    1449.28     75.057     5.9809  45.564591  0.000e+00
      0.047     2.1552    27.7425    22.1527 4.0293e-01     0.1285      0.015    1449.28     75.053     5.9806  45.564591  0.000e+00
      0.060     2.1553    27.7438    22.1537 4.3956e-01     0.1285      0.015    1449.28     75.114     5.9854  45.564592  0.000e+00
      0.060     2.1555    27.7442    22.1541 3.9072e-01     0.1285      0.015    1449.28     75.119     5.9858  45.564592  0.000e+00
      0.073     2.1561    27.7442    22.1540 3.4188e-01     0.1285      0.015    1449.28     75.124     5.9861  45.564592  0.000e+00
      0.083     2.1563    27.7443    22.1541 3.1746e-01     0.1298      0.015    1449.28     75.065     5.9813  45.564593  0.000e+00
      0.073     2.1567    27.7441    22.1539 3.0525e-01     0.1285      0.015    1449.29     75.060     5.9809  45.564593  0.000e+00
      0.109     2.1567    27.7449    22.1545 3.0525e-01     0.1285      0.015    1449.29     75.120     5.9856  45.564594  0.000e+00
      0.109     2.1566    27.7456    22.1551 2.9304e-01     0.1285      0.015    1449.29     75.124     5.9860  45.564594  0.000e+00
      0.119     2.1559    27.7442    22.1540 2.9304e-01     0.1285      0.015    1449.28     75.128     5.9864  45.564595  0.000e+00
      0.144     2.1553    27.7429    22.1530 2.8083e-01     0.1285      0.015    1449.28     75.068     5.9818  45.564595  0.000e+00
      0.144     2.1546    27.7452    22.1549 2.8083e-01     0.1298      0.015    1449.28     75.127     5.9865  45.564596  0.000e+00
      0.156     2.1544    27.7458    22.1554 2.9304e-01     0.1285      0.015    1449.28     75.066     5.9816  45.564596  0.000e+00
      0.154     2.1542    27.7459    22.1555 3.0525e-01     0.1285      0.018    1449.28     75.059     5.9811  45.564597  0.000e+00
      0.191     2.1542    27.7445    22.1544 3.1746e-01     0.1285      0.015    1449.28     75.054     5.9807  45.564597  0.000e+00
      0.180     2.1549    27.7433    22.1533 3.0525e-01     0.1298      0.015    1449.28     75.047     5.9802  45.564598  0.000e+00
      0.191     2.1546    27.7439    22.1539 3.1746e-01     0.1285      0.015    1449.28     75.105     5.9848  45.564598  0.000e+00
      0.227     2.1542    27.7446    22.1545 3.4188e-01     0.1285      0.015    1449.28     75.108     5.9851  45.564599  0.000e+00
      0.216     2.1544    27.7468    22.1562 3.5409e-01     0.1285      0.015    1449.28     75.056     5.9808  45.564599  0.000e+00
      0.229     2.1540    27.7496    22.1585 3.4188e-01     0.1285      0.015    1449.28     75.114     5.9854  45.564600  0.000e+00
      0.240     2.1536    27.7531    22.1613 3.2967e-01     0.1285      0.015    1449.29     75.052     5.9804  45.564600  0.000e+00
      0.250     2.1530    27.7560    22.1636 3.1746e-01     0.1298      0.015    1449.29     75.045     5.9798  45.564601  0.000e+00
      0.251     2.1532    27.7575    22.1648 3.0525e-01     0.1285      0.015    1449.29     75.038     5.9791  45.564601  0.000e+00
      0.251     2.1535    27.7576    22.1649 3.0525e-01     0.1285      0.015    1449.29     75.031     5.9785  45.564602  0.000e+00
      0.264     2.1541    27.7570    22.1644 3.1746e-01     0.1285      0.015    1449.29     75.088     5.9830  45.564602  0.000e+00
      0.263     2.1546    27.7557    22.1633 3.1746e-01     0.1285      0.015    1449.29     75.026     5.9780  45.564603  0.000e+00
      0.276     2.1547    27.7544    22.1623 3.1746e-01     0.1298      0.015    1449.29     75.028     5.9782  45.564603  0.000e+00
      0.264     2.1549    27.7544    22.1623 3.1746e-01     0.1285      0.015    1449.29     75.085     5.9827  45.564604  0.000e+00
      0.264     2.1547    27.7538    22.1618 3.2967e-01     0.1285      0.015    1449.29     75.023     5.9778  45.564604  0.000e+00
      0.250     2.1547    27.7533    22.1614 3.2967e-01     0.1298      0.018    1449.29     75.080     5.9824  45.564605  0.000e+00
      0.251     2.1546    27.7527    22.1609 3.1746e-01     0.1285      0.015    1449.29     75.027     5.9782  45.564605  0.000e+00
      0.251     2.1544    27.7524    22.1607 3.0525e-01     0.1285      0.015    1449.29     75.029     5.9784  45.564606  0.000e+00
      0.251     2.1547    27.7520    22.1604 3.0525e-01     0.1285      0.015    1449.29     75.022     5.9778  45.564606  0.000e+00
      0.227     2.1547    27.7520    22.1604 2.9304e-01     0.1285      0.018    1449.29     75.089     5.9832  45.564606  0.000e+00
      0.229     2.1548    27.7522    22.1605 2.9304e-01     0.1285      0.015    1449.29     75.027     5.9782  45.564607  0.000e+00
      0.216     2.1549    27.7522    22.1605 3.0525e-01     0.1298      0.015    1449.29     75.020     5.9776  45.564607  0.000e+00
      0.216     2.1547    27.7523    22.1606 2.9304e-01     0.1285      0.015    1449.29     75.013     5.9771  45.564608  0.000e+00
      0.203     2.1540    27.7543    22.1623 3.1746e-01     0.1285      0.015    1449.29     75.080     5.9824  45.564608  0.000e+00
      0.191     2.1540    27.7566    22.1641 3.2967e-01     0.1285      0.015    1449.29     75.018     5.9774  45.564609  0.000e+00
      0.204     2.1540    27.7572    22.1646 3.1746e-01     0.1285      0.015    1449.29     75.011     5.9768  45.564609  0.000e+00
      0.204     2.1540    27.7565    22.1640 3.0525e-01     0.1285      0.015    1449.29     75.004     5.9763  45.564610  0.000e+00
      0.178     2.1538    27.7564    22.1639 3.0525e-01     0.1285      0.015    1449.29     74.996     5.9757  45.564610  0.000e+00
      0.180     2.1542    27.7551    22.1629 3.0525e-01     0.1285      0.015    1449.29     75.054     5.9803  45.564611  0.000e+00
      0.191     2.1544    27.7538    22.1618 2.9304e-01     0.1285      0.015    1449.29     75.001     5.9761  45.564611  0.000e+00
      0.180     2.1546    27.7525    22.1607 2.8083e-01     0.1285      0.015    1449.29     74.994     5.9756  45.564612  0.000e+00
      0.178     2.1543    27.7526    22.1609 2.8083e-01     0.1298      0.018    1449.29     74.997     5.9759  45.564612  0.000e+00
      0.191     2.1536    27.7535    22.1616 2.6862e-01     0.1285      0.018    1449.29     75.000     5.9762  45.564613  0.000e+00
      0.169     2.1535    27.7542    22.1622 2.6862e-01     0.1285      0.015    1449.29     74.994     5.9757  45.564613  0.000e+00
      0.191     2.1526    27.7564    22.1640 2.8083e-01     0.1298      0.015    1449.29     74.988     5.9752  45.564614  0.000e+00
      0.178     2.1521    27.7582    22.1655 2.9304e-01     0.1285      0.015    1449.29     74.981     5.9747  45.564614  0.000e+00
      0.204     2.1513    27.7601    22.1670 2.9304e-01     0.1298      0.015    1449.29     74.976     5.9743  45.564615  0.000e+00
      0.191     2.1507    27.7619    22.1685 2.9304e-01     0.1285      0.015    1449.28     74.979     5.9746  45.564615  0.000e+00
      0.204     2.1504    27.7642    22.1704 2.9304e-01     0.1285      0.015    1449.29     74.983     5.9749  45.564616  0.000e+00
      0.167     2.1497    27.7666    22.1723 2.9304e-01     0.1285      0.018    1449.29     75.052     5.9804  45.564616  0.000e+00
      0.251     2.1497    27.7669    22.1726 2.9304e-01     0.1285      0.015    1449.29     74.992     5.9756  45.564617  0.000e+00
      0.204     2.1499    27.7668    22.1725 2.9304e-01     0.1285      0.015    1449.29     74.986     5.9751  45.564617  0.000e+00
      0.204     2.1500    27.7662    22.1720 3.0525e-01     0.1298      0.015    1449.29     74.990     5.9755  45.564618  0.000e+00
      0.216     2.1501    27.7662    22.1720 3.0525e-01     0.1285      0.015    1449.29     74.995     5.9758  45.564618  0.000e+00
      0.227     2.1504    27.7653    22.1712 2.9304e-01     0.1285      0.015    1449.29     75.000     5.9762  45.564619  0.000e+00
      0.229     2.1507    27.7644    22.1705 2.9304e-01     0.1285      0.015    1449.29     74.996     5.9759  45.564619  0.000e+00
      0.229     2.1506    27.7640    22.1702 2.9304e-01     0.1285      0.015    1449.29     75.002     5.9763  45.564620  0.000e+00
      0.216     2.1505    27.7639    22.1701 2.9304e-01     0.1285      0.015    1449.29     74.998     5.9760  45.564620  0.000e+00
      0.238     2.1507    27.7635    22.1698 3.1746e-01     0.1285      0.015    1449.29     74.994     5.9757  45.564620  0.000e+00
      0.240     2.1510    27.7628    22.1692 3.2967e-01     0.1298      0.015    1449.29     74.990     5.9754  45.564621  0.000e+00
      0.240     2.1509    27.7633    22.1696 3.4188e-01     0.1285      0.015    1449.29     74.986     5.9751  45.564621  0.000e+00
      0.240     2.1513    27.7635    22.1697 3.2967e-01     0.1298      0.015    1449.29     74.992     5.9755  45.564622  0.000e+00
      0.238     2.1514    27.7634    22.1696 3.1746e-01     0.1285      0.015    1449.29     74.998     5.9759  45.564622  0.000e+00
      0.229     2.1515    27.7632    22.1695 2.9304e-01     0.1285      0.015    1449.29     74.995     5.9757  45.564623  0.000e+00
      0.240     2.1516    27.7636    22.1698 2.8083e-01     0.1298      0.015    1449.29     75.002     5.9762  45.564623  0.000e+00
      0.229     2.1524    27.7628    22.1692 2.6862e-01     0.1285      0.015    1449.29     75.063     5.9810  45.564624  0.000e+00
      0.227     2.1533    27.7621    22.1685 2.6862e-01     0.1298      0.015    1449.30     75.069     5.9814  45.564624  0.000e+00
      0.216     2.1544    27.7615    22.1679 2.8083e-01     0.1285      0.015    1449.30     75.010     5.9765  45.564625  0.000e+00
      0.216     2.1547    27.7611    22.1676 2.8083e-01     0.1285      0.015    1449.30     75.006     5.9762  45.564625  0.000e+00
      0.229     2.1542    27.7615    22.1679 2.8083e-01     0.1285      0.015    1449.30     75.013     5.9768  45.564626  0.000e+00
      0.214     2.1535    27.7621    22.1685 2.8083e-01     0.1285      0.015    1449.30     75.010     5.9766  45.564626  0.000e+00
      0.216     2.1525    27.7630    22.1693 2.8083e-01     0.1298      0.015    1449.29     75.007     5.9765  45.564627  0.000e+00
      0.216     2.1523    27.7634    22.1696 2.6862e-01     0.1285      0.015    1449.29     75.014     5.9771  45.564627  0.000e+00
      0.216     2.1524    27.7634    22.1696 2.6862e-01     0.1285      0.015    1449.29     75.075     5.9820  45.564628  0.000e+00
      0.214     2.1529    27.7625    22.1688 2.6862e-01     0.1285      0.015    1449.30     75.091     5.9832  45.564628  0.000e+00
      0.229     2.1527    27.7624    22.1688 2.6862e-01     0.1285      0.015    1449.29     75.098     5.9837  45.564629  0.000e+00
      0.216     2.1536    27.7601    22.1669 2.9304e-01     0.1285      0.015    1449.30     75.103     5.9841  45.564629  0.000e+00
