KF-1_20190214_down.cnv
* Sea-Bird SBE 9 Data File:
* FileName = C:\CTD Brukere\NIVA\OKOKYST2019\20190211\KF-1_20190214.hex
* Software Version Seasave V 7.23.2
* Temperature SN = 5352
* Conductivity SN = 3840
* Number of Bytes Per Scan = 28
* Number of Voltage Words = 4
* Number of Scans Averaged by the Deck Unit = 1
* NMEA baud rate = 4800
** Ship: R/V Trygve Braarud
** Cruise:
** Station:
** Operator:
# nquan = 12
# nvalues = 785                                   
# units = specified
# name 0 = depSM: Depth [salt water, m], lat = 59.60
# name 1 = t090C: Temperature [ITS-90, deg C]
# name 2 = sal00: Salinity, Practical [PSU]
# name 3 = sigma-t00: Density [sigma-t, kg/m^3 ]
# name 4 = flSP: Fluorescence, Seapoint
# name 5 = wetStar: Fluorescence, WET Labs WETstar [mg/m^3]
# name 6 = seaTurbMtr: Turbidity, Seapoint [FTU]
# name 7 = svCM: Sound Velocity [Chen-Millero, m/s]
# name 8 = sbeox0PS: Oxygen, SBE 43 [% saturation]
# name 9 = sbeox0ML/L: Oxygen, SBE 43 [ml/l]
# name 10 = timeJ: Julian Days
# name 11 = flag:  0.000e+00
# span 0 =      0.047,     11.883                 
# span 1 =     2.1267,     2.6928                 
# span 2 =    27.7242,    29.7709                 
# span 3 =    22.1379,    23.7366                 
# span 4 = 2.6862e-01, 9.6459e-01                 
# span 5 =     0.1273,     0.1298                 
# span 6 =      0.011,      0.018                 
# span 7 =    1449.27,    1454.48                 
# span 8 =     73.905,     75.384                 
# span 9 =     5.7508,     6.0069                 
# span 10 =  45.564572,  45.564950                
# span 11 = 0.0000e+00, 0.0000e+00                
# interval = seconds: 0.0416667
# start_time = Feb 14 2019 13:32:59 [System UpLoad Time]
# bad_flag = -9.990e-29
*END*
[from data line 121]
      0.227     2.1541    27.7597    22.1665 3.5409e-01     0.1298      0.015    1449.30     75.124     5.9857  45.564630  0.000e+00
      0.240     2.1536    27.7605    22.1672 3.7851e-01     0.1285      0.015    1449.30     75.129     5.9862  45.564631  0.000e+00
      0.240     2.1527    27.7625    22.1688 3.6630e-01     0.1285      0.015    1449.29     75.134     5.9866  45.564631  0.000e+00
      0.229     2.1524    27.7631    22.1694 3.2967e-01     0.1298      0.015    1449.29     75.074     5.9819  45.564632  0.000e+00
      0.250     2.1521    27.7635    22.1697 3.1746e-01     0.1285      0.015    1449.29     75.143     5.9874  45.564632  0.000e+00
      0.251     2.1518    27.7639    22.1700 3.0525e-01     0.1285      0.015    1449.29     75.148     5.9878  45.564633  0.000e+00
      0.264     2.1519    27.7637    22.1699 2.9304e-01     0.1285      0.015    1449.29     75.152     5.9881  45.564633  0.000e+00
      0.251     2.1518    27.7639    22.1700 2.9304e-01     0.1285      0.015    1449.29     75.155     5.9884  45.564633  0.000e+00
      0.250     2.1516    27.7638    22.1700 2.8083e-01     0.1285      0.015    1449.29     75.158     5.9887  45.564634  0.000e+00
      0.264     2.1514    27.7643    22.1704 2.8083e-01     0.1285      0.015    1449.29     75.171     5.9897  45.564634  0.000e+00
      0.264     2.1514    27.7647    22.1707 2.9304e-01     0.1285      0.015    1449.29     75.174     5.9899  45.564635  0.000e+00
      0.264     2.1514    27.7652    22.1711 2.9304e-01     0.1285      0.015    1449.29     75.176     5.9901  45.564635  0.000e+00
      0.263     2.1513    27.7652    22.1711 2.8083e-01     0.1285      0.015    1449.29     75.178     5.9902  45.564636  0.000e+00
      0.251     2.1516    27.7647    22.1707 2.8083e-01     0.1285      0.015    1449.29     75.180     5.9903  45.564636  0.000e+00
      0.251     2.1519    27.7639    22.1700 2.8083e-01     0.1285      0.015    1449.29     75.181     5.9904  45.564637  0.000e+00
      0.264     2.1520    27.7632    22.1695 2.9304e-01     0.1285      0.015    1449.29     75.182     5.9905  45.564637  0.000e+00
      0.240     2.1523    27.7624    22.1688 3.0525e-01     0.1285      0.015    1449.29     75.182     5.9905  45.564638  0.000e+00
      0.238     2.1524    27.7617    22.1682 3.1746e-01     0.1285      0.015    1449.29     75.246     5.9956  45.564638  0.000e+00
      0.240     2.1525    27.7614    22.1680 3.0525e-01     0.1298      0.015    1449.29     75.190     5.9912  45.564639  0.000e+00
      0.216     2.1525    27.7608    22.1675 2.9304e-01     0.1285      0.015    1449.29     75.253     5.9962  45.564639  0.000e+00
      0.229     2.1523    27.7627    22.1691 3.0525e-01     0.1298      0.015    1449.29     75.206     5.9925  45.564640  0.000e+00
      0.191     2.1525    27.7618    22.1684 3.1746e-01     0.1285      0.015    1449.29     75.204     5.9923  45.564640  0.000e+00
      0.204     2.1529    27.7591    22.1661 3.0525e-01     0.1285      0.015    1449.29     75.202     5.9921  45.564641  0.000e+00
      0.191     2.1526    27.7603    22.1671 2.9304e-01     0.1298      0.015    1449.29     75.199     5.9919  45.564641  0.000e+00
      0.180     2.1527    27.7618    22.1683 2.9304e-01     0.1285      0.015    1449.29     75.196     5.9916  45.564642  0.000e+00
      0.191     2.1530    27.7601    22.1669 2.9304e-01     0.1285      0.015    1449.29     75.256     5.9964  45.564642  0.000e+00
      0.156     2.1529    27.7587    22.1658 2.9304e-01     0.1285      0.015    1449.29     75.261     5.9969  45.564643  0.000e+00
      0.156     2.1532    27.7595    22.1664 2.9304e-01     0.1285      0.015    1449.29     75.265     5.9971  45.564643  0.000e+00
      0.156     2.1533    27.7605    22.1673 2.8083e-01     0.1285      0.015    1449.29     75.269     5.9974  45.564644  0.000e+00
      0.131     2.1535    27.7605    22.1672 2.8083e-01     0.1285      0.015    1449.29     75.271     5.9975  45.564644  0.000e+00
      0.156     2.1543    27.7597    22.1665 2.8083e-01     0.1298      0.015    1449.30     75.273     5.9976  45.564645  0.000e+00
      0.144     2.1550    27.7561    22.1636 2.9304e-01     0.1285      0.015    1449.30     75.274     5.9977  45.564645  0.000e+00
      0.133     2.1557    27.7509    22.1594 3.1746e-01     0.1285      0.015    1449.29     75.274     5.9978  45.564646  0.000e+00
      0.131     2.1564    27.7486    22.1575 3.1746e-01     0.1298      0.015    1449.29     75.274     5.9978  45.564646  0.000e+00
      0.133     2.1567    27.7459    22.1554 3.1746e-01     0.1285      0.015    1449.29     75.272     5.9977  45.564647  0.000e+00
      0.144     2.1577    27.7419    22.1521 3.0525e-01     0.1285      0.015    1449.29     75.270     5.9976  45.564647  0.000e+00
      0.096     2.1575    27.7379    22.1489 3.0525e-01     0.1285      0.015    1449.28     75.277     5.9983  45.564647  0.000e+00
      0.169     2.1581    27.7332    22.1451 2.9304e-01     0.1285      0.015    1449.28     75.284     5.9990  45.564648  0.000e+00
      0.133     2.1580    27.7320    22.1442 2.8083e-01     0.1298      0.015    1449.28     75.280     5.9988  45.564648  0.000e+00
      0.144     2.1580    27.7311    22.1435 2.8083e-01     0.1285      0.015    1449.28     75.276     5.9985  45.564649  0.000e+00
      0.131     2.1580    27.7319    22.1441 2.6862e-01     0.1285      0.015    1449.28     75.271     5.9980  45.564649  0.000e+00
      0.169     2.1580    27.7327    22.1447 2.8083e-01     0.1285      0.015    1449.28     75.265     5.9975  45.564650  0.000e+00
      0.120     2.1583    27.7317    22.1439 2.9304e-01     0.1285      0.015    1449.28     75.258     5.9969  45.564650  0.000e+00
      0.169     2.1584    27.7320    22.1441 3.0525e-01     0.1298      0.015    1449.28     75.251     5.9963  45.564651  0.000e+00
      0.167     2.1583    27.7331    22.1450 3.1746e-01     0.1285      0.015    1449.28     75.317     6.0016  45.564651  0.000e+00
      0.156     2.1584    27.7330    22.1449 3.1746e-01     0.1298      0.015    1449.28     75.327     6.0023  45.564652  0.000e+00
      0.169     2.1584    27.7331    22.1450 3.1746e-01     0.1285      0.018    1449.28     75.272     5.9980  45.564652  0.000e+00
      0.216     2.1589    27.7308    22.1432 3.1746e-01     0.1285      0.015    1449.28     75.337     6.0031  45.564653  0.000e+00
      0.178     2.1589    27.7249    22.1385 2.9304e-01     0.1298      0.015    1449.27     75.280     5.9989  45.564653  0.000e+00
      0.204     2.1587    27.7242    22.1379 2.9304e-01     0.1285      0.015    1449.27     75.343     6.0040  45.564654  0.000e+00
      0.204     2.1586    27.7271    22.1402 2.9304e-01     0.1298      0.015    1449.27     75.350     6.0044  45.564654  0.000e+00
      0.204     2.1592    27.7276    22.1406 2.8083e-01     0.1285      0.015    1449.28     75.356     6.0048  45.564655  0.000e+00
      0.214     2.1592    27.7266    22.1397 2.8083e-01     0.1285      0.015    1449.28     75.288     5.9994  45.564655  0.000e+00
      0.240     2.1591    27.7266    22.1398 2.8083e-01     0.1285      0.015    1449.28     75.348     6.0042  45.564656  0.000e+00
      0.229     2.1592    27.7274    22.1404 2.8083e-01     0.1285      0.015    1449.28     75.352     6.0044  45.564656  0.000e+00
      0.251     2.1594    27.7286    22.1414 2.9304e-01     0.1285      0.015    1449.28     75.355     6.0046  45.564657  0.000e+00
      0.240     2.1592    27.7298    22.1424 2.9304e-01     0.1285      0.015    1449.28     75.357     6.0048  45.564657  0.000e+00
      0.238     2.1589    27.7322    22.1443 2.9304e-01     0.1285      0.015    1449.28     75.359     6.0048  45.564658  0.000e+00
      0.264     2.1586    27.7343    22.1460 2.9304e-01     0.1285      0.015    1449.28     75.360     6.0049  45.564658  0.000e+00
      0.251     2.1584    27.7373    22.1483 2.9304e-01     0.1285      0.015    1449.29     75.360     6.0048  45.564659  0.000e+00
      0.276     2.1583    27.7408    22.1512 2.8083e-01     0.1285      0.015    1449.29     75.359     6.0046  45.564659  0.000e+00
      0.274     2.1587    27.7422    22.1522 2.9304e-01     0.1285      0.015    1449.30     75.358     6.0044  45.564660  0.000e+00
      0.276     2.1586    27.7396    22.1502 3.1746e-01     0.1285      0.015    1449.29     75.355     6.0043  45.564660  0.000e+00
      0.300     2.1586    27.7383    22.1491 3.1746e-01     0.1285      0.015    1449.29     75.352     6.0041  45.564660  0.000e+00
      0.287     2.1583    27.7377    22.1487 2.9304e-01     0.1285      0.015    1449.29     75.348     6.0039  45.564661  0.000e+00
      0.298     2.1578    27.7401    22.1506 2.9304e-01     0.1298      0.015    1449.29     75.344     6.0035  45.564661  0.000e+00
      0.311     2.1580    27.7412    22.1515 2.9304e-01     0.1285      0.015    1449.29     75.348     6.0038  45.564662  0.000e+00
      0.311     2.1578    27.7419    22.1521 2.9304e-01     0.1285      0.015    1449.29     75.343     6.0033  45.564662  0.000e+00
      0.324     2.1574    27.7431    22.1531 2.9304e-01     0.1285      0.015    1449.29     75.346     6.0036  45.564663  0.000e+00
      0.322     2.1566    27.7454    22.1550 2.9304e-01     0.1285      0.015    1449.29     75.339     6.0031  45.564663  0.000e+00
      0.347     2.1558    27.7481    22.1572 2.9304e-01     0.1285      0.015    1449.29     75.332     6.0025  45.564664  0.000e+00
      0.371     2.1553    27.7504    22.1590 3.1746e-01     0.1285      0.015    1449.29     75.323     6.0018  45.564664  0.000e+00
      0.420     2.1548    27.7515    22.1599 3.5409e-01     0.1285      0.015    1449.29     75.314     6.0011  45.564665  0.000e+00
      0.405     2.1549    27.7521    22.1605 3.4188e-01     0.1285      0.015    1449.29     75.304     6.0003  45.564665  0.000e+00
      0.431     2.1546    27.7538    22.1618 3.2967e-01     0.1285      0.015    1449.30     75.367     6.0053  45.564666  0.000e+00
      0.420     2.1544    27.7536    22.1617 3.0525e-01     0.1298      0.015    1449.29     75.375     6.0059  45.564666  0.000e+00
      0.240     2.1550    27.7531    22.1612 2.9304e-01     0.1285      0.015    1449.29     75.315     6.0011  45.564667  0.000e+00
      0.586     2.1536    27.7536    22.1617 2.9304e-01     0.1285      0.015    1449.29     75.380     6.0065  45.564667  0.000e+00
      0.322     2.1550    27.7508    22.1593 2.8083e-01     0.1285      0.015    1449.29     75.383     6.0066  45.564668  0.000e+00
      0.551     2.1550    27.7487    22.1577 2.8083e-01     0.1285      0.015    1449.29     75.326     6.0021  45.564668  0.000e+00
      0.538     2.1558    27.7451    22.1548 2.6862e-01     0.1285      0.018    1449.29     75.384     6.0068  45.564669  0.000e+00
      0.573     2.1566    27.7411    22.1515 2.6862e-01     0.1285      0.015    1449.29     75.324     6.0020  45.564669  0.000e+00
      0.551     2.1567    27.7373    22.1485 2.8083e-01     0.1285      0.015    1449.29     75.317     6.0016  45.564670  0.000e+00
      0.560     2.1572    27.7334    22.1453 2.6862e-01     0.1285      0.015    1449.28     75.375     6.0063  45.564670  0.000e+00
      0.586     2.1572    27.7319    22.1442 2.6862e-01     0.1285      0.015    1449.28     75.377     6.0066  45.564671  0.000e+00
      0.598     2.1578    27.7314    22.1437 2.6862e-01     0.1285      0.015    1449.28     75.378     6.0066  45.564671  0.000e+00
      0.633     2.1581    27.7318    22.1440 2.6862e-01     0.1285      0.015    1449.29     75.379     6.0066  45.564672  0.000e+00
      0.656     2.1584    27.7331    22.1450 2.8083e-01     0.1285      0.015    1449.29     75.379     6.0064  45.564672  0.000e+00
      0.657     2.1584    27.7330    22.1449 2.8083e-01     0.1298      0.015    1449.29     75.313     6.0012  45.564673  0.000e+00
      0.717     2.1587    27.7322    22.1443 2.8083e-01     0.1285      0.015    1449.29     75.367     6.0055  45.564673  0.000e+00
      0.729     2.1584    27.7319    22.1440 2.8083e-01     0.1285      0.015    1449.29     75.365     6.0054  45.564674  0.000e+00
      0.753     2.1586    27.7314    22.1436 2.9304e-01     0.1285      0.015    1449.29     75.362     6.0052  45.564674  0.000e+00
      0.729     2.1584    27.7315    22.1437 2.9304e-01     0.1285      0.015    1449.29     75.358     6.0048  45.564674  0.000e+00
      0.777     2.1584    27.7311    22.1434 2.9304e-01     0.1298      0.015    1449.29     75.363     6.0053  45.564675  0.000e+00
      0.789     2.1584    27.7313    22.1436 3.0525e-01     0.1285      0.015    1449.29     75.368     6.0057  45.564675  0.000e+00
      0.800     2.1584    27.7312    22.1435 3.0525e-01     0.1285      0.015    1449.29     75.363     6.0053  45.564676  0.000e+00
      0.848     2.1589    27.7309    22.1432 3.0525e-01     0.1285      0.015    1449.29     75.302     6.0004  45.564676  0.000e+00
      0.837     2.1589    27.7314    22.1437 3.0525e-01     0.1285      0.015    1449.29     75.351     6.0042  45.564677  0.000e+00
      0.871     2.1592    27.7311    22.1433 3.0525e-01     0.1285      0.015    1449.29     75.354     6.0044  45.564677  0.000e+00
      0.908     2.1594    27.7309    22.1432 3.0525e-01     0.1285      0.015    1449.29     75.356     6.0046  45.564678  0.000e+00
      0.920     2.1595    27.7310    22.1432 2.9304e-01     0.1298      0.015    1449.30     75.358     6.0048  45.564678  0.000e+00
      0.944     2.1597    27.7311    22.1434 2.9304e-01     0.1285      0.015    1449.30     75.350     6.0041  45.564679  0.000e+00
      0.955     2.1597    27.7312    22.1434 2.9304e-01     0.1285      0.015    1449.30     75.351     6.0042  45.564679  0.000e+00
      0.991     2.1595    27.7314    22.1436 2.9304e-01     0.1285      0.015    1449.30     75.352     6.0042  45.564680  0.000e+00
      1.038     2.1598    27.7316    22.1437 2.9304e-01     0.1285      0.015    1449.30     75.353     6.0042  45.564680  0.000e+00
      1.039     2.1595    27.7318    22.1439 2.9304e-01     0.1298      0.015    1449.30     75.352     6.0042  45.564681  0.000e+00
      1.086     2.1595    27.7325    22.1444 2.9304e-01     0.1285      0.015    1449.30     75.352     6.0042  45.564681  0.000e+00
      1.124     2.1594    27.7326    22.1446 3.0525e-01     0.1285      0.015    1449.30     75.351     6.0041  45.564682  0.000e+00
      1.135     2.1595    27.7326    22.1445 2.9304e-01     0.1285      0.015    1449.30     75.350     6.0040  45.564682  0.000e+00
      1.170     2.1594    27.7320    22.1441 3.0525e-01     0.1285      0.015    1449.30     75.348     6.0039  45.564683  0.000e+00
      1.182     2.1591    27.7315    22.1437 2.9304e-01     0.1285      0.015    1449.30     75.346     6.0038  45.564683  0.000e+00
      1.230     2.1589    27.7310    22.1433 2.9304e-01     0.1285      0.015    1449.30     75.344     6.0037  45.564684  0.000e+00
      1.255     2.1589    27.7310    22.1433 3.0525e-01     0.1285      0.015    1449.30     75.341     6.0035  45.564684  0.000e+00
      1.290     2.1583    27.7302    22.1427 2.9304e-01     0.1285      0.015    1449.29     75.338     6.0033  45.564685  0.000e+00
      1.326     2.1583    27.7291    22.1418 2.9304e-01     0.1285      0.015    1449.29     75.270     5.9980  45.564685  0.000e+00
      1.361     2.1575    27.7283    22.1412 3.1746e-01     0.1285      0.015    1449.29     75.321     6.0022  45.564686  0.000e+00
      1.386     2.1574    27.7277    22.1408 3.2967e-01     0.1285      0.015    1449.29     75.317     6.0020  45.564686  0.000e+00
      1.408     2.1572    27.7273    22.1405 3.2967e-01     0.1285      0.015    1449.29     75.313     6.0016  45.564687  0.000e+00
      1.446     2.1571    27.7270    22.1402 3.1746e-01     0.1285      0.015    1449.29     75.308     6.0013  45.564687  0.000e+00
