KF-1_20190214_down.cnv
* Sea-Bird SBE 9 Data File:
* FileName = C:\CTD Brukere\NIVA\OKOKYST2019\20190211\KF-1_20190214.hex
* Software Version Seasave V 7.23.2
* Temperature SN = 5352
* Conductivity SN = 3840
* Number of Bytes Per Scan = 28
* Number of Voltage Words = 4
* Number of Scans Averaged by the Deck Unit = 1
* NMEA baud rate = 4800
** Ship: R/V Trygve Braarud
** Cruise:
** Station:
** Operator:
# nquan = 12
# nvalues = 785                                   
# units = specified
# name 0 = depSM: Depth [salt water, m], lat = 59.60
# name 1 = t090C: Temperature [ITS-90, deg C]
# name 2 = sal00: Salinity, Practical [PSU]
# name 3 = sigma-t00: Density [sigma-t, kg/m^3 ]
# name 4 = flSP: Fluorescence, Seapoint
# name 5 = wetStar: Fluorescence, WET Labs WETstar [mg/m^3]
# name 6 = seaTurbMtr: Turbidity, Seapoint [FTU]
# name 7 = svCM: Sound Velocity [Chen-Millero, m/s]
# name 8 = sbeox0PS: Oxygen, SBE 43 [% saturation]
# name 9 = sbeox0ML/L: Oxygen, SBE 43 [ml/l]
# name 10 = timeJ: Julian Days
# name 11 = flag:  0.000e+00
# span 0 =      0.047,     11.883                 
# span 1 =     2.1267,     2.6928                 
# span 2 =    27.7242,    29.7709                 
# span 3 =    22.1379,    23.7366                 
# span 4 = 2.6862e-01, 9.6459e-01                 
# span 5 =     0.1273,     0.1298                 
# span 6 =      0.011,      0.018                 
# span 7 =    1449.27,    1454.48                 
# span 8 =     73.905,     75.384                 
# span 9 =     5.7508,     6.0069                 
# span 10 =  45.564572,  45.564950                
# span 11 = 0.0000e+00, 0.0000e+00                
# interval = seconds: 0.0416667
# start_time = Feb 14 2019 13:32:59 [System UpLoad Time]
# bad_flag = -9.990e-29
*END*
[from data line 361]
      3.822     2.1532    27.7390    22.1500 3.6630e-01     0.1273      0.015    1449.32     75.353     6.0050  45.564746  0.000e+00
      3.857     2.1527    27.7398    22.1507 3.6630e-01     0.1285      0.015    1449.32     75.296     6.0004  45.564746  0.000e+00
      3.869     2.1519    27.7404    22.1513 3.6630e-01     0.1273      0.011    1449.32     75.293     6.0003  45.564747  0.000e+00
      3.880     2.1508    27.7414    22.1521 3.5409e-01     0.1285      0.015    1449.32     75.291     6.0003  45.564747  0.000e+00
      3.917     2.1497    27.7435    22.1538 3.5409e-01     0.1285      0.015    1449.32     75.289     6.0002  45.564748  0.000e+00
      3.917     2.1493    27.7460    22.1559 3.5409e-01     0.1273      0.015    1449.32     75.286     5.9999  45.564748  0.000e+00
      3.963     2.1482    27.7482    22.1577 3.5409e-01     0.1285      0.015    1449.32     75.284     5.9999  45.564749  0.000e+00
      3.988     2.1470    27.7508    22.1599 3.6630e-01     0.1285      0.011    1449.32     75.282     5.9997  45.564749  0.000e+00
      4.000     2.1463    27.7527    22.1615 3.6630e-01     0.1285      0.015    1449.32     75.279     5.9996  45.564750  0.000e+00
      4.035     2.1465    27.7529    22.1616 3.6630e-01     0.1285      0.015    1449.32     75.277     5.9993  45.564750  0.000e+00
      4.060     2.1465    27.7524    22.1612 3.7851e-01     0.1273      0.015    1449.32     75.274     5.9992  45.564751  0.000e+00
      4.060     2.1469    27.7519    22.1608 4.2735e-01     0.1285      0.015    1449.32     75.281     5.9997  45.564751  0.000e+00
      4.108     2.1469    27.7519    22.1607 4.5177e-01     0.1273      0.015    1449.32     75.279     5.9995  45.564752  0.000e+00
      4.118     2.1469    27.7528    22.1614 4.3956e-01     0.1285      0.015    1449.32     75.277     5.9993  45.564752  0.000e+00
      4.144     2.1471    27.7533    22.1619 4.0293e-01     0.1285      0.015    1449.32     75.339     6.0042  45.564753  0.000e+00
      4.179     2.1489    27.7503    22.1594 4.0293e-01     0.1285      0.015    1449.33     75.282     5.9995  45.564753  0.000e+00
      4.179     2.1497    27.7461    22.1559 3.9072e-01     0.1285      0.015    1449.32     75.279     5.9993  45.564754  0.000e+00
      4.215     2.1513    27.7428    22.1532 3.6630e-01     0.1285      0.015    1449.33     75.276     5.9990  45.564754  0.000e+00
      4.239     2.1525    27.7399    22.1508 3.6630e-01     0.1285      0.015    1449.33     75.273     5.9987  45.564755  0.000e+00
      4.262     2.1529    27.7377    22.1491 3.6630e-01     0.1273      0.015    1449.33     75.270     5.9985  45.564755  0.000e+00
      4.285     2.1514    27.7387    22.1500 4.3956e-01     0.1285      0.015    1449.32     75.268     5.9985  45.564755  0.000e+00
      4.299     2.1502    27.7415    22.1522 4.8840e-01     0.1285      0.015    1449.32     75.266     5.9984  45.564756  0.000e+00
      4.322     2.1498    27.7437    22.1540 4.5177e-01     0.1285      0.015    1449.32     75.263     5.9982  45.564756  0.000e+00
      4.359     2.1496    27.7443    22.1545 4.2735e-01     0.1285      0.015    1449.32     75.325     6.0031  45.564757  0.000e+00
      4.370     2.1487    27.7457    22.1557 4.0293e-01     0.1285      0.015    1449.32     75.332     6.0037  45.564757  0.000e+00
      4.395     2.1479    27.7485    22.1580 3.9072e-01     0.1285      0.015    1449.32     75.274     5.9991  45.564758  0.000e+00
      4.404     2.1457    27.7548    22.1632 3.9072e-01     0.1285      0.015    1449.32     75.345     6.0049  45.564758  0.000e+00
      4.442     2.1433    27.7652    22.1716 3.7851e-01     0.1273      0.015    1449.33     75.288     6.0002  45.564759  0.000e+00
      4.455     2.1403    27.7780    22.1820 3.6630e-01     0.1285      0.011    1449.33     75.285     5.9999  45.564759  0.000e+00
      4.477     2.1395    27.7863    22.1887 3.5409e-01     0.1273      0.015    1449.34     75.282     5.9995  45.564760  0.000e+00
      4.502     2.1398    27.7878    22.1899 3.7851e-01     0.1285      0.015    1449.34     75.353     6.0050  45.564760  0.000e+00
      4.524     2.1398    27.7863    22.1886 3.7851e-01     0.1273      0.011    1449.34     75.304     6.0012  45.564761  0.000e+00
      4.537     2.1398    27.7860    22.1884 3.9072e-01     0.1273      0.015    1449.34     75.311     6.0018  45.564761  0.000e+00
      4.562     2.1392    27.7868    22.1891 4.0293e-01     0.1285      0.015    1449.34     75.309     6.0016  45.564762  0.000e+00
      4.597     2.1389    27.7883    22.1903 3.9072e-01     0.1273      0.015    1449.34     75.307     6.0014  45.564762  0.000e+00
      4.597     2.1386    27.7896    22.1914 3.7851e-01     0.1273      0.015    1449.34     75.304     6.0012  45.564763  0.000e+00
      4.597     2.1378    27.7916    22.1930 3.7851e-01     0.1273      0.015    1449.34     75.301     6.0010  45.564763  0.000e+00
      4.667     2.1369    27.7942    22.1952 3.9072e-01     0.1273      0.011    1449.34     75.299     6.0009  45.564764  0.000e+00
      4.668     2.1361    27.7973    22.1977 4.0293e-01     0.1273      0.015    1449.34     75.297     6.0007  45.564764  0.000e+00
      4.693     2.1355    27.8003    22.2001 3.9072e-01     0.1273      0.015    1449.34     75.294     6.0005  45.564765  0.000e+00
      4.704     2.1351    27.8023    22.2017 3.9072e-01     0.1285      0.011    1449.34     75.302     6.0011  45.564765  0.000e+00
      4.727     2.1349    27.8036    22.2028 3.9072e-01     0.1285      0.015    1449.34     75.300     6.0009  45.564766  0.000e+00
      4.741     2.1345    27.8043    22.2034 3.9072e-01     0.1285      0.015    1449.34     75.298     6.0007  45.564766  0.000e+00
      4.764     2.1341    27.8060    22.2048 3.7851e-01     0.1273      0.011    1449.34     75.296     6.0006  45.564767  0.000e+00
      4.788     2.1335    27.8082    22.2065 3.5409e-01     0.1273      0.011    1449.34     75.294     6.0004  45.564767  0.000e+00
      4.801     2.1322    27.8124    22.2100 3.7851e-01     0.1273      0.011    1449.34     75.292     6.0003  45.564768  0.000e+00
      4.833     2.1313    27.8189    22.2153 3.7851e-01     0.1285      0.015    1449.35     75.290     6.0000  45.564768  0.000e+00
      4.848     2.1302    27.8271    22.2219 3.7851e-01     0.1273      0.015    1449.35     75.224     5.9945  45.564769  0.000e+00
      4.859     2.1294    27.8339    22.2273 3.7851e-01     0.1273      0.015    1449.36     75.277     5.9986  45.564769  0.000e+00
      4.884     2.1292    27.8386    22.2311 3.9072e-01     0.1285      0.011    1449.37     75.285     5.9991  45.564769  0.000e+00
      4.897     2.1287    27.8417    22.2337 3.9072e-01     0.1285      0.011    1449.37     75.219     5.9938  45.564770  0.000e+00
      4.929     2.1287    27.8436    22.2351 3.7851e-01     0.1273      0.011    1449.37     75.209     5.9929  45.564770  0.000e+00
      4.944     2.1283    27.8450    22.2363 3.7851e-01     0.1285      0.011    1449.37     75.199     5.9921  45.564771  0.000e+00
      4.968     2.1277    27.8466    22.2376 4.0293e-01     0.1273      0.011    1449.37     75.254     5.9965  45.564771  0.000e+00
      4.979     2.1277    27.8483    22.2390 4.0293e-01     0.1285      0.011    1449.37     75.189     5.9913  45.564772  0.000e+00
      5.002     2.1277    27.8517    22.2417 3.9072e-01     0.1285      0.011    1449.38     75.180     5.9904  45.564772  0.000e+00
      5.028     2.1276    27.8561    22.2452 3.7851e-01     0.1273      0.011    1449.38     75.171     5.9896  45.564773  0.000e+00
      5.039     2.1270    27.8609    22.2491 3.6630e-01     0.1285      0.011    1449.39     75.163     5.9888  45.564773  0.000e+00
      5.050     2.1271    27.8645    22.2519 3.6630e-01     0.1285      0.011    1449.39     75.154     5.9880  45.564774  0.000e+00
      5.084     2.1267    27.8694    22.2559 3.6630e-01     0.1285      0.015    1449.40     75.147     5.9872  45.564774  0.000e+00
      5.110     2.1268    27.8735    22.2592 3.6630e-01     0.1273      0.011    1449.40     75.140     5.9865  45.564775  0.000e+00
      5.110     2.1273    27.8773    22.2622 3.6630e-01     0.1273      0.011    1449.41     75.132     5.9857  45.564775  0.000e+00
      5.146     2.1274    27.8829    22.2666 3.6630e-01     0.1285      0.011    1449.42     75.126     5.9849  45.564776  0.000e+00
      5.144     2.1277    27.8892    22.2717 3.6630e-01     0.1285      0.011    1449.43     75.130     5.9849  45.564776  0.000e+00
      5.183     2.1281    27.8950    22.2763 3.6630e-01     0.1285      0.011    1449.44     75.124     5.9842  45.564777  0.000e+00
      5.195     2.1283    27.8990    22.2795 3.5409e-01     0.1285      0.015    1449.45     75.119     5.9836  45.564777  0.000e+00
      5.219     2.1288    27.9022    22.2820 3.5409e-01     0.1285      0.015    1449.45     75.179     5.9881  45.564778  0.000e+00
      5.240     2.1296    27.9047    22.2839 3.4188e-01     0.1285      0.011    1449.46     75.119     5.9832  45.564778  0.000e+00
      5.254     2.1304    27.9082    22.2867 3.2967e-01     0.1285      0.015    1449.47     75.115     5.9825  45.564779  0.000e+00
      5.279     2.1306    27.9125    22.2901 3.2967e-01     0.1273      0.015    1449.47     75.111     5.9820  45.564779  0.000e+00
      5.290     2.1307    27.9161    22.2930 3.2967e-01     0.1285      0.011    1449.48     75.108     5.9816  45.564780  0.000e+00
      5.311     2.1315    27.9178    22.2943 3.5409e-01     0.1285      0.011    1449.49     75.105     5.9812  45.564780  0.000e+00
      5.326     2.1310    27.9195    22.2957 3.5409e-01     0.1273      0.011    1449.49     75.112     5.9817  45.564781  0.000e+00
      5.361     2.1313    27.9204    22.2963 3.5409e-01     0.1285      0.011    1449.49     75.120     5.9823  45.564781  0.000e+00
      5.361     2.1313    27.9207    22.2966 3.4188e-01     0.1285      0.011    1449.49     75.119     5.9822  45.564782  0.000e+00
      5.395     2.1311    27.9215    22.2973 3.6630e-01     0.1273      0.011    1449.49     75.128     5.9829  45.564782  0.000e+00
      5.421     2.1315    27.9217    22.2974 3.5409e-01     0.1273      0.011    1449.49     75.129     5.9829  45.564783  0.000e+00
      5.445     2.1318    27.9217    22.2974 3.4188e-01     0.1273      0.011    1449.49     75.129     5.9829  45.564783  0.000e+00
      5.455     2.1322    27.9215    22.2972 3.4188e-01     0.1285      0.015    1449.50     75.130     5.9829  45.564783  0.000e+00
      5.481     2.1324    27.9219    22.2975 3.4188e-01     0.1285      0.011    1449.50     75.141     5.9837  45.564784  0.000e+00
      5.505     2.1324    27.9228    22.2982 3.7851e-01     0.1273      0.011    1449.50     75.079     5.9788  45.564784  0.000e+00
      5.517     2.1322    27.9229    22.2983 3.6630e-01     0.1285      0.015    1449.50     75.137     5.9834  45.564785  0.000e+00
      5.538     2.1321    27.9234    22.2987 3.4188e-01     0.1285      0.015    1449.50     75.140     5.9837  45.564785  0.000e+00
      5.565     2.1316    27.9237    22.2990 3.4188e-01     0.1285      0.015    1449.50     75.144     5.9840  45.564786  0.000e+00
      5.590     2.1317    27.9232    22.2986 3.4188e-01     0.1285      0.015    1449.50     75.148     5.9844  45.564786  0.000e+00
      5.598     2.1313    27.9235    22.2989 3.5409e-01     0.1285      0.015    1449.50     75.153     5.9848  45.564787  0.000e+00
      5.625     2.1316    27.9233    22.2987 3.5409e-01     0.1285      0.015    1449.50     75.094     5.9800  45.564787  0.000e+00
      5.661     2.1315    27.9234    22.2988 3.4188e-01     0.1285      0.015    1449.50     75.154     5.9849  45.564788  0.000e+00
      5.671     2.1313    27.9235    22.2989 3.5409e-01     0.1285      0.015    1449.50     75.160     5.9854  45.564788  0.000e+00
      5.696     2.1313    27.9235    22.2989 3.5409e-01     0.1273      0.015    1449.50     75.103     5.9808  45.564789  0.000e+00
      5.708     2.1313    27.9235    22.2989 3.2967e-01     0.1273      0.015    1449.50     75.100     5.9806  45.564789  0.000e+00
      5.743     2.1316    27.9230    22.2984 3.1746e-01     0.1273      0.015    1449.50     75.099     5.9805  45.564790  0.000e+00
      5.753     2.1318    27.9232    22.2986 3.1746e-01     0.1273      0.015    1449.50     75.098     5.9804  45.564790  0.000e+00
      5.781     2.1316    27.9237    22.2990 3.1746e-01     0.1273      0.015    1449.50     75.099     5.9804  45.564791  0.000e+00
      5.803     2.1317    27.9241    22.2993 3.1746e-01     0.1285      0.015    1449.50     75.100     5.9805  45.564791  0.000e+00
      5.824     2.1315    27.9242    22.2994 3.0525e-01     0.1285      0.015    1449.50     75.102     5.9806  45.564792  0.000e+00
      5.839     2.1315    27.9240    22.2993 3.5409e-01     0.1285      0.015    1449.50     75.094     5.9801  45.564792  0.000e+00
      5.863     2.1316    27.9233    22.2987 4.3956e-01     0.1273      0.011    1449.50     75.097     5.9803  45.564793  0.000e+00
      5.884     2.1315    27.9235    22.2988 4.7619e-01     0.1273      0.015    1449.50     75.101     5.9806  45.564793  0.000e+00
      5.899     2.1312    27.9234    22.2988 4.5177e-01     0.1285      0.015    1449.50     75.096     5.9802  45.564794  0.000e+00
      5.923     2.1316    27.9233    22.2987 4.0293e-01     0.1285      0.015    1449.50     75.091     5.9798  45.564794  0.000e+00
      5.944     2.1332    27.9228    22.2982 3.6630e-01     0.1285      0.015    1449.51     75.086     5.9792  45.564795  0.000e+00
      5.959     2.1338    27.9235    22.2987 3.4188e-01     0.1285      0.015    1449.51     75.027     5.9744  45.564795  0.000e+00
      5.994     2.1341    27.9244    22.2994 3.4188e-01     0.1285      0.015    1449.52     75.079     5.9784  45.564796  0.000e+00
      6.004     2.1350    27.9241    22.2991 3.4188e-01     0.1285      0.015    1449.52     75.076     5.9781  45.564796  0.000e+00
      6.019     2.1375    27.9231    22.2982 3.2967e-01     0.1285      0.015    1449.53     75.073     5.9775  45.564796  0.000e+00
      6.054     2.1392    27.9237    22.2985 3.1746e-01     0.1285      0.015    1449.54     75.071     5.9771  45.564797  0.000e+00
      6.064     2.1388    27.9251    22.2997 3.1746e-01     0.1285      0.015    1449.54     75.006     5.9719  45.564797  0.000e+00
      6.079     2.1386    27.9245    22.2992 3.2967e-01     0.1285      0.015    1449.54     74.996     5.9711  45.564798  0.000e+00
      6.103     2.1409    27.9233    22.2981 3.2967e-01     0.1273      0.015    1449.55     75.050     5.9751  45.564798  0.000e+00
      6.111     2.1469    27.9233    22.2977 3.5409e-01     0.1285      0.015    1449.58     75.049     5.9742  45.564799  0.000e+00
      6.150     2.1519    27.9263    22.2998 3.6630e-01     0.1285      0.015    1449.60     74.985     5.9682  45.564799  0.000e+00
      6.150     2.1552    27.9278    22.3008 3.4188e-01     0.1285      0.015    1449.62     74.976     5.9669  45.564800  0.000e+00
      6.184     2.1564    27.9291    22.3018 3.2967e-01     0.1285      0.015    1449.63     74.969     5.9661  45.564800  0.000e+00
      6.198     2.1567    27.9298    22.3024 3.2967e-01     0.1273      0.015    1449.63     74.963     5.9655  45.564801  0.000e+00
      6.223     2.1557    27.9307    22.3031 3.2967e-01     0.1285      0.015    1449.63     74.968     5.9661  45.564801  0.000e+00
      6.231     2.1536    27.9313    22.3037 3.1746e-01     0.1285      0.015    1449.62     74.964     5.9660  45.564802  0.000e+00
      6.258     2.1536    27.9309    22.3034 3.0525e-01     0.1285      0.015    1449.62     74.961     5.9658  45.564802  0.000e+00
      6.266     2.1549    27.9307    22.3031 3.1746e-01     0.1285      0.015    1449.62     74.958     5.9654  45.564803  0.000e+00
      6.283     2.1544    27.9318    22.3041 3.7851e-01     0.1285      0.015    1449.62     74.956     5.9653  45.564803  0.000e+00
