KF-1_20190214_down.cnv
* Sea-Bird SBE 9 Data File:
* FileName = C:\CTD Brukere\NIVA\OKOKYST2019\20190211\KF-1_20190214.hex
* Software Version Seasave V 7.23.2
* Temperature SN = 5352
* Conductivity SN = 3840
* Number of Bytes Per Scan = 28
* Number of Voltage Words = 4
* Number of Scans Averaged by the Deck Unit = 1
* NMEA baud rate = 4800
** Ship: R/V Trygve Braarud
** Cruise:
** Station:
** Operator:
# nquan = 12
# nvalues = 785                                   
# units = specified
# name 0 = depSM: Depth [salt water, m], lat = 59.60
# name 1 = t090C: Temperature [ITS-90, deg C]
# name 2 = sal00: Salinity, Practical [PSU]
# name 3 = sigma-t00: Density [sigma-t, kg/m^3 ]
# name 4 = flSP: Fluorescence, Seapoint
# name 5 = wetStar: Fluorescence, WET Labs WETstar [mg/m^3]
# name 6 = seaTurbMtr: Turbidity, Seapoint [FTU]
# name 7 = svCM: Sound Velocity [Chen-Millero, m/s]
# name 8 = sbeox0PS: Oxygen, SBE 43 [% saturation]
# name 9 = sbeox0ML/L: Oxygen, SBE 43 [ml/l]
# name 10 = timeJ: Julian Days
# name 11 = flag:  0.000e+00
# span 0 =      0.047,     11.883                 
# span 1 =     2.1267,     2.6928                 
# span 2 =    27.7242,    29.7709                 
# span 3 =    22.1379,    23.7366                 
# span 4 = 2.6862e-01, 9.6459e-01                 
# span 5 =     0.1273,     0.1298                 
# span 6 =      0.011,      0.018                 
# span 7 =    1449.27,    1454.48                 
# span 8 =     73.905,     75.384                 
# span 9 =     5.7508,     6.0069                 
# span 10 =  45.564572,  45.564950                
# span 11 = 0.0000e+00, 0.0000e+00                
# interval = seconds: 0.0416667
# start_time = Feb 14 2019 13:32:59 [System UpLoad Time]
# bad_flag = -9.990e-29
*END*
[from data line 241]
      1.493     2.1572    27.7271    22.1403 3.0525e-01     0.1285      0.015    1449.29     75.297     6.0004  45.564688  0.000e+00
      1.517     2.1574    27.7272    22.1404 3.0525e-01     0.1285      0.015    1449.29     75.227     5.9948  45.564688  0.000e+00
      1.564     2.1575    27.7271    22.1402 3.1746e-01     0.1285      0.015    1449.29     75.211     5.9935  45.564689  0.000e+00
      1.588     2.1577    27.7269    22.1401 3.1746e-01     0.1285      0.015    1449.29     75.206     5.9930  45.564689  0.000e+00
      1.601     2.1581    27.7272    22.1403 3.1746e-01     0.1285      0.015    1449.30     75.264     5.9977  45.564690  0.000e+00
      1.648     2.1580    27.7277    22.1407 3.1746e-01     0.1285      0.015    1449.30     75.259     5.9972  45.564690  0.000e+00
      1.648     2.1583    27.7273    22.1404 3.1746e-01     0.1285      0.015    1449.30     75.263     5.9975  45.564691  0.000e+00
      1.696     2.1584    27.7269    22.1401 3.1746e-01     0.1285      0.015    1449.30     75.267     5.9978  45.564691  0.000e+00
      1.719     2.1583    27.7269    22.1401 3.2967e-01     0.1285      0.015    1449.30     75.260     5.9973  45.564692  0.000e+00
      1.732     2.1580    27.7272    22.1403 3.2967e-01     0.1285      0.015    1449.30     75.264     5.9976  45.564692  0.000e+00
      1.755     2.1581    27.7270    22.1402 3.1746e-01     0.1298      0.015    1449.30     75.257     5.9971  45.564693  0.000e+00
      1.779     2.1578    27.7273    22.1404 3.1746e-01     0.1285      0.015    1449.30     75.251     5.9966  45.564693  0.000e+00
      1.792     2.1581    27.7258    22.1392 3.1746e-01     0.1285      0.015    1449.30     75.253     5.9968  45.564694  0.000e+00
      1.815     2.1586    27.7251    22.1386 3.0525e-01     0.1285      0.015    1449.30     75.255     5.9969  45.564694  0.000e+00
      1.839     2.1587    27.7259    22.1392 3.1746e-01     0.1285      0.015    1449.30     75.258     5.9971  45.564695  0.000e+00
      1.828     2.1591    27.7255    22.1389 3.1746e-01     0.1285      0.015    1449.30     75.260     5.9972  45.564695  0.000e+00
      1.850     2.1589    27.7257    22.1390 3.2967e-01     0.1285      0.015    1449.30     75.263     5.9975  45.564696  0.000e+00
      1.863     2.1589    27.7257    22.1391 3.4188e-01     0.1285      0.018    1449.30     75.255     5.9969  45.564696  0.000e+00
      1.886     2.1587    27.7259    22.1393 3.5409e-01     0.1298      0.015    1449.30     75.258     5.9971  45.564697  0.000e+00
      1.923     2.1583    27.7265    22.1397 3.5409e-01     0.1285      0.015    1449.30     75.260     5.9973  45.564697  0.000e+00
      1.946     2.1581    27.7269    22.1401 3.4188e-01     0.1285      0.015    1449.30     75.262     5.9975  45.564698  0.000e+00
      1.923     2.1580    27.7269    22.1401 3.4188e-01     0.1285      0.015    1449.30     75.264     5.9977  45.564698  0.000e+00
      1.934     2.1580    27.7268    22.1400 3.2967e-01     0.1285      0.015    1449.30     75.266     5.9978  45.564699  0.000e+00
      1.959     2.1578    27.7267    22.1399 3.4188e-01     0.1285      0.015    1449.30     75.268     5.9980  45.564699  0.000e+00
      1.970     2.1580    27.7261    22.1394 3.4188e-01     0.1285      0.015    1449.30     75.206     5.9931  45.564700  0.000e+00
      1.983     2.1578    27.7263    22.1396 3.2967e-01     0.1298      0.015    1449.30     75.254     5.9969  45.564700  0.000e+00
      2.019     2.1577    27.7264    22.1397 3.1746e-01     0.1298      0.018    1449.30     75.256     5.9971  45.564701  0.000e+00
      2.041     2.1577    27.7264    22.1397 3.0525e-01     0.1285      0.015    1449.30     75.258     5.9973  45.564701  0.000e+00
      2.030     2.1575    27.7261    22.1395 3.1746e-01     0.1285      0.015    1449.30     75.260     5.9974  45.564701  0.000e+00
      2.054     2.1572    27.7263    22.1396 3.2967e-01     0.1285      0.015    1449.30     75.262     5.9977  45.564702  0.000e+00
      2.065     2.1575    27.7262    22.1396 3.1746e-01     0.1273      0.015    1449.30     75.264     5.9978  45.564702  0.000e+00
      2.078     2.1572    27.7258    22.1393 3.1746e-01     0.1285      0.015    1449.30     75.267     5.9980  45.564703  0.000e+00
      2.065     2.1575    27.7251    22.1387 3.4188e-01     0.1298      0.015    1449.30     75.268     5.9981  45.564703  0.000e+00
      2.150     2.1574    27.7253    22.1389 3.4188e-01     0.1298      0.018    1449.30     75.271     5.9984  45.564704  0.000e+00
      2.137     2.1577    27.7249    22.1385 3.6630e-01     0.1285      0.015    1449.30     75.209     5.9934  45.564704  0.000e+00
      2.161     2.1577    27.7257    22.1392 3.5409e-01     0.1285      0.015    1449.30     75.202     5.9928  45.564705  0.000e+00
      2.161     2.1575    27.7274    22.1405 3.5409e-01     0.1285      0.015    1449.30     75.195     5.9922  45.564705  0.000e+00
      2.185     2.1577    27.7280    22.1410 3.4188e-01     0.1273      0.015    1449.30     75.253     5.9968  45.564706  0.000e+00
      2.197     2.1578    27.7278    22.1408 3.4188e-01     0.1285      0.015    1449.30     75.257     5.9971  45.564706  0.000e+00
      2.210     2.1583    27.7268    22.1400 3.4188e-01     0.1285      0.015    1449.31     75.260     5.9973  45.564707  0.000e+00
      2.232     2.1584    27.7259    22.1392 3.4188e-01     0.1285      0.015    1449.31     75.263     5.9976  45.564707  0.000e+00
      2.269     2.1584    27.7256    22.1391 3.4188e-01     0.1285      0.015    1449.31     75.267     5.9978  45.564708  0.000e+00
      2.269     2.1584    27.7256    22.1391 3.4188e-01     0.1285      0.015    1449.31     75.270     5.9981  45.564708  0.000e+00
      2.292     2.1589    27.7259    22.1392 3.4188e-01     0.1285      0.015    1449.31     75.263     5.9975  45.564709  0.000e+00
      2.316     2.1589    27.7268    22.1399 3.4188e-01     0.1285      0.015    1449.31     75.266     5.9977  45.564709  0.000e+00
      2.328     2.1591    27.7266    22.1398 3.2967e-01     0.1298      0.015    1449.31     75.269     5.9979  45.564710  0.000e+00
      2.352     2.1587    27.7268    22.1400 3.4188e-01     0.1285      0.015    1449.31     75.272     5.9982  45.564710  0.000e+00
      2.365     2.1584    27.7273    22.1403 3.4188e-01     0.1285      0.015    1449.31     75.275     5.9984  45.564711  0.000e+00
      2.401     2.1575    27.7292    22.1419 3.4188e-01     0.1298      0.015    1449.31     75.214     5.9937  45.564711  0.000e+00
      2.412     2.1557    27.7323    22.1446 3.5409e-01     0.1285      0.015    1449.30     75.208     5.9934  45.564712  0.000e+00
      2.423     2.1544    27.7359    22.1475 3.2967e-01     0.1298      0.015    1449.30     75.257     5.9973  45.564712  0.000e+00
      2.436     2.1535    27.7379    22.1492 3.2967e-01     0.1285      0.015    1449.30     75.251     5.9968  45.564713  0.000e+00
      2.472     2.1535    27.7378    22.1491 3.2967e-01     0.1298      0.015    1449.30     75.244     5.9963  45.564713  0.000e+00
      2.483     2.1536    27.7367    22.1482 3.4188e-01     0.1285      0.015    1449.30     75.247     5.9965  45.564714  0.000e+00
      2.507     2.1533    27.7363    22.1479 3.5409e-01     0.1285      0.015    1449.30     75.185     5.9917  45.564714  0.000e+00
      2.519     2.1535    27.7359    22.1476 3.6630e-01     0.1285      0.015    1449.30     75.243     5.9963  45.564715  0.000e+00
      2.532     2.1536    27.7350    22.1469 3.5409e-01     0.1285      0.015    1449.30     75.246     5.9965  45.564715  0.000e+00
      2.543     2.1538    27.7342    22.1462 3.5409e-01     0.1298      0.015    1449.30     75.248     5.9967  45.564715  0.000e+00
      2.567     2.1540    27.7334    22.1455 3.5409e-01     0.1285      0.015    1449.30     75.251     5.9970  45.564716  0.000e+00
      2.592     2.1541    27.7327    22.1450 3.6630e-01     0.1285      0.015    1449.30     75.254     5.9972  45.564716  0.000e+00
      2.603     2.1536    27.7339    22.1459 3.6630e-01     0.1285      0.015    1449.30     75.257     5.9975  45.564717  0.000e+00
      2.614     2.1530    27.7360    22.1477 3.6630e-01     0.1285      0.015    1449.30     75.260     5.9977  45.564717  0.000e+00
      2.638     2.1527    27.7371    22.1486 3.5409e-01     0.1285      0.015    1449.30     75.263     5.9980  45.564718  0.000e+00
      2.651     2.1524    27.7390    22.1501 3.5409e-01     0.1285      0.015    1449.30     75.266     5.9982  45.564718  0.000e+00
      2.674     2.1521    27.7415    22.1521 3.6630e-01     0.1285      0.015    1449.30     75.269     5.9984  45.564719  0.000e+00
      2.674     2.1521    27.7413    22.1520 3.5409e-01     0.1285      0.015    1449.30     75.272     5.9986  45.564719  0.000e+00
      2.711     2.1524    27.7411    22.1518 3.5409e-01     0.1285      0.015    1449.31     75.275     5.9988  45.564720  0.000e+00
      2.723     2.1519    27.7427    22.1531 3.5409e-01     0.1285      0.015    1449.31     75.278     5.9991  45.564720  0.000e+00
      2.734     2.1513    27.7449    22.1549 3.7851e-01     0.1285      0.015    1449.31     75.281     5.9993  45.564721  0.000e+00
      2.758     2.1493    27.7505    22.1595 3.7851e-01     0.1285      0.015    1449.31     75.285     5.9996  45.564721  0.000e+00
      2.770     2.1493    27.7530    22.1615 3.5409e-01     0.1285      0.015    1449.31     75.288     5.9998  45.564722  0.000e+00
      2.794     2.1485    27.7532    22.1617 3.5409e-01     0.1285      0.015    1449.31     75.291     6.0001  45.564722  0.000e+00
      2.807     2.1482    27.7541    22.1624 3.4188e-01     0.1285      0.015    1449.31     75.294     6.0004  45.564723  0.000e+00
      2.842     2.1477    27.7559    22.1639 3.5409e-01     0.1285      0.015    1449.31     75.287     5.9999  45.564723  0.000e+00
      2.842     2.1474    27.7572    22.1650 3.6630e-01     0.1285      0.015    1449.31     75.290     6.0000  45.564724  0.000e+00
      2.865     2.1474    27.7577    22.1653 3.5409e-01     0.1285      0.015    1449.31     75.292     6.0002  45.564724  0.000e+00
      2.878     2.1478    27.7575    22.1651 3.4188e-01     0.1285      0.015    1449.31     75.295     6.0004  45.564725  0.000e+00
      2.902     2.1480    27.7574    22.1651 3.4188e-01     0.1285      0.015    1449.31     75.297     6.0006  45.564725  0.000e+00
      2.914     2.1476    27.7583    22.1658 3.5409e-01     0.1285      0.015    1449.31     75.300     6.0008  45.564726  0.000e+00
      2.938     2.1476    27.7585    22.1660 3.6630e-01     0.1285      0.015    1449.31     75.302     6.0010  45.564726  0.000e+00
      2.949     2.1476    27.7587    22.1661 3.6630e-01     0.1285      0.015    1449.31     75.305     6.0012  45.564727  0.000e+00
      2.974     2.1472    27.7582    22.1657 3.7851e-01     0.1285      0.015    1449.31     75.307     6.0015  45.564727  0.000e+00
      2.998     2.1467    27.7572    22.1650 3.7851e-01     0.1285      0.015    1449.31     75.374     6.0069  45.564728  0.000e+00
      2.998     2.1463    27.7574    22.1652 3.7851e-01     0.1285      0.015    1449.30     75.312     6.0020  45.564728  0.000e+00
      3.033     2.1467    27.7571    22.1650 3.7851e-01     0.1285      0.015    1449.31     75.304     6.0013  45.564728  0.000e+00
      3.045     2.1478    27.7561    22.1641 3.9072e-01     0.1285      0.015    1449.31     75.295     6.0005  45.564729  0.000e+00
      3.056     2.1479    27.7554    22.1634 3.6630e-01     0.1285      0.015    1449.31     75.296     6.0006  45.564729  0.000e+00
      3.093     2.1474    27.7562    22.1641 3.5409e-01     0.1285      0.015    1449.31     75.297     6.0007  45.564730  0.000e+00
      3.105     2.1473    27.7566    22.1645 3.5409e-01     0.1285      0.015    1449.31     75.298     6.0008  45.564730  0.000e+00
      3.129     2.1472    27.7559    22.1639 3.7851e-01     0.1285      0.015    1449.31     75.299     6.0009  45.564731  0.000e+00
      3.140     2.1476    27.7554    22.1635 4.0293e-01     0.1273      0.015    1449.31     75.300     6.0009  45.564731  0.000e+00
      3.165     2.1478    27.7545    22.1628 4.0293e-01     0.1285      0.015    1449.31     75.301     6.0010  45.564732  0.000e+00
      3.176     2.1482    27.7540    22.1623 3.7851e-01     0.1285      0.015    1449.31     75.302     6.0010  45.564732  0.000e+00
      3.200     2.1480    27.7541    22.1625 3.5409e-01     0.1285      0.015    1449.31     75.303     6.0011  45.564733  0.000e+00
      3.189     2.1480    27.7541    22.1624 3.5409e-01     0.1285      0.015    1449.31     75.303     6.0012  45.564733  0.000e+00
      3.283     2.1480    27.7540    22.1624 3.5409e-01     0.1285      0.015    1449.31     75.305     6.0013  45.564734  0.000e+00
      3.271     2.1480    27.7542    22.1626 3.4188e-01     0.1285      0.015    1449.31     75.306     6.0014  45.564734  0.000e+00
      3.284     2.1483    27.7534    22.1619 3.4188e-01     0.1273      0.015    1449.31     75.361     6.0058  45.564735  0.000e+00
      3.307     2.1484    27.7533    22.1618 3.4188e-01     0.1285      0.015    1449.31     75.297     6.0006  45.564735  0.000e+00
      3.331     2.1484    27.7527    22.1613 3.5409e-01     0.1285      0.015    1449.31     75.297     6.0006  45.564736  0.000e+00
      3.367     2.1487    27.7520    22.1607 3.6630e-01     0.1273      0.015    1449.31     75.296     6.0006  45.564736  0.000e+00
      3.391     2.1493    27.7497    22.1589 3.9072e-01     0.1285      0.015    1449.31     75.360     6.0057  45.564737  0.000e+00
      3.402     2.1497    27.7477    22.1572 3.7851e-01     0.1285      0.015    1449.31     75.369     6.0064  45.564737  0.000e+00
      3.427     2.1496    27.7472    22.1568 3.6630e-01     0.1273      0.015    1449.31     75.368     6.0064  45.564738  0.000e+00
      3.451     2.1500    27.7468    22.1565 3.6630e-01     0.1285      0.015    1449.31     75.311     6.0018  45.564738  0.000e+00
      3.462     2.1499    27.7464    22.1562 3.5409e-01     0.1273      0.015    1449.31     75.309     6.0017  45.564739  0.000e+00
      3.487     2.1499    27.7470    22.1566 3.6630e-01     0.1273      0.015    1449.32     75.308     6.0015  45.564739  0.000e+00
      3.534     2.1499    27.7472    22.1568 3.6630e-01     0.1273      0.015    1449.32     75.306     6.0014  45.564740  0.000e+00
      3.558     2.1500    27.7475    22.1570 3.7851e-01     0.1273      0.015    1449.32     75.304     6.0012  45.564740  0.000e+00
      3.571     2.1499    27.7473    22.1569 3.6630e-01     0.1273      0.011    1449.32     75.302     6.0011  45.564741  0.000e+00
      3.606     2.1505    27.7464    22.1562 3.6630e-01     0.1273      0.015    1449.32     75.301     6.0009  45.564741  0.000e+00
      3.606     2.1514    27.7448    22.1548 3.6630e-01     0.1285      0.015    1449.32     75.363     6.0058  45.564742  0.000e+00
      3.642     2.1526    27.7420    22.1524 3.6630e-01     0.1285      0.015    1449.32     75.306     6.0012  45.564742  0.000e+00
      3.653     2.1538    27.7386    22.1497 3.6630e-01     0.1285      0.015    1449.32     75.303     6.0009  45.564742  0.000e+00
      3.702     2.1557    27.7345    22.1463 3.6630e-01     0.1285      0.015    1449.33     75.301     6.0006  45.564743  0.000e+00
      3.702     2.1559    27.7321    22.1444 3.6630e-01     0.1273      0.015    1449.33     75.298     6.0005  45.564743  0.000e+00
      3.726     2.1557    27.7315    22.1439 3.6630e-01     0.1285      0.015    1449.32     75.296     6.0004  45.564744  0.000e+00
      3.762     2.1546    27.7333    22.1454 3.6630e-01     0.1285      0.015    1449.32     75.295     6.0003  45.564744  0.000e+00
      3.772     2.1538    27.7361    22.1477 3.6630e-01     0.1285      0.015    1449.32     75.293     6.0002  45.564745  0.000e+00
