LA-1_20190212_down.cnv
* Sea-Bird SBE 9 Data File:
* FileName = C:\CTD Brukere\NIVA\OKOKYST2019\20190211\LA-1_20190212.hex
* Software Version Seasave V 7.23.2
* Temperature SN = 5352
* Conductivity SN = 3840
* Number of Bytes Per Scan = 28
* Number of Voltage Words = 4
* Number of Scans Averaged by the Deck Unit = 1
* NMEA baud rate = 4800
** Ship: R/V Trygve Braarud
** Cruise:
** Station:
** Operator:
# nquan = 12
# nvalues = 5922                                  
# units = specified
# name 0 = depSM: Depth [salt water, m], lat = 59.60
# name 1 = t090C: Temperature [ITS-90, deg C]
# name 2 = sal00: Salinity, Practical [PSU]
# name 3 = sigma-t00: Density [sigma-t, kg/m^3 ]
# name 4 = flSP: Fluorescence, Seapoint
# name 5 = wetStar: Fluorescence, WET Labs WETstar [mg/m^3]
# name 6 = seaTurbMtr: Turbidity, Seapoint [FTU]
# name 7 = svCM: Sound Velocity [Chen-Millero, m/s]
# name 8 = sbeox0PS: Oxygen, SBE 43 [% saturation]
# name 9 = sbeox0ML/L: Oxygen, SBE 43 [ml/l]
# name 10 = timeJ: Julian Days
# name 11 = flag:  0.000e+00
# span 0 =      0.394,    103.431                 
# span 1 =     1.2108,     7.8096                 
# span 2 =    20.2223,    34.7994                 
# span 3 =    16.1397,    27.1447                 
# span 4 = 1.4652e-01, 1.0623e+00                 
# span 5 =     0.1273,     0.1310                 
# span 6 =      0.007,      0.022                 
# span 7 =    1440.18,    1483.22                 
# span 8 =     67.021,     74.903                 
# span 9 =     4.6178,     5.8930                 
# span 10 =  43.460556,  43.463411                
# span 11 = 0.0000e+00, 0.0000e+00                
# interval = seconds: 0.0416667
# start_time = Feb 12 2019 11:03:12 [System UpLoad Time]
# bad_flag = -9.990e-29
*END*
[from data line 4933]
     96.287     7.7263    34.7116    27.0879 1.7094e-01     0.1310      0.015    1482.68     70.453     4.6873  43.462935  0.000e+00
     96.304     7.7257    34.7114    27.0879 1.7094e-01     0.1310      0.018    1482.68     70.384     4.6828  43.462935  0.000e+00
     96.287     7.7256    34.7118    27.0882 1.7094e-01     0.1310      0.018    1482.68     70.440     4.6865  43.462935  0.000e+00
     96.299     7.7257    34.7121    27.0884 1.5873e-01     0.1298      0.015    1482.68     70.378     4.6824  43.462936  0.000e+00
     96.291     7.7257    34.7122    27.0885 1.7094e-01     0.1298      0.018    1482.68     70.434     4.6861  43.462936  0.000e+00
     96.299     7.7258    34.7129    27.0890 1.7094e-01     0.1310      0.015    1482.68     70.373     4.6820  43.462937  0.000e+00
     96.291     7.7259    34.7128    27.0889 1.7094e-01     0.1310      0.015    1482.68     70.430     4.6857  43.462937  0.000e+00
     96.287     7.7259    34.7124    27.0886 1.7094e-01     0.1298      0.015    1482.68     70.431     4.6858  43.462938  0.000e+00
     96.287     7.7259    34.7129    27.0890 1.7094e-01     0.1310      0.015    1482.68     70.433     4.6859  43.462938  0.000e+00
     96.291     7.7259    34.7125    27.0887 1.7094e-01     0.1298      0.018    1482.68     70.434     4.6861  43.462939  0.000e+00
     96.287     7.7259    34.7120    27.0883 1.7094e-01     0.1298      0.015    1482.68     70.436     4.6862  43.462939  0.000e+00
     96.287     7.7256    34.7117    27.0881 1.7094e-01     0.1298      0.018    1482.68     70.437     4.6863  43.462940  0.000e+00
     96.279     7.7252    34.7117    27.0882 1.7094e-01     0.1310      0.015    1482.67     70.439     4.6865  43.462940  0.000e+00
     96.274     7.7248    34.7119    27.0883 1.5873e-01     0.1298      0.018    1482.67     70.378     4.6825  43.462941  0.000e+00
     96.279     7.7247    34.7116    27.0882 1.7094e-01     0.1298      0.015    1482.67     70.373     4.6821  43.462941  0.000e+00
     96.287     7.7246    34.7114    27.0880 1.7094e-01     0.1298      0.015    1482.67     70.367     4.6818  43.462942  0.000e+00
     96.287     7.7243    34.7118    27.0883 1.7094e-01     0.1310      0.015    1482.67     70.425     4.6856  43.462942  0.000e+00
     96.268     7.7244    34.7120    27.0885 1.7094e-01     0.1298      0.015    1482.67     70.427     4.6857  43.462943  0.000e+00
     96.274     7.7247    34.7113    27.0880 1.7094e-01     0.1310      0.015    1482.67     70.430     4.6859  43.462943  0.000e+00
     96.287     7.7244    34.7111    27.0878 1.7094e-01     0.1298      0.015    1482.67     70.370     4.6820  43.462944  0.000e+00
     96.268     7.7243    34.7111    27.0879 1.7094e-01     0.1310      0.018    1482.67     70.365     4.6817  43.462944  0.000e+00
     96.274     7.7243    34.7114    27.0881 1.7094e-01     0.1310      0.018    1482.67     70.361     4.6814  43.462945  0.000e+00
     96.268     7.7241    34.7120    27.0885 1.7094e-01     0.1310      0.018    1482.67     70.419     4.6852  43.462945  0.000e+00
     96.274     7.7243    34.7113    27.0880 1.7094e-01     0.1310      0.018    1482.67     70.423     4.6855  43.462946  0.000e+00
     96.274     7.7241    34.7108    27.0876 1.7094e-01     0.1310      0.015    1482.67     70.364     4.6816  43.462946  0.000e+00
     96.268     7.7237    34.7106    27.0875 1.7094e-01     0.1310      0.015    1482.67     70.360     4.6814  43.462947  0.000e+00
     96.263     7.7235    34.7109    27.0878 1.5873e-01     0.1310      0.018    1482.67     70.356     4.6812  43.462947  0.000e+00
     96.274     7.7237    34.7108    27.0877 1.7094e-01     0.1310      0.015    1482.67     70.353     4.6810  43.462948  0.000e+00
     96.255     7.7240    34.7102    27.0872 1.7094e-01     0.1298      0.015    1482.67     70.350     4.6808  43.462948  0.000e+00
     96.263     7.7241    34.7102    27.0871 1.7094e-01     0.1298      0.015    1482.67     70.348     4.6806  43.462948  0.000e+00
     96.263     7.7237    34.7107    27.0876 1.7094e-01     0.1310      0.018    1482.67     70.346     4.6805  43.462949  0.000e+00
     96.255     7.7240    34.7110    27.0878 1.7094e-01     0.1298      0.018    1482.67     70.344     4.6803  43.462949  0.000e+00
     96.263     7.7242    34.7118    27.0884 1.7094e-01     0.1310      0.018    1482.67     70.342     4.6801  43.462950  0.000e+00
     96.255     7.7243    34.7132    27.0895 1.5873e-01     0.1298      0.015    1482.67     70.341     4.6800  43.462950  0.000e+00
     96.250     7.7250    34.7132    27.0894 1.5873e-01     0.1310      0.015    1482.67     70.332     4.6793  43.462951  0.000e+00
     96.263     7.7252    34.7131    27.0892 1.7094e-01     0.1310      0.015    1482.68     70.332     4.6793  43.462951  0.000e+00
     96.255     7.7255    34.7126    27.0888 1.5873e-01     0.1310      0.018    1482.68     70.331     4.6792  43.462952  0.000e+00
     96.250     7.7256    34.7121    27.0884 1.7094e-01     0.1310      0.018    1482.68     70.330     4.6792  43.462952  0.000e+00
     96.250     7.7249    34.7114    27.0880 1.8315e-01     0.1310      0.018    1482.67     70.331     4.6793  43.462953  0.000e+00
     96.255     7.7248    34.7111    27.0877 1.8315e-01     0.1298      0.015    1482.67     70.331     4.6793  43.462953  0.000e+00
     96.250     7.7243    34.7116    27.0882 1.8315e-01     0.1310      0.018    1482.67     70.332     4.6794  43.462954  0.000e+00
     96.255     7.7243    34.7116    27.0882 1.8315e-01     0.1310      0.018    1482.67     70.333     4.6795  43.462954  0.000e+00
     96.250     7.7241    34.7112    27.0879 1.9536e-01     0.1298      0.015    1482.67     70.326     4.6791  43.462955  0.000e+00
     96.250     7.7239    34.7113    27.0880 1.9536e-01     0.1298      0.015    1482.67     70.327     4.6792  43.462955  0.000e+00
     96.255     7.7235    34.7114    27.0882 1.8315e-01     0.1310      0.015    1482.67     70.329     4.6793  43.462956  0.000e+00
     96.238     7.7236    34.7109    27.0878 1.9536e-01     0.1298      0.018    1482.67     70.331     4.6794  43.462956  0.000e+00
     96.250     7.7235    34.7107    27.0876 1.8315e-01     0.1298      0.018    1482.67     70.271     4.6755  43.462957  0.000e+00
     96.255     7.7233    34.7104    27.0874 1.7094e-01     0.1310      0.015    1482.66     70.328     4.6793  43.462957  0.000e+00
     96.250     7.7232    34.7108    27.0877 1.7094e-01     0.1298      0.018    1482.66     70.331     4.6795  43.462958  0.000e+00
     96.238     7.7233    34.7102    27.0873 1.7094e-01     0.1298      0.018    1482.66     70.272     4.6756  43.462958  0.000e+00
     96.255     7.7229    34.7103    27.0874 1.7094e-01     0.1298      0.015    1482.66     70.261     4.6749  43.462959  0.000e+00
     96.250     7.7228    34.7103    27.0874 1.7094e-01     0.1298      0.015    1482.66     70.320     4.6789  43.462959  0.000e+00
     96.243     7.7227    34.7109    27.0879 1.7094e-01     0.1298      0.018    1482.66     70.255     4.6745  43.462960  0.000e+00
     96.250     7.7232    34.7106    27.0876 1.7094e-01     0.1298      0.015    1482.66     70.253     4.6743  43.462960  0.000e+00
     96.238     7.7228    34.7107    27.0877 1.7094e-01     0.1298      0.015    1482.66     70.305     4.6778  43.462961  0.000e+00
     96.255     7.7229    34.7113    27.0882 1.7094e-01     0.1310      0.015    1482.66     70.249     4.6741  43.462961  0.000e+00
     96.250     7.7228    34.7121    27.0888 1.7094e-01     0.1310      0.018    1482.66     70.247     4.6740  43.462962  0.000e+00
     96.250     7.7231    34.7122    27.0889 1.7094e-01     0.1310      0.015    1482.67     70.247     4.6739  43.462962  0.000e+00
     96.255     7.7235    34.7135    27.0898 1.7094e-01     0.1298      0.015    1482.67     70.247     4.6738  43.462962  0.000e+00
     96.238     7.7239    34.7145    27.0906 1.8315e-01     0.1298      0.015    1482.67     70.247     4.6738  43.462963  0.000e+00
     96.250     7.7244    34.7142    27.0903 1.8315e-01     0.1298      0.015    1482.67     70.248     4.6738  43.462963  0.000e+00
     96.255     7.7248    34.7130    27.0892 1.7094e-01     0.1298      0.015    1482.67     70.250     4.6739  43.462964  0.000e+00
     96.250     7.7251    34.7125    27.0888 1.7094e-01     0.1310      0.015    1482.67     70.245     4.6735  43.462964  0.000e+00
     96.243     7.7251    34.7117    27.0882 1.7094e-01     0.1298      0.015    1482.67     70.240     4.6732  43.462965  0.000e+00
     96.263     7.7250    34.7118    27.0883 1.7094e-01     0.1298      0.018    1482.67     70.236     4.6729  43.462965  0.000e+00
     96.250     7.7251    34.7120    27.0884 1.7094e-01     0.1310      0.018    1482.67     70.239     4.6731  43.462966  0.000e+00
     96.255     7.7250    34.7121    27.0885 1.7094e-01     0.1298      0.015    1482.67     70.305     4.6776  43.462966  0.000e+00
     96.238     7.7248    34.7124    27.0888 1.7094e-01     0.1310      0.015    1482.67     70.317     4.6784  43.462967  0.000e+00
     96.263     7.7245    34.7125    27.0889 1.7094e-01     0.1298      0.018    1482.67     70.259     4.6745  43.462967  0.000e+00
     96.255     7.7243    34.7118    27.0884 1.7094e-01     0.1298      0.015    1482.67     70.256     4.6744  43.462968  0.000e+00
     96.250     7.7240    34.7119    27.0885 1.5873e-01     0.1298      0.015    1482.67     70.254     4.6743  43.462968  0.000e+00
     96.255     7.7241    34.7122    27.0887 1.5873e-01     0.1298      0.015    1482.67     70.259     4.6746  43.462969  0.000e+00
     96.263     7.7246    34.7127    27.0891 1.5873e-01     0.1298      0.015    1482.67     70.266     4.6750  43.462969  0.000e+00
     96.263     7.7247    34.7126    27.0890 1.5873e-01     0.1310      0.015    1482.67     70.265     4.6749  43.462970  0.000e+00
     96.255     7.7248    34.7119    27.0884 1.7094e-01     0.1310      0.018    1482.67     70.264     4.6749  43.462970  0.000e+00
     96.250     7.7245    34.7117    27.0883 1.7094e-01     0.1310      0.018    1482.67     70.264     4.6749  43.462971  0.000e+00
     96.263     7.7243    34.7114    27.0880 1.7094e-01     0.1298      0.015    1482.67     70.264     4.6749  43.462971  0.000e+00
     96.268     7.7239    34.7116    27.0883 1.7094e-01     0.1298      0.018    1482.67     70.264     4.6750  43.462972  0.000e+00
     96.263     7.7241    34.7119    27.0885 1.8315e-01     0.1298      0.018    1482.67     70.265     4.6750  43.462972  0.000e+00
     96.263     7.7246    34.7121    27.0886 1.9536e-01     0.1310      0.018    1482.67     70.266     4.6750  43.462973  0.000e+00
     96.255     7.7250    34.7114    27.0879 1.9536e-01     0.1310      0.015    1482.67     70.267     4.6750  43.462973  0.000e+00
     96.274     7.7249    34.7115    27.0880 1.8315e-01     0.1310      0.015    1482.67     70.269     4.6752  43.462974  0.000e+00
     96.255     7.7248    34.7112    27.0878 1.8315e-01     0.1298      0.015    1482.67     70.208     4.6711  43.462974  0.000e+00
     96.274     7.7246    34.7113    27.0879 1.8315e-01     0.1310      0.018    1482.67     70.265     4.6750  43.462975  0.000e+00
     96.263     7.7243    34.7110    27.0877 1.7094e-01     0.1298      0.015    1482.67     70.268     4.6752  43.462975  0.000e+00
     96.279     7.7240    34.7113    27.0880 1.7094e-01     0.1310      0.015    1482.67     70.271     4.6755  43.462976  0.000e+00
     96.263     7.7239    34.7111    27.0879 1.7094e-01     0.1298      0.018    1482.67     70.275     4.6757  43.462976  0.000e+00
     96.263     7.7238    34.7110    27.0878 1.7094e-01     0.1310      0.018    1482.67     70.278     4.6759  43.462976  0.000e+00
     96.279     7.7238    34.7110    27.0878 1.7094e-01     0.1310      0.015    1482.67     70.283     4.6762  43.462977  0.000e+00
     96.274     7.7239    34.7114    27.0881 1.7094e-01     0.1310      0.015    1482.67     70.287     4.6765  43.462977  0.000e+00
     96.268     7.7236    34.7113    27.0881 1.7094e-01     0.1298      0.015    1482.67     70.229     4.6727  43.462978  0.000e+00
     96.274     7.7237    34.7116    27.0883 1.7094e-01     0.1310      0.015    1482.67     70.289     4.6767  43.462978  0.000e+00
     96.274     7.7238    34.7122    27.0887 1.7094e-01     0.1298      0.015    1482.67     70.295     4.6770  43.462979  0.000e+00
     96.279     7.7237    34.7125    27.0890 1.7094e-01     0.1298      0.018    1482.67     70.239     4.6733  43.462979  0.000e+00
     96.274     7.7238    34.7122    27.0887 1.7094e-01     0.1298      0.018    1482.67     70.300     4.6773  43.462980  0.000e+00
     96.287     7.7237    34.7122    27.0888 1.5873e-01     0.1298      0.015    1482.67     70.299     4.6773  43.462980  0.000e+00
     96.279     7.7236    34.7123    27.0888 1.5873e-01     0.1298      0.015    1482.67     70.244     4.6736  43.462981  0.000e+00
     96.287     7.7238    34.7115    27.0882 1.7094e-01     0.1310      0.015    1482.67     70.306     4.6778  43.462981  0.000e+00
     96.263     7.7237    34.7115    27.0882 1.7094e-01     0.1310      0.015    1482.67     70.243     4.6736  43.462982  0.000e+00
     96.304     7.7236    34.7105    27.0874 1.7094e-01     0.1298      0.015    1482.67     70.237     4.6732  43.462982  0.000e+00
     96.287     7.7234    34.7109    27.0878 1.8315e-01     0.1298      0.015    1482.67     70.237     4.6733  43.462983  0.000e+00
     96.291     7.7232    34.7110    27.0879 1.8315e-01     0.1310      0.015    1482.67     70.231     4.6729  43.462983  0.000e+00
     96.287     7.7232    34.7111    27.0880 1.8315e-01     0.1298      0.015    1482.67     70.288     4.6766  43.462984  0.000e+00
     96.287     7.7232    34.7110    27.0879 1.7094e-01     0.1310      0.015    1482.67     70.235     4.6731  43.462984  0.000e+00
     96.304     7.7235    34.7123    27.0889 1.7094e-01     0.1310      0.015    1482.67     70.292     4.6768  43.462985  0.000e+00
     96.299     7.7246    34.7143    27.0903 1.8315e-01     0.1298      0.018    1482.67     70.294     4.6768  43.462985  0.000e+00
     96.287     7.7257    34.7147    27.0905 1.7094e-01     0.1298      0.015    1482.68     70.296     4.6768  43.462986  0.000e+00
     96.291     7.7259    34.7145    27.0903 1.8315e-01     0.1298      0.015    1482.68     70.236     4.6728  43.462986  0.000e+00
     96.299     7.7260    34.7145    27.0903 1.8315e-01     0.1298      0.015    1482.68     70.231     4.6724  43.462987  0.000e+00
     96.304     7.7266    34.7149    27.0904 1.8315e-01     0.1310      0.015    1482.68     70.289     4.6762  43.462987  0.000e+00
     96.299     7.7275    34.7148    27.0902 1.9536e-01     0.1310      0.018    1482.69     70.229     4.6722  43.462988  0.000e+00
     96.312     7.7280    34.7149    27.0902 2.0757e-01     0.1298      0.015    1482.69     70.225     4.6718  43.462988  0.000e+00
     96.304     7.7276    34.7141    27.0897 2.3199e-01     0.1310      0.015    1482.69     70.221     4.6716  43.462989  0.000e+00
     96.312     7.7271    34.7126    27.0886 2.5641e-01     0.1310      0.018    1482.68     70.217     4.6715  43.462989  0.000e+00
     96.299     7.7261    34.7119    27.0882 2.5641e-01     0.1298      0.015    1482.68     70.276     4.6755  43.462989  0.000e+00
     96.304     7.7252    34.7111    27.0876 2.4420e-01     0.1310      0.018    1482.67     70.288     4.6764  43.462990  0.000e+00
     96.312     7.7251    34.7109    27.0876 2.1978e-01     0.1298      0.018    1482.67     70.238     4.6731  43.462990  0.000e+00
     96.304     7.7248    34.7112    27.0878 1.9536e-01     0.1310      0.015    1482.67     70.297     4.6771  43.462991  0.000e+00
     96.323     7.7247    34.7112    27.0878 1.9536e-01     0.1298      0.015    1482.67     70.303     4.6775  43.462991  0.000e+00
