LA-1_20190212_down.cnv
* Sea-Bird SBE 9 Data File:
* FileName = C:\CTD Brukere\NIVA\OKOKYST2019\20190211\LA-1_20190212.hex
* Software Version Seasave V 7.23.2
* Temperature SN = 5352
* Conductivity SN = 3840
* Number of Bytes Per Scan = 28
* Number of Voltage Words = 4
* Number of Scans Averaged by the Deck Unit = 1
* NMEA baud rate = 4800
** Ship: R/V Trygve Braarud
** Cruise:
** Station:
** Operator:
# nquan = 12
# nvalues = 5922                                  
# units = specified
# name 0 = depSM: Depth [salt water, m], lat = 59.60
# name 1 = t090C: Temperature [ITS-90, deg C]
# name 2 = sal00: Salinity, Practical [PSU]
# name 3 = sigma-t00: Density [sigma-t, kg/m^3 ]
# name 4 = flSP: Fluorescence, Seapoint
# name 5 = wetStar: Fluorescence, WET Labs WETstar [mg/m^3]
# name 6 = seaTurbMtr: Turbidity, Seapoint [FTU]
# name 7 = svCM: Sound Velocity [Chen-Millero, m/s]
# name 8 = sbeox0PS: Oxygen, SBE 43 [% saturation]
# name 9 = sbeox0ML/L: Oxygen, SBE 43 [ml/l]
# name 10 = timeJ: Julian Days
# name 11 = flag:  0.000e+00
# span 0 =      0.394,    103.431                 
# span 1 =     1.2108,     7.8096                 
# span 2 =    20.2223,    34.7994                 
# span 3 =    16.1397,    27.1447                 
# span 4 = 1.4652e-01, 1.0623e+00                 
# span 5 =     0.1273,     0.1310                 
# span 6 =      0.007,      0.022                 
# span 7 =    1440.18,    1483.22                 
# span 8 =     67.021,     74.903                 
# span 9 =     4.6178,     5.8930                 
# span 10 =  43.460556,  43.463411                
# span 11 = 0.0000e+00, 0.0000e+00                
# interval = seconds: 0.0416667
# start_time = Feb 12 2019 11:03:12 [System UpLoad Time]
# bad_flag = -9.990e-29
*END*
[from data line 2767]
     52.192     5.6415    33.5064    26.4163 2.1978e-01     0.1298      0.015    1472.29     70.802     4.9820  43.461890  0.000e+00
     52.228     5.6418    33.5060    26.4160 2.3199e-01     0.1298      0.015    1472.29     70.803     4.9820  43.461890  0.000e+00
     52.228     5.6418    33.5060    26.4160 2.1978e-01     0.1298      0.015    1472.29     70.804     4.9822  43.461891  0.000e+00
     52.253     5.6417    33.5062    26.4162 2.1978e-01     0.1298      0.015    1472.29     70.808     4.9824  43.461891  0.000e+00
     52.264     5.6418    33.5065    26.4164 2.1978e-01     0.1310      0.015    1472.29     70.804     4.9821  43.461892  0.000e+00
     52.288     5.6418    33.5067    26.4166 2.1978e-01     0.1298      0.015    1472.29     70.809     4.9825  43.461892  0.000e+00
     52.288     5.6420    33.5068    26.4166 2.1978e-01     0.1298      0.018    1472.29     70.808     4.9823  43.461893  0.000e+00
     52.313     5.6420    33.5068    26.4166 2.1978e-01     0.1298      0.018    1472.29     70.807     4.9823  43.461893  0.000e+00
     52.324     5.6420    33.5071    26.4168 2.1978e-01     0.1298      0.018    1472.29     70.808     4.9823  43.461894  0.000e+00
     52.337     5.6420    33.5072    26.4169 2.1978e-01     0.1298      0.018    1472.29     70.746     4.9780  43.461894  0.000e+00
     52.349     5.6424    33.5073    26.4170 2.1978e-01     0.1298      0.015    1472.29     70.804     4.9820  43.461895  0.000e+00
     52.373     5.6425    33.5068    26.4166 2.1978e-01     0.1298      0.018    1472.29     70.808     4.9823  43.461895  0.000e+00
     52.384     5.6422    33.5067    26.4165 2.1978e-01     0.1298      0.018    1472.29     70.741     4.9776  43.461896  0.000e+00
     52.384     5.6422    33.5068    26.4166 2.1978e-01     0.1298      0.015    1472.29     70.739     4.9775  43.461896  0.000e+00
     52.422     5.6422    33.5066    26.4164 2.1978e-01     0.1298      0.018    1472.29     70.738     4.9774  43.461897  0.000e+00
     52.422     5.6422    33.5068    26.4166 2.4420e-01     0.1298      0.015    1472.29     70.739     4.9775  43.461897  0.000e+00
     52.433     5.6422    33.5069    26.4167 2.5641e-01     0.1298      0.018    1472.29     70.740     4.9776  43.461898  0.000e+00
     52.457     5.6420    33.5069    26.4167 2.4420e-01     0.1285      0.018    1472.29     70.735     4.9772  43.461898  0.000e+00
     52.469     5.6415    33.5077    26.4174 2.3199e-01     0.1298      0.015    1472.29     70.731     4.9770  43.461899  0.000e+00
     52.482     5.6411    33.5074    26.4172 2.3199e-01     0.1298      0.015    1472.29     70.673     4.9730  43.461899  0.000e+00
     52.493     5.6412    33.5071    26.4169 2.1978e-01     0.1298      0.015    1472.29     70.664     4.9723  43.461900  0.000e+00
     52.518     5.6414    33.5073    26.4170 2.1978e-01     0.1298      0.015    1472.29     70.655     4.9717  43.461900  0.000e+00
     52.529     5.6412    33.5077    26.4175 2.1978e-01     0.1298      0.018    1472.29     70.711     4.9756  43.461901  0.000e+00
     52.542     5.6414    33.5074    26.4172 2.1978e-01     0.1298      0.018    1472.29     70.713     4.9758  43.461901  0.000e+00
     52.553     5.6412    33.5075    26.4173 2.0757e-01     0.1298      0.018    1472.29     70.654     4.9716  43.461902  0.000e+00
     52.578     5.6409    33.5073    26.4171 1.9536e-01     0.1298      0.018    1472.29     70.650     4.9714  43.461902  0.000e+00
     52.589     5.6412    33.5068    26.4167 2.0757e-01     0.1298      0.015    1472.29     70.648     4.9712  43.461902  0.000e+00
     52.602     5.6408    33.5070    26.4169 2.1978e-01     0.1298      0.015    1472.29     70.647     4.9712  43.461903  0.000e+00
     52.625     5.6404    33.5075    26.4173 2.1978e-01     0.1298      0.015    1472.29     70.648     4.9713  43.461903  0.000e+00
     52.649     5.6406    33.5079    26.4176 2.1978e-01     0.1298      0.015    1472.29     70.650     4.9714  43.461904  0.000e+00
     52.662     5.6411    33.5084    26.4180 2.0757e-01     0.1298      0.018    1472.30     70.653     4.9715  43.461904  0.000e+00
     52.662     5.6414    33.5094    26.4187 2.0757e-01     0.1298      0.015    1472.30     70.649     4.9711  43.461905  0.000e+00
     52.698     5.6431    33.5128    26.4212 2.0757e-01     0.1298      0.018    1472.31     70.654     4.9712  43.461905  0.000e+00
     52.709     5.6455    33.5160    26.4234 2.0757e-01     0.1298      0.018    1472.32     70.652     4.9707  43.461906  0.000e+00
     52.734     5.6485    33.5165    26.4235 2.0757e-01     0.1298      0.018    1472.34     70.652     4.9703  43.461906  0.000e+00
     52.745     5.6507    33.5183    26.4246 2.1978e-01     0.1298      0.018    1472.35     70.660     4.9706  43.461907  0.000e+00
     52.758     5.6540    33.5222    26.4274 2.1978e-01     0.1298      0.015    1472.37     70.662     4.9701  43.461907  0.000e+00
     52.783     5.6581    33.5252    26.4292 2.1978e-01     0.1298      0.015    1472.39     70.672     4.9703  43.461908  0.000e+00
     52.805     5.6621    33.5278    26.4308 2.0757e-01     0.1298      0.015    1472.41     70.613     4.9656  43.461908  0.000e+00
     52.818     5.6662    33.5292    26.4314 2.0757e-01     0.1298      0.015    1472.43     70.673     4.9693  43.461909  0.000e+00
     52.843     5.6700    33.5308    26.4322 2.0757e-01     0.1298      0.015    1472.44     70.679     4.9693  43.461909  0.000e+00
     52.865     5.6739    33.5321    26.4328 2.0757e-01     0.1298      0.015    1472.46     70.624     4.9648  43.461910  0.000e+00
     52.878     5.6776    33.5322    26.4324 2.0757e-01     0.1298      0.015    1472.48     70.687     4.9688  43.461910  0.000e+00
     52.903     5.6809    33.5330    26.4327 2.0757e-01     0.1298      0.018    1472.49     70.634     4.9647  43.461911  0.000e+00
     52.914     5.6846    33.5346    26.4335 2.0757e-01     0.1298      0.018    1472.51     70.637     4.9644  43.461911  0.000e+00
     52.939     5.6885    33.5372    26.4350 2.0757e-01     0.1298      0.015    1472.53     70.632     4.9636  43.461912  0.000e+00
     52.963     5.6929    33.5403    26.4370 2.0757e-01     0.1310      0.018    1472.55     70.637     4.9633  43.461912  0.000e+00
     52.987     5.6980    33.5438    26.4391 2.0757e-01     0.1298      0.018    1472.57     70.644     4.9630  43.461913  0.000e+00
     53.010     5.7039    33.5466    26.4406 2.0757e-01     0.1298      0.018    1472.60     70.643     4.9622  43.461913  0.000e+00
     53.034     5.7098    33.5479    26.4409 1.9536e-01     0.1298      0.018    1472.63     70.643     4.9615  43.461914  0.000e+00
     53.047     5.7149    33.5504    26.4423 2.0757e-01     0.1298      0.015    1472.65     70.644     4.9609  43.461914  0.000e+00
     53.083     5.7216    33.5529    26.4435 1.9536e-01     0.1298      0.015    1472.68     70.647     4.9602  43.461915  0.000e+00
     53.095     5.7276    33.5537    26.4433 1.9536e-01     0.1298      0.015    1472.71     70.650     4.9597  43.461915  0.000e+00
     53.130     5.7329    33.5534    26.4425 2.0757e-01     0.1298      0.015    1472.73     70.654     4.9594  43.461916  0.000e+00
     53.155     5.7365    33.5539    26.4424 2.0757e-01     0.1298      0.015    1472.74     70.660     4.9593  43.461916  0.000e+00
     53.179     5.7390    33.5537    26.4420 2.0757e-01     0.1298      0.015    1472.75     70.666     4.9595  43.461916  0.000e+00
     53.204     5.7413    33.5554    26.4430 2.0757e-01     0.1298      0.015    1472.77     70.674     4.9597  43.461917  0.000e+00
     53.215     5.7448    33.5602    26.4464 2.0757e-01     0.1298      0.018    1472.79     70.683     4.9598  43.461917  0.000e+00
     53.251     5.7508    33.5651    26.4496 2.0757e-01     0.1298      0.018    1472.82     70.683     4.9590  43.461918  0.000e+00
     53.275     5.7582    33.5678    26.4507 1.9536e-01     0.1298      0.018    1472.85     70.693     4.9587  43.461918  0.000e+00
     53.299     5.7662    33.5692    26.4509 1.9536e-01     0.1298      0.018    1472.88     70.704     4.9585  43.461919  0.000e+00
     53.324     5.7730    33.5684    26.4494 1.9536e-01     0.1298      0.018    1472.91     70.707     4.9580  43.461919  0.000e+00
     53.371     5.7778    33.5676    26.4482 1.9536e-01     0.1298      0.018    1472.93     70.649     4.9534  43.461920  0.000e+00
     53.371     5.7814    33.5668    26.4471 2.0757e-01     0.1298      0.018    1472.94     70.709     4.9572  43.461920  0.000e+00
     53.407     5.7844    33.5680    26.4477 2.0757e-01     0.1298      0.018    1472.96     70.716     4.9572  43.461921  0.000e+00
     53.420     5.7879    33.5718    26.4503 2.0757e-01     0.1298      0.015    1472.98     70.722     4.9572  43.461921  0.000e+00
     53.456     5.7937    33.5754    26.4525 2.0757e-01     0.1298      0.018    1473.01     70.730     4.9569  43.461922  0.000e+00
     53.491     5.8007    33.5773    26.4531 2.0757e-01     0.1298      0.015    1473.04     70.738     4.9566  43.461922  0.000e+00
     53.504     5.8066    33.5771    26.4522 2.0757e-01     0.1298      0.018    1473.06     70.675     4.9515  43.461923  0.000e+00
     53.540     5.8106    33.5764    26.4512 2.3199e-01     0.1298      0.018    1473.08     70.731     4.9550  43.461923  0.000e+00
     53.564     5.8135    33.5777    26.4519 2.3199e-01     0.1298      0.015    1473.09     70.670     4.9503  43.461924  0.000e+00
     53.600     5.8173    33.5796    26.4529 2.1978e-01     0.1298      0.018    1473.11     70.672     4.9500  43.461924  0.000e+00
     53.612     5.8214    33.5810    26.4535 2.0757e-01     0.1298      0.015    1473.13     70.676     4.9497  43.461925  0.000e+00
     53.636     5.8254    33.5804    26.4525 2.0757e-01     0.1298      0.015    1473.14     70.734     4.9534  43.461925  0.000e+00
     53.672     5.8283    33.5812    26.4528 2.0757e-01     0.1285      0.018    1473.15     70.676     4.9489  43.461926  0.000e+00
     53.709     5.8320    33.5840    26.4545 2.0757e-01     0.1298      0.015    1473.17     70.736     4.9526  43.461926  0.000e+00
     53.733     5.8376    33.5862    26.4556 2.0757e-01     0.1298      0.015    1473.20     70.679     4.9479  43.461927  0.000e+00
     53.769     5.8424    33.5862    26.4550 1.9536e-01     0.1298      0.018    1473.22     70.677     4.9472  43.461927  0.000e+00
     53.794     5.8460    33.5862    26.4546 1.9536e-01     0.1298      0.015    1473.23     70.676     4.9467  43.461928  0.000e+00
     53.816     5.8490    33.5870    26.4548 2.0757e-01     0.1298      0.018    1473.25     70.613     4.9419  43.461928  0.000e+00
     53.841     5.8519    33.5877    26.4550 2.0757e-01     0.1298      0.015    1473.26     70.605     4.9410  43.461929  0.000e+00
     53.865     5.8545    33.5880    26.4550 2.0757e-01     0.1298      0.015    1473.27     70.661     4.9446  43.461929  0.000e+00
     53.912     5.8568    33.5874    26.4542 2.0757e-01     0.1298      0.015    1473.28     70.664     4.9445  43.461929  0.000e+00
     53.925     5.8585    33.5868    26.4535 2.0757e-01     0.1298      0.015    1473.29     70.604     4.9402  43.461930  0.000e+00
     53.950     5.8595    33.5868    26.4534 2.0757e-01     0.1298      0.015    1473.29     70.600     4.9398  43.461930  0.000e+00
     53.985     5.8602    33.5871    26.4535 1.9536e-01     0.1298      0.018    1473.29     70.723     4.9483  43.461931  0.000e+00
     54.021     5.8604    33.5871    26.4535 2.0757e-01     0.1298      0.015    1473.30     70.611     4.9404  43.461931  0.000e+00
     54.046     5.8606    33.5874    26.4538 1.9536e-01     0.1298      0.015    1473.30     70.601     4.9397  43.461932  0.000e+00
     54.070     5.8610    33.5877    26.4539 1.9536e-01     0.1298      0.015    1473.30     70.600     4.9396  43.461932  0.000e+00
     54.104     5.8613    33.5877    26.4539 1.9536e-01     0.1298      0.015    1473.30     70.601     4.9396  43.461933  0.000e+00
     54.130     5.8617    33.5882    26.4542 2.0757e-01     0.1298      0.015    1473.30     70.594     4.9390  43.461933  0.000e+00
     54.155     5.8619    33.5893    26.4551 2.0757e-01     0.1298      0.018    1473.31     70.658     4.9435  43.461934  0.000e+00
     54.190     5.8630    33.5901    26.4556 2.0757e-01     0.1298      0.015    1473.31     70.723     4.9479  43.461934  0.000e+00
     54.202     5.8641    33.5937    26.4583 2.0757e-01     0.1298      0.015    1473.32     70.608     4.9396  43.461935  0.000e+00
     54.237     5.8686    33.6041    26.4659 2.0757e-01     0.1298      0.018    1473.35     70.602     4.9383  43.461935  0.000e+00
     54.260     5.8792    33.6191    26.4765 2.0757e-01     0.1298      0.015    1473.42     70.596     4.9362  43.461936  0.000e+00
     54.311     5.8971    33.6337    26.4858 2.0757e-01     0.1298      0.018    1473.51     70.591     4.9333  43.461936  0.000e+00
     54.322     5.9154    33.6386    26.4874 2.0757e-01     0.1298      0.015    1473.59     70.586     4.9306  43.461937  0.000e+00
     54.346     5.9284    33.6368    26.4844 2.0757e-01     0.1298      0.015    1473.64     70.582     4.9289  43.461937  0.000e+00
     54.371     5.9384    33.6345    26.4814 2.0757e-01     0.1298      0.015    1473.67     70.579     4.9276  43.461938  0.000e+00
     54.395     5.9450    33.6352    26.4810 1.9536e-01     0.1298      0.015    1473.70     70.577     4.9267  43.461938  0.000e+00
     54.429     5.9502    33.6346    26.4799 1.9536e-01     0.1298      0.018    1473.72     70.701     4.9348  43.461939  0.000e+00
     54.442     5.9532    33.6340    26.4791 1.9536e-01     0.1298      0.018    1473.73     70.654     4.9312  43.461939  0.000e+00
     54.467     5.9555    33.6341    26.4789 1.9536e-01     0.1298      0.018    1473.74     70.599     4.9271  43.461940  0.000e+00
     54.491     5.9578    33.6367    26.4807 1.9536e-01     0.1298      0.015    1473.76     70.599     4.9267  43.461940  0.000e+00
     54.527     5.9608    33.6406    26.4833 1.9536e-01     0.1298      0.015    1473.77     70.600     4.9263  43.461941  0.000e+00
     54.550     5.9650    33.6444    26.4859 1.9536e-01     0.1298      0.018    1473.79     70.601     4.9258  43.461941  0.000e+00
     54.563     5.9715    33.6456    26.4860 1.9536e-01     0.1298      0.018    1473.82     70.603     4.9251  43.461942  0.000e+00
     54.587     5.9772    33.6463    26.4859 1.9536e-01     0.1298      0.018    1473.85     70.606     4.9246  43.461942  0.000e+00
     54.611     5.9811    33.6483    26.4869 1.9536e-01     0.1298      0.015    1473.86     70.609     4.9244  43.461943  0.000e+00
     54.647     5.9849    33.6505    26.4882 1.9536e-01     0.1298      0.015    1473.88     70.613     4.9241  43.461943  0.000e+00
     54.659     5.9892    33.6527    26.4894 1.9536e-01     0.1298      0.018    1473.90     70.610     4.9233  43.461943  0.000e+00
     54.683     5.9936    33.6527    26.4888 1.9536e-01     0.1298      0.018    1473.92     70.615     4.9232  43.461944  0.000e+00
     54.707     5.9966    33.6519    26.4878 1.9536e-01     0.1310      0.015    1473.93     70.621     4.9233  43.461944  0.000e+00
     54.732     5.9989    33.6513    26.4871 1.9536e-01     0.1298      0.015    1473.94     70.627     4.9235  43.461945  0.000e+00
     54.741     6.0003    33.6515    26.4870 1.9536e-01     0.1298      0.018    1473.95     70.697     4.9282  43.461945  0.000e+00
     54.780     6.0019    33.6513    26.4867 1.9536e-01     0.1298      0.015    1473.95     70.713     4.9291  43.461946  0.000e+00
     54.792     6.0028    33.6506    26.4860 1.9536e-01     0.1298      0.015    1473.96     70.658     4.9252  43.461946  0.000e+00
     54.816     6.0035    33.6516    26.4867 1.9536e-01     0.1298      0.018    1473.96     70.666     4.9257  43.461947  0.000e+00
     54.828     6.0041    33.6522    26.4871 1.9536e-01     0.1298      0.015    1473.96     70.667     4.9256  43.461947  0.000e+00
