LA-1_20190212_down.cnv
* Sea-Bird SBE 9 Data File:
* FileName = C:\CTD Brukere\NIVA\OKOKYST2019\20190211\LA-1_20190212.hex
* Software Version Seasave V 7.23.2
* Temperature SN = 5352
* Conductivity SN = 3840
* Number of Bytes Per Scan = 28
* Number of Voltage Words = 4
* Number of Scans Averaged by the Deck Unit = 1
* NMEA baud rate = 4800
** Ship: R/V Trygve Braarud
** Cruise:
** Station:
** Operator:
# nquan = 12
# nvalues = 5922                                  
# units = specified
# name 0 = depSM: Depth [salt water, m], lat = 59.60
# name 1 = t090C: Temperature [ITS-90, deg C]
# name 2 = sal00: Salinity, Practical [PSU]
# name 3 = sigma-t00: Density [sigma-t, kg/m^3 ]
# name 4 = flSP: Fluorescence, Seapoint
# name 5 = wetStar: Fluorescence, WET Labs WETstar [mg/m^3]
# name 6 = seaTurbMtr: Turbidity, Seapoint [FTU]
# name 7 = svCM: Sound Velocity [Chen-Millero, m/s]
# name 8 = sbeox0PS: Oxygen, SBE 43 [% saturation]
# name 9 = sbeox0ML/L: Oxygen, SBE 43 [ml/l]
# name 10 = timeJ: Julian Days
# name 11 = flag:  0.000e+00
# span 0 =      0.394,    103.431                 
# span 1 =     1.2108,     7.8096                 
# span 2 =    20.2223,    34.7994                 
# span 3 =    16.1397,    27.1447                 
# span 4 = 1.4652e-01, 1.0623e+00                 
# span 5 =     0.1273,     0.1310                 
# span 6 =      0.007,      0.022                 
# span 7 =    1440.18,    1483.22                 
# span 8 =     67.021,     74.903                 
# span 9 =     4.6178,     5.8930                 
# span 10 =  43.460556,  43.463411                
# span 11 = 0.0000e+00, 0.0000e+00                
# interval = seconds: 0.0416667
# start_time = Feb 12 2019 11:03:12 [System UpLoad Time]
# bad_flag = -9.990e-29
*END*
[from data line 5294]
    100.266     7.7761    34.7635    27.1214 1.7094e-01     0.1298      0.018    1483.00     70.492     4.6830  43.463109  0.000e+00
    100.266     7.7763    34.7638    27.1216 1.5873e-01     0.1298      0.015    1483.00     70.429     4.6788  43.463109  0.000e+00
    100.288     7.7767    34.7649    27.1224 1.5873e-01     0.1310      0.015    1483.00     70.491     4.6828  43.463110  0.000e+00
    100.315     7.7773    34.7652    27.1225 1.7094e-01     0.1298      0.015    1483.01     70.498     4.6832  43.463110  0.000e+00
    100.315     7.7778    34.7656    27.1228 1.5873e-01     0.1310      0.015    1483.01     70.496     4.6830  43.463111  0.000e+00
    100.337     7.7779    34.7653    27.1225 1.7094e-01     0.1310      0.018    1483.01     70.502     4.6834  43.463111  0.000e+00
    100.349     7.7780    34.7648    27.1221 1.5873e-01     0.1298      0.018    1483.01     70.499     4.6833  43.463111  0.000e+00
    100.350     7.7780    34.7654    27.1226 1.5873e-01     0.1298      0.015    1483.01     70.496     4.6831  43.463112  0.000e+00
    100.375     7.7783    34.7664    27.1234 1.5873e-01     0.1310      0.018    1483.01     70.501     4.6833  43.463112  0.000e+00
    100.399     7.7786    34.7668    27.1236 1.5873e-01     0.1298      0.015    1483.01     70.505     4.6835  43.463113  0.000e+00
    100.398     7.7788    34.7666    27.1235 1.7094e-01     0.1298      0.015    1483.01     70.500     4.6832  43.463113  0.000e+00
    100.435     7.7788    34.7669    27.1237 1.5873e-01     0.1310      0.018    1483.01     70.503     4.6834  43.463114  0.000e+00
    100.435     7.7790    34.7664    27.1233 1.7094e-01     0.1310      0.018    1483.02     70.506     4.6835  43.463114  0.000e+00
    100.447     7.7791    34.7663    27.1231 1.7094e-01     0.1298      0.015    1483.02     70.508     4.6837  43.463115  0.000e+00
    100.471     7.7791    34.7665    27.1233 1.7094e-01     0.1298      0.015    1483.02     70.510     4.6838  43.463115  0.000e+00
    100.483     7.7789    34.7673    27.1240 1.7094e-01     0.1310      0.015    1483.02     70.512     4.6839  43.463116  0.000e+00
    100.507     7.7790    34.7674    27.1240 1.7094e-01     0.1298      0.015    1483.02     70.513     4.6840  43.463116  0.000e+00
    100.507     7.7793    34.7676    27.1242 1.7094e-01     0.1298      0.015    1483.02     70.514     4.6840  43.463117  0.000e+00
    100.532     7.7794    34.7685    27.1248 1.7094e-01     0.1298      0.015    1483.02     70.515     4.6840  43.463117  0.000e+00
    100.556     7.7801    34.7685    27.1248 1.7094e-01     0.1298      0.018    1483.02     70.578     4.6881  43.463118  0.000e+00
    100.554     7.7800    34.7688    27.1250 1.7094e-01     0.1298      0.018    1483.02     70.585     4.6886  43.463118  0.000e+00
    100.581     7.7802    34.7691    27.1252 1.7094e-01     0.1298      0.015    1483.03     70.592     4.6890  43.463119  0.000e+00
    100.592     7.7807    34.7685    27.1247 1.7094e-01     0.1310      0.015    1483.03     70.598     4.6894  43.463119  0.000e+00
    100.617     7.7809    34.7688    27.1248 1.7094e-01     0.1298      0.015    1483.03     70.603     4.6897  43.463120  0.000e+00
    100.630     7.7808    34.7692    27.1252 1.5873e-01     0.1310      0.018    1483.03     70.608     4.6900  43.463120  0.000e+00
    100.628     7.7812    34.7700    27.1258 1.5873e-01     0.1310      0.018    1483.03     70.612     4.6902  43.463121  0.000e+00
    100.652     7.7812    34.7703    27.1260 1.7094e-01     0.1310      0.018    1483.03     70.615     4.6905  43.463121  0.000e+00
    100.652     7.7817    34.7701    27.1258 1.5873e-01     0.1310      0.018    1483.03     70.618     4.6906  43.463122  0.000e+00
    100.677     7.7815    34.7702    27.1258 1.5873e-01     0.1310      0.015    1483.03     70.558     4.6866  43.463122  0.000e+00
    100.690     7.7815    34.7698    27.1255 1.5873e-01     0.1298      0.015    1483.03     70.615     4.6904  43.463123  0.000e+00
    100.713     7.7812    34.7697    27.1255 1.7094e-01     0.1298      0.018    1483.03     70.617     4.6906  43.463123  0.000e+00
    100.726     7.7813    34.7703    27.1260 1.7094e-01     0.1310      0.015    1483.03     70.617     4.6906  43.463124  0.000e+00
    100.726     7.7815    34.7706    27.1262 1.5873e-01     0.1298      0.018    1483.03     70.617     4.6906  43.463124  0.000e+00
    100.726     7.7815    34.7715    27.1269 1.5873e-01     0.1298      0.015    1483.04     70.617     4.6905  43.463125  0.000e+00
    100.775     7.7818    34.7716    27.1270 1.5873e-01     0.1298      0.018    1483.04     70.624     4.6909  43.463125  0.000e+00
    100.775     7.7823    34.7715    27.1268 1.5873e-01     0.1298      0.015    1483.04     70.630     4.6913  43.463125  0.000e+00
    100.773     7.7826    34.7716    27.1268 1.5873e-01     0.1298      0.018    1483.04     70.636     4.6916  43.463126  0.000e+00
    100.786     7.7828    34.7720    27.1271 1.5873e-01     0.1298      0.018    1483.04     70.634     4.6915  43.463126  0.000e+00
    100.799     7.7826    34.7723    27.1274 1.5873e-01     0.1298      0.018    1483.04     70.631     4.6913  43.463127  0.000e+00
    100.822     7.7829    34.7720    27.1271 1.5873e-01     0.1310      0.015    1483.04     70.628     4.6910  43.463127  0.000e+00
    100.822     7.7829    34.7718    27.1269 1.5873e-01     0.1298      0.018    1483.04     70.624     4.6908  43.463128  0.000e+00
    100.847     7.7829    34.7717    27.1268 1.5873e-01     0.1310      0.015    1483.04     70.619     4.6905  43.463128  0.000e+00
    100.847     7.7829    34.7719    27.1270 1.5873e-01     0.1298      0.015    1483.04     70.614     4.6901  43.463129  0.000e+00
    100.860     7.7829    34.7722    27.1272 1.5873e-01     0.1310      0.015    1483.04     70.608     4.6897  43.463129  0.000e+00
    100.884     7.7832    34.7723    27.1272 1.5873e-01     0.1298      0.015    1483.05     70.602     4.6893  43.463130  0.000e+00
    100.884     7.7831    34.7722    27.1272 1.5873e-01     0.1310      0.018    1483.05     70.595     4.6888  43.463130  0.000e+00
    100.896     7.7831    34.7727    27.1276 1.5873e-01     0.1310      0.018    1483.05     70.587     4.6883  43.463131  0.000e+00
    100.907     7.7834    34.7727    27.1276 1.5873e-01     0.1310      0.015    1483.05     70.524     4.6841  43.463131  0.000e+00
    100.932     7.7835    34.7728    27.1276 1.7094e-01     0.1298      0.015    1483.05     70.579     4.6877  43.463132  0.000e+00
    100.932     7.7834    34.7731    27.1278 1.7094e-01     0.1310      0.015    1483.05     70.578     4.6877  43.463132  0.000e+00
    100.945     7.7834    34.7729    27.1277 1.7094e-01     0.1298      0.018    1483.05     70.569     4.6871  43.463133  0.000e+00
    100.969     7.7836    34.7727    27.1275 1.8315e-01     0.1298      0.018    1483.05     70.567     4.6870  43.463133  0.000e+00
    100.969     7.7835    34.7729    27.1277 1.8315e-01     0.1310      0.015    1483.05     70.565     4.6868  43.463134  0.000e+00
    100.979     7.7837    34.7729    27.1276 1.7094e-01     0.1310      0.015    1483.05     70.563     4.6866  43.463134  0.000e+00
    100.992     7.7834    34.7729    27.1277 1.7094e-01     0.1298      0.015    1483.05     70.560     4.6865  43.463135  0.000e+00
    101.005     7.7837    34.7727    27.1275 1.7094e-01     0.1298      0.015    1483.05     70.557     4.6863  43.463135  0.000e+00
    101.029     7.7837    34.7726    27.1274 1.7094e-01     0.1298      0.018    1483.05     70.554     4.6861  43.463136  0.000e+00
    101.029     7.7837    34.7727    27.1275 1.7094e-01     0.1298      0.018    1483.05     70.550     4.6858  43.463136  0.000e+00
    101.041     7.7839    34.7732    27.1279 1.7094e-01     0.1310      0.018    1483.05     70.546     4.6855  43.463137  0.000e+00
    101.054     7.7839    34.7731    27.1278 1.7094e-01     0.1310      0.018    1483.05     70.542     4.6852  43.463137  0.000e+00
    101.052     7.7839    34.7735    27.1281 1.7094e-01     0.1298      0.018    1483.05     70.537     4.6849  43.463138  0.000e+00
    101.077     7.7840    34.7735    27.1281 1.7094e-01     0.1298      0.015    1483.05     70.533     4.6846  43.463138  0.000e+00
    101.090     7.7842    34.7744    27.1288 1.7094e-01     0.1298      0.018    1483.06     70.528     4.6842  43.463139  0.000e+00
    101.114     7.7848    34.7744    27.1287 1.7094e-01     0.1310      0.018    1483.06     70.522     4.6838  43.463139  0.000e+00
    101.101     7.7847    34.7749    27.1291 1.7094e-01     0.1298      0.018    1483.06     70.516     4.6834  43.463139  0.000e+00
    101.126     7.7847    34.7744    27.1287 1.7094e-01     0.1298      0.018    1483.06     70.573     4.6871  43.463140  0.000e+00
    101.126     7.7847    34.7748    27.1290 1.8315e-01     0.1298      0.015    1483.06     70.511     4.6830  43.463140  0.000e+00
    101.150     7.7847    34.7747    27.1289 1.8315e-01     0.1298      0.018    1483.06     70.566     4.6867  43.463141  0.000e+00
    101.150     7.7847    34.7740    27.1284 1.8315e-01     0.1298      0.015    1483.06     70.574     4.6872  43.463141  0.000e+00
    101.175     7.7844    34.7739    27.1284 1.8315e-01     0.1298      0.015    1483.06     70.581     4.6877  43.463142  0.000e+00
    101.175     7.7840    34.7739    27.1284 1.8315e-01     0.1310      0.015    1483.06     70.588     4.6882  43.463142  0.000e+00
    101.186     7.7840    34.7739    27.1284 1.7094e-01     0.1310      0.015    1483.06     70.595     4.6887  43.463143  0.000e+00
    101.211     7.7839    34.7742    27.1287 1.7094e-01     0.1298      0.015    1483.06     70.601     4.6891  43.463143  0.000e+00
    101.211     7.7839    34.7738    27.1283 1.5873e-01     0.1310      0.015    1483.06     70.607     4.6895  43.463144  0.000e+00
    101.235     7.7839    34.7736    27.1282 1.5873e-01     0.1310      0.015    1483.06     70.613     4.6899  43.463144  0.000e+00
    101.235     7.7837    34.7750    27.1293 1.5873e-01     0.1310      0.015    1483.06     70.618     4.6902  43.463145  0.000e+00
    101.247     7.7845    34.7760    27.1300 1.5873e-01     0.1310      0.015    1483.06     70.623     4.6904  43.463145  0.000e+00
    101.260     7.7850    34.7770    27.1307 1.7094e-01     0.1310      0.018    1483.06     70.620     4.6902  43.463146  0.000e+00
    101.284     7.7856    34.7769    27.1305 1.5873e-01     0.1310      0.015    1483.07     70.624     4.6904  43.463146  0.000e+00
    101.284     7.7861    34.7771    27.1306 1.5873e-01     0.1310      0.015    1483.07     70.628     4.6906  43.463147  0.000e+00
    101.295     7.7861    34.7770    27.1305 1.7094e-01     0.1310      0.015    1483.07     70.631     4.6908  43.463147  0.000e+00
    101.307     7.7863    34.7770    27.1305 1.5873e-01     0.1298      0.018    1483.07     70.634     4.6910  43.463148  0.000e+00
    101.320     7.7861    34.7769    27.1305 1.7094e-01     0.1310      0.018    1483.07     70.637     4.6912  43.463148  0.000e+00
    101.331     7.7863    34.7767    27.1303 1.7094e-01     0.1310      0.015    1483.07     70.640     4.6914  43.463149  0.000e+00
    101.331     7.7864    34.7763    27.1299 1.7094e-01     0.1298      0.015    1483.07     70.704     4.6956  43.463149  0.000e+00
    101.344     7.7866    34.7763    27.1299 1.7094e-01     0.1298      0.015    1483.07     70.651     4.6921  43.463150  0.000e+00
    101.331     7.7864    34.7776    27.1309 1.7094e-01     0.1298      0.015    1483.07     70.652     4.6921  43.463150  0.000e+00
    101.331     7.7869    34.7783    27.1314 1.7094e-01     0.1310      0.015    1483.07     70.653     4.6921  43.463151  0.000e+00
    101.331     7.7871    34.7786    27.1316 1.7094e-01     0.1298      0.018    1483.08     70.654     4.6921  43.463151  0.000e+00
    101.356     7.7874    34.7792    27.1320 1.5873e-01     0.1310      0.018    1483.08     70.654     4.6921  43.463152  0.000e+00
    101.344     7.7884    34.7794    27.1321 1.5873e-01     0.1310      0.018    1483.08     70.716     4.6961  43.463152  0.000e+00
    101.369     7.7890    34.7802    27.1326 1.5873e-01     0.1298      0.018    1483.09     70.723     4.6965  43.463152  0.000e+00
    101.356     7.7896    34.7807    27.1329 1.5873e-01     0.1298      0.015    1483.09     70.667     4.6927  43.463153  0.000e+00
    101.369     7.7901    34.7808    27.1329 1.5873e-01     0.1298      0.015    1483.09     70.666     4.6925  43.463153  0.000e+00
    101.369     7.7903    34.7810    27.1330 1.5873e-01     0.1298      0.015    1483.09     70.664     4.6924  43.463154  0.000e+00
    101.344     7.7904    34.7814    27.1334 1.5873e-01     0.1310      0.015    1483.09     70.724     4.6963  43.463154  0.000e+00
    101.344     7.7909    34.7811    27.1330 1.5873e-01     0.1310      0.015    1483.09     70.721     4.6961  43.463155  0.000e+00
    101.331     7.7912    34.7808    27.1328 1.5873e-01     0.1310      0.018    1483.09     70.662     4.6922  43.463155  0.000e+00
    101.331     7.7912    34.7816    27.1334 1.5873e-01     0.1298      0.018    1483.10     70.658     4.6919  43.463156  0.000e+00
    101.344     7.7912    34.7805    27.1325 1.5873e-01     0.1310      0.015    1483.09     70.716     4.6958  43.463156  0.000e+00
    101.344     7.7907    34.7806    27.1327 1.5873e-01     0.1310      0.015    1483.09     70.656     4.6918  43.463157  0.000e+00
    101.344     7.7903    34.7800    27.1323 1.5873e-01     0.1310      0.015    1483.09     70.713     4.6957  43.463157  0.000e+00
    101.344     7.7898    34.7796    27.1320 1.5873e-01     0.1310      0.018    1483.09     70.715     4.6959  43.463158  0.000e+00
    101.356     7.7893    34.7792    27.1317 1.5873e-01     0.1298      0.015    1483.09     70.716     4.6960  43.463158  0.000e+00
    101.344     7.7893    34.7791    27.1317 1.5873e-01     0.1298      0.015    1483.09     70.716     4.6960  43.463159  0.000e+00
    101.343     7.7895    34.7796    27.1321 1.5873e-01     0.1298      0.015    1483.09     70.716     4.6960  43.463159  0.000e+00
    101.331     7.7896    34.7799    27.1323 1.5873e-01     0.1298      0.015    1483.09     70.715     4.6959  43.463160  0.000e+00
    101.331     7.7898    34.7806    27.1328 1.5873e-01     0.1310      0.015    1483.09     70.713     4.6957  43.463160  0.000e+00
    101.320     7.7904    34.7804    27.1326 1.7094e-01     0.1298      0.015    1483.09     70.711     4.6955  43.463161  0.000e+00
    101.331     7.7904    34.7811    27.1331 1.5873e-01     0.1298      0.015    1483.09     70.646     4.6912  43.463161  0.000e+00
    101.331     7.7911    34.7811    27.1330 1.5873e-01     0.1298      0.015    1483.09     70.698     4.6945  43.463162  0.000e+00
    101.331     7.7909    34.7812    27.1331 1.5873e-01     0.1298      0.015    1483.09     70.694     4.6943  43.463162  0.000e+00
    101.331     7.7912    34.7810    27.1329 1.5873e-01     0.1298      0.015    1483.09     70.690     4.6940  43.463163  0.000e+00
    101.331     7.7914    34.7810    27.1329 1.5873e-01     0.1298      0.015    1483.10     70.685     4.6936  43.463163  0.000e+00
    101.331     7.7914    34.7812    27.1331 1.5873e-01     0.1298      0.018    1483.10     70.687     4.6938  43.463164  0.000e+00
    101.331     7.7916    34.7811    27.1330 1.7094e-01     0.1310      0.015    1483.10     70.681     4.6934  43.463164  0.000e+00
    101.309     7.7915    34.7817    27.1334 1.7094e-01     0.1310      0.015    1483.10     70.620     4.6893  43.463165  0.000e+00
    101.320     7.7919    34.7815    27.1332 1.7094e-01     0.1298      0.018    1483.10     70.676     4.6930  43.463165  0.000e+00
    101.320     7.7919    34.7818    27.1334 1.7094e-01     0.1298      0.015    1483.10     70.677     4.6930  43.463166  0.000e+00
