LA-1_20190212_down.cnv
* Sea-Bird SBE 9 Data File:
* FileName = C:\CTD Brukere\NIVA\OKOKYST2019\20190211\LA-1_20190212.hex
* Software Version Seasave V 7.23.2
* Temperature SN = 5352
* Conductivity SN = 3840
* Number of Bytes Per Scan = 28
* Number of Voltage Words = 4
* Number of Scans Averaged by the Deck Unit = 1
* NMEA baud rate = 4800
** Ship: R/V Trygve Braarud
** Cruise:
** Station:
** Operator:
# nquan = 12
# nvalues = 5922                                  
# units = specified
# name 0 = depSM: Depth [salt water, m], lat = 59.60
# name 1 = t090C: Temperature [ITS-90, deg C]
# name 2 = sal00: Salinity, Practical [PSU]
# name 3 = sigma-t00: Density [sigma-t, kg/m^3 ]
# name 4 = flSP: Fluorescence, Seapoint
# name 5 = wetStar: Fluorescence, WET Labs WETstar [mg/m^3]
# name 6 = seaTurbMtr: Turbidity, Seapoint [FTU]
# name 7 = svCM: Sound Velocity [Chen-Millero, m/s]
# name 8 = sbeox0PS: Oxygen, SBE 43 [% saturation]
# name 9 = sbeox0ML/L: Oxygen, SBE 43 [ml/l]
# name 10 = timeJ: Julian Days
# name 11 = flag:  0.000e+00
# span 0 =      0.394,    103.431                 
# span 1 =     1.2108,     7.8096                 
# span 2 =    20.2223,    34.7994                 
# span 3 =    16.1397,    27.1447                 
# span 4 = 1.4652e-01, 1.0623e+00                 
# span 5 =     0.1273,     0.1310                 
# span 6 =      0.007,      0.022                 
# span 7 =    1440.18,    1483.22                 
# span 8 =     67.021,     74.903                 
# span 9 =     4.6178,     5.8930                 
# span 10 =  43.460556,  43.463411                
# span 11 = 0.0000e+00, 0.0000e+00                
# interval = seconds: 0.0416667
# start_time = Feb 12 2019 11:03:12 [System UpLoad Time]
# bad_flag = -9.990e-29
*END*
[from data line 4692]
     95.269     7.7153    34.7049    27.0843 1.5873e-01     0.1298      0.015    1482.61     70.296     4.6782  43.462818  0.000e+00
     95.294     7.7160    34.7057    27.0848 1.7094e-01     0.1310      0.018    1482.61     70.297     4.6782  43.462819  0.000e+00
     95.310     7.7166    34.7052    27.0843 1.7094e-01     0.1310      0.018    1482.62     70.298     4.6782  43.462819  0.000e+00
     95.341     7.7166    34.7046    27.0838 1.5873e-01     0.1310      0.018    1482.62     70.300     4.6783  43.462820  0.000e+00
     95.354     7.7163    34.7042    27.0836 1.7094e-01     0.1298      0.015    1482.62     70.301     4.6785  43.462820  0.000e+00
     95.366     7.7161    34.7039    27.0834 1.5873e-01     0.1298      0.018    1482.61     70.303     4.6786  43.462821  0.000e+00
     95.395     7.7158    34.7041    27.0836 1.5873e-01     0.1298      0.018    1482.61     70.304     4.6787  43.462821  0.000e+00
     95.415     7.7160    34.7037    27.0832 1.7094e-01     0.1310      0.015    1482.61     70.306     4.6788  43.462822  0.000e+00
     95.439     7.7156    34.7039    27.0834 1.7094e-01     0.1310      0.015    1482.61     70.299     4.6784  43.462822  0.000e+00
     95.439     7.7155    34.7041    27.0836 1.5873e-01     0.1298      0.015    1482.61     70.300     4.6785  43.462823  0.000e+00
     95.493     7.7155    34.7041    27.0836 1.5873e-01     0.1310      0.018    1482.61     70.302     4.6786  43.462823  0.000e+00
     95.488     7.7155    34.7046    27.0840 1.7094e-01     0.1310      0.018    1482.61     70.295     4.6781  43.462824  0.000e+00
     95.511     7.7161    34.7059    27.0850 1.7094e-01     0.1298      0.015    1482.62     70.296     4.6781  43.462824  0.000e+00
     95.529     7.7166    34.7066    27.0854 1.7094e-01     0.1310      0.015    1482.62     70.296     4.6780  43.462825  0.000e+00
     95.548     7.7171    34.7065    27.0853 1.7094e-01     0.1298      0.015    1482.62     70.297     4.6780  43.462825  0.000e+00
     95.573     7.7172    34.7070    27.0856 1.7094e-01     0.1310      0.018    1482.63     70.290     4.6776  43.462826  0.000e+00
     95.589     7.7177    34.7068    27.0854 1.7094e-01     0.1310      0.015    1482.63     70.283     4.6770  43.462826  0.000e+00
     95.620     7.7182    34.7054    27.0842 1.7094e-01     0.1298      0.015    1482.63     70.283     4.6770  43.462826  0.000e+00
     95.620     7.7177    34.7056    27.0844 1.7094e-01     0.1310      0.018    1482.63     70.221     4.6729  43.462827  0.000e+00
     95.645     7.7179    34.7062    27.0849 1.7094e-01     0.1310      0.015    1482.63     70.276     4.6766  43.462827  0.000e+00
     95.663     7.7183    34.7073    27.0857 1.7094e-01     0.1298      0.015    1482.63     70.277     4.6765  43.462828  0.000e+00
     95.681     7.7188    34.7074    27.0857 1.7094e-01     0.1298      0.018    1482.63     70.277     4.6765  43.462828  0.000e+00
     95.705     7.7191    34.7077    27.0859 1.7094e-01     0.1310      0.015    1482.64     70.278     4.6765  43.462829  0.000e+00
     95.710     7.7196    34.7079    27.0860 1.5873e-01     0.1298      0.015    1482.64     70.278     4.6765  43.462829  0.000e+00
     95.729     7.7199    34.7081    27.0861 1.7094e-01     0.1310      0.018    1482.64     70.278     4.6764  43.462830  0.000e+00
     95.754     7.7203    34.7083    27.0862 1.7094e-01     0.1310      0.015    1482.64     70.279     4.6764  43.462830  0.000e+00
     95.770     7.7204    34.7084    27.0862 1.7094e-01     0.1298      0.015    1482.64     70.279     4.6765  43.462831  0.000e+00
     95.803     7.7206    34.7082    27.0861 1.7094e-01     0.1310      0.015    1482.64     70.280     4.6765  43.462831  0.000e+00
     95.803     7.7210    34.7080    27.0859 1.7094e-01     0.1310      0.015    1482.65     70.218     4.6723  43.462832  0.000e+00
     95.831     7.7211    34.7091    27.0867 1.7094e-01     0.1310      0.018    1482.65     70.274     4.6760  43.462832  0.000e+00
     95.839     7.7215    34.7091    27.0866 1.7094e-01     0.1298      0.015    1482.65     70.274     4.6760  43.462833  0.000e+00
     95.875     7.7216    34.7099    27.0873 1.5873e-01     0.1310      0.015    1482.65     70.275     4.6760  43.462833  0.000e+00
     95.868     7.7221    34.7109    27.0880 1.7094e-01     0.1310      0.015    1482.65     70.276     4.6760  43.462834  0.000e+00
     95.888     7.7227    34.7107    27.0878 1.5873e-01     0.1310      0.015    1482.66     70.277     4.6760  43.462834  0.000e+00
     95.912     7.7232    34.7108    27.0878 1.7094e-01     0.1298      0.015    1482.66     70.277     4.6759  43.462835  0.000e+00
     95.915     7.7235    34.7102    27.0873 1.7094e-01     0.1298      0.018    1482.66     70.278     4.6760  43.462835  0.000e+00
     95.935     7.7235    34.7098    27.0869 1.8315e-01     0.1310      0.015    1482.66     70.279     4.6760  43.462836  0.000e+00
     95.960     7.7235    34.7095    27.0867 1.7094e-01     0.1310      0.015    1482.66     70.280     4.6761  43.462836  0.000e+00
     95.964     7.7235    34.7096    27.0868 1.7094e-01     0.1310      0.018    1482.66     70.280     4.6762  43.462837  0.000e+00
     95.997     7.7231    34.7093    27.0866 1.7094e-01     0.1310      0.018    1482.66     70.281     4.6763  43.462837  0.000e+00
     95.984     7.7228    34.7099    27.0871 1.7094e-01     0.1298      0.015    1482.66     70.282     4.6763  43.462838  0.000e+00
     96.000     7.7231    34.7098    27.0870 1.5873e-01     0.1298      0.015    1482.66     70.283     4.6763  43.462838  0.000e+00
     95.997     7.7230    34.7093    27.0866 1.7094e-01     0.1298      0.015    1482.66     70.283     4.6764  43.462839  0.000e+00
     96.020     7.7231    34.7095    27.0868 1.7094e-01     0.1310      0.018    1482.66     70.284     4.6764  43.462839  0.000e+00
     96.025     7.7228    34.7097    27.0869 1.7094e-01     0.1298      0.015    1482.66     70.347     4.6807  43.462840  0.000e+00
     96.044     7.7232    34.7095    27.0868 1.5873e-01     0.1298      0.015    1482.66     70.355     4.6811  43.462840  0.000e+00
     96.057     7.7232    34.7096    27.0868 1.5873e-01     0.1310      0.015    1482.66     70.300     4.6775  43.462840  0.000e+00
     96.061     7.7232    34.7091    27.0864 1.5873e-01     0.1298      0.015    1482.66     70.300     4.6775  43.462841  0.000e+00
     96.082     7.7232    34.7091    27.0864 1.5873e-01     0.1298      0.015    1482.66     70.300     4.6775  43.462841  0.000e+00
     96.082     7.7230    34.7099    27.0871 1.5873e-01     0.1298      0.015    1482.66     70.300     4.6775  43.462842  0.000e+00
     96.085     7.7235    34.7104    27.0874 1.5873e-01     0.1310      0.018    1482.66     70.300     4.6775  43.462842  0.000e+00
     96.082     7.7236    34.7108    27.0877 1.5873e-01     0.1310      0.018    1482.66     70.300     4.6774  43.462843  0.000e+00
     96.069     7.7239    34.7104    27.0874 1.5873e-01     0.1310      0.015    1482.66     70.363     4.6816  43.462843  0.000e+00
     96.145     7.7240    34.7101    27.0871 1.5873e-01     0.1298      0.018    1482.66     70.308     4.6779  43.462844  0.000e+00
     96.129     7.7238    34.7101    27.0871 1.5873e-01     0.1310      0.015    1482.66     70.308     4.6779  43.462844  0.000e+00
     96.134     7.7239    34.7102    27.0872 1.5873e-01     0.1298      0.018    1482.66     70.370     4.6820  43.462845  0.000e+00
     96.154     7.7240    34.7104    27.0873 1.7094e-01     0.1298      0.018    1482.67     70.377     4.6825  43.462845  0.000e+00
     96.165     7.7240    34.7107    27.0875 1.7094e-01     0.1298      0.015    1482.67     70.383     4.6829  43.462846  0.000e+00
     96.170     7.7243    34.7103    27.0872 1.7094e-01     0.1298      0.015    1482.67     70.389     4.6833  43.462846  0.000e+00
     96.190     7.7240    34.7102    27.0872 1.5873e-01     0.1298      0.015    1482.67     70.333     4.6796  43.462847  0.000e+00
     96.190     7.7238    34.7106    27.0875 1.5873e-01     0.1310      0.015    1482.67     70.394     4.6837  43.462847  0.000e+00
     96.170     7.7239    34.7107    27.0875 1.5873e-01     0.1298      0.015    1482.67     70.337     4.6799  43.462848  0.000e+00
     96.165     7.7241    34.7103    27.0872 1.5873e-01     0.1298      0.015    1482.67     70.397     4.6839  43.462848  0.000e+00
     96.165     7.7238    34.7104    27.0873 1.7094e-01     0.1310      0.018    1482.66     70.403     4.6842  43.462849  0.000e+00
     96.207     7.7237    34.7105    27.0874 1.5873e-01     0.1310      0.015    1482.67     70.408     4.6846  43.462849  0.000e+00
     96.190     7.7235    34.7107    27.0876 1.5873e-01     0.1298      0.015    1482.66     70.413     4.6849  43.462850  0.000e+00
     96.219     7.7235    34.7106    27.0876 1.7094e-01     0.1298      0.015    1482.66     70.417     4.6852  43.462850  0.000e+00
     96.214     7.7233    34.7102    27.0873 1.5873e-01     0.1310      0.015    1482.66     70.413     4.6850  43.462851  0.000e+00
     96.227     7.7234    34.7098    27.0869 1.5873e-01     0.1298      0.015    1482.66     70.417     4.6853  43.462851  0.000e+00
     96.230     7.7232    34.7099    27.0871 1.5873e-01     0.1310      0.018    1482.66     70.420     4.6855  43.462852  0.000e+00
     96.203     7.7232    34.7101    27.0872 1.5873e-01     0.1298      0.015    1482.66     70.423     4.6856  43.462852  0.000e+00
     96.203     7.7230    34.7104    27.0875 1.5873e-01     0.1310      0.018    1482.66     70.425     4.6858  43.462853  0.000e+00
     96.207     7.7233    34.7097    27.0869 1.5873e-01     0.1310      0.018    1482.66     70.427     4.6860  43.462853  0.000e+00
     96.203     7.7229    34.7102    27.0873 1.5873e-01     0.1310      0.015    1482.66     70.429     4.6861  43.462853  0.000e+00
     96.214     7.7230    34.7103    27.0874 1.5873e-01     0.1298      0.015    1482.66     70.431     4.6862  43.462854  0.000e+00
     96.219     7.7232    34.7099    27.0871 1.5873e-01     0.1298      0.018    1482.66     70.432     4.6863  43.462854  0.000e+00
     96.227     7.7232    34.7105    27.0875 1.7094e-01     0.1298      0.015    1482.66     70.433     4.6863  43.462855  0.000e+00
     96.230     7.7231    34.7108    27.0877 1.7094e-01     0.1310      0.018    1482.66     70.426     4.6859  43.462855  0.000e+00
     96.238     7.7233    34.7102    27.0872 1.7094e-01     0.1310      0.018    1482.66     70.426     4.6859  43.462856  0.000e+00
     96.250     7.7232    34.7105    27.0875 1.7094e-01     0.1298      0.015    1482.66     70.426     4.6858  43.462856  0.000e+00
     96.230     7.7233    34.7105    27.0875 1.7094e-01     0.1310      0.015    1482.66     70.425     4.6858  43.462857  0.000e+00
     96.238     7.7235    34.7106    27.0875 1.7094e-01     0.1310      0.018    1482.66     70.424     4.6857  43.462857  0.000e+00
     96.227     7.7235    34.7105    27.0875 1.7094e-01     0.1298      0.015    1482.66     70.423     4.6856  43.462858  0.000e+00
     96.255     7.7233    34.7105    27.0875 1.5873e-01     0.1298      0.018    1482.66     70.484     4.6897  43.462858  0.000e+00
     96.250     7.7232    34.7103    27.0873 1.7094e-01     0.1310      0.015    1482.66     70.427     4.6859  43.462859  0.000e+00
     96.238     7.7232    34.7103    27.0873 1.7094e-01     0.1298      0.015    1482.66     70.424     4.6857  43.462859  0.000e+00
     96.255     7.7231    34.7101    27.0872 1.7094e-01     0.1310      0.015    1482.66     70.422     4.6856  43.462860  0.000e+00
     96.274     7.7232    34.7101    27.0872 1.7094e-01     0.1298      0.015    1482.66     70.419     4.6854  43.462860  0.000e+00
     96.268     7.7229    34.7097    27.0869 1.5873e-01     0.1298      0.015    1482.66     70.415     4.6852  43.462861  0.000e+00
     96.274     7.7230    34.7098    27.0870 1.5873e-01     0.1310      0.015    1482.66     70.412     4.6849  43.462861  0.000e+00
     96.263     7.7228    34.7103    27.0874 1.5873e-01     0.1298      0.015    1482.66     70.408     4.6847  43.462862  0.000e+00
     96.268     7.7231    34.7097    27.0869 1.7094e-01     0.1298      0.015    1482.66     70.465     4.6885  43.462862  0.000e+00
     96.274     7.7230    34.7101    27.0872 1.7094e-01     0.1310      0.015    1482.66     70.468     4.6887  43.462863  0.000e+00
     96.274     7.7231    34.7100    27.0871 1.7094e-01     0.1298      0.018    1482.66     70.415     4.6852  43.462863  0.000e+00
     96.279     7.7230    34.7100    27.0872 1.8315e-01     0.1310      0.015    1482.66     70.418     4.6853  43.462864  0.000e+00
     96.287     7.7231    34.7097    27.0869 1.7094e-01     0.1310      0.018    1482.66     70.412     4.6850  43.462864  0.000e+00
     96.279     7.7230    34.7089    27.0863 1.7094e-01     0.1298      0.015    1482.66     70.406     4.6846  43.462865  0.000e+00
     96.287     7.7227    34.7100    27.0872 1.8315e-01     0.1310      0.018    1482.66     70.400     4.6842  43.462865  0.000e+00
     96.312     7.7230    34.7090    27.0864 1.8315e-01     0.1310      0.018    1482.66     70.394     4.6838  43.462866  0.000e+00
     96.304     7.7227    34.7090    27.0864 1.7094e-01     0.1310      0.015    1482.66     70.387     4.6833  43.462866  0.000e+00
     96.287     7.7226    34.7091    27.0865 1.7094e-01     0.1310      0.015    1482.66     70.380     4.6829  43.462867  0.000e+00
     96.299     7.7225    34.7092    27.0866 1.7094e-01     0.1298      0.015    1482.66     70.380     4.6829  43.462867  0.000e+00
     96.304     7.7227    34.7094    27.0867 1.7094e-01     0.1310      0.015    1482.66     70.435     4.6865  43.462867  0.000e+00
     96.299     7.7225    34.7093    27.0867 1.5873e-01     0.1310      0.018    1482.66     70.372     4.6824  43.462868  0.000e+00
     96.304     7.7226    34.7088    27.0863 1.7094e-01     0.1298      0.018    1482.66     70.434     4.6865  43.462868  0.000e+00
     96.312     7.7224    34.7089    27.0864 1.7094e-01     0.1298      0.015    1482.66     70.378     4.6828  43.462869  0.000e+00
     96.323     7.7224    34.7089    27.0863 1.7094e-01     0.1298      0.015    1482.66     70.439     4.6869  43.462869  0.000e+00
     96.315     7.7224    34.7087    27.0862 1.7094e-01     0.1298      0.018    1482.66     70.446     4.6873  43.462870  0.000e+00
     96.312     7.7221    34.7094    27.0868 1.7094e-01     0.1298      0.015    1482.66     70.444     4.6872  43.462870  0.000e+00
     96.323     7.7223    34.7094    27.0868 1.8315e-01     0.1310      0.018    1482.66     70.449     4.6875  43.462871  0.000e+00
     96.328     7.7222    34.7091    27.0866 1.8315e-01     0.1298      0.015    1482.66     70.446     4.6873  43.462871  0.000e+00
     96.323     7.7224    34.7091    27.0866 1.8315e-01     0.1310      0.018    1482.66     70.451     4.6876  43.462872  0.000e+00
     96.274     7.7224    34.7094    27.0867 1.7094e-01     0.1310      0.018    1482.66     70.454     4.6878  43.462872  0.000e+00
     96.364     7.7223    34.7098    27.0871 1.7094e-01     0.1298      0.015    1482.66     70.459     4.6881  43.462873  0.000e+00
     96.312     7.7227    34.7104    27.0875 1.7094e-01     0.1310      0.015    1482.66     70.462     4.6883  43.462873  0.000e+00
     96.340     7.7229    34.7105    27.0876 1.7094e-01     0.1298      0.015    1482.66     70.465     4.6885  43.462874  0.000e+00
     96.312     7.7232    34.7110    27.0879 1.7094e-01     0.1298      0.015    1482.67     70.467     4.6886  43.462874  0.000e+00
     96.335     7.7235    34.7107    27.0876 1.7094e-01     0.1310      0.018    1482.67     70.470     4.6887  43.462875  0.000e+00
     96.328     7.7235    34.7100    27.0871 1.7094e-01     0.1310      0.018    1482.67     70.472     4.6889  43.462875  0.000e+00
     96.335     7.7235    34.7099    27.0870 1.7094e-01     0.1310      0.015    1482.67     70.474     4.6890  43.462876  0.000e+00
