R-5_20190213_down.cnv
* Sea-Bird SBE 9 Data File:
* FileName = C:\CTD Brukere\NIVA\OKOKYST2019\20190211\R-5_20190213.hex
* Software Version Seasave V 7.23.2
* Temperature SN = 5352
* Conductivity SN = 3840
* Number of Bytes Per Scan = 28
* Number of Voltage Words = 4
* Number of Scans Averaged by the Deck Unit = 1
* NMEA baud rate = 4800
** Ship: R/V Trygve Braarud
** Cruise:
** Station:
** Operator:
# nquan = 12
# nvalues = 1608                                  
# units = specified
# name 0 = depSM: Depth [salt water, m], lat = 59.60
# name 1 = t090C: Temperature [ITS-90, deg C]
# name 2 = sal00: Salinity, Practical [PSU]
# name 3 = sigma-t00: Density [sigma-t, kg/m^3 ]
# name 4 = flSP: Fluorescence, Seapoint
# name 5 = wetStar: Fluorescence, WET Labs WETstar [mg/m^3]
# name 6 = seaTurbMtr: Turbidity, Seapoint [FTU]
# name 7 = svCM: Sound Velocity [Chen-Millero, m/s]
# name 8 = sbeox0PS: Oxygen, SBE 43 [% saturation]
# name 9 = sbeox0ML/L: Oxygen, SBE 43 [ml/l]
# name 10 = timeJ: Julian Days
# name 11 = flag:  0.000e+00
# span 0 =      0.271,     32.423                 
# span 1 =     2.2962,     7.4995                 
# span 2 =     2.8779,    31.6744                 
# span 3 =     2.2760,    24.9547                 
# span 4 = 2.4420e-01, 8.0586e-01                 
# span 5 =     0.1273,     0.1298                 
# span 6 =      0.011,      0.018                 
# span 7 =    1417.53,    1474.91                 
# span 8 =     45.614,     73.050                 
# span 9 =     3.1447,     6.7648                 
# span 10 =  44.744734,  44.745509                
# span 11 = 0.0000e+00, 0.0000e+00                
# interval = seconds: 0.0416667
# start_time = Feb 13 2019 17:52:25 [System UpLoad Time]
# bad_flag = -9.990e-29
*END*
[from data line 843]
     15.790     7.3798    30.4964    23.8236 2.6862e-01     0.1285      0.015    1474.77     45.668     3.1481  44.745140  0.000e+00
     15.803     7.3779    30.5000    23.8266 2.6862e-01     0.1298      0.015    1474.77     45.618     3.1447  44.745141  0.000e+00
     15.813     7.3766    30.5025    23.8288 2.6862e-01     0.1285      0.018    1474.77     45.627     3.1454  44.745141  0.000e+00
     15.849     7.3755    30.5047    23.8307 2.6862e-01     0.1285      0.015    1474.76     45.643     3.1465  44.745142  0.000e+00
     15.863     7.3747    30.5058    23.8317 2.6862e-01     0.1285      0.018    1474.76     45.649     3.1469  44.745142  0.000e+00
     15.886     7.3739    30.5074    23.8330 2.6862e-01     0.1285      0.015    1474.76     45.668     3.1483  44.745143  0.000e+00
     15.909     7.3728    30.5101    23.8353 2.6862e-01     0.1285      0.015    1474.76     45.623     3.1452  44.745143  0.000e+00
     15.923     7.3717    30.5130    23.8377 2.6862e-01     0.1285      0.015    1474.76     45.638     3.1462  44.745144  0.000e+00
     15.946     7.3702    30.5168    23.8409 2.6862e-01     0.1285      0.018    1474.76     45.650     3.1471  44.745144  0.000e+00
     15.957     7.3681    30.5213    23.8447 2.6862e-01     0.1285      0.015    1474.76     45.661     3.1479  44.745145  0.000e+00
     15.995     7.3603    30.5326    23.8546 2.6862e-01     0.1298      0.015    1474.74     45.614     3.1450  44.745145  0.000e+00
     16.004     7.3447    30.5525    23.8723 2.6862e-01     0.1298      0.015    1474.71     45.627     3.1466  44.745146  0.000e+00
     16.029     7.3326    30.5672    23.8854 2.6862e-01     0.1285      0.015    1474.68     45.646     3.1485  44.745146  0.000e+00
     16.055     7.3241    30.5755    23.8931 2.6862e-01     0.1285      0.015    1474.66     45.662     3.1500  44.745147  0.000e+00
     16.064     7.3194    30.5805    23.8977 2.6862e-01     0.1298      0.015    1474.64     45.682     3.1517  44.745147  0.000e+00
     16.089     7.3165    30.5843    23.9010 2.6862e-01     0.1285      0.015    1474.64     45.639     3.1488  44.745148  0.000e+00
     16.090     7.3103    30.5912    23.9073 2.6862e-01     0.1298      0.015    1474.62     45.654     3.1502  44.745148  0.000e+00
     16.124     7.2982    30.6038    23.9188 2.6862e-01     0.1285      0.015    1474.59     45.675     3.1522  44.745149  0.000e+00
     16.137     7.2868    30.6151    23.9292 2.6862e-01     0.1298      0.015    1474.56     45.693     3.1541  44.745149  0.000e+00
     16.163     7.2780    30.6237    23.9371 2.5641e-01     0.1285      0.015    1474.54     45.715     3.1561  44.745149  0.000e+00
     16.184     7.2711    30.6298    23.9428 2.6862e-01     0.1298      0.018    1474.52     45.734     3.1578  44.745150  0.000e+00
     16.209     7.2665    30.6340    23.9467 2.5641e-01     0.1285      0.018    1474.51     45.758     3.1597  44.745150  0.000e+00
     16.222     7.2638    30.6367    23.9492 2.6862e-01     0.1285      0.015    1474.50     45.786     3.1617  44.745151  0.000e+00
     16.233     7.2610    30.6390    23.9514 2.5641e-01     0.1298      0.015    1474.49     45.810     3.1636  44.745151  0.000e+00
     16.259     7.2584    30.6415    23.9537 2.6862e-01     0.1285      0.015    1474.49     45.831     3.1652  44.745152  0.000e+00
     16.280     7.2556    30.6438    23.9558 2.6862e-01     0.1298      0.018    1474.48     45.794     3.1627  44.745152  0.000e+00
     16.293     7.2537    30.6454    23.9574 2.5641e-01     0.1298      0.015    1474.47     45.877     3.1686  44.745153  0.000e+00
     16.306     7.2510    30.6478    23.9596 2.5641e-01     0.1285      0.018    1474.47     45.902     3.1704  44.745153  0.000e+00
     16.340     7.2473    30.6513    23.9628 2.6862e-01     0.1298      0.015    1474.46     45.868     3.1683  44.745154  0.000e+00
     16.353     7.2451    30.6531    23.9646 2.6862e-01     0.1285      0.015    1474.45     45.884     3.1695  44.745154  0.000e+00
     16.377     7.2443    30.6535    23.9649 2.6862e-01     0.1285      0.015    1474.45     45.966     3.1752  44.745155  0.000e+00
     16.388     7.2435    30.6546    23.9659 2.5641e-01     0.1285      0.015    1474.45     45.996     3.1774  44.745155  0.000e+00
     16.414     7.2424    30.6556    23.9668 2.5641e-01     0.1285      0.015    1474.44     46.030     3.1798  44.745156  0.000e+00
     16.435     7.2409    30.6567    23.9679 2.5641e-01     0.1298      0.015    1474.44     46.059     3.1818  44.745156  0.000e+00
     16.448     7.2398    30.6584    23.9694 2.5641e-01     0.1285      0.015    1474.44     46.090     3.1841  44.745157  0.000e+00
     16.473     7.2394    30.6590    23.9700 2.5641e-01     0.1285      0.015    1474.44     46.117     3.1859  44.745157  0.000e+00
     16.484     7.2388    30.6588    23.9698 2.5641e-01     0.1298      0.015    1474.44     46.146     3.1880  44.745158  0.000e+00
     16.508     7.2387    30.6587    23.9697 2.5641e-01     0.1285      0.015    1474.43     46.170     3.1897  44.745158  0.000e+00
     16.546     7.2387    30.6586    23.9697 2.5641e-01     0.1298      0.015    1474.44     46.196     3.1915  44.745159  0.000e+00
     16.555     7.2385    30.6588    23.9699 2.5641e-01     0.1285      0.015    1474.43     46.225     3.1934  44.745159  0.000e+00
     16.581     7.2392    30.6575    23.9687 2.6862e-01     0.1285      0.015    1474.44     46.255     3.1955  44.745160  0.000e+00
     16.580     7.2395    30.6570    23.9683 2.5641e-01     0.1285      0.018    1474.44     46.280     3.1972  44.745160  0.000e+00
     16.615     7.2392    30.6572    23.9686 2.5641e-01     0.1285      0.015    1474.44     46.307     3.1991  44.745161  0.000e+00
     16.641     7.2384    30.6579    23.9692 2.5641e-01     0.1285      0.015    1474.43     46.335     3.2011  44.745161  0.000e+00
     16.651     7.2366    30.6597    23.9708 2.5641e-01     0.1298      0.015    1474.43     46.358     3.2027  44.745162  0.000e+00
     16.688     7.2344    30.6615    23.9725 2.5641e-01     0.1285      0.015    1474.42     46.382     3.2046  44.745162  0.000e+00
     16.700     7.2322    30.6630    23.9740 2.5641e-01     0.1298      0.015    1474.42     46.470     3.2107  44.745163  0.000e+00
     16.724     7.2302    30.6643    23.9753 2.5641e-01     0.1285      0.015    1474.41     46.497     3.2127  44.745163  0.000e+00
     16.735     7.2294    30.6653    23.9762 2.5641e-01     0.1285      0.018    1474.41     46.524     3.2147  44.745163  0.000e+00
     16.771     7.2280    30.6672    23.9778 2.5641e-01     0.1285      0.015    1474.41     46.553     3.2167  44.745164  0.000e+00
     16.784     7.2271    30.6692    23.9795 2.5641e-01     0.1298      0.015    1474.41     46.575     3.2182  44.745164  0.000e+00
     16.795     7.2267    30.6698    23.9801 2.5641e-01     0.1285      0.018    1474.41     46.597     3.2198  44.745165  0.000e+00
     16.844     7.2261    30.6698    23.9802 2.5641e-01     0.1285      0.015    1474.41     46.682     3.2257  44.745165  0.000e+00
     16.831     7.2261    30.6692    23.9797 2.5641e-01     0.1298      0.015    1474.40     46.651     3.2236  44.745166  0.000e+00
     16.879     7.2263    30.6689    23.9794 2.6862e-01     0.1285      0.015    1474.41     46.737     3.2295  44.745166  0.000e+00
     16.904     7.2266    30.6679    23.9786 2.5641e-01     0.1298      0.015    1474.41     46.761     3.2311  44.745167  0.000e+00
     16.915     7.2271    30.6668    23.9776 2.5641e-01     0.1285      0.018    1474.41     46.785     3.2328  44.745167  0.000e+00
     16.939     7.2266    30.6675    23.9783 2.5641e-01     0.1285      0.015    1474.41     46.870     3.2387  44.745168  0.000e+00
     16.962     7.2246    30.6689    23.9796 2.5641e-01     0.1298      0.018    1474.40     46.901     3.2410  44.745168  0.000e+00
     16.988     7.2213    30.6715    23.9821 2.5641e-01     0.1285      0.015    1474.39     46.925     3.2428  44.745169  0.000e+00
     17.011     7.2186    30.6740    23.9845 2.5641e-01     0.1285      0.015    1474.38     46.947     3.2445  44.745169  0.000e+00
     17.024     7.2157    30.6761    23.9865 2.5641e-01     0.1285      0.015    1474.38     46.969     3.2462  44.745170  0.000e+00
     17.058     7.2127    30.6787    23.9889 2.5641e-01     0.1285      0.015    1474.37     46.991     3.2478  44.745170  0.000e+00
     17.071     7.2082    30.6829    23.9928 2.5641e-01     0.1285      0.015    1474.36     47.073     3.2538  44.745171  0.000e+00
     17.108     7.2038    30.6866    23.9963 2.6862e-01     0.1285      0.015    1474.34     47.093     3.2554  44.745171  0.000e+00
     17.118     7.1996    30.6895    23.9992 2.5641e-01     0.1285      0.015    1474.33     47.111     3.2569  44.745172  0.000e+00
     17.155     7.1959    30.6930    24.0024 2.5641e-01     0.1285      0.015    1474.32     47.129     3.2583  44.745172  0.000e+00
     17.166     7.1913    30.6971    24.0062 2.5641e-01     0.1285      0.015    1474.31     47.206     3.2640  44.745173  0.000e+00
     17.191     7.1868    30.7005    24.0094 2.5641e-01     0.1285      0.015    1474.30     47.228     3.2657  44.745173  0.000e+00
     17.226     7.1830    30.7034    24.0123 2.6862e-01     0.1285      0.015    1474.29     47.248     3.2674  44.745174  0.000e+00
     17.251     7.1820    30.7040    24.0129 2.5641e-01     0.1298      0.015    1474.28     47.267     3.2687  44.745174  0.000e+00
     17.262     7.1789    30.7060    24.0148 2.5641e-01     0.1285      0.015    1474.27     47.284     3.2701  44.745175  0.000e+00
     17.286     7.1755    30.7076    24.0165 2.5641e-01     0.1298      0.015    1474.26     47.300     3.2714  44.745175  0.000e+00
     17.322     7.1712    30.7105    24.0194 2.5641e-01     0.1285      0.015    1474.25     47.375     3.2769  44.745176  0.000e+00
     17.333     7.1677    30.7130    24.0218 2.5641e-01     0.1285      0.018    1474.24     47.387     3.2779  44.745176  0.000e+00
     17.370     7.1663    30.7136    24.0225 2.5641e-01     0.1285      0.015    1474.24     47.405     3.2792  44.745177  0.000e+00
     17.382     7.1650    30.7144    24.0232 2.5641e-01     0.1285      0.018    1474.23     47.420     3.2804  44.745177  0.000e+00
     17.419     7.1652    30.7139    24.0228 2.5641e-01     0.1298      0.015    1474.23     47.426     3.2808  44.745177  0.000e+00
     17.442     7.1655    30.7126    24.0217 2.5641e-01     0.1285      0.015    1474.23     47.491     3.2853  44.745178  0.000e+00
     17.466     7.1656    30.7124    24.0216 2.6862e-01     0.1285      0.018    1474.23     47.507     3.2864  44.745178  0.000e+00
     17.489     7.1652    30.7124    24.0216 2.5641e-01     0.1298      0.015    1474.23     47.522     3.2874  44.745179  0.000e+00
     17.515     7.1649    30.7127    24.0219 2.5641e-01     0.1285      0.018    1474.23     47.595     3.2925  44.745179  0.000e+00
     17.549     7.1642    30.7124    24.0218 2.5641e-01     0.1298      0.015    1474.23     47.612     3.2938  44.745180  0.000e+00
     17.562     7.1624    30.7134    24.0228 2.5641e-01     0.1298      0.015    1474.22     47.627     3.2949  44.745180  0.000e+00
     17.584     7.1580    30.7173    24.0265 2.5641e-01     0.1285      0.018    1474.21     47.701     3.3003  44.745181  0.000e+00
     17.633     7.1510    30.7226    24.0315 2.5641e-01     0.1285      0.015    1474.19     47.718     3.3019  44.745181  0.000e+00
     17.644     7.1379    30.7328    24.0412 2.5641e-01     0.1285      0.015    1474.15     47.733     3.3037  44.745182  0.000e+00
     17.670     7.1210    30.7471    24.0547 2.5641e-01     0.1285      0.015    1474.11     47.746     3.3055  44.745182  0.000e+00
     17.693     7.1094    30.7571    24.0641 2.5641e-01     0.1298      0.015    1474.07     47.817     3.3111  44.745183  0.000e+00
     17.717     7.1028    30.7627    24.0694 2.5641e-01     0.1285      0.015    1474.05     47.830     3.3124  44.745183  0.000e+00
     17.764     7.0954    30.7680    24.0745 2.5641e-01     0.1298      0.015    1474.03     47.840     3.3136  44.745184  0.000e+00
     17.766     7.0847    30.7765    24.0825 2.5641e-01     0.1285      0.015    1474.00     47.848     3.3147  44.745184  0.000e+00
     17.800     7.0717    30.7862    24.0919 2.5641e-01     0.1298      0.018    1473.96     47.914     3.3201  44.745185  0.000e+00
     17.826     7.0575    30.7969    24.1021 2.5641e-01     0.1298      0.015    1473.92     47.923     3.3216  44.745185  0.000e+00
     17.824     7.0439    30.8076    24.1123 2.5641e-01     0.1285      0.018    1473.88     47.989     3.3270  44.745186  0.000e+00
     17.909     7.0311    30.8171    24.1215 2.5641e-01     0.1285      0.015    1473.85     48.006     3.3290  44.745186  0.000e+00
     17.897     7.0196    30.8256    24.1296 2.5641e-01     0.1285      0.015    1473.81     48.019     3.3305  44.745187  0.000e+00
     17.933     7.0103    30.8323    24.1361 2.5641e-01     0.1298      0.015    1473.78     48.029     3.3318  44.745187  0.000e+00
     17.944     7.0041    30.8368    24.1405 2.5641e-01     0.1285      0.015    1473.76     48.096     3.3368  44.745188  0.000e+00
     17.980     6.9993    30.8404    24.1439 2.5641e-01     0.1298      0.015    1473.75     48.106     3.3378  44.745188  0.000e+00
     18.004     6.9947    30.8436    24.1470 2.5641e-01     0.1285      0.018    1473.74     48.173     3.3428  44.745189  0.000e+00
     18.040     6.9897    30.8467    24.1501 2.5641e-01     0.1285      0.015    1473.72     48.190     3.3443  44.745189  0.000e+00
     18.040     6.9852    30.8501    24.1533 2.5641e-01     0.1298      0.015    1473.71     48.195     3.3449  44.745190  0.000e+00
     18.075     6.9831    30.8515    24.1547 2.5641e-01     0.1298      0.015    1473.70     48.266     3.3499  44.745190  0.000e+00
     18.113     6.9814    30.8523    24.1556 2.5641e-01     0.1285      0.015    1473.70     48.278     3.3509  44.745190  0.000e+00
     18.111     6.9801    30.8530    24.1563 2.6862e-01     0.1285      0.015    1473.69     48.348     3.3558  44.745191  0.000e+00
     18.160     6.9787    30.8539    24.1572 2.5641e-01     0.1285      0.015    1473.69     48.368     3.3572  44.745191  0.000e+00
     18.184     6.9777    30.8545    24.1578 2.5641e-01     0.1285      0.015    1473.69     48.382     3.3584  44.745192  0.000e+00
     18.207     6.9769    30.8547    24.1580 2.5641e-01     0.1285      0.015    1473.69     48.455     3.3635  44.745192  0.000e+00
     18.220     6.9762    30.8552    24.1585 2.5641e-01     0.1298      0.015    1473.68     48.469     3.3645  44.745193  0.000e+00
     18.255     6.9758    30.8551    24.1585 2.5641e-01     0.1285      0.015    1473.68     48.541     3.3695  44.745193  0.000e+00
     18.268     6.9752    30.8555    24.1589 2.5641e-01     0.1285      0.015    1473.68     48.553     3.3704  44.745194  0.000e+00
     18.304     6.9747    30.8556    24.1590 2.5641e-01     0.1298      0.018    1473.68     48.569     3.3715  44.745194  0.000e+00
     18.328     6.9732    30.8563    24.1597 2.5641e-01     0.1285      0.018    1473.67     48.580     3.3724  44.745195  0.000e+00
     18.351     6.9725    30.8568    24.1603 2.5641e-01     0.1285      0.015    1473.67     48.649     3.3772  44.745195  0.000e+00
     18.375     6.9720    30.8571    24.1605 2.5641e-01     0.1285      0.015    1473.67     48.720     3.3822  44.745196  0.000e+00
     18.400     6.9711    30.8574    24.1609 2.5641e-01     0.1285      0.018    1473.67     48.740     3.3836  44.745196  0.000e+00
     18.422     6.9699    30.8582    24.1617 2.5641e-01     0.1285      0.015    1473.67     48.817     3.3891  44.745197  0.000e+00
     18.447     6.9690    30.8590    24.1625 2.5641e-01     0.1285      0.015    1473.66     48.835     3.3903  44.745197  0.000e+00
