R-5_20190213_down.cnv
* Sea-Bird SBE 9 Data File:
* FileName = C:\CTD Brukere\NIVA\OKOKYST2019\20190211\R-5_20190213.hex
* Software Version Seasave V 7.23.2
* Temperature SN = 5352
* Conductivity SN = 3840
* Number of Bytes Per Scan = 28
* Number of Voltage Words = 4
* Number of Scans Averaged by the Deck Unit = 1
* NMEA baud rate = 4800
** Ship: R/V Trygve Braarud
** Cruise:
** Station:
** Operator:
# nquan = 12
# nvalues = 1608                                  
# units = specified
# name 0 = depSM: Depth [salt water, m], lat = 59.60
# name 1 = t090C: Temperature [ITS-90, deg C]
# name 2 = sal00: Salinity, Practical [PSU]
# name 3 = sigma-t00: Density [sigma-t, kg/m^3 ]
# name 4 = flSP: Fluorescence, Seapoint
# name 5 = wetStar: Fluorescence, WET Labs WETstar [mg/m^3]
# name 6 = seaTurbMtr: Turbidity, Seapoint [FTU]
# name 7 = svCM: Sound Velocity [Chen-Millero, m/s]
# name 8 = sbeox0PS: Oxygen, SBE 43 [% saturation]
# name 9 = sbeox0ML/L: Oxygen, SBE 43 [ml/l]
# name 10 = timeJ: Julian Days
# name 11 = flag:  0.000e+00
# span 0 =      0.271,     32.423                 
# span 1 =     2.2962,     7.4995                 
# span 2 =     2.8779,    31.6744                 
# span 3 =     2.2760,    24.9547                 
# span 4 = 2.4420e-01, 8.0586e-01                 
# span 5 =     0.1273,     0.1298                 
# span 6 =      0.011,      0.018                 
# span 7 =    1417.53,    1474.91                 
# span 8 =     45.614,     73.050                 
# span 9 =     3.1447,     6.7648                 
# span 10 =  44.744734,  44.745509                
# span 11 = 0.0000e+00, 0.0000e+00                
# interval = seconds: 0.0416667
# start_time = Feb 13 2019 17:52:25 [System UpLoad Time]
# bad_flag = -9.990e-29
*END*
[from data line 963]
     18.484     6.9677    30.8598    24.1632 2.5641e-01     0.1285      0.015    1473.66     48.986     3.4009  44.745198  0.000e+00
     18.520     6.9672    30.8603    24.1637 2.5641e-01     0.1298      0.015    1473.66     48.941     3.3978  44.745199  0.000e+00
     18.531     6.9664    30.8609    24.1642 2.5641e-01     0.1298      0.018    1473.66     49.015     3.4030  44.745199  0.000e+00
     18.567     6.9661    30.8607    24.1642 2.5641e-01     0.1285      0.018    1473.66     49.029     3.4040  44.745200  0.000e+00
     18.591     6.9655    30.8607    24.1642 2.5641e-01     0.1298      0.015    1473.65     49.100     3.4090  44.745200  0.000e+00
     18.602     6.9648    30.8614    24.1649 2.5641e-01     0.1285      0.015    1473.65     49.110     3.4097  44.745201  0.000e+00
     18.627     6.9640    30.8618    24.1653 2.4420e-01     0.1285      0.015    1473.65     49.177     3.4144  44.745201  0.000e+00
     18.638     6.9637    30.8621    24.1655 2.5641e-01     0.1298      0.015    1473.65     49.191     3.4154  44.745202  0.000e+00
     18.687     6.9627    30.8622    24.1658 2.5641e-01     0.1285      0.015    1473.65     49.262     3.4204  44.745202  0.000e+00
     18.687     6.9616    30.8626    24.1662 2.4420e-01     0.1298      0.015    1473.64     49.272     3.4212  44.745203  0.000e+00
     18.722     6.9600    30.8638    24.1673 2.4420e-01     0.1285      0.015    1473.64     49.346     3.4264  44.745203  0.000e+00
     18.735     6.9586    30.8646    24.1682 2.5641e-01     0.1298      0.015    1473.63     49.360     3.4275  44.745204  0.000e+00
     18.758     6.9559    30.8663    24.1699 2.5641e-01     0.1285      0.015    1473.63     49.368     3.4282  44.745204  0.000e+00
     18.794     6.9533    30.8675    24.1712 2.6862e-01     0.1285      0.015    1473.62     49.440     3.4334  44.745204  0.000e+00
     18.782     6.9514    30.8687    24.1724 2.5641e-01     0.1298      0.015    1473.61     49.451     3.4343  44.745205  0.000e+00
     18.831     6.9495    30.8701    24.1737 2.5641e-01     0.1298      0.015    1473.61     49.518     3.4391  44.745205  0.000e+00
     18.842     6.9476    30.8717    24.1752 2.5641e-01     0.1285      0.015    1473.60     49.525     3.4397  44.745206  0.000e+00
     18.866     6.9457    30.8725    24.1761 2.5641e-01     0.1285      0.015    1473.60     49.533     3.4404  44.745206  0.000e+00
     18.891     6.9445    30.8736    24.1770 2.6862e-01     0.1285      0.015    1473.59     49.597     3.4449  44.745207  0.000e+00
     18.902     6.9439    30.8740    24.1775 2.5641e-01     0.1298      0.015    1473.59     49.601     3.4452  44.745207  0.000e+00
     18.938     6.9433    30.8742    24.1777 2.5641e-01     0.1285      0.015    1473.59     49.722     3.4536  44.745208  0.000e+00
     18.938     6.9430    30.8746    24.1781 2.5641e-01     0.1285      0.018    1473.59     49.734     3.4545  44.745208  0.000e+00
     18.973     6.9427    30.8746    24.1781 2.5641e-01     0.1298      0.015    1473.59     49.741     3.4550  44.745209  0.000e+00
     18.986     6.9427    30.8748    24.1782 2.5641e-01     0.1285      0.015    1473.59     49.749     3.4555  44.745209  0.000e+00
     19.009     6.9423    30.8750    24.1785 2.5641e-01     0.1298      0.018    1473.59     49.812     3.4599  44.745210  0.000e+00
     19.033     6.9423    30.8751    24.1786 2.5641e-01     0.1285      0.015    1473.59     49.814     3.4601  44.745210  0.000e+00
     19.058     6.9425    30.8745    24.1781 2.5641e-01     0.1285      0.015    1473.59     49.872     3.4641  44.745211  0.000e+00
     19.058     6.9421    30.8747    24.1783 2.5641e-01     0.1298      0.015    1473.59     49.876     3.4644  44.745211  0.000e+00
     19.093     6.9420    30.8750    24.1785 2.5641e-01     0.1298      0.015    1473.59     49.874     3.4643  44.745212  0.000e+00
     19.118     6.9423    30.8750    24.1785 2.5641e-01     0.1285      0.018    1473.59     49.934     3.4685  44.745212  0.000e+00
     19.129     6.9423    30.8747    24.1783 2.5641e-01     0.1298      0.015    1473.59     49.996     3.4727  44.745213  0.000e+00
     19.142     6.9421    30.8749    24.1784 2.5641e-01     0.1298      0.015    1473.59     49.997     3.4728  44.745213  0.000e+00
     19.165     6.9417    30.8755    24.1790 2.5641e-01     0.1298      0.015    1473.59     49.998     3.4729  44.745214  0.000e+00
     19.200     6.9414    30.8755    24.1790 2.5641e-01     0.1285      0.015    1473.59     50.055     3.4769  44.745214  0.000e+00
     19.189     6.9406    30.8756    24.1791 2.9304e-01     0.1285      0.018    1473.58     50.120     3.4815  44.745215  0.000e+00
     19.238     6.9398    30.8765    24.1800 2.9304e-01     0.1285      0.015    1473.58     50.124     3.4818  44.745215  0.000e+00
     19.249     6.9393    30.8765    24.1800 2.8083e-01     0.1285      0.018    1473.58     50.121     3.4816  44.745216  0.000e+00
     19.262     6.9391    30.8763    24.1799 2.6862e-01     0.1285      0.015    1473.58     50.181     3.4858  44.745216  0.000e+00
     19.285     6.9388    30.8766    24.1802 2.6862e-01     0.1285      0.015    1473.58     50.180     3.4857  44.745217  0.000e+00
     19.309     6.9383    30.8768    24.1804 2.5641e-01     0.1298      0.018    1473.58     50.179     3.4857  44.745217  0.000e+00
     19.333     6.9377    30.8773    24.1808 2.5641e-01     0.1285      0.015    1473.58     50.234     3.4896  44.745217  0.000e+00
     19.333     6.9374    30.8777    24.1813 2.5641e-01     0.1298      0.015    1473.58     50.227     3.4891  44.745218  0.000e+00
     19.369     6.9375    30.8775    24.1811 2.5641e-01     0.1298      0.018    1473.58     50.276     3.4925  44.745218  0.000e+00
     19.380     6.9374    30.8782    24.1816 2.5641e-01     0.1298      0.015    1473.58     50.271     3.4921  44.745219  0.000e+00
     19.405     6.9371    30.8778    24.1813 2.5641e-01     0.1285      0.018    1473.58     50.267     3.4919  44.745219  0.000e+00
     19.416     6.9366    30.8782    24.1817 2.5641e-01     0.1285      0.015    1473.58     50.318     3.4955  44.745220  0.000e+00
     19.440     6.9366    30.8785    24.1819 2.4420e-01     0.1285      0.015    1473.58     50.377     3.4996  44.745220  0.000e+00
     19.476     6.9363    30.8785    24.1820 2.5641e-01     0.1285      0.018    1473.58     50.376     3.4995  44.745221  0.000e+00
     19.476     6.9364    30.8782    24.1817 2.4420e-01     0.1285      0.018    1473.58     50.437     3.5037  44.745221  0.000e+00
     19.512     6.9364    30.8783    24.1818 2.5641e-01     0.1285      0.015    1473.58     50.444     3.5043  44.745222  0.000e+00
     19.513     6.9361    30.8786    24.1821 2.5641e-01     0.1285      0.015    1473.58     50.437     3.5038  44.745222  0.000e+00
     19.549     6.9356    30.8781    24.1818 2.5641e-01     0.1298      0.015    1473.57     50.494     3.5078  44.745223  0.000e+00
     19.549     6.9345    30.8792    24.1828 2.5641e-01     0.1285      0.015    1473.57     50.550     3.5118  44.745223  0.000e+00
     19.585     6.9337    30.8796    24.1832 2.5641e-01     0.1298      0.015    1473.57     50.554     3.5120  44.745224  0.000e+00
     19.609     6.9329    30.8798    24.1834 2.5641e-01     0.1285      0.018    1473.57     50.550     3.5118  44.745224  0.000e+00
     19.620     6.9324    30.8802    24.1839 2.5641e-01     0.1298      0.015    1473.57     50.609     3.5160  44.745225  0.000e+00
     19.644     6.9316    30.8808    24.1844 2.5641e-01     0.1298      0.015    1473.56     50.606     3.5159  44.745225  0.000e+00
     19.667     6.9312    30.8808    24.1845 2.5641e-01     0.1285      0.015    1473.56     50.667     3.5201  44.745226  0.000e+00
     19.691     6.9305    30.8814    24.1850 2.5641e-01     0.1285      0.015    1473.56     50.728     3.5244  44.745226  0.000e+00
     19.716     6.9301    30.8811    24.1849 2.5641e-01     0.1285      0.018    1473.56     50.736     3.5250  44.745227  0.000e+00
     19.740     6.9294    30.8816    24.1853 2.5641e-01     0.1285      0.015    1473.56     50.798     3.5293  44.745227  0.000e+00
     19.751     6.9294    30.8819    24.1855 2.5641e-01     0.1285      0.015    1473.56     50.799     3.5294  44.745228  0.000e+00
     19.776     6.9289    30.8818    24.1855 2.5641e-01     0.1285      0.015    1473.56     50.862     3.5338  44.745228  0.000e+00
     19.789     6.9289    30.8817    24.1855 2.4420e-01     0.1298      0.015    1473.56     50.864     3.5339  44.745229  0.000e+00
     19.823     6.9284    30.8822    24.1859 2.4420e-01     0.1285      0.018    1473.56     50.928     3.5384  44.745229  0.000e+00
     19.836     6.9284    30.8818    24.1856 2.5641e-01     0.1298      0.015    1473.56     50.931     3.5386  44.745230  0.000e+00
     19.871     6.9281    30.8823    24.1861 2.4420e-01     0.1285      0.015    1473.56     50.988     3.5426  44.745230  0.000e+00
     19.884     6.9280    30.8826    24.1863 2.5641e-01     0.1285      0.018    1473.56     50.991     3.5429  44.745231  0.000e+00
     19.907     6.9280    30.8819    24.1858 2.4420e-01     0.1285      0.015    1473.56     51.049     3.5469  44.745231  0.000e+00
     19.918     6.9283    30.8820    24.1858 2.4420e-01     0.1285      0.015    1473.56     51.123     3.5520  44.745231  0.000e+00
     19.956     6.9281    30.8819    24.1857 2.5641e-01     0.1285      0.015    1473.56     51.135     3.5529  44.745232  0.000e+00
     19.969     6.9283    30.8817    24.1855 2.5641e-01     0.1298      0.015    1473.56     51.202     3.5575  44.745232  0.000e+00
     20.003     6.9284    30.8820    24.1858 2.5641e-01     0.1285      0.018    1473.56     51.269     3.5621  44.745233  0.000e+00
     20.003     6.9281    30.8821    24.1859 2.5641e-01     0.1298      0.018    1473.56     51.281     3.5630  44.745233  0.000e+00
     20.051     6.9280    30.8823    24.1860 2.5641e-01     0.1285      0.015    1473.56     51.286     3.5633  44.745234  0.000e+00
     20.064     6.9280    30.8822    24.1860 2.4420e-01     0.1285      0.018    1473.56     51.353     3.5680  44.745234  0.000e+00
     20.098     6.9278    30.8820    24.1859 2.5641e-01     0.1285      0.015    1473.56     51.420     3.5727  44.745235  0.000e+00
     20.098     6.9278    30.8820    24.1859 2.5641e-01     0.1285      0.015    1473.56     51.487     3.5773  44.745235  0.000e+00
     20.123     6.9277    30.8824    24.1861 2.5641e-01     0.1285      0.015    1473.56     51.499     3.5782  44.745236  0.000e+00
     20.160     6.9278    30.8819    24.1858 2.5641e-01     0.1285      0.015    1473.56     51.573     3.5833  44.745236  0.000e+00
     20.183     6.9280    30.8815    24.1854 2.5641e-01     0.1298      0.015    1473.56     51.647     3.5884  44.745237  0.000e+00
     20.207     6.9273    30.8821    24.1860 2.5641e-01     0.1285      0.015    1473.56     51.658     3.5892  44.745237  0.000e+00
     20.218     6.9257    30.8831    24.1870 2.5641e-01     0.1285      0.018    1473.55     51.731     3.5944  44.745238  0.000e+00
     20.244     6.9239    30.8839    24.1878 2.5641e-01     0.1298      0.015    1473.55     51.811     3.6001  44.745238  0.000e+00
     20.267     6.9221    30.8852    24.1891 2.5641e-01     0.1285      0.018    1473.54     51.829     3.6015  44.745239  0.000e+00
     20.303     6.9208    30.8859    24.1898 2.5641e-01     0.1285      0.015    1473.54     51.900     3.6065  44.745239  0.000e+00
     20.303     6.9198    30.8866    24.1904 2.5641e-01     0.1285      0.015    1473.54     51.978     3.6120  44.745240  0.000e+00
     20.340     6.9194    30.8867    24.1906 2.4420e-01     0.1298      0.015    1473.53     51.994     3.6131  44.745240  0.000e+00
     20.350     6.9196    30.8867    24.1906 2.5641e-01     0.1285      0.015    1473.54     52.062     3.6179  44.745241  0.000e+00
     20.374     6.9187    30.8873    24.1912 2.5641e-01     0.1285      0.015    1473.53     52.137     3.6232  44.745241  0.000e+00
     20.423     6.9184    30.8872    24.1911 2.5641e-01     0.1298      0.015    1473.53     52.150     3.6240  44.745242  0.000e+00
     20.423     6.9180    30.8879    24.1917 2.5641e-01     0.1285      0.018    1473.53     52.223     3.6291  44.745242  0.000e+00
     20.460     6.9176    30.8879    24.1918 2.4420e-01     0.1298      0.015    1473.53     52.233     3.6299  44.745243  0.000e+00
     20.483     6.9171    30.8883    24.1921 2.5641e-01     0.1298      0.015    1473.53     52.296     3.6343  44.745243  0.000e+00
     20.494     6.9165    30.8885    24.1924 2.5641e-01     0.1285      0.015    1473.53     52.365     3.6391  44.745244  0.000e+00
     20.530     6.9157    30.8886    24.1926 2.5641e-01     0.1285      0.015    1473.53     52.379     3.6402  44.745244  0.000e+00
     20.541     6.9151    30.8892    24.1931 2.5641e-01     0.1285      0.015    1473.52     52.446     3.6449  44.745245  0.000e+00
     20.567     6.9135    30.8899    24.1939 2.5641e-01     0.1298      0.015    1473.52     52.457     3.6458  44.745245  0.000e+00
     20.590     6.9124    30.8904    24.1944 2.5641e-01     0.1298      0.015    1473.52     52.522     3.6503  44.745245  0.000e+00
     20.625     6.9108    30.8915    24.1955 2.5641e-01     0.1285      0.015    1473.51     52.585     3.6548  44.745246  0.000e+00
     20.638     6.9101    30.8922    24.1962 2.5641e-01     0.1285      0.015    1473.51     52.654     3.6596  44.745246  0.000e+00
     20.661     6.9097    30.8924    24.1964 2.5641e-01     0.1298      0.015    1473.51     52.666     3.6605  44.745247  0.000e+00
     20.698     6.9093    30.8925    24.1965 2.5641e-01     0.1298      0.015    1473.51     52.670     3.6608  44.745247  0.000e+00
     20.697     6.9090    30.8921    24.1962 2.5641e-01     0.1285      0.015    1473.51     52.726     3.6648  44.745248  0.000e+00
     20.734     6.9084    30.8927    24.1968 2.5641e-01     0.1285      0.015    1473.51     52.727     3.6649  44.745248  0.000e+00
     20.757     6.9079    30.8928    24.1969 2.5641e-01     0.1285      0.015    1473.50     52.780     3.6686  44.745249  0.000e+00
     20.781     6.9077    30.8930    24.1971 2.5641e-01     0.1285      0.015    1473.50     52.840     3.6727  44.745249  0.000e+00
     20.807     6.9072    30.8931    24.1972 2.5641e-01     0.1298      0.015    1473.50     52.843     3.6730  44.745250  0.000e+00
     20.829     6.9071    30.8930    24.1972 2.5641e-01     0.1285      0.015    1473.50     52.899     3.6769  44.745250  0.000e+00
     20.865     6.9068    30.8937    24.1978 2.5641e-01     0.1285      0.015    1473.50     52.961     3.6813  44.745251  0.000e+00
     20.865     6.9063    30.8941    24.1982 2.4420e-01     0.1298      0.015    1473.50     52.960     3.6812  44.745251  0.000e+00
     20.901     6.9063    30.8940    24.1980 2.5641e-01     0.1285      0.015    1473.50     53.018     3.6853  44.745252  0.000e+00
     20.925     6.9063    30.8937    24.1978 2.5641e-01     0.1298      0.018    1473.50     53.013     3.6849  44.745252  0.000e+00
     20.951     6.9060    30.8939    24.1980 2.5641e-01     0.1285      0.015    1473.50     53.068     3.6888  44.745253  0.000e+00
     20.985     6.9060    30.8942    24.1982 2.5641e-01     0.1298      0.015    1473.50     53.060     3.6882  44.745253  0.000e+00
     21.008     6.9058    30.8942    24.1982 2.4420e-01     0.1298      0.018    1473.50     53.112     3.6918  44.745254  0.000e+00
     21.008     6.9055    30.8942    24.1983 2.5641e-01     0.1285      0.015    1473.50     53.161     3.6953  44.745254  0.000e+00
     21.056     6.9060    30.8938    24.1979 2.5641e-01     0.1298      0.015    1473.50     53.155     3.6948  44.745255  0.000e+00
     21.081     6.9053    30.8943    24.1984 2.5641e-01     0.1285      0.015    1473.50     53.147     3.6943  44.745255  0.000e+00
