R-5_20190213_down.cnv
* Sea-Bird SBE 9 Data File:
* FileName = C:\CTD Brukere\NIVA\OKOKYST2019\20190211\R-5_20190213.hex
* Software Version Seasave V 7.23.2
* Temperature SN = 5352
* Conductivity SN = 3840
* Number of Bytes Per Scan = 28
* Number of Voltage Words = 4
* Number of Scans Averaged by the Deck Unit = 1
* NMEA baud rate = 4800
** Ship: R/V Trygve Braarud
** Cruise:
** Station:
** Operator:
# nquan = 12
# nvalues = 1608                                  
# units = specified
# name 0 = depSM: Depth [salt water, m], lat = 59.60
# name 1 = t090C: Temperature [ITS-90, deg C]
# name 2 = sal00: Salinity, Practical [PSU]
# name 3 = sigma-t00: Density [sigma-t, kg/m^3 ]
# name 4 = flSP: Fluorescence, Seapoint
# name 5 = wetStar: Fluorescence, WET Labs WETstar [mg/m^3]
# name 6 = seaTurbMtr: Turbidity, Seapoint [FTU]
# name 7 = svCM: Sound Velocity [Chen-Millero, m/s]
# name 8 = sbeox0PS: Oxygen, SBE 43 [% saturation]
# name 9 = sbeox0ML/L: Oxygen, SBE 43 [ml/l]
# name 10 = timeJ: Julian Days
# name 11 = flag:  0.000e+00
# span 0 =      0.271,     32.423                 
# span 1 =     2.2962,     7.4995                 
# span 2 =     2.8779,    31.6744                 
# span 3 =     2.2760,    24.9547                 
# span 4 = 2.4420e-01, 8.0586e-01                 
# span 5 =     0.1273,     0.1298                 
# span 6 =      0.011,      0.018                 
# span 7 =    1417.53,    1474.91                 
# span 8 =     45.614,     73.050                 
# span 9 =     3.1447,     6.7648                 
# span 10 =  44.744734,  44.745509                
# span 11 = 0.0000e+00, 0.0000e+00                
# interval = seconds: 0.0416667
# start_time = Feb 13 2019 17:52:25 [System UpLoad Time]
# bad_flag = -9.990e-29
*END*
[from data line 1324]
     26.448     6.4196    31.1340    24.4483 2.4420e-01     0.1285      0.018    1471.97     57.706     4.0504  44.745372  0.000e+00
     26.484     6.4193    31.1362    24.4501 2.4420e-01     0.1298      0.015    1471.98     57.692     4.0493  44.745373  0.000e+00
     26.501     6.4191    31.1383    24.4518 2.4420e-01     0.1298      0.015    1471.98     57.672     4.0479  44.745373  0.000e+00
     26.519     6.4187    31.1398    24.4530 2.4420e-01     0.1298      0.015    1471.98     57.715     4.0509  44.745374  0.000e+00
     26.550     6.4177    31.1413    24.4543 2.4420e-01     0.1298      0.015    1471.98     57.636     4.0454  44.745374  0.000e+00
     26.566     6.4151    31.1430    24.4559 2.4420e-01     0.1285      0.015    1471.97     57.739     4.0528  44.745375  0.000e+00
     26.604     6.4094    31.1468    24.4596 2.4420e-01     0.1298      0.015    1471.95     57.727     4.0524  44.745375  0.000e+00
     26.633     6.4009    31.1519    24.4647 2.5641e-01     0.1298      0.015    1471.93     57.717     4.0524  44.745376  0.000e+00
     26.651     6.3927    31.1573    24.4700 2.4420e-01     0.1285      0.015    1471.90     57.701     4.0519  44.745376  0.000e+00
     26.669     6.3862    31.1613    24.4740 2.4420e-01     0.1298      0.015    1471.88     57.741     4.0552  44.745377  0.000e+00
     26.686     6.3811    31.1651    24.4776 2.4420e-01     0.1285      0.015    1471.86     57.729     4.0548  44.745377  0.000e+00
     26.711     6.3783    31.1665    24.4790 2.4420e-01     0.1285      0.018    1471.86     57.710     4.0537  44.745378  0.000e+00
     26.753     6.3760    31.1678    24.4803 2.4420e-01     0.1285      0.015    1471.85     57.756     4.0571  44.745378  0.000e+00
     26.759     6.3739    31.1681    24.4808 2.4420e-01     0.1285      0.015    1471.84     57.750     4.0568  44.745379  0.000e+00
     26.789     6.3725    31.1689    24.4816 2.5641e-01     0.1298      0.015    1471.84     57.738     4.0561  44.745379  0.000e+00
     26.819     6.3709    31.1698    24.4826 2.5641e-01     0.1285      0.015    1471.83     57.791     4.0600  44.745380  0.000e+00
     26.837     6.3690    31.1714    24.4840 2.5641e-01     0.1285      0.015    1471.83     57.784     4.0596  44.745380  0.000e+00
     26.866     6.3663    31.1722    24.4850 2.5641e-01     0.1285      0.018    1471.82     57.780     4.0596  44.745380  0.000e+00
     26.891     6.3634    31.1728    24.4858 2.4420e-01     0.1285      0.015    1471.81     57.770     4.0591  44.745381  0.000e+00
     26.897     6.3629    31.1736    24.4865 2.4420e-01     0.1285      0.015    1471.81     57.817     4.0625  44.745381  0.000e+00
     26.939     6.3628    31.1732    24.4862 2.4420e-01     0.1285      0.015    1471.81     57.813     4.0622  44.745382  0.000e+00
     26.957     6.3610    31.1738    24.4869 2.4420e-01     0.1285      0.015    1471.80     57.803     4.0617  44.745382  0.000e+00
     26.986     6.3601    31.1739    24.4871 2.5641e-01     0.1285      0.018    1471.80     57.859     4.0656  44.745383  0.000e+00
     27.004     6.3573    31.1738    24.4874 2.4420e-01     0.1298      0.015    1471.79     57.855     4.0656  44.745383  0.000e+00
     27.022     6.3524    31.1753    24.4892 2.4420e-01     0.1298      0.018    1471.77     57.846     4.0654  44.745384  0.000e+00
     27.059     6.3446    31.1786    24.4927 2.4420e-01     0.1298      0.018    1471.74     57.840     4.0657  44.745384  0.000e+00
     27.064     6.3308    31.1849    24.4994 2.4420e-01     0.1285      0.015    1471.70     57.893     4.0705  44.745385  0.000e+00
     27.106     6.3179    31.1918    24.5064 2.4420e-01     0.1298      0.018    1471.65     57.886     4.0711  44.745385  0.000e+00
     27.113     6.3085    31.1965    24.5112 2.4420e-01     0.1298      0.015    1471.62     57.881     4.0715  44.745386  0.000e+00
     27.142     6.3021    31.1998    24.5146 2.4420e-01     0.1298      0.015    1471.60     57.871     4.0713  44.745386  0.000e+00
     27.173     6.2944    31.2025    24.5176 2.4420e-01     0.1285      0.018    1471.57     57.857     4.0710  44.745387  0.000e+00
     27.191     6.2846    31.2066    24.5221 2.4420e-01     0.1285      0.015    1471.54     57.908     4.0754  44.745387  0.000e+00
     27.220     6.2754    31.2114    24.5270 2.4420e-01     0.1285      0.015    1471.51     57.899     4.0755  44.745388  0.000e+00
     27.238     6.2672    31.2160    24.5316 2.4420e-01     0.1285      0.018    1471.48     57.886     4.0753  44.745388  0.000e+00
     27.256     6.2597    31.2212    24.5367 2.4420e-01     0.1298      0.015    1471.46     57.876     4.0751  44.745389  0.000e+00
     27.275     6.2543    31.2247    24.5400 2.4420e-01     0.1285      0.015    1471.44     57.869     4.0751  44.745389  0.000e+00
     27.304     6.2502    31.2268    24.5422 2.4420e-01     0.1285      0.015    1471.43     57.920     4.0790  44.745390  0.000e+00
     27.322     6.2462    31.2286    24.5441 2.4420e-01     0.1285      0.015    1471.42     57.920     4.0793  44.745390  0.000e+00
     27.351     6.2429    31.2311    24.5465 2.4420e-01     0.1285      0.015    1471.41     57.907     4.0787  44.745391  0.000e+00
     27.371     6.2403    31.2339    24.5490 2.4420e-01     0.1298      0.018    1471.40     57.961     4.0826  44.745391  0.000e+00
     27.394     6.2384    31.2356    24.5506 2.4420e-01     0.1298      0.015    1471.40     57.893     4.0780  44.745392  0.000e+00
     27.424     6.2367    31.2366    24.5516 2.4420e-01     0.1285      0.015    1471.39     57.937     4.0812  44.745392  0.000e+00
     27.418     6.2348    31.2377    24.5527 2.5641e-01     0.1285      0.015    1471.39     57.931     4.0809  44.745393  0.000e+00
     27.460     6.2328    31.2388    24.5538 2.4420e-01     0.1298      0.015    1471.38     57.982     4.0847  44.745393  0.000e+00
     27.467     6.2297    31.2411    24.5560 2.4420e-01     0.1285      0.015    1471.37     57.975     4.0844  44.745394  0.000e+00
     27.507     6.2247    31.2448    24.5595 2.4420e-01     0.1298      0.015    1471.36     57.972     4.0846  44.745394  0.000e+00
     27.527     6.2199    31.2482    24.5628 2.4420e-01     0.1298      0.015    1471.34     57.964     4.0844  44.745394  0.000e+00
     27.544     6.2153    31.2514    24.5659 2.4420e-01     0.1298      0.015    1471.33     57.960     4.0845  44.745395  0.000e+00
     27.551     6.2128    31.2531    24.5675 2.4420e-01     0.1285      0.015    1471.32     57.952     4.0841  44.745395  0.000e+00
     27.580     6.2123    31.2531    24.5676 2.4420e-01     0.1285      0.018    1471.32     57.940     4.0833  44.745396  0.000e+00
     27.622     6.2094    31.2552    24.5696 2.4420e-01     0.1285      0.018    1471.31     57.987     4.0868  44.745396  0.000e+00
     27.616     6.2041    31.2602    24.5742 2.4420e-01     0.1285      0.015    1471.29     57.975     4.0864  44.745397  0.000e+00
     27.647     6.1985    31.2642    24.5780 2.4420e-01     0.1285      0.015    1471.28     57.967     4.0862  44.745397  0.000e+00
     27.676     6.1936    31.2671    24.5809 2.4420e-01     0.1285      0.015    1471.26     57.947     4.0852  44.745398  0.000e+00
     27.682     6.1881    31.2703    24.5841 2.5641e-01     0.1285      0.015    1471.24     58.001     4.0895  44.745398  0.000e+00
     27.700     6.1805    31.2750    24.5887 2.5641e-01     0.1285      0.015    1471.22     57.935     4.0854  44.745399  0.000e+00
     27.736     6.1739    31.2789    24.5926 2.5641e-01     0.1298      0.015    1471.20     57.982     4.0893  44.745399  0.000e+00
     27.742     6.1678    31.2825    24.5962 2.4420e-01     0.1285      0.015    1471.18     57.971     4.0889  44.745400  0.000e+00
     27.771     6.1600    31.2883    24.6017 2.4420e-01     0.1298      0.015    1471.16     57.964     4.0890  44.745400  0.000e+00
     27.789     6.1532    31.2934    24.6066 2.5641e-01     0.1285      0.015    1471.14     57.953     4.0888  44.745401  0.000e+00
     27.807     6.1479    31.2974    24.6103 2.5641e-01     0.1285      0.015    1471.12     57.938     4.0882  44.745401  0.000e+00
     27.827     6.1449    31.2997    24.6125 2.5641e-01     0.1298      0.015    1471.11     57.990     4.0921  44.745402  0.000e+00
     27.856     6.1432    31.3007    24.6135 2.5641e-01     0.1298      0.018    1471.11     57.922     4.0874  44.745402  0.000e+00
     27.862     6.1415    31.3018    24.6146 2.4420e-01     0.1285      0.015    1471.10     57.967     4.0907  44.745403  0.000e+00
     27.867     6.1396    31.3037    24.6163 2.5641e-01     0.1285      0.015    1471.10     57.962     4.0905  44.745403  0.000e+00
     27.922     6.1384    31.3051    24.6175 2.4420e-01     0.1298      0.015    1471.09     57.954     4.0900  44.745404  0.000e+00
     27.916     6.1372    31.3060    24.6184 2.4420e-01     0.1285      0.015    1471.09     57.942     4.0892  44.745404  0.000e+00
     27.947     6.1355    31.3068    24.6192 2.4420e-01     0.1298      0.015    1471.09     57.928     4.0883  44.745405  0.000e+00
     27.976     6.1339    31.3069    24.6195 2.4420e-01     0.1285      0.015    1471.08     57.980     4.0922  44.745405  0.000e+00
     27.982     6.1311    31.3059    24.6191 2.4420e-01     0.1285      0.015    1471.07     57.913     4.0877  44.745406  0.000e+00
     27.999     6.1212    31.3065    24.6207 2.4420e-01     0.1298      0.015    1471.03     57.960     4.0920  44.745406  0.000e+00
     28.036     6.1027    31.3131    24.6282 2.4420e-01     0.1285      0.015    1470.96     57.959     4.0935  44.745407  0.000e+00
     28.054     6.0844    31.3202    24.6359 2.4420e-01     0.1285      0.015    1470.90     57.955     4.0948  44.745407  0.000e+00
     28.072     6.0690    31.3267    24.6429 2.4420e-01     0.1285      0.015    1470.85     57.947     4.0956  44.745408  0.000e+00
     28.078     6.0560    31.3326    24.6492 2.5641e-01     0.1285      0.015    1470.80     57.937     4.0959  44.745408  0.000e+00
     28.107     6.0454    31.3377    24.6544 2.4420e-01     0.1285      0.015    1470.77     57.931     4.0964  44.745408  0.000e+00
     28.125     6.0376    31.3416    24.6584 2.4420e-01     0.1285      0.015    1470.74     57.922     4.0964  44.745409  0.000e+00
     28.143     6.0306    31.3450    24.6620 2.4420e-01     0.1298      0.015    1470.72     57.911     4.0962  44.745409  0.000e+00
     28.162     6.0233    31.3499    24.6667 2.4420e-01     0.1285      0.018    1470.69     57.959     4.1002  44.745410  0.000e+00
     28.192     6.0166    31.3548    24.6714 2.4420e-01     0.1285      0.015    1470.67     57.950     4.1000  44.745410  0.000e+00
     28.203     6.0112    31.3584    24.6749 2.4420e-01     0.1298      0.015    1470.66     57.883     4.0957  44.745411  0.000e+00
     28.234     6.0076    31.3604    24.6769 2.4420e-01     0.1285      0.015    1470.65     57.931     4.0994  44.745411  0.000e+00
     28.239     6.0044    31.3619    24.6784 2.4420e-01     0.1298      0.015    1470.64     57.922     4.0990  44.745412  0.000e+00
     28.269     6.0006    31.3622    24.6791 2.4420e-01     0.1285      0.015    1470.62     57.910     4.0985  44.745412  0.000e+00
     28.287     5.9946    31.3639    24.6811 2.4420e-01     0.1298      0.015    1470.60     57.895     4.0981  44.745413  0.000e+00
     28.305     5.9891    31.3656    24.6832 2.4420e-01     0.1298      0.015    1470.58     57.887     4.0979  44.745413  0.000e+00
     28.323     5.9835    31.3667    24.6847 2.4420e-01     0.1285      0.015    1470.56     57.938     4.1021  44.745414  0.000e+00
     28.347     5.9764    31.3676    24.6862 2.4420e-01     0.1298      0.015    1470.53     57.870     4.0979  44.745414  0.000e+00
     28.365     5.9670    31.3691    24.6885 2.4420e-01     0.1285      0.015    1470.50     57.925     4.1027  44.745415  0.000e+00
     28.383     5.9571    31.3699    24.6903 2.4420e-01     0.1298      0.015    1470.46     57.915     4.1029  44.745415  0.000e+00
     28.401     5.9479    31.3723    24.6934 2.5641e-01     0.1285      0.018    1470.42     57.911     4.1034  44.745416  0.000e+00
     28.419     5.9400    31.3750    24.6964 2.5641e-01     0.1285      0.015    1470.40     57.904     4.1036  44.745416  0.000e+00
     28.450     5.9333    31.3773    24.6990 2.5641e-01     0.1298      0.015    1470.37     57.903     4.1042  44.745417  0.000e+00
     28.466     5.9268    31.3806    24.7024 2.6862e-01     0.1298      0.015    1470.35     57.900     4.1045  44.745417  0.000e+00
     28.490     5.9224    31.3824    24.7043 2.5641e-01     0.1298      0.015    1470.34     57.895     4.1045  44.745418  0.000e+00
     28.510     5.9191    31.3846    24.7064 2.5641e-01     0.1285      0.015    1470.33     57.887     4.1042  44.745418  0.000e+00
     28.526     5.9165    31.3859    24.7078 2.6862e-01     0.1298      0.015    1470.32     57.940     4.1082  44.745419  0.000e+00
     28.545     5.9156    31.3860    24.7080 2.8083e-01     0.1285      0.018    1470.31     57.874     4.1036  44.745419  0.000e+00
     28.563     5.9151    31.3860    24.7080 2.8083e-01     0.1285      0.015    1470.31     57.922     4.1070  44.745420  0.000e+00
     28.586     5.9142    31.3861    24.7082 2.5641e-01     0.1298      0.015    1470.31     57.922     4.1071  44.745420  0.000e+00
     28.618     5.9132    31.3860    24.7082 2.5641e-01     0.1285      0.018    1470.31     57.920     4.1071  44.745421  0.000e+00
     28.623     5.9113    31.3866    24.7089 2.5641e-01     0.1298      0.015    1470.30     57.916     4.1070  44.745421  0.000e+00
     28.654     5.9097    31.3873    24.7097 2.4420e-01     0.1298      0.015    1470.29     57.910     4.1067  44.745421  0.000e+00
     28.670     5.9083    31.3879    24.7103 2.5641e-01     0.1298      0.015    1470.29     57.911     4.1068  44.745422  0.000e+00
     28.694     5.9072    31.3887    24.7111 2.4420e-01     0.1298      0.015    1470.29     57.901     4.1062  44.745422  0.000e+00
     28.701     5.9063    31.3895    24.7119 2.5641e-01     0.1298      0.015    1470.28     57.897     4.1060  44.745423  0.000e+00
     28.730     5.9059    31.3891    24.7116 2.4420e-01     0.1298      0.015    1470.28     57.955     4.1102  44.745423  0.000e+00
     28.742     5.9054    31.3899    24.7123 2.4420e-01     0.1298      0.015    1470.28     57.956     4.1102  44.745424  0.000e+00
     28.785     5.9052    31.3897    24.7121 2.4420e-01     0.1285      0.015    1470.28     57.955     4.1102  44.745424  0.000e+00
     28.779     5.9048    31.3895    24.7120 2.4420e-01     0.1285      0.015    1470.28     57.951     4.1100  44.745425  0.000e+00
     28.821     5.9043    31.3899    24.7124 2.5641e-01     0.1285      0.018    1470.28     57.955     4.1103  44.745425  0.000e+00
     28.850     5.9039    31.3897    24.7123 2.5641e-01     0.1285      0.015    1470.28     57.948     4.1099  44.745426  0.000e+00
     28.850     5.9036    31.3898    24.7124 2.5641e-01     0.1298      0.015    1470.28     57.947     4.1098  44.745426  0.000e+00
     28.881     5.9036    31.3894    24.7121 2.5641e-01     0.1285      0.015    1470.28     58.008     4.1141  44.745427  0.000e+00
     28.897     5.9036    31.3897    24.7123 2.4420e-01     0.1285      0.015    1470.28     58.012     4.1144  44.745427  0.000e+00
     28.935     5.9035    31.3900    24.7126 2.4420e-01     0.1298      0.018    1470.28     57.951     4.1101  44.745428  0.000e+00
     28.930     5.9037    31.3899    24.7125 2.4420e-01     0.1285      0.015    1470.28     58.005     4.1139  44.745428  0.000e+00
     28.970     5.9037    31.3901    24.7126 2.4420e-01     0.1285      0.015    1470.28     58.012     4.1144  44.745429  0.000e+00
     29.001     5.9040    31.3904    24.7128 2.4420e-01     0.1285      0.015    1470.28     58.009     4.1141  44.745429  0.000e+00
