R-5_20190213_down.cnv
* Sea-Bird SBE 9 Data File:
* FileName = C:\CTD Brukere\NIVA\OKOKYST2019\20190211\R-5_20190213.hex
* Software Version Seasave V 7.23.2
* Temperature SN = 5352
* Conductivity SN = 3840
* Number of Bytes Per Scan = 28
* Number of Voltage Words = 4
* Number of Scans Averaged by the Deck Unit = 1
* NMEA baud rate = 4800
** Ship: R/V Trygve Braarud
** Cruise:
** Station:
** Operator:
# nquan = 12
# nvalues = 1608                                  
# units = specified
# name 0 = depSM: Depth [salt water, m], lat = 59.60
# name 1 = t090C: Temperature [ITS-90, deg C]
# name 2 = sal00: Salinity, Practical [PSU]
# name 3 = sigma-t00: Density [sigma-t, kg/m^3 ]
# name 4 = flSP: Fluorescence, Seapoint
# name 5 = wetStar: Fluorescence, WET Labs WETstar [mg/m^3]
# name 6 = seaTurbMtr: Turbidity, Seapoint [FTU]
# name 7 = svCM: Sound Velocity [Chen-Millero, m/s]
# name 8 = sbeox0PS: Oxygen, SBE 43 [% saturation]
# name 9 = sbeox0ML/L: Oxygen, SBE 43 [ml/l]
# name 10 = timeJ: Julian Days
# name 11 = flag:  0.000e+00
# span 0 =      0.271,     32.423                 
# span 1 =     2.2962,     7.4995                 
# span 2 =     2.8779,    31.6744                 
# span 3 =     2.2760,    24.9547                 
# span 4 = 2.4420e-01, 8.0586e-01                 
# span 5 =     0.1273,     0.1298                 
# span 6 =      0.011,      0.018                 
# span 7 =    1417.53,    1474.91                 
# span 8 =     45.614,     73.050                 
# span 9 =     3.1447,     6.7648                 
# span 10 =  44.744734,  44.745509                
# span 11 = 0.0000e+00, 0.0000e+00                
# interval = seconds: 0.0416667
# start_time = Feb 13 2019 17:52:25 [System UpLoad Time]
# bad_flag = -9.990e-29
*END*
[from data line 1444]
     29.030     5.9048    31.3895    24.7120 2.4420e-01     0.1285      0.015    1470.28     58.075     4.1188  44.745430  0.000e+00
     29.050     5.9055    31.3901    24.7124 2.4420e-01     0.1298      0.015    1470.29     58.082     4.1192  44.745431  0.000e+00
     29.077     5.9066    31.3899    24.7121 2.4420e-01     0.1298      0.015    1470.29     58.087     4.1194  44.745431  0.000e+00
     29.102     5.9073    31.3892    24.7115 2.4420e-01     0.1298      0.018    1470.29     58.090     4.1196  44.745432  0.000e+00
     29.132     5.9075    31.3884    24.7108 2.4420e-01     0.1298      0.015    1470.30     58.091     4.1197  44.745432  0.000e+00
     29.137     5.9072    31.3885    24.7109 2.4420e-01     0.1285      0.015    1470.29     58.090     4.1197  44.745433  0.000e+00
     29.173     5.9069    31.3881    24.7106 2.4420e-01     0.1298      0.015    1470.29     58.088     4.1195  44.745433  0.000e+00
     29.193     5.9058    31.3889    24.7115 2.4420e-01     0.1285      0.015    1470.29     58.091     4.1198  44.745434  0.000e+00
     29.210     5.9058    31.3889    24.7114 2.4420e-01     0.1285      0.018    1470.29     58.155     4.1244  44.745434  0.000e+00
     29.233     5.9052    31.3890    24.7115 2.4420e-01     0.1285      0.015    1470.29     58.217     4.1289  44.745435  0.000e+00
     29.266     5.9047    31.3889    24.7116 2.4420e-01     0.1298      0.015    1470.29     58.168     4.1254  44.745435  0.000e+00
     29.282     5.9042    31.3893    24.7119 2.4420e-01     0.1285      0.018    1470.29     58.171     4.1257  44.745435  0.000e+00
     29.317     5.9042    31.3888    24.7115 2.4420e-01     0.1298      0.015    1470.29     58.173     4.1258  44.745436  0.000e+00
     29.337     5.9039    31.3897    24.7122 2.4420e-01     0.1285      0.015    1470.29     58.172     4.1257  44.745436  0.000e+00
     29.366     5.9039    31.3897    24.7122 2.4420e-01     0.1285      0.015    1470.29     58.232     4.1300  44.745437  0.000e+00
     29.377     5.9037    31.3902    24.7127 2.4420e-01     0.1285      0.015    1470.29     58.243     4.1307  44.745437  0.000e+00
     29.397     5.9042    31.3897    24.7122 2.4420e-01     0.1298      0.015    1470.29     58.243     4.1308  44.745438  0.000e+00
     29.413     5.9045    31.3892    24.7118 2.4420e-01     0.1285      0.015    1470.29     58.250     4.1312  44.745438  0.000e+00
     29.449     5.9046    31.3895    24.7120 2.4420e-01     0.1298      0.015    1470.29     58.255     4.1316  44.745439  0.000e+00
     29.485     5.9048    31.3891    24.7117 2.4420e-01     0.1298      0.015    1470.29     58.320     4.1362  44.745439  0.000e+00
     29.506     5.9055    31.3890    24.7115 2.4420e-01     0.1298      0.018    1470.29     58.329     4.1367  44.745440  0.000e+00
     29.522     5.9061    31.3882    24.7109 2.4420e-01     0.1285      0.018    1470.30     58.335     4.1371  44.745440  0.000e+00
     29.558     5.9061    31.3882    24.7108 2.5641e-01     0.1285      0.015    1470.30     58.339     4.1374  44.745441  0.000e+00
     29.566     5.9061    31.3881    24.7108 2.5641e-01     0.1285      0.015    1470.30     58.402     4.1419  44.745441  0.000e+00
     29.593     5.9061    31.3879    24.7106 2.5641e-01     0.1285      0.015    1470.30     58.409     4.1424  44.745442  0.000e+00
     29.618     5.9053    31.3881    24.7109 2.4420e-01     0.1285      0.018    1470.29     58.422     4.1434  44.745442  0.000e+00
     29.648     5.9036    31.3887    24.7115 2.4420e-01     0.1285      0.015    1470.29     58.424     4.1437  44.745443  0.000e+00
     29.665     5.9010    31.3892    24.7123 2.4420e-01     0.1285      0.015    1470.28     58.494     4.1489  44.745443  0.000e+00
     29.689     5.8985    31.3899    24.7131 2.4420e-01     0.1285      0.015    1470.27     58.507     4.1500  44.745444  0.000e+00
     29.713     5.8950    31.3915    24.7147 2.4420e-01     0.1298      0.015    1470.26     58.518     4.1511  44.745444  0.000e+00
     29.746     5.8923    31.3925    24.7159 2.4420e-01     0.1298      0.015    1470.25     58.588     4.1563  44.745445  0.000e+00
     29.749     5.8897    31.3938    24.7172 2.4420e-01     0.1298      0.015    1470.24     58.601     4.1574  44.745445  0.000e+00
     29.785     5.8878    31.3950    24.7184 2.4420e-01     0.1285      0.015    1470.23     58.610     4.1583  44.745446  0.000e+00
     29.804     5.8863    31.3957    24.7191 2.4420e-01     0.1285      0.015    1470.23     58.617     4.1589  44.745446  0.000e+00
     29.833     5.8855    31.3957    24.7192 2.4420e-01     0.1298      0.015    1470.23     58.683     4.1636  44.745447  0.000e+00
     29.858     5.8848    31.3964    24.7199 2.4420e-01     0.1285      0.018    1470.23     58.700     4.1648  44.745447  0.000e+00
     29.880     5.8842    31.3962    24.7197 2.4420e-01     0.1298      0.015    1470.22     58.713     4.1659  44.745448  0.000e+00
     29.901     5.8830    31.3956    24.7194 2.4420e-01     0.1285      0.015    1470.22     58.786     4.1712  44.745448  0.000e+00
     29.916     5.8815    31.3952    24.7193 2.4420e-01     0.1298      0.018    1470.21     58.801     4.1724  44.745448  0.000e+00
     29.953     5.8793    31.3958    24.7200 2.4420e-01     0.1298      0.015    1470.20     58.814     4.1735  44.745449  0.000e+00
     29.976     5.8769    31.3965    24.7208 2.4420e-01     0.1285      0.015    1470.20     58.885     4.1788  44.745449  0.000e+00
     29.973     5.8743    31.3966    24.7212 2.4420e-01     0.1285      0.015    1470.19     58.898     4.1799  44.745450  0.000e+00
     30.025     5.8709    31.3969    24.7219 2.6862e-01     0.1298      0.015    1470.17     58.916     4.1815  44.745450  0.000e+00
     30.036     5.8672    31.3971    24.7224 2.6862e-01     0.1285      0.015    1470.16     58.993     4.1874  44.745451  0.000e+00
     30.060     5.8626    31.3977    24.7234 2.6862e-01     0.1285      0.015    1470.14     59.003     4.1886  44.745451  0.000e+00
     30.093     5.8583    31.3991    24.7250 2.5641e-01     0.1298      0.015    1470.13     59.019     4.1900  44.745452  0.000e+00
     30.096     5.8547    31.3996    24.7259 2.4420e-01     0.1285      0.018    1470.11     59.092     4.1956  44.745452  0.000e+00
     30.120     5.8503    31.4011    24.7276 2.5641e-01     0.1285      0.015    1470.10     59.108     4.1971  44.745453  0.000e+00
     30.145     5.8456    31.4024    24.7292 2.4420e-01     0.1285      0.015    1470.08     59.182     4.2028  44.745453  0.000e+00
     30.164     5.8414    31.4028    24.7300 2.4420e-01     0.1285      0.015    1470.06     59.267     4.2092  44.745454  0.000e+00
     30.205     5.8357    31.4039    24.7315 2.4420e-01     0.1298      0.015    1470.04     59.295     4.2117  44.745454  0.000e+00
     30.205     5.8267    31.4087    24.7364 2.4420e-01     0.1285      0.015    1470.01     59.380     4.2186  44.745455  0.000e+00
     30.229     5.8189    31.4122    24.7400 2.4420e-01     0.1285      0.015    1469.99     59.407     4.2211  44.745455  0.000e+00
     30.260     5.8105    31.4164    24.7443 2.4420e-01     0.1285      0.015    1469.96     59.429     4.2234  44.745456  0.000e+00
     30.289     5.8013    31.4206    24.7488 2.4420e-01     0.1285      0.015    1469.93     59.509     4.2299  44.745456  0.000e+00
     30.289     5.7920    31.4262    24.7543 2.4420e-01     0.1298      0.015    1469.90     59.529     4.2321  44.745457  0.000e+00
     30.312     5.7838    31.4308    24.7588 2.4420e-01     0.1285      0.015    1469.87     59.607     4.2384  44.745457  0.000e+00
     30.348     5.7762    31.4357    24.7636 2.4420e-01     0.1285      0.015    1469.85     59.634     4.2409  44.745458  0.000e+00
     30.344     5.7682    31.4431    24.7703 2.4420e-01     0.1285      0.015    1469.82     59.726     4.2480  44.745458  0.000e+00
     30.396     5.7589    31.4527    24.7790 2.4420e-01     0.1285      0.015    1469.80     59.751     4.2504  44.745459  0.000e+00
     30.396     5.7495    31.4628    24.7881 2.4420e-01     0.1285      0.018    1469.77     59.832     4.2569  44.745459  0.000e+00
     30.432     5.7430    31.4687    24.7935 2.4420e-01     0.1285      0.015    1469.76     59.854     4.2589  44.745460  0.000e+00
     30.429     5.7376    31.4739    24.7983 2.4420e-01     0.1298      0.015    1469.74     59.931     4.2648  44.745460  0.000e+00
     30.492     5.7340    31.4776    24.8016 2.4420e-01     0.1298      0.018    1469.73     60.020     4.2714  44.745461  0.000e+00
     30.481     5.7305    31.4811    24.8048 2.4420e-01     0.1298      0.015    1469.72     60.047     4.2736  44.745461  0.000e+00
     30.505     5.7275    31.4852    24.8084 2.4420e-01     0.1298      0.015    1469.72     60.131     4.2797  44.745462  0.000e+00
     30.541     5.7249    31.4897    24.8122 2.4420e-01     0.1285      0.015    1469.71     60.154     4.2815  44.745462  0.000e+00
     30.537     5.7232    31.4937    24.8155 2.4420e-01     0.1285      0.015    1469.71     60.170     4.2827  44.745462  0.000e+00
     30.552     5.7216    31.4975    24.8188 2.4420e-01     0.1298      0.018    1469.71     60.251     4.2885  44.745463  0.000e+00
     30.601     5.7206    31.5025    24.8229 2.4420e-01     0.1298      0.015    1469.71     60.271     4.2899  44.745463  0.000e+00
     30.601     5.7209    31.5071    24.8264 2.4420e-01     0.1285      0.018    1469.72     60.347     4.2952  44.745464  0.000e+00
     30.636     5.7210    31.5110    24.8295 2.4420e-01     0.1285      0.015    1469.72     60.425     4.3006  44.745464  0.000e+00
     30.636     5.7212    31.5155    24.8330 2.4420e-01     0.1285      0.015    1469.73     60.449     4.3021  44.745465  0.000e+00
     30.680     5.7205    31.5197    24.8365 2.4420e-01     0.1298      0.015    1469.73     60.466     4.3033  44.745465  0.000e+00
     30.696     5.7200    31.5227    24.8389 2.4420e-01     0.1285      0.018    1469.74     60.540     4.3085  44.745466  0.000e+00
     30.696     5.7196    31.5251    24.8408 2.4420e-01     0.1285      0.015    1469.74     60.614     4.3138  44.745466  0.000e+00
     30.732     5.7190    31.5285    24.8436 2.5641e-01     0.1285      0.015    1469.74     60.635     4.3153  44.745467  0.000e+00
     30.743     5.7189    31.5311    24.8456 2.5641e-01     0.1298      0.015    1469.74     60.712     4.3206  44.745467  0.000e+00
     30.765     5.7183    31.5344    24.8483 2.4420e-01     0.1285      0.015    1469.75     60.726     4.3216  44.745468  0.000e+00
     30.792     5.7178    31.5378    24.8511 2.4420e-01     0.1298      0.015    1469.75     60.804     4.3272  44.745468  0.000e+00
     30.804     5.7169    31.5421    24.8546 2.4420e-01     0.1298      0.015    1469.75     60.821     4.3283  44.745469  0.000e+00
     30.828     5.7158    31.5483    24.8596 2.4420e-01     0.1298      0.018    1469.75     60.892     4.3333  44.745469  0.000e+00
     30.839     5.7139    31.5531    24.8636 2.4420e-01     0.1285      0.015    1469.75     60.902     4.3341  44.745470  0.000e+00
     30.864     5.7128    31.5552    24.8654 2.4420e-01     0.1285      0.015    1469.75     60.975     4.3393  44.745470  0.000e+00
     30.885     5.7119    31.5574    24.8673 2.4420e-01     0.1298      0.018    1469.75     60.985     4.3400  44.745471  0.000e+00
     30.912     5.7104    31.5596    24.8692 2.4420e-01     0.1285      0.015    1469.75     60.988     4.3403  44.745471  0.000e+00
     30.924     5.7088    31.5621    24.8713 2.4420e-01     0.1285      0.015    1469.74     60.991     4.3407  44.745472  0.000e+00
     30.937     5.7062    31.5661    24.8748 2.4420e-01     0.1285      0.015    1469.74     61.112     4.3494  44.745472  0.000e+00
     30.959     5.7031    31.5708    24.8788 2.4420e-01     0.1298      0.015    1469.73     61.054     4.3455  44.745473  0.000e+00
     30.984     5.7007    31.5737    24.8814 2.4420e-01     0.1285      0.015    1469.73     61.114     4.3499  44.745473  0.000e+00
     31.005     5.6988    31.5752    24.8828 2.4420e-01     0.1285      0.015    1469.72     61.111     4.3498  44.745474  0.000e+00
     31.044     5.6968    31.5769    24.8844 2.4420e-01     0.1285      0.015    1469.72     61.163     4.3537  44.745474  0.000e+00
     31.044     5.6948    31.5780    24.8855 2.4420e-01     0.1285      0.015    1469.71     61.161     4.3537  44.745475  0.000e+00
     31.068     5.6936    31.5791    24.8865 2.4420e-01     0.1298      0.015    1469.71     61.214     4.3576  44.745475  0.000e+00
     31.079     5.6920    31.5807    24.8880 2.4420e-01     0.1298      0.015    1469.70     61.141     4.3525  44.745476  0.000e+00
     31.104     5.6909    31.5826    24.8896 2.4420e-01     0.1285      0.015    1469.70     61.186     4.3558  44.745476  0.000e+00
     31.128     5.6903    31.5842    24.8909 2.5641e-01     0.1285      0.015    1469.70     61.232     4.3591  44.745476  0.000e+00
     31.149     5.6895    31.5863    24.8926 2.5641e-01     0.1285      0.015    1469.70     61.286     4.3629  44.745477  0.000e+00
     31.175     5.6893    31.5874    24.8936 2.5641e-01     0.1285      0.018    1469.70     61.285     4.3629  44.745477  0.000e+00
     31.199     5.6887    31.5891    24.8950 2.4420e-01     0.1285      0.015    1469.70     61.277     4.3623  44.745478  0.000e+00
     31.212     5.6882    31.5908    24.8964 2.4420e-01     0.1285      0.015    1469.70     61.270     4.3618  44.745478  0.000e+00
     31.235     5.6880    31.5921    24.8974 2.4420e-01     0.1285      0.015    1469.70     61.317     4.3651  44.745479  0.000e+00
     31.259     5.6877    31.5940    24.8990 2.4420e-01     0.1285      0.015    1469.71     61.303     4.3641  44.745479  0.000e+00
     31.272     5.6882    31.5980    24.9021 2.4420e-01     0.1285      0.018    1469.71     61.351     4.3674  44.745480  0.000e+00
     31.292     5.6901    31.6028    24.9056 2.4420e-01     0.1298      0.015    1469.73     61.338     4.3661  44.745480  0.000e+00
     31.319     5.6939    31.6081    24.9094 2.4420e-01     0.1298      0.015    1469.75     61.324     4.3646  44.745481  0.000e+00
     31.355     5.6984    31.6123    24.9122 2.4420e-01     0.1298      0.018    1469.77     61.303     4.3625  44.745481  0.000e+00
     31.355     5.7018    31.6144    24.9135 2.4420e-01     0.1285      0.015    1469.79     61.346     4.3651  44.745482  0.000e+00
     31.380     5.7044    31.6159    24.9143 2.4420e-01     0.1285      0.018    1469.80     61.327     4.3634  44.745482  0.000e+00
     31.404     5.7066    31.6169    24.9149 2.4420e-01     0.1298      0.015    1469.81     61.371     4.3664  44.745483  0.000e+00
     31.428     5.7091    31.6177    24.9152 2.4420e-01     0.1298      0.015    1469.82     61.354     4.3648  44.745483  0.000e+00
     31.440     5.7113    31.6189    24.9159 2.4420e-01     0.1298      0.015    1469.84     61.338     4.3634  44.745484  0.000e+00
     31.475     5.7137    31.6191    24.9157 2.4420e-01     0.1298      0.015    1469.85     61.323     4.3621  44.745484  0.000e+00
     31.485     5.7154    31.6204    24.9166 2.4420e-01     0.1285      0.018    1469.85     61.364     4.3648  44.745485  0.000e+00
     31.511     5.7164    31.6216    24.9174 2.4420e-01     0.1298      0.015    1469.86     61.352     4.3638  44.745485  0.000e+00
     31.535     5.7173    31.6223    24.9179 2.4420e-01     0.1285      0.015    1469.87     61.333     4.3624  44.745486  0.000e+00
     31.548     5.7182    31.6231    24.9184 2.5641e-01     0.1285      0.015    1469.87     61.370     4.3649  44.745486  0.000e+00
     31.584     5.7188    31.6239    24.9190 2.5641e-01     0.1298      0.015    1469.87     61.355     4.3637  44.745487  0.000e+00
     31.595     5.7192    31.6241    24.9191 2.5641e-01     0.1285      0.018    1469.88     61.394     4.3665  44.745487  0.000e+00
