S9_20190613_down_bin.cnv
* Sea-Bird SBE 9 Data File:
* FileName = C:\CTD Brukere\NIVA\OKOKYST2019\20190611\S9_20190613.hex
* Software Version Seasave V 7.23.2
* Temperature SN = 5352
* Conductivity SN = 3840
* Number of Bytes Per Scan = 28
* Number of Voltage Words = 4
* Number of Scans Averaged by the Deck Unit = 1
* NMEA baud rate = 4800
** Ship: R/V Trygve Braarud
** Cruise:
** Station:
** Operator:
# nquan = 14
# nvalues = 96                          
# units = specified
# name 0 = depSM: Depth [salt water, m], lat = 59.60
# name 1 = t090C: Temperature [ITS-90, deg C]
# name 2 = sal00: Salinity, Practical [PSU]
# name 3 = sigma-t00: Density [sigma-t, kg/m^3 ]
# name 4 = flSP: Fluorescence, Seapoint
# name 5 = wetStar: Fluorescence, WET Labs WETstar [mg/m^3]
# name 6 = seaTurbMtr: Turbidity, Seapoint [FTU]
# name 7 = svCM: Sound Velocity [Chen-Millero, m/s]
# name 8 = sbeox0PS: Oxygen, SBE 43 [% saturation]
# name 9 = sbeox0Mg/L: Oxygen, SBE 43 [mg/l]
# name 10 = timeJ: Julian Days
# name 11 = sbeox0ML/L: Oxygen, SBE 43 [ml/l]
# name 12 = prDM: Pressure, Digiquartz [db]
# name 13 = flag: flag
# span 0 =      0.000,     95.000       
# span 1 =     6.4471,    13.2470       
# span 2 =    20.1755,    34.3831       
# span 3 =    14.8981,    27.0057       
# span 4 = 1.5964e-01, 2.0725e+00       
# span 5 =     0.1280,     0.1306       
# span 6 =      0.014,      0.018       
# span 7 =    1477.08,    1491.42       
# span 8 =     59.033,     77.796       
# span 9 =     5.7917,     7.1701       
# span 10 = 164.688941, 164.691580      
# span 11 =     4.0527,     5.0172      
# span 12 =      0.000,     95.923      
# span 13 = 0.0000e+00, 0.0000e+00      
# interval = meters: 1                  
# start_time = Jun 13 2019 16:32:01 [System UpLoad Time]
# bad_flag = -9.990e-29
*END*
      0.000    13.2470    20.1755    14.8981 1.7914e+00     0.1306      0.015    1483.55     77.567     7.1701 164.688941     5.0172      0.000 0.0000e+00
      1.000    13.2367    20.3868    15.0627 1.7142e+00     0.1306      0.015    1483.78     77.375     7.1446 164.689021     4.9994      1.009 0.0000e+00
      2.000    13.2040    21.2715    15.7498 2.0725e+00     0.1305      0.015    1484.72     77.796     7.1490 164.689045     5.0024      2.019 0.0000e+00
      3.000    13.2025    22.0653    16.3617 2.0084e+00     0.1304      0.015    1485.67     77.783     7.1128 164.689068     4.9771      3.029 0.0000e+00
      4.000    13.1485    24.8847    18.5450 1.5344e+00     0.1303      0.015    1488.82     77.302     6.9535 164.689089     4.8657      4.038 0.0000e+00
      5.000    13.0702    26.2394    19.6046 1.1036e+00     0.1302      0.015    1490.16     76.813     6.8627 164.689109     4.8021      5.048 0.0000e+00
      6.000    13.1963    26.7495    19.9749 9.5513e-01     0.1300      0.014    1491.21     76.420     6.7878 164.689129     4.7497      6.057 0.0000e+00
      7.000    13.2175    26.8561    20.0532 7.8383e-01     0.1303      0.015    1491.42     74.951     6.6500 164.689149     4.6533      7.066 0.0000e+00
      8.000    12.7107    27.3074    20.4953 6.4745e-01     0.1303      0.016    1490.24     74.561     6.6674 164.689170     4.6655      8.076 0.0000e+00
      9.000    12.0107    27.3554    20.6580 6.0164e-01     0.1304      0.016    1487.89     74.866     6.7926 164.689189     4.7531      9.086 0.0000e+00
     10.000    11.5894    27.4117    20.7748 5.2637e-01     0.1305      0.016    1486.50     73.350     6.7127 164.689209     4.6971     10.095 0.0000e+00
     11.000    11.1281    27.7786    21.1378 4.0086e-01     0.1305      0.016    1485.32     72.288     6.6663 164.689229     4.6647     11.105 0.0000e+00
     12.000    10.9554    28.4113    21.6581 3.7274e-01     0.1305      0.017    1485.48     71.834     6.6225 164.689249     4.6341     12.114 0.0000e+00
     13.000    10.5735    28.7235    21.9638 3.4068e-01     0.1304      0.017    1484.50     71.319     6.6166 164.689269     4.6299     13.124 0.0000e+00
     14.000    10.2800    28.8914    22.1421 2.9684e-01     0.1306      0.018    1483.66     71.245     6.6452 164.689290     4.6499     14.133 0.0000e+00
     15.000     9.9113    29.1479    22.4007 2.6651e-01     0.1305      0.018    1482.64     71.668     6.7280 164.689309     4.7079     15.143 0.0000e+00
     16.000     9.4709    29.4300    22.6889 2.6310e-01     0.1305      0.018    1481.38     71.379     6.7542 164.689329     4.7262     16.152 0.0000e+00
     17.000     9.0794    30.1140    23.2829 2.6379e-01     0.1304      0.018    1480.78     71.366     6.7820 164.689349     4.7456     17.162 0.0000e+00
     18.000     8.8311    30.4429    23.5773 2.4679e-01     0.1305      0.018    1480.27     70.843     6.7553 164.689369     4.7270     18.172 0.0000e+00
     19.000     8.6806    30.7113    23.8096 2.3184e-01     0.1304      0.018    1480.05     70.723     6.7550 164.689389     4.7267     19.181 0.0000e+00
     20.000     8.8031    30.8877    23.9294 2.2992e-01     0.1304      0.018    1480.75     70.545     6.7118 164.689409     4.6965     20.191 0.0000e+00
     21.000     9.0263    31.0422    24.0166 2.3311e-01     0.1304      0.018    1481.79     70.452     6.6630 164.689430     4.6624     21.200 0.0000e+00
     22.000     8.9299    31.2705    24.2097 2.2034e-01     0.1304      0.018    1481.72     71.051     6.7242 164.689451     4.7052     22.210 0.0000e+00
     23.000     9.3377    31.5624    24.3751 2.1868e-01     0.1303      0.018    1483.61     70.973     6.6437 164.689471     4.6489     23.220 0.0000e+00
     24.000     9.4166    31.6390    24.4226 2.2479e-01     0.1302      0.018    1484.01     71.223     6.6522 164.689492     4.6548     24.229 0.0000e+00
     25.000     9.3310    31.6683    24.4588 2.1592e-01     0.1303      0.018    1483.75     71.809     6.7184 164.689513     4.7011     25.239 0.0000e+00
     26.000     8.9921    31.6563    24.5021 2.2352e-01     0.1304      0.018    1482.50     71.535     6.7438 164.689533     4.7189     26.248 0.0000e+00
     27.000     8.6654    31.6311    24.5318 2.1039e-01     0.1303      0.018    1481.26     70.827     6.7269 164.689554     4.7071     27.258 0.0000e+00
     28.000     8.5190    31.8175    24.6997 2.0200e-01     0.1302      0.018    1480.96     70.268     6.6877 164.689575     4.6797     28.268 0.0000e+00
     29.000     8.6785    32.0342    24.8456 2.0246e-01     0.1301      0.018    1481.84     70.168     6.6451 164.689595     4.6498     29.277 0.0000e+00
     30.000     8.5711    32.0642    24.8852 2.1214e-01     0.1302      0.018    1481.49     70.616     6.7023 164.689616     4.6899     30.287 0.0000e+00
     31.000     8.5009    32.1011    24.9246 2.0679e-01     0.1301      0.018    1481.29     70.518     6.7019 164.689638     4.6896     31.297 0.0000e+00
     32.000     8.4018    32.1193    24.9535 2.0601e-01     0.1300      0.018    1480.96     70.076     6.6739 164.689658     4.6700     32.306 0.0000e+00
     33.000     8.2259    32.2583    25.0884 1.9789e-01     0.1299      0.018    1480.48     70.007     6.6878 164.689678     4.6797     33.316 0.0000e+00
     34.000     8.2236    32.3287    25.1440 1.9710e-01     0.1300      0.018    1480.57     69.760     6.6614 164.689698     4.6613     34.325 0.0000e+00
     35.000     8.0051    32.3721    25.2098 1.9272e-01     0.1299      0.018    1479.82     69.727     6.6893 164.689718     4.6808     35.335 0.0000e+00
     36.000     7.8180    32.4758    25.3180 1.9280e-01     0.1298      0.018    1479.25     69.375     6.6792 164.689739     4.6737     36.345 0.0000e+00
     37.000     7.6500    32.5343    25.3877 1.8773e-01     0.1299      0.018    1478.70     69.095     6.6752 164.689759     4.6709     37.354 0.0000e+00
     38.000     7.5718    32.6091    25.4575 1.8643e-01     0.1298      0.018    1478.51     68.680     6.6437 164.689779     4.6488     38.364 0.0000e+00
     39.000     7.4293    32.7368    25.5777 1.8502e-01     0.1298      0.018    1478.13     68.433     6.6358 164.689799     4.6434     39.374 0.0000e+00
     40.000     7.3870    32.8500    25.6726 1.8377e-01     0.1297      0.018    1478.13     68.098     6.6048 164.689818     4.6217     40.383 0.0000e+00
     41.000     7.4761    32.9763    25.7595 1.8284e-01     0.1298      0.018    1478.65     67.577     6.5356 164.689839     4.5732     41.393 0.0000e+00
     42.000     7.4685    33.0051    25.7832 1.8347e-01     0.1297      0.018    1478.67     67.326     6.5111 164.689858     4.5561     42.403 0.0000e+00
     43.000     7.3874    33.0704    25.8459 1.8202e-01     0.1298      0.018    1478.45     67.229     6.5111 164.689877     4.5560     43.412 0.0000e+00
     44.000     7.4033    33.2106    25.9539 1.8023e-01     0.1297      0.018    1478.71     66.993     6.4799 164.689898     4.5342     44.422 0.0000e+00
     45.000     7.3819    33.2643    25.9992 1.7948e-01     0.1297      0.018    1478.71     67.034     6.4847 164.689918     4.5376     45.432 0.0000e+00
     46.000     7.3717    33.2963    26.0257 1.7634e-01     0.1296      0.018    1478.72     67.046     6.4860 164.689938     4.5385     46.442 0.0000e+00
     47.000     7.3589    33.3376    26.0600 1.8051e-01     0.1296      0.018    1478.74     66.821     6.4644 164.689958     4.5234     47.451 0.0000e+00
     48.000     7.3381    33.3830    26.0986 1.7896e-01     0.1296      0.018    1478.74     66.822     6.4656 164.689979     4.5243     48.461 0.0000e+00
     49.000     7.2905    33.4509    26.1587 1.7551e-01     0.1295      0.018    1478.65     66.773     6.4651 164.689998     4.5239     49.471 0.0000e+00
     50.000     7.3208    33.4910    26.1860 1.7492e-01     0.1294      0.018    1478.84     66.668     6.4488 164.690019     4.5125     50.481 0.0000e+00
     51.000     7.2711    33.5580    26.2456 1.7384e-01     0.1294      0.018    1478.75     66.630     6.4495 164.690040     4.5130     51.490 0.0000e+00
     52.000     7.2037    33.6326    26.3137 1.7762e-01     0.1293      0.018    1478.60     66.724     6.4654 164.690060     4.5241     52.500 0.0000e+00
     53.000     7.0891    33.7012    26.3835 1.7576e-01     0.1294      0.018    1478.25     66.693     6.4765 164.690081     4.5319     53.510 0.0000e+00
     54.000     7.0114    33.7458    26.4292 1.7471e-01     0.1293      0.018    1478.03     66.407     6.4583 164.690101     4.5191     54.519 0.0000e+00
     55.000     6.9667    33.7954    26.4744 1.7511e-01     0.1293      0.018    1477.93     66.022     6.4253 164.690121     4.4961     55.529 0.0000e+00
     56.000     6.8919    33.8427    26.5218 1.7272e-01     0.1292      0.018    1477.72     65.772     6.4100 164.690141     4.4854     56.539 0.0000e+00
     57.000     6.8042    33.8871    26.5687 1.7217e-01     0.1292      0.018    1477.45     65.592     6.4036 164.690160     4.4808     57.549 0.0000e+00
     58.000     6.7939    33.9084    26.5869 1.6789e-01     0.1292      0.018    1477.45     65.303     6.3760 164.690180     4.4615     58.558 0.0000e+00
     59.000     6.7190    33.9299    26.6138 1.6939e-01     0.1291      0.018    1477.20     64.930     6.3495 164.690199     4.4430     59.568 0.0000e+00
     60.000     6.6892    33.9792    26.6567 1.6678e-01     0.1291      0.018    1477.16     64.747     6.3340 164.690218     4.4321     60.578 0.0000e+00
     61.000     6.7184    33.9957    26.6657 1.6658e-01     0.1291      0.018    1477.31     64.482     6.3032 164.690238     4.4106     61.588 0.0000e+00
     62.000     6.7058    34.0314    26.6956 1.6440e-01     0.1288      0.018    1477.33     64.337     6.2893 164.690258     4.4008     62.598 0.0000e+00
     63.000     6.6696    34.0752    26.7349 1.6610e-01     0.1287      0.018    1477.26     64.283     6.2875 164.690277     4.3996     63.607 0.0000e+00
     64.000     6.6521    34.0938    26.7520 1.6600e-01     0.1291      0.018    1477.23     64.430     6.3036 164.690296     4.4109     64.617 0.0000e+00
     65.000     6.6356    34.1107    26.7675 1.6423e-01     0.1289      0.018    1477.20     64.193     6.2821 164.690316     4.3958     65.627 0.0000e+00
     66.000     6.5956    34.1327    26.7902 1.6468e-01     0.1289      0.018    1477.09     64.102     6.2781 164.690335     4.3930     66.637 0.0000e+00
     67.000     6.5901    34.1701    26.8204 1.6119e-01     0.1289      0.018    1477.13     64.120     6.2791 164.690355     4.3937     67.647 0.0000e+00
     68.000     6.5799    34.1949    26.8414 1.6295e-01     0.1288      0.018    1477.14     63.907     6.2587 164.690375     4.3795     68.656 0.0000e+00
     69.000     6.5813    34.2128    26.8553 1.6002e-01     0.1287      0.018    1477.18     63.752     6.2425 164.690395     4.3682     69.666 0.0000e+00
     70.000     6.5677    34.2227    26.8649 1.6056e-01     0.1286      0.018    1477.16     63.727     6.2416 164.690414     4.3675     70.676 0.0000e+00
     71.000     6.5642    34.2307    26.8716 1.5964e-01     0.1287      0.018    1477.17     63.690     6.2382 164.690434     4.3651     71.686 0.0000e+00
     72.000     6.5290    34.2548    26.8953 1.6433e-01     0.1288      0.018    1477.08     63.643     6.2377 164.690453     4.3648     72.696 0.0000e+00
     73.000     6.5437    34.2753    26.9095 1.5990e-01     0.1286      0.018    1477.18     63.508     6.2215 164.690472     4.3535     73.706 0.0000e+00
     74.000     6.5517    34.2819    26.9137 1.6262e-01     0.1285      0.018    1477.24     63.495     6.2188 164.690491     4.3516     74.715 0.0000e+00
     75.000     6.5398    34.2849    26.9177 1.6078e-01     0.1285      0.018    1477.21     63.380     6.2091 164.690511     4.3448     75.725 0.0000e+00
     76.000     6.5458    34.2882    26.9195 1.6052e-01     0.1286      0.018    1477.26     63.299     6.2002 164.690530     4.3385     76.735 0.0000e+00
     77.000     6.5424    34.2901    26.9214 1.6117e-01     0.1286      0.018    1477.26     63.347     6.2053 164.690550     4.3421     77.745 0.0000e+00
     78.000     6.5442    34.2929    26.9234 1.6056e-01     0.1286      0.018    1477.29     63.409     6.2110 164.690569     4.3461     78.755 0.0000e+00
     79.000     6.5431    34.2929    26.9235 1.5995e-01     0.1285      0.018    1477.30     63.420     6.2122 164.690589     4.3469     79.765 0.0000e+00
     80.000     6.5270    34.3018    26.9327 1.6061e-01     0.1284      0.018    1477.27     63.283     6.2008 164.690608     4.3389     80.775 0.0000e+00
     81.000     6.5218    34.3157    26.9443 1.6178e-01     0.1285      0.018    1477.28     63.401     6.2125 164.690627     4.3472     81.784 0.0000e+00
     82.000     6.5161    34.3187    26.9474 1.6065e-01     0.1285      0.018    1477.28     63.361     6.2093 164.690646     4.3449     82.794 0.0000e+00
     83.000     6.5122    34.3218    26.9504 1.6656e-01     0.1283      0.018    1477.28     63.107     6.1848 164.690665     4.3278     83.804 0.0000e+00
     84.000     6.5044    34.3250    26.9540 1.6234e-01     0.1283      0.018    1477.27     62.957     6.1711 164.690685     4.3182     84.814 0.0000e+00
     85.000     6.4944    34.3324    26.9611 1.6585e-01     0.1282      0.018    1477.26     62.812     6.1581 164.690706     4.3091     85.824 0.0000e+00
     86.000     6.4966    34.3388    26.9659 1.6146e-01     0.1284      0.018    1477.29     62.745     6.1509 164.690726     4.3040     86.834 0.0000e+00
     87.000     6.4736    34.3563    26.9828 1.6632e-01     0.1283      0.018    1477.24     62.592     6.1384 164.690746     4.2953     87.844 0.0000e+00
     88.000     6.4634    34.3598    26.9868 1.6827e-01     0.1283      0.018    1477.22     62.348     6.1158 164.690767     4.2795     88.854 0.0000e+00
     89.000     6.4498    34.3644    26.9923 1.7096e-01     0.1283      0.018    1477.19     61.940     6.0776 164.690786     4.2527     89.864 0.0000e+00
     90.000     6.4495    34.3701    26.9968 1.7390e-01     0.1281      0.018    1477.21     60.331     5.9194 164.691043     4.1421     90.874 0.0000e+00
     91.000     6.4471    34.3757    27.0015 1.7096e-01     0.1281      0.018    1477.23     60.412     5.9276 164.691221     4.1478     91.884 0.0000e+00
     92.000     6.4571    34.3795    27.0032 1.7062e-01     0.1280      0.018    1477.29     60.423     5.9270 164.691240     4.1474     92.894 0.0000e+00
     93.000     6.4595    34.3831    27.0057 1.7604e-01     0.1280      0.018    1477.32     59.919     5.8772 164.691311     4.1125     93.904 0.0000e+00
     94.000     6.4568    34.3749    26.9996 1.7741e-01     0.1280      0.018    1477.31     59.340     5.8211 164.691458     4.0733     94.913 0.0000e+00
     95.000     6.4510    34.3765    27.0017 1.7603e-01     0.1280      0.018    1477.31     59.033     5.7917 164.691580     4.0527     95.923 0.0000e+00
