SF1_20190612_down_bin.cnv
* Sea-Bird SBE 9 Data File:
* FileName = C:\CTD Brukere\NIVA\OKOKYST2019\20190611\SF1_20190612.hex
* Software Version Seasave V 7.23.2
* Temperature SN = 5352
* Conductivity SN = 3840
* Number of Bytes Per Scan = 28
* Number of Voltage Words = 4
* Number of Scans Averaged by the Deck Unit = 1
* NMEA baud rate = 4800
** Ship: R/V Trygve Braarud
** Cruise:
** Station:
** Operator:
# nquan = 14
# nvalues = 54                          
# units = specified
# name 0 = depSM: Depth [salt water, m], lat = 59.60
# name 1 = t090C: Temperature [ITS-90, deg C]
# name 2 = sal00: Salinity, Practical [PSU]
# name 3 = sigma-t00: Density [sigma-t, kg/m^3 ]
# name 4 = flSP: Fluorescence, Seapoint
# name 5 = wetStar: Fluorescence, WET Labs WETstar [mg/m^3]
# name 6 = seaTurbMtr: Turbidity, Seapoint [FTU]
# name 7 = svCM: Sound Velocity [Chen-Millero, m/s]
# name 8 = sbeox0PS: Oxygen, SBE 43 [% saturation]
# name 9 = sbeox0Mg/L: Oxygen, SBE 43 [mg/l]
# name 10 = timeJ: Julian Days
# name 11 = sbeox0ML/L: Oxygen, SBE 43 [ml/l]
# name 12 = prDM: Pressure, Digiquartz [db]
# name 13 = flag: flag
# span 0 =      0.000,     53.000       
# span 1 =     7.1954,    13.8577       
# span 2 =    24.5375,    33.4899       
# span 3 =    18.1854,    26.2025       
# span 4 = 1.8203e-01, 2.0427e+00       
# span 5 =     0.1298,     0.1311       
# span 6 =      0.014,      0.018       
# span 7 =    1478.40,    1492.37       
# span 8 =     63.299,     79.137       
# span 9 =     6.1405,     7.0448       
# span 10 = 163.515632, 163.517116      
# span 11 =     4.2968,     4.9295      
# span 12 =     -0.000,     53.510      
# span 13 = 0.0000e+00, 0.0000e+00      
# interval = meters: 1                  
# start_time = Jun 12 2019 12:22:19 [System UpLoad Time]
# bad_flag = -9.990e-29
*END*
      0.000    13.6436    24.5375    18.1859 1.1658e+00     0.1304      0.014    1490.02     77.825     6.9433 163.515632     4.8585     -0.000 0.0000e+00
      1.000    13.6433    24.5377    18.1861 1.2563e+00     0.1306      0.015    1490.04     78.123     6.9699 163.515868     4.8772      1.009 0.0000e+00
      2.000    13.6480    24.5379    18.1854 1.6146e+00     0.1307      0.015    1490.07     78.642     7.0156 163.515888     4.9091      2.019 0.0000e+00
      3.000    13.6535    24.5398    18.1858 1.7664e+00     0.1307      0.015    1490.11     78.381     6.9914 163.515907     4.8922      3.028 0.0000e+00
      4.000    13.6641    24.5469    18.1893 1.7510e+00     0.1308      0.015    1490.17     78.356     6.9873 163.515926     4.8893      4.038 0.0000e+00
      5.000    13.6695    24.5505    18.1910 1.7750e+00     0.1308      0.015    1490.21     79.012     7.0448 163.515947     4.9295      5.047 0.0000e+00
      6.000    13.6835    24.5603    18.1960 1.8040e+00     0.1309      0.015    1490.28     78.824     7.0256 163.515965     4.9161      6.057 0.0000e+00
      7.000    13.7597    24.6317    18.2367 2.0427e+00     0.1309      0.015    1490.64     78.571     6.9888 163.515983     4.8904      7.066 0.0000e+00
      8.000    13.8577    24.8465    18.3835 2.0025e+00     0.1310      0.015    1491.24     78.864     6.9913 163.516003     4.8921      8.076 0.0000e+00
      9.000    13.7993    24.9341    18.4621 1.8472e+00     0.1309      0.015    1491.16     78.697     6.9811 163.516021     4.8850      9.086 0.0000e+00
     10.000    13.7970    24.9863    18.5027 1.8651e+00     0.1309      0.015    1491.23     78.018     6.9190 163.516041     4.8415     10.095 0.0000e+00
     11.000    13.7841    25.0534    18.5568 1.7196e+00     0.1310      0.015    1491.28     77.783     6.8971 163.516060     4.8262     11.105 0.0000e+00
     12.000    13.8072    25.1076    18.5942 1.8632e+00     0.1309      0.015    1491.44     78.073     6.9172 163.516077     4.8402     12.114 0.0000e+00
     13.000    13.8046    25.2053    18.6699 1.9466e+00     0.1310      0.015    1491.56     77.958     6.9032 163.516097     4.8304     13.124 0.0000e+00
     14.000    13.7975    25.2561    18.7104 1.8597e+00     0.1310      0.015    1491.61     78.103     6.9149 163.516119     4.8387     14.133 0.0000e+00
     15.000    13.7628    25.6764    19.0407 1.7116e+00     0.1310      0.015    1492.01     78.109     6.9024 163.516135     4.8299     15.143 0.0000e+00
     16.000    13.7196    26.0091    19.3053 1.7784e+00     0.1310      0.015    1492.27     78.375     6.9178 163.516155     4.8407     16.153 0.0000e+00
     17.000    13.6795    26.1986    19.4589 1.6325e+00     0.1310      0.016    1492.37     78.381     6.9160 163.516177     4.8394     17.162 0.0000e+00
     18.000    13.6469    26.2612    19.5133 1.6223e+00     0.1310      0.015    1492.35     78.732     6.9490 163.516194     4.8625     18.171 0.0000e+00
     19.000    13.5628    26.4799    19.6979 1.6772e+00     0.1309      0.016    1492.35     78.931     6.9692 163.516213     4.8767     19.181 0.0000e+00
     20.000    13.5159    26.5765    19.7813 1.6590e+00     0.1310      0.016    1492.32     78.940     6.9726 163.516235     4.8790     20.191 0.0000e+00
     21.000    13.3403    26.7729    19.9659 1.4563e+00     0.1310      0.016    1491.97     79.137     7.0070 163.516255     4.9031     21.200 0.0000e+00
     22.000    12.9495    27.2203    20.3841 1.4120e+00     0.1310      0.016    1491.19     79.006     7.0332 163.516273     4.9214     22.210 0.0000e+00
     23.000    12.8150    27.3595    20.5166 1.5849e+00     0.1311      0.016    1490.91     78.053     6.9620 163.516296     4.8716     23.219 0.0000e+00
     24.000    12.6976    27.5299    20.6699 1.1623e+00     0.1309      0.017    1490.73     77.305     6.9049 163.516318     4.8317     24.229 0.0000e+00
     25.000    12.6279    27.6197    20.7521 1.2156e+00     0.1310      0.017    1490.61     77.098     6.8926 163.516334     4.8231     25.239 0.0000e+00
     26.000    12.3459    27.9264    21.0405 1.3360e+00     0.1310      0.017    1490.02     76.968     6.9088 163.516358     4.8344     26.248 0.0000e+00
     27.000    12.1917    28.0452    21.1601 9.3634e-01     0.1310      0.017    1489.64     76.743     6.9060 163.516378     4.8324     27.258 0.0000e+00
     28.000    11.8621    28.3810    21.4788 9.2998e-01     0.1310      0.018    1488.91     76.123     6.8839 163.516396     4.8169     28.268 0.0000e+00
     29.000    11.5922    28.7194    21.7885 8.8972e-01     0.1310      0.018    1488.39     75.271     6.8315 163.516419     4.7803     29.277 0.0000e+00
     30.000    11.2299    29.0083    22.0753 5.7220e-01     0.1309      0.018    1487.47     74.398     6.7926 163.516440     4.7530     30.287 0.0000e+00
     31.000    10.8815    29.4643    22.4888 5.6182e-01     0.1310      0.018    1486.80     74.054     6.7926 163.516458     4.7530     31.296 0.0000e+00
     32.000    10.1826    30.2238    23.1955 5.5736e-01     0.1309      0.018    1485.22     73.044     6.7696 163.516482     4.7370     32.306 0.0000e+00
     33.000     9.9578    30.4232    23.3875 2.8614e-01     0.1307      0.018    1484.66     71.732     6.6723 163.516503     4.6689     33.316 0.0000e+00
     34.000     9.8987    30.4706    23.4339 2.9524e-01     0.1309      0.018    1484.52     70.855     6.5972 163.516522     4.6164     34.325 0.0000e+00
     35.000     9.8588    30.5072    23.4688 2.9047e-01     0.1307      0.018    1484.43     70.790     6.5954 163.516545     4.6151     35.335 0.0000e+00
     36.000     9.7833    30.5882    23.5440 2.7130e-01     0.1307      0.018    1484.27     70.513     6.5772 163.516566     4.6023     36.345 0.0000e+00
     37.000     9.7482    30.6243    23.5778 2.6887e-01     0.1307      0.018    1484.21     70.249     6.5560 163.516586     4.5875     37.354 0.0000e+00
     38.000     9.5330    30.8485    23.7868 2.6347e-01     0.1306      0.018    1483.70     70.257     6.5785 163.516606     4.6032     38.364 0.0000e+00
     39.000     9.1100    31.2784    24.1883 2.2401e-01     0.1307      0.018    1482.68     69.902     6.5886 163.516627     4.6103     39.374 0.0000e+00
     40.000     8.3344    32.0047    24.8736 2.1798e-01     0.1306      0.018    1480.69     69.470     6.6312 163.516645     4.6401     40.384 0.0000e+00
     41.000     7.9861    32.3534    25.1979 1.9874e-01     0.1305      0.018    1479.82     68.326     6.5585 163.516664     4.5892     41.393 0.0000e+00
     42.000     7.7272    32.6589    25.4747 1.8985e-01     0.1305      0.018    1479.23     67.150     6.4707 163.516685     4.5278     42.403 0.0000e+00
     43.000     7.6075    32.8535    25.6445 1.8317e-01     0.1305      0.018    1479.03     67.225     6.4873 163.516703     4.5394     43.412 0.0000e+00
     44.000     7.5515    32.9600    25.7362 1.8861e-01     0.1302      0.018    1478.96     66.981     6.4674 163.516721     4.5255     44.422 0.0000e+00
     45.000     7.4309    33.1162    25.8759 1.8643e-01     0.1305      0.018    1478.71     66.014     6.3851 163.516743     4.4679     45.432 0.0000e+00
     46.000     7.3673    33.2017    25.9520 1.8604e-01     0.1304      0.018    1478.59     65.390     6.3303 163.516762     4.4296     46.442 0.0000e+00
     47.000     7.3504    33.2497    25.9921 1.9476e-01     0.1303      0.018    1478.60     64.794     6.2731 163.516782     4.3895     47.451 0.0000e+00
     48.000     7.3347    33.2761    26.0150 1.9062e-01     0.1303      0.018    1478.59     64.271     6.2236 163.516804     4.3549     48.461 0.0000e+00
     49.000     7.3022    33.3269    26.0595 1.8820e-01     0.1301      0.018    1478.54     64.024     6.2023 163.516826     4.3400     49.471 0.0000e+00
     50.000     7.2884    33.3474    26.0775 1.8447e-01     0.1301      0.018    1478.53     63.971     6.1982 163.516845     4.3372     50.480 0.0000e+00
     51.000     7.2577    33.3902    26.1154 1.9029e-01     0.1300      0.018    1478.49     63.447     6.1501 163.516986     4.3035     51.490 0.0000e+00
     52.000     7.2142    33.4555    26.1729 1.8203e-01     0.1298      0.018    1478.42     63.387     6.1477 163.517092     4.3018     52.500 0.0000e+00
     53.000     7.1954    33.4899    26.2025 1.8934e-01     0.1299      0.018    1478.40     63.299     6.1405 163.517116     4.2968     53.510 0.0000e+00
