SKJ-1_20190213_down.cnv
* Sea-Bird SBE 9 Data File:
* FileName = C:\CTD Brukere\NIVA\OKOKYST2019\20190211\SKJ-1_20190213.hex
* Software Version Seasave V 7.23.2
* Temperature SN = 5352
* Conductivity SN = 3840
* Number of Bytes Per Scan = 28
* Number of Voltage Words = 4
* Number of Scans Averaged by the Deck Unit = 1
* NMEA baud rate = 4800
** Ship: R/V Trygve Braarud
** Cruise:
** Station:
** Operator:
# nquan = 12
# nvalues = 2882                                  
# units = specified
# name 0 = depSM: Depth [salt water, m], lat = 59.60
# name 1 = t090C: Temperature [ITS-90, deg C]
# name 2 = sal00: Salinity, Practical [PSU]
# name 3 = sigma-t00: Density [sigma-t, kg/m^3 ]
# name 4 = flSP: Fluorescence, Seapoint
# name 5 = wetStar: Fluorescence, WET Labs WETstar [mg/m^3]
# name 6 = seaTurbMtr: Turbidity, Seapoint [FTU]
# name 7 = svCM: Sound Velocity [Chen-Millero, m/s]
# name 8 = sbeox0PS: Oxygen, SBE 43 [% saturation]
# name 9 = sbeox0ML/L: Oxygen, SBE 43 [ml/l]
# name 10 = timeJ: Julian Days
# name 11 = flag:  0.000e+00
# span 0 =      0.082,     34.477                 
# span 1 =     1.4415,     6.1302                 
# span 2 =    20.2373,    33.7080                 
# span 3 =    16.1676,    26.5169                 
# span 4 = 1.8315e-01, 7.9365e-01                 
# span 5 =     0.1273,     0.1298                 
# span 6 =      0.007,      0.018                 
# span 7 =    1438.23,    1474.19                 
# span 8 =     68.271,     76.519                 
# span 9 =     4.7482,     6.4629                 
# span 10 =  44.670822,  44.672211                
# span 11 = 0.0000e+00, 0.0000e+00                
# interval = seconds: 0.0416667
# start_time = Feb 13 2019 16:05:59 [System UpLoad Time]
# bad_flag = -9.990e-29
*END*
[from data line 2407]
     30.411     5.9058    33.5886    26.4491 2.1978e-01     0.1285      0.015    1473.09     68.439     4.7833  44.671983  0.000e+00
     30.408     5.9061    33.5894    26.4497 2.1978e-01     0.1298      0.015    1473.09     68.440     4.7833  44.671983  0.000e+00
     30.411     5.9086    33.5882    26.4484 2.1978e-01     0.1285      0.018    1473.10     68.442     4.7832  44.671984  0.000e+00
     30.398     5.9126    33.5869    26.4469 2.1978e-01     0.1285      0.015    1473.11     68.443     4.7829  44.671984  0.000e+00
     30.411     5.9140    33.5880    26.4476 2.1978e-01     0.1298      0.015    1473.12     68.445     4.7829  44.671984  0.000e+00
     30.408     5.9151    33.5888    26.4481 2.1978e-01     0.1285      0.015    1473.13     68.448     4.7829  44.671985  0.000e+00
     30.411     5.9168    33.5885    26.4477 2.0757e-01     0.1298      0.015    1473.13     68.388     4.7785  44.671985  0.000e+00
     30.398     5.9189    33.5870    26.4462 2.1978e-01     0.1298      0.018    1473.14     68.383     4.7780  44.671986  0.000e+00
     30.411     5.9200    33.5858    26.4451 2.0757e-01     0.1285      0.015    1473.14     68.442     4.7821  44.671986  0.000e+00
     30.411     5.9211    33.5848    26.4442 2.0757e-01     0.1285      0.018    1473.15     68.384     4.7779  44.671987  0.000e+00
     30.408     5.9215    33.5851    26.4444 2.1978e-01     0.1298      0.018    1473.15     68.452     4.7826  44.671987  0.000e+00
     30.411     5.9219    33.5848    26.4441 2.1978e-01     0.1298      0.015    1473.15     68.458     4.7830  44.671988  0.000e+00
     30.411     5.9222    33.5850    26.4442 2.4420e-01     0.1298      0.015    1473.15     68.465     4.7834  44.671988  0.000e+00
     30.411     5.9225    33.5859    26.4449 2.8083e-01     0.1285      0.015    1473.15     68.471     4.7838  44.671989  0.000e+00
     30.411     5.9227    33.5861    26.4450 2.8083e-01     0.1285      0.018    1473.15     68.478     4.7842  44.671989  0.000e+00
     30.408     5.9227    33.5863    26.4452 2.6862e-01     0.1285      0.015    1473.15     68.485     4.7847  44.671990  0.000e+00
     30.422     5.9227    33.5869    26.4457 2.4420e-01     0.1298      0.015    1473.15     68.493     4.7853  44.671990  0.000e+00
     30.411     5.9229    33.5871    26.4458 2.3199e-01     0.1285      0.018    1473.16     68.501     4.7858  44.671991  0.000e+00
     30.411     5.9229    33.5873    26.4459 2.1978e-01     0.1285      0.015    1473.16     68.509     4.7864  44.671991  0.000e+00
     30.383     5.9225    33.5878    26.4464 2.0757e-01     0.1298      0.015    1473.15     68.509     4.7864  44.671992  0.000e+00
     30.471     5.9227    33.5877    26.4463 2.0757e-01     0.1298      0.018    1473.16     68.519     4.7870  44.671992  0.000e+00
     30.411     5.9229    33.5871    26.4458 2.0757e-01     0.1298      0.015    1473.16     68.527     4.7876  44.671993  0.000e+00
     30.411     5.9229    33.5867    26.4454 2.0757e-01     0.1298      0.015    1473.15     68.536     4.7883  44.671993  0.000e+00
     30.435     5.9229    33.5868    26.4455 2.0757e-01     0.1285      0.015    1473.16     68.546     4.7890  44.671994  0.000e+00
     30.419     5.9229    33.5871    26.4458 2.0757e-01     0.1285      0.015    1473.16     68.610     4.7934  44.671994  0.000e+00
     30.435     5.9227    33.5879    26.4464 2.1978e-01     0.1285      0.018    1473.16     68.565     4.7903  44.671995  0.000e+00
     30.435     5.9229    33.5877    26.4462 2.1978e-01     0.1298      0.015    1473.16     68.629     4.7947  44.671995  0.000e+00
     30.447     5.9229    33.5878    26.4463 2.1978e-01     0.1298      0.015    1473.16     68.576     4.7910  44.671996  0.000e+00
     30.422     5.9229    33.5877    26.4462 2.0757e-01     0.1285      0.015    1473.16     68.640     4.7955  44.671996  0.000e+00
     30.430     5.9227    33.5878    26.4464 2.1978e-01     0.1285      0.018    1473.16     68.586     4.7918  44.671997  0.000e+00
     30.447     5.9227    33.5877    26.4463 2.1978e-01     0.1298      0.015    1473.16     68.650     4.7962  44.671997  0.000e+00
     30.447     5.9229    33.5876    26.4462 2.0757e-01     0.1298      0.015    1473.16     68.659     4.7968  44.671997  0.000e+00
     30.447     5.9232    33.5870    26.4457 2.0757e-01     0.1298      0.015    1473.16     68.667     4.7973  44.671998  0.000e+00
     30.447     5.9230    33.5871    26.4458 2.0757e-01     0.1285      0.015    1473.16     68.675     4.7979  44.671998  0.000e+00
     30.455     5.9229    33.5872    26.4459 2.1978e-01     0.1285      0.015    1473.16     68.682     4.7985  44.671999  0.000e+00
     30.458     5.9229    33.5872    26.4459 2.3199e-01     0.1285      0.015    1473.16     68.690     4.7990  44.671999  0.000e+00
     30.458     5.9229    33.5872    26.4459 2.4420e-01     0.1285      0.018    1473.16     68.688     4.7989  44.672000  0.000e+00
     30.458     5.9229    33.5872    26.4459 2.3199e-01     0.1298      0.015    1473.16     68.695     4.7993  44.672000  0.000e+00
     30.458     5.9229    33.5874    26.4461 2.1978e-01     0.1285      0.015    1473.16     68.701     4.7997  44.672001  0.000e+00
     30.479     5.9232    33.5877    26.4463 2.0757e-01     0.1298      0.015    1473.16     68.706     4.8001  44.672001  0.000e+00
     30.482     5.9229    33.5877    26.4463 2.0757e-01     0.1285      0.018    1473.16     68.774     4.8049  44.672002  0.000e+00
     30.482     5.9232    33.5873    26.4459 2.0757e-01     0.1285      0.015    1473.16     68.724     4.8014  44.672002  0.000e+00
     30.495     5.9232    33.5875    26.4460 2.1978e-01     0.1298      0.015    1473.16     68.729     4.8017  44.672003  0.000e+00
     30.491     5.9230    33.5878    26.4463 2.1978e-01     0.1285      0.015    1473.16     68.733     4.8019  44.672003  0.000e+00
     30.507     5.9230    33.5875    26.4461 2.0757e-01     0.1298      0.015    1473.16     68.736     4.8022  44.672004  0.000e+00
     30.495     5.9229    33.5863    26.4451 2.0757e-01     0.1298      0.015    1473.16     68.802     4.8069  44.672004  0.000e+00
     30.518     5.9183    33.5781    26.4393 1.9536e-01     0.1285      0.015    1473.13     68.805     4.8078  44.672005  0.000e+00
     30.518     5.8998    33.5730    26.4375 1.9536e-01     0.1298      0.018    1473.05     68.755     4.8066  44.672005  0.000e+00
     30.564     5.8805    33.5801    26.4455 2.0757e-01     0.1285      0.015    1472.98     68.813     4.8126  44.672006  0.000e+00
     30.567     5.8739    33.5872    26.4519 2.0757e-01     0.1285      0.015    1472.96     68.822     4.8137  44.672006  0.000e+00
     30.567     5.8749    33.5920    26.4556 2.0757e-01     0.1285      0.018    1472.97     68.829     4.8140  44.672007  0.000e+00
     30.578     5.8884    33.5936    26.4552 2.0757e-01     0.1298      0.015    1473.03     68.835     4.8128  44.672007  0.000e+00
     30.602     5.9025    33.5942    26.4539 2.0757e-01     0.1285      0.018    1473.09     68.840     4.8115  44.672008  0.000e+00
     30.564     5.9105    33.5927    26.4517 2.0757e-01     0.1298      0.015    1473.12     68.844     4.8110  44.672008  0.000e+00
     30.518     5.9124    33.5910    26.4502 2.0757e-01     0.1285      0.015    1473.12     68.848     4.8111  44.672009  0.000e+00
     30.747     5.9126    33.5893    26.4488 2.1978e-01     0.1285      0.015    1473.12     68.784     4.8067  44.672009  0.000e+00
     30.674     5.9146    33.5884    26.4478 2.0757e-01     0.1298      0.018    1473.13     68.770     4.8055  44.672010  0.000e+00
     30.734     5.9164    33.5894    26.4484 1.9536e-01     0.1298      0.015    1473.14     68.766     4.8050  44.672010  0.000e+00
     30.674     5.9170    33.5857    26.4454 1.9536e-01     0.1285      0.015    1473.13     68.814     4.8084  44.672011  0.000e+00
     30.766     5.9113    33.5801    26.4417 1.9536e-01     0.1285      0.015    1473.11     68.817     4.8094  44.672011  0.000e+00
     30.758     5.9073    33.5796    26.4418 1.9536e-01     0.1298      0.015    1473.09     68.819     4.8100  44.672011  0.000e+00
     30.843     5.9075    33.5831    26.4446 1.9536e-01     0.1285      0.018    1473.10     68.820     4.8099  44.672012  0.000e+00
     30.818     5.9113    33.5855    26.4459 1.9536e-01     0.1285      0.015    1473.11     68.819     4.8093  44.672012  0.000e+00
     30.843     5.9142    33.5852    26.4454 1.9536e-01     0.1285      0.015    1473.13     68.818     4.8090  44.672013  0.000e+00
     30.854     5.9132    33.5813    26.4424 1.9536e-01     0.1298      0.015    1473.12     68.816     4.8091  44.672013  0.000e+00
     30.899     5.9090    33.5774    26.4399 2.0757e-01     0.1298      0.018    1473.10     68.815     4.8096  44.672014  0.000e+00
     30.927     5.9058    33.5762    26.4393 1.9536e-01     0.1285      0.015    1473.08     68.812     4.8098  44.672014  0.000e+00
     30.950     5.9033    33.5756    26.4391 1.9536e-01     0.1285      0.018    1473.07     68.809     4.8099  44.672015  0.000e+00
     30.974     5.9008    33.5750    26.4390 1.9536e-01     0.1285      0.015    1473.06     68.805     4.8099  44.672015  0.000e+00
     30.998     5.8987    33.5748    26.4391 1.9536e-01     0.1285      0.015    1473.05     68.801     4.8099  44.672016  0.000e+00
     31.023     5.8977    33.5757    26.4399 1.9536e-01     0.1285      0.015    1473.05     68.796     4.8096  44.672016  0.000e+00
     31.044     5.8985    33.5759    26.4399 1.9536e-01     0.1285      0.015    1473.05     68.789     4.8091  44.672017  0.000e+00
     31.058     5.8992    33.5780    26.4415 1.9536e-01     0.1298      0.018    1473.06     68.783     4.8084  44.672017  0.000e+00
     31.094     5.9012    33.5799    26.4428 1.9536e-01     0.1298      0.015    1473.07     68.783     4.8082  44.672018  0.000e+00
     31.105     5.9026    33.5797    26.4425 1.9536e-01     0.1298      0.015    1473.08     68.775     4.8075  44.672018  0.000e+00
     31.118     5.9021    33.5793    26.4422 1.9536e-01     0.1298      0.015    1473.07     68.775     4.8075  44.672019  0.000e+00
     31.143     5.9011    33.5774    26.4408 1.9536e-01     0.1285      0.018    1473.07     68.767     4.8071  44.672019  0.000e+00
     31.165     5.8985    33.5753    26.4395 1.9536e-01     0.1285      0.015    1473.06     68.828     4.8118  44.672020  0.000e+00
     31.187     5.8958    33.5717    26.4370 2.0757e-01     0.1285      0.015    1473.04     68.764     4.8077  44.672020  0.000e+00
     31.214     5.8931    33.5683    26.4346 2.5641e-01     0.1298      0.018    1473.03     68.762     4.8080  44.672021  0.000e+00
     31.225     5.8909    33.5669    26.4338 2.5641e-01     0.1298      0.015    1473.02     68.759     4.8081  44.672021  0.000e+00
     31.238     5.8892    33.5705    26.4368 2.3199e-01     0.1298      0.018    1473.01     68.756     4.8080  44.672022  0.000e+00
     31.263     5.8903    33.5774    26.4422 2.1978e-01     0.1298      0.018    1473.03     68.753     4.8074  44.672022  0.000e+00
     31.274     5.8915    33.5780    26.4425 2.1978e-01     0.1298      0.015    1473.03     68.749     4.8069  44.672023  0.000e+00
     31.299     5.8904    33.5743    26.4397 2.3199e-01     0.1298      0.015    1473.02     68.745     4.8069  44.672023  0.000e+00
     31.321     5.8887    33.5730    26.4389 2.1978e-01     0.1285      0.018    1473.02     68.740     4.8068  44.672024  0.000e+00
     31.331     5.8890    33.5742    26.4398 2.0757e-01     0.1298      0.015    1473.02     68.736     4.8064  44.672024  0.000e+00
     31.359     5.8892    33.5733    26.4391 2.0757e-01     0.1285      0.015    1473.02     68.730     4.8061  44.672024  0.000e+00
     31.359     5.8882    33.5727    26.4387 1.9536e-01     0.1298      0.015    1473.01     68.725     4.8058  44.672025  0.000e+00
     31.381     5.8859    33.5712    26.4378 1.9536e-01     0.1285      0.018    1473.00     68.728     4.8063  44.672025  0.000e+00
     31.430     5.8832    33.5695    26.4368 1.9536e-01     0.1298      0.018    1472.99     68.723     4.8063  44.672026  0.000e+00
     31.430     5.8809    33.5709    26.4381 1.9536e-01     0.1298      0.018    1472.98     68.717     4.8061  44.672026  0.000e+00
     31.466     5.8831    33.5795    26.4447 1.9536e-01     0.1285      0.018    1473.00     68.710     4.8051  44.672027  0.000e+00
     31.479     5.8908    33.5893    26.4515 1.9536e-01     0.1298      0.015    1473.05     68.702     4.8034  44.672027  0.000e+00
     31.501     5.8988    33.5937    26.4540 1.9536e-01     0.1285      0.018    1473.09     68.702     4.8024  44.672028  0.000e+00
     31.511     5.9056    33.5944    26.4537 1.9536e-01     0.1298      0.018    1473.11     68.703     4.8016  44.672028  0.000e+00
     31.550     5.9113    33.5963    26.4545 1.9536e-01     0.1298      0.018    1473.14     68.695     4.8004  44.672029  0.000e+00
     31.561     5.9173    33.5966    26.4540 1.9536e-01     0.1285      0.018    1473.16     68.695     4.7997  44.672029  0.000e+00
     31.574     5.9211    33.5968    26.4537 1.9536e-01     0.1285      0.018    1473.18     68.696     4.7993  44.672030  0.000e+00
     31.586     5.9237    33.5962    26.4529 2.0757e-01     0.1285      0.018    1473.19     68.696     4.7990  44.672030  0.000e+00
     31.621     5.9257    33.5952    26.4518 2.0757e-01     0.1298      0.015    1473.20     68.697     4.7989  44.672031  0.000e+00
     31.634     5.9267    33.5939    26.4507 2.0757e-01     0.1298      0.018    1473.20     68.697     4.7989  44.672031  0.000e+00
     31.657     5.9262    33.5925    26.4496 2.0757e-01     0.1298      0.015    1473.20     68.698     4.7990  44.672032  0.000e+00
     31.657     5.9253    33.5903    26.4480 2.0757e-01     0.1298      0.018    1473.19     68.699     4.7993  44.672032  0.000e+00
     31.694     5.9237    33.5881    26.4465 1.9536e-01     0.1298      0.018    1473.18     68.692     4.7990  44.672033  0.000e+00
     31.694     5.9198    33.5874    26.4464 1.9536e-01     0.1298      0.015    1473.16     68.685     4.7990  44.672033  0.000e+00
     31.727     5.9172    33.5876    26.4469 1.9536e-01     0.1298      0.015    1473.15     68.677     4.7987  44.672034  0.000e+00
     31.741     5.9161    33.5867    26.4463 2.0757e-01     0.1285      0.015    1473.15     68.677     4.7989  44.672034  0.000e+00
     31.754     5.9153    33.5865    26.4462 2.0757e-01     0.1285      0.018    1473.15     68.677     4.7989  44.672035  0.000e+00
     31.777     5.9140    33.5853    26.4455 1.9536e-01     0.1298      0.015    1473.14     68.677     4.7991  44.672035  0.000e+00
     31.801     5.9124    33.5846    26.4451 1.9536e-01     0.1285      0.015    1473.13     68.677     4.7993  44.672036  0.000e+00
     31.801     5.9134    33.5896    26.4489 1.9536e-01     0.1298      0.015    1473.14     68.676     4.7990  44.672036  0.000e+00
     31.837     5.9173    33.5946    26.4524 2.0757e-01     0.1285      0.018    1473.17     68.676     4.7984  44.672037  0.000e+00
     31.850     5.9217    33.5953    26.4524 1.9536e-01     0.1298      0.015    1473.18     68.613     4.7935  44.672037  0.000e+00
     31.886     5.9259    33.5954    26.4520 1.9536e-01     0.1298      0.015    1473.20     68.667     4.7968  44.672038  0.000e+00
     31.910     5.9281    33.5988    26.4544 1.9536e-01     0.1285      0.015    1473.22     68.667     4.7964  44.672038  0.000e+00
     31.910     5.9308    33.6005    26.4554 1.9536e-01     0.1298      0.015    1473.23     68.604     4.7917  44.672038  0.000e+00
     31.933     5.9333    33.6013    26.4557 1.9536e-01     0.1298      0.018    1473.24     68.659     4.7952  44.672039  0.000e+00
     31.957     5.9358    33.6018    26.4558 1.9536e-01     0.1298      0.015    1473.25     68.659     4.7949  44.672039  0.000e+00
