SKJ-1_20190213_down.cnv
* Sea-Bird SBE 9 Data File:
* FileName = C:\CTD Brukere\NIVA\OKOKYST2019\20190211\SKJ-1_20190213.hex
* Software Version Seasave V 7.23.2
* Temperature SN = 5352
* Conductivity SN = 3840
* Number of Bytes Per Scan = 28
* Number of Voltage Words = 4
* Number of Scans Averaged by the Deck Unit = 1
* NMEA baud rate = 4800
** Ship: R/V Trygve Braarud
** Cruise:
** Station:
** Operator:
# nquan = 12
# nvalues = 2882                                  
# units = specified
# name 0 = depSM: Depth [salt water, m], lat = 59.60
# name 1 = t090C: Temperature [ITS-90, deg C]
# name 2 = sal00: Salinity, Practical [PSU]
# name 3 = sigma-t00: Density [sigma-t, kg/m^3 ]
# name 4 = flSP: Fluorescence, Seapoint
# name 5 = wetStar: Fluorescence, WET Labs WETstar [mg/m^3]
# name 6 = seaTurbMtr: Turbidity, Seapoint [FTU]
# name 7 = svCM: Sound Velocity [Chen-Millero, m/s]
# name 8 = sbeox0PS: Oxygen, SBE 43 [% saturation]
# name 9 = sbeox0ML/L: Oxygen, SBE 43 [ml/l]
# name 10 = timeJ: Julian Days
# name 11 = flag:  0.000e+00
# span 0 =      0.082,     34.477                 
# span 1 =     1.4415,     6.1302                 
# span 2 =    20.2373,    33.7080                 
# span 3 =    16.1676,    26.5169                 
# span 4 = 1.8315e-01, 7.9365e-01                 
# span 5 =     0.1273,     0.1298                 
# span 6 =      0.007,      0.018                 
# span 7 =    1438.23,    1474.19                 
# span 8 =     68.271,     76.519                 
# span 9 =     4.7482,     6.4629                 
# span 10 =  44.670822,  44.672211                
# span 11 = 0.0000e+00, 0.0000e+00                
# interval = seconds: 0.0416667
# start_time = Feb 13 2019 16:05:59 [System UpLoad Time]
# bad_flag = -9.990e-29
*END*
[from data line 241]
      0.190     1.8603    20.4806    16.3629 4.8840e-01     0.1285      0.011    1438.47     71.669     6.0489  44.670938  0.000e+00
      0.203     1.8597    20.4836    16.3653 4.8840e-01     0.1285      0.011    1438.47     71.601     6.0432  44.670938  0.000e+00
      0.190     1.8596    20.4842    16.3657 5.0061e-01     0.1273      0.007    1438.47     71.595     6.0426  44.670939  0.000e+00
      0.203     1.8588    20.4802    16.3626 5.2503e-01     0.1273      0.011    1438.46     71.586     6.0422  44.670939  0.000e+00
      0.214     1.8577    20.4844    16.3660 5.7387e-01     0.1285      0.011    1438.47     71.520     6.0366  44.670940  0.000e+00
      0.203     1.8570    20.4865    16.3677 5.8608e-01     0.1273      0.007    1438.47     71.442     6.0300  44.670940  0.000e+00
      0.201     1.8569    20.4865    16.3677 5.6166e-01     0.1273      0.011    1438.46     71.425     6.0286  44.670941  0.000e+00
      0.214     1.8566    20.4950    16.3745 5.4945e-01     0.1273      0.011    1438.47     71.415     6.0275  44.670941  0.000e+00
      0.203     1.8566    20.5009    16.3793 5.3724e-01     0.1273      0.007    1438.48     71.413     6.0270  44.670942  0.000e+00
      0.203     1.8567    20.5013    16.3795 5.2503e-01     0.1273      0.011    1438.48     71.353     6.0220  44.670942  0.000e+00
      0.213     1.8563    20.5064    16.3836 5.1282e-01     0.1285      0.011    1438.49     71.346     6.0212  44.670943  0.000e+00
      0.203     1.8564    20.5055    16.3829 5.2503e-01     0.1285      0.007    1438.49     71.282     6.0158  44.670943  0.000e+00
      0.203     1.8564    20.4989    16.3776 5.2503e-01     0.1273      0.011    1438.48     71.280     6.0159  44.670944  0.000e+00
      0.190     1.8568    20.5012    16.3795 5.2503e-01     0.1285      0.011    1438.48     71.211     6.0100  44.670944  0.000e+00
      0.166     1.8564    20.4996    16.3782 5.2503e-01     0.1285      0.007    1438.48     71.204     6.0095  44.670945  0.000e+00
      0.227     1.8566    20.4968    16.3760 5.1282e-01     0.1285      0.011    1438.48     71.142     6.0043  44.670945  0.000e+00
      0.179     1.8566    20.5003    16.3787 5.1282e-01     0.1285      0.011    1438.48     71.131     6.0033  44.670946  0.000e+00
      0.190     1.8570    20.4985    16.3773 5.0061e-01     0.1273      0.007    1438.48     71.128     6.0030  44.670946  0.000e+00
      0.179     1.8568    20.4982    16.3771 5.0061e-01     0.1273      0.011    1438.48     71.058     5.9972  44.670947  0.000e+00
      0.190     1.8570    20.5051    16.3826 4.8840e-01     0.1285      0.011    1438.49     71.051     5.9963  44.670947  0.000e+00
      0.155     1.8572    20.5049    16.3824 5.0061e-01     0.1285      0.007    1438.49     71.051     5.9963  44.670948  0.000e+00
      0.179     1.8570    20.5010    16.3793 5.0061e-01     0.1285      0.011    1438.48     70.985     5.9909  44.670948  0.000e+00
      0.130     1.8575    20.5007    16.3791 5.0061e-01     0.1285      0.015    1438.48     70.991     5.9913  44.670949  0.000e+00
      0.203     1.8575    20.4948    16.3743 4.8840e-01     0.1285      0.007    1438.48     70.931     5.9865  44.670949  0.000e+00
      0.155     1.8578    20.4914    16.3716 4.8840e-01     0.1285      0.011    1438.47     70.933     5.9867  44.670950  0.000e+00
      0.155     1.8586    20.4934    16.3732 4.8840e-01     0.1273      0.011    1438.48     70.869     5.9811  44.670950  0.000e+00
      0.130     1.8589    20.4901    16.3706 4.8840e-01     0.1285      0.011    1438.48     70.867     5.9811  44.670951  0.000e+00
      0.168     1.8596    20.4909    16.3712 4.8840e-01     0.1285      0.011    1438.48     70.864     5.9807  44.670951  0.000e+00
      0.143     1.8602    20.4988    16.3774 5.0061e-01     0.1285      0.011    1438.49     70.868     5.9806  44.670951  0.000e+00
      0.132     1.8608    20.4987    16.3773 5.0061e-01     0.1273      0.007    1438.50     70.806     5.9752  44.670952  0.000e+00
      0.142     1.8611    20.5007    16.3790 5.1282e-01     0.1285      0.011    1438.50     70.806     5.9751  44.670952  0.000e+00
      0.132     1.8614    20.5092    16.3857 5.1282e-01     0.1273      0.011    1438.51     70.759     5.9708  44.670953  0.000e+00
      0.108     1.8615    20.5124    16.3883 5.2503e-01     0.1273      0.007    1438.52     70.765     5.9711  44.670953  0.000e+00
      0.143     1.8616    20.5158    16.3910 5.2503e-01     0.1285      0.011    1438.52     70.770     5.9714  44.670954  0.000e+00
      0.106     1.8617    20.5226    16.3964 5.3724e-01     0.1285      0.011    1438.53     70.717     5.9666  44.670954  0.000e+00
      0.119     1.8614    20.5244    16.3978 5.2503e-01     0.1273      0.007    1438.53     70.653     5.9612  44.670955  0.000e+00
      0.119     1.8619    20.5279    16.4006 5.3724e-01     0.1285      0.011    1438.54     70.652     5.9609  44.670955  0.000e+00
      0.119     1.8617    20.5335    16.4051 5.3724e-01     0.1285      0.011    1438.55     70.659     5.9613  44.670956  0.000e+00
      0.106     1.8619    20.5315    16.4035 5.3724e-01     0.1273      0.011    1438.54     70.599     5.9563  44.670956  0.000e+00
      0.119     1.8620    20.5345    16.4059 5.4945e-01     0.1285      0.011    1438.55     70.602     5.9564  44.670957  0.000e+00
      0.108     1.8619    20.5397    16.4101 5.4945e-01     0.1285      0.007    1438.56     70.613     5.9571  44.670957  0.000e+00
      0.108     1.8623    20.5355    16.4067 5.7387e-01     0.1285      0.011    1438.55     70.622     5.9580  44.670958  0.000e+00
      0.117     1.8623    20.5361    16.4072 5.7387e-01     0.1285      0.015    1438.55     70.575     5.9540  44.670958  0.000e+00
      0.108     1.8625    20.5385    16.4091 5.3724e-01     0.1285      0.011    1438.56     70.580     5.9543  44.670959  0.000e+00
      0.119     1.8627    20.5316    16.4035 5.3724e-01     0.1273      0.011    1438.55     70.583     5.9548  44.670959  0.000e+00
      0.108     1.8629    20.5331    16.4048 5.6166e-01     0.1273      0.011    1438.55     70.528     5.9501  44.670960  0.000e+00
      0.117     1.8633    20.5372    16.4080 6.1050e-01     0.1285      0.011    1438.56     70.536     5.9505  44.670960  0.000e+00
      0.119     1.8631    20.5345    16.4059 6.2271e-01     0.1285      0.011    1438.55     70.552     5.9520  44.670961  0.000e+00
      0.108     1.8628    20.5405    16.4107 6.3492e-01     0.1273      0.011    1438.56     70.500     5.9475  44.670961  0.000e+00
      0.119     1.8629    20.5476    16.4163 6.3492e-01     0.1273      0.011    1438.57     70.512     5.9481  44.670962  0.000e+00
      0.117     1.8629    20.5481    16.4167 5.9829e-01     0.1285      0.007    1438.57     70.520     5.9488  44.670962  0.000e+00
      0.119     1.8628    20.5537    16.4212 5.7387e-01     0.1285      0.011    1438.58     70.472     5.9445  44.670963  0.000e+00
      0.108     1.8629    20.5591    16.4256 5.6166e-01     0.1273      0.011    1438.59     70.486     5.9455  44.670963  0.000e+00
      0.119     1.8628    20.5594    16.4258 5.3724e-01     0.1273      0.011    1438.59     70.498     5.9465  44.670964  0.000e+00
      0.106     1.8633    20.5642    16.4296 5.2503e-01     0.1285      0.011    1438.59     70.506     5.9469  44.670964  0.000e+00
      0.108     1.8633    20.5690    16.4335 5.2503e-01     0.1273      0.011    1438.60     70.522     5.9480  44.670965  0.000e+00
      0.119     1.8633    20.5694    16.4337 5.1282e-01     0.1273      0.007    1438.60     70.480     5.9445  44.670965  0.000e+00
      0.119     1.8637    20.5729    16.4366 5.2503e-01     0.1285      0.011    1438.61     70.500     5.9459  44.670965  0.000e+00
      0.117     1.8640    20.5746    16.4379 5.2503e-01     0.1285      0.011    1438.61     70.517     5.9473  44.670966  0.000e+00
      0.108     1.8643    20.5715    16.4354 5.0061e-01     0.1273      0.011    1438.61     70.476     5.9439  44.670966  0.000e+00
      0.108     1.8644    20.5705    16.4346 5.0061e-01     0.1273      0.011    1438.61     70.488     5.9449  44.670967  0.000e+00
      0.119     1.8649    20.5630    16.4286 5.0061e-01     0.1285      0.007    1438.60     70.442     5.9413  44.670967  0.000e+00
      0.117     1.8650    20.5545    16.4218 5.1282e-01     0.1273      0.011    1438.59     70.448     5.9421  44.670968  0.000e+00
      0.119     1.8644    20.5558    16.4228 5.0061e-01     0.1285      0.011    1438.59     70.461     5.9432  44.670968  0.000e+00
      0.119     1.8632    20.5529    16.4206 5.0061e-01     0.1273      0.007    1438.58     70.470     5.9444  44.670969  0.000e+00
      0.119     1.8623    20.5492    16.4176 4.8840e-01     0.1285      0.011    1438.57     70.422     5.9406  44.670969  0.000e+00
      0.130     1.8615    20.5531    16.4208 5.0061e-01     0.1285      0.011    1438.57     70.436     5.9417  44.670970  0.000e+00
      0.119     1.8610    20.5503    16.4186 5.1282e-01     0.1273      0.011    1438.57     70.446     5.9427  44.670970  0.000e+00
      0.132     1.8602    20.5468    16.4158 5.1282e-01     0.1285      0.011    1438.56     70.398     5.9390  44.670971  0.000e+00
      0.106     1.8598    20.5475    16.4164 5.2503e-01     0.1285      0.011    1438.56     70.411     5.9401  44.670971  0.000e+00
      0.155     1.8599    20.5424    16.4123 5.4945e-01     0.1273      0.011    1438.55     70.422     5.9412  44.670972  0.000e+00
      0.132     1.8598    20.5383    16.4091 5.4945e-01     0.1285      0.011    1438.54     70.439     5.9428  44.670972  0.000e+00
      0.143     1.8597    20.5403    16.4107 5.6166e-01     0.1273      0.011    1438.55     70.387     5.9384  44.670973  0.000e+00
      0.130     1.8598    20.5366    16.4077 5.3724e-01     0.1273      0.007    1438.54     70.397     5.9394  44.670973  0.000e+00
      0.143     1.8602    20.5336    16.4053 5.2503e-01     0.1273      0.011    1438.54     70.404     5.9400  44.670974  0.000e+00
      0.143     1.8603    20.5366    16.4076 5.1282e-01     0.1285      0.011    1438.54     70.416     5.9409  44.670974  0.000e+00
      0.143     1.8604    20.5327    16.4045 5.1282e-01     0.1273      0.007    1438.54     70.370     5.9372  44.670975  0.000e+00
      0.142     1.8603    20.5310    16.4032 5.1282e-01     0.1273      0.011    1438.54     70.385     5.9385  44.670975  0.000e+00
      0.132     1.8604    20.5336    16.4053 5.1282e-01     0.1273      0.011    1438.54     70.397     5.9394  44.670976  0.000e+00
      0.143     1.8602    20.5292    16.4017 5.1282e-01     0.1285      0.011    1438.53     70.350     5.9356  44.670976  0.000e+00
      0.155     1.8600    20.5286    16.4012 5.0061e-01     0.1285      0.011    1438.53     70.355     5.9361  44.670977  0.000e+00
      0.130     1.8600    20.5317    16.4038 5.0061e-01     0.1273      0.011    1438.54     70.365     5.9368  44.670977  0.000e+00
      0.155     1.8600    20.5292    16.4017 5.0061e-01     0.1273      0.007    1438.53     70.381     5.9383  44.670978  0.000e+00
      0.132     1.8600    20.5330    16.4047 5.0061e-01     0.1285      0.011    1438.54     70.329     5.9338  44.670978  0.000e+00
      0.143     1.8597    20.5412    16.4114 5.0061e-01     0.1285      0.011    1438.55     70.328     5.9334  44.670978  0.000e+00
      0.142     1.8600    20.5419    16.4119 5.0061e-01     0.1273      0.007    1438.55     70.332     5.9337  44.670979  0.000e+00
      0.143     1.8600    20.5459    16.4151 5.0061e-01     0.1285      0.011    1438.56     70.278     5.9289  44.670979  0.000e+00
      0.132     1.8599    20.5510    16.4192 5.2503e-01     0.1273      0.011    1438.56     70.274     5.9284  44.670980  0.000e+00
      0.132     1.8598    20.5479    16.4167 5.3724e-01     0.1285      0.011    1438.56     70.276     5.9287  44.670980  0.000e+00
      0.142     1.8599    20.5486    16.4172 5.3724e-01     0.1273      0.011    1438.56     70.284     5.9293  44.670981  0.000e+00
      0.132     1.8600    20.5467    16.4157 5.1282e-01     0.1273      0.011    1438.56     70.233     5.9250  44.670981  0.000e+00
      0.143     1.8598    20.5376    16.4085 5.0061e-01     0.1273      0.011    1438.54     70.232     5.9254  44.670982  0.000e+00
      0.132     1.8595    20.5409    16.4111 5.0061e-01     0.1285      0.011    1438.55     70.238     5.9258  44.670982  0.000e+00
      0.117     1.8598    20.5423    16.4122 4.8840e-01     0.1285      0.007    1438.55     70.184     5.9211  44.670983  0.000e+00
      0.143     1.8600    20.5385    16.4092 4.8840e-01     0.1273      0.007    1438.55     70.181     5.9210  44.670983  0.000e+00
      0.132     1.8603    20.5481    16.4168 4.7619e-01     0.1273      0.011    1438.56     70.184     5.9208  44.670984  0.000e+00
      0.132     1.8607    20.5552    16.4225 4.8840e-01     0.1273      0.011    1438.57     70.192     5.9212  44.670984  0.000e+00
      0.130     1.8610    20.5543    16.4218 4.8840e-01     0.1273      0.011    1438.57     70.132     5.9161  44.670985  0.000e+00
      0.143     1.8607    20.5610    16.4272 4.8840e-01     0.1285      0.011    1438.58     70.132     5.9158  44.670985  0.000e+00
      0.132     1.8610    20.5637    16.4293 4.8840e-01     0.1273      0.011    1438.58     70.137     5.9162  44.670986  0.000e+00
      0.143     1.8611    20.5577    16.4245 4.8840e-01     0.1285      0.011    1438.58     70.139     5.9165  44.670986  0.000e+00
      0.142     1.8615    20.5594    16.4258 4.8840e-01     0.1285      0.011    1438.58     70.080     5.9115  44.670987  0.000e+00
      0.132     1.8614    20.5548    16.4222 5.0061e-01     0.1273      0.007    1438.57     70.083     5.9119  44.670987  0.000e+00
      0.143     1.8613    20.5476    16.4164 4.8840e-01     0.1273      0.011    1438.56     70.091     5.9128  44.670988  0.000e+00
      0.143     1.8614    20.5506    16.4188 4.8840e-01     0.1273      0.011    1438.57     70.104     5.9139  44.670988  0.000e+00
      0.153     1.8611    20.5484    16.4171 5.0061e-01     0.1273      0.011    1438.56     70.049     5.9094  44.670989  0.000e+00
      0.143     1.8612    20.5466    16.4156 5.0061e-01     0.1273      0.011    1438.56     70.054     5.9098  44.670989  0.000e+00
      0.155     1.8612    20.5539    16.4215 5.1282e-01     0.1273      0.011    1438.57     70.065     5.9104  44.670990  0.000e+00
      0.155     1.8611    20.5547    16.4221 5.1282e-01     0.1273      0.007    1438.57     70.072     5.9110  44.670990  0.000e+00
      0.153     1.8610    20.5515    16.4195 5.0061e-01     0.1285      0.011    1438.57     70.019     5.9067  44.670991  0.000e+00
      0.155     1.8611    20.5550    16.4223 4.8840e-01     0.1285      0.011    1438.57     70.016     5.9063  44.670991  0.000e+00
      0.168     1.8609    20.5480    16.4168 5.0061e-01     0.1285      0.007    1438.56     70.019     5.9069  44.670992  0.000e+00
      0.168     1.8610    20.5402    16.4105 5.4945e-01     0.1285      0.011    1438.55     70.027     5.9079  44.670992  0.000e+00
      0.166     1.8607    20.5388    16.4094 5.6166e-01     0.1285      0.011    1438.55     69.976     5.9036  44.670992  0.000e+00
      0.168     1.8614    20.5267    16.3997 5.4945e-01     0.1285      0.011    1438.54     69.975     5.9039  44.670993  0.000e+00
      0.168     1.8619    20.5180    16.3928 5.1282e-01     0.1285      0.011    1438.53     69.980     5.9046  44.670993  0.000e+00
      0.179     1.8626    20.5189    16.3934 5.0061e-01     0.1273      0.011    1438.53     69.925     5.8998  44.670994  0.000e+00
      0.166     1.8633    20.5132    16.3889 4.8840e-01     0.1273      0.007    1438.53     69.920     5.8995  44.670994  0.000e+00
      0.179     1.8640    20.5135    16.3890 5.0061e-01     0.1273      0.011    1438.53     69.921     5.8995  44.670995  0.000e+00
