SKJ-1_20190213_down.cnv
* Sea-Bird SBE 9 Data File:
* FileName = C:\CTD Brukere\NIVA\OKOKYST2019\20190211\SKJ-1_20190213.hex
* Software Version Seasave V 7.23.2
* Temperature SN = 5352
* Conductivity SN = 3840
* Number of Bytes Per Scan = 28
* Number of Voltage Words = 4
* Number of Scans Averaged by the Deck Unit = 1
* NMEA baud rate = 4800
** Ship: R/V Trygve Braarud
** Cruise:
** Station:
** Operator:
# nquan = 12
# nvalues = 2882                                  
# units = specified
# name 0 = depSM: Depth [salt water, m], lat = 59.60
# name 1 = t090C: Temperature [ITS-90, deg C]
# name 2 = sal00: Salinity, Practical [PSU]
# name 3 = sigma-t00: Density [sigma-t, kg/m^3 ]
# name 4 = flSP: Fluorescence, Seapoint
# name 5 = wetStar: Fluorescence, WET Labs WETstar [mg/m^3]
# name 6 = seaTurbMtr: Turbidity, Seapoint [FTU]
# name 7 = svCM: Sound Velocity [Chen-Millero, m/s]
# name 8 = sbeox0PS: Oxygen, SBE 43 [% saturation]
# name 9 = sbeox0ML/L: Oxygen, SBE 43 [ml/l]
# name 10 = timeJ: Julian Days
# name 11 = flag:  0.000e+00
# span 0 =      0.082,     34.477                 
# span 1 =     1.4415,     6.1302                 
# span 2 =    20.2373,    33.7080                 
# span 3 =    16.1676,    26.5169                 
# span 4 = 1.8315e-01, 7.9365e-01                 
# span 5 =     0.1273,     0.1298                 
# span 6 =      0.007,      0.018                 
# span 7 =    1438.23,    1474.19                 
# span 8 =     68.271,     76.519                 
# span 9 =     4.7482,     6.4629                 
# span 10 =  44.670822,  44.672211                
# span 11 = 0.0000e+00, 0.0000e+00                
# interval = seconds: 0.0416667
# start_time = Feb 13 2019 16:05:59 [System UpLoad Time]
# bad_flag = -9.990e-29
*END*
[from data line 963]
      5.585     1.6540    25.9838    20.7733 3.4188e-01     0.1285      0.015    1444.82     74.755     6.1074  44.671286  0.000e+00
      5.611     1.6950    26.2876    21.0145 3.2967e-01     0.1298      0.015    1445.40     74.790     6.0910  44.671287  0.000e+00
      5.635     1.7328    26.5841    21.2499 3.2967e-01     0.1285      0.015    1445.96     74.701     6.0654  44.671287  0.000e+00
      5.669     1.7659    26.7963    21.4180 3.5409e-01     0.1285      0.018    1446.39     74.672     6.0491  44.671288  0.000e+00
      5.659     1.7960    26.9620    21.5490 3.5409e-01     0.1285      0.018    1446.74     74.704     6.0401  44.671288  0.000e+00
      5.706     1.8256    27.0950    21.6538 3.1746e-01     0.1298      0.015    1447.05     74.676     6.0277  44.671289  0.000e+00
      5.716     1.8468    27.2179    21.7510 3.1746e-01     0.1285      0.015    1447.31     74.644     6.0168  44.671289  0.000e+00
      5.742     1.8626    27.3066    21.8211 3.6630e-01     0.1285      0.015    1447.49     74.619     6.0086  44.671290  0.000e+00
      5.766     1.8768    27.3670    21.8686 3.9072e-01     0.1285      0.015    1447.64     74.589     6.0015  44.671290  0.000e+00
      5.779     1.8885    27.4325    21.9204 3.7851e-01     0.1298      0.015    1447.78     74.628     6.0002  44.671291  0.000e+00
      5.823     1.8989    27.4823    21.9597 3.5409e-01     0.1298      0.018    1447.89     74.544     5.9898  44.671291  0.000e+00
      5.838     1.8980    27.5212    21.9908 3.4188e-01     0.1285      0.015    1447.93     74.577     5.9910  44.671291  0.000e+00
      5.851     1.8873    27.4251    21.9145 3.1746e-01     0.1298      0.015    1447.76     74.563     5.9955  44.671292  0.000e+00
      5.872     1.8815    27.2306    21.7593 2.9304e-01     0.1285      0.015    1447.48     74.543     6.0028  44.671292  0.000e+00
      5.910     1.8898    27.0985    21.6531 2.6862e-01     0.1285      0.018    1447.35     74.515     6.0047  44.671293  0.000e+00
      5.935     1.9088    27.1788    21.7163 2.5641e-01     0.1298      0.015    1447.54     74.488     5.9963  44.671293  0.000e+00
      5.943     1.9275    27.4009    21.8929 2.4420e-01     0.1298      0.018    1447.91     74.521     5.9869  44.671294  0.000e+00
      5.970     1.9420    27.5899    22.0432 2.4420e-01     0.1298      0.015    1448.22     74.497     5.9749  44.671294  0.000e+00
      5.993     1.9519    27.7263    22.1518 2.4420e-01     0.1285      0.015    1448.45     74.478     5.9664  44.671295  0.000e+00
      6.027     1.9586    27.8081    22.2169 2.4420e-01     0.1285      0.015    1448.58     74.456     5.9602  44.671295  0.000e+00
      6.042     1.9626    27.8611    22.2590 2.4420e-01     0.1285      0.015    1448.67     74.431     5.9554  44.671296  0.000e+00
      6.077     1.9633    27.8993    22.2895 2.4420e-01     0.1285      0.015    1448.73     74.412     5.9522  44.671296  0.000e+00
      6.087     1.9620    27.9304    22.3145 2.5641e-01     0.1285      0.015    1448.76     74.454     5.9545  44.671297  0.000e+00
      6.126     1.9604    27.9570    22.3359 2.5641e-01     0.1285      0.015    1448.79     74.446     5.9531  44.671297  0.000e+00
      6.137     1.9582    27.9822    22.3562 2.5641e-01     0.1285      0.015    1448.81     74.435     5.9515  44.671298  0.000e+00
      6.170     1.9553    28.0032    22.3731 2.5641e-01     0.1298      0.018    1448.83     74.430     5.9507  44.671298  0.000e+00
      6.184     1.9527    28.0146    22.3824 2.5641e-01     0.1285      0.015    1448.83     74.422     5.9499  44.671299  0.000e+00
      6.218     1.9498    28.0272    22.3927 2.5641e-01     0.1298      0.015    1448.83     74.410     5.9489  44.671299  0.000e+00
      6.221     1.9479    28.0350    22.3990 2.4420e-01     0.1298      0.015    1448.84     74.393     5.9475  44.671300  0.000e+00
      6.257     1.9468    28.0420    22.4046 2.5641e-01     0.1285      0.015    1448.84     74.384     5.9466  44.671300  0.000e+00
      6.289     1.9451    28.0463    22.4082 2.4420e-01     0.1298      0.015    1448.84     74.371     5.9457  44.671301  0.000e+00
      6.293     1.9422    28.0444    22.4069 2.4420e-01     0.1285      0.015    1448.82     74.355     5.9449  44.671301  0.000e+00
      6.340     1.9391    28.0299    22.3954 2.4420e-01     0.1285      0.015    1448.79     74.411     5.9505  44.671302  0.000e+00
      6.349     1.9422    28.0211    22.3882 2.4420e-01     0.1285      0.015    1448.79     74.406     5.9500  44.671302  0.000e+00
      6.377     1.9458    28.0369    22.4006 2.4420e-01     0.1285      0.015    1448.83     74.399     5.9482  44.671303  0.000e+00
      6.388     1.9470    28.0544    22.4146 2.4420e-01     0.1285      0.015    1448.86     74.389     5.9465  44.671303  0.000e+00
      6.433     1.9470    28.0650    22.4230 2.4420e-01     0.1285      0.015    1448.88     74.376     5.9451  44.671304  0.000e+00
      6.448     1.9480    28.0696    22.4267 2.4420e-01     0.1285      0.015    1448.89     74.360     5.9434  44.671304  0.000e+00
      6.469     1.9526    28.0736    22.4296 2.4420e-01     0.1285      0.015    1448.91     74.349     5.9417  44.671304  0.000e+00
      6.484     1.9589    28.0797    22.4341 2.4420e-01     0.1285      0.015    1448.95     74.335     5.9394  44.671305  0.000e+00
      6.508     1.9649    28.0884    22.4407 2.5641e-01     0.1298      0.015    1448.99     74.319     5.9368  44.671305  0.000e+00
      6.540     1.9715    28.0951    22.4457 2.5641e-01     0.1285      0.015    1449.03     74.300     5.9340  44.671306  0.000e+00
      6.568     1.9775    28.1010    22.4500 2.4420e-01     0.1285      0.018    1449.06     74.287     5.9319  44.671306  0.000e+00
      6.587     1.9828    28.1079    22.4552 2.4420e-01     0.1285      0.018    1449.09     74.273     5.9297  44.671307  0.000e+00
      6.615     1.9873    28.1125    22.4587 2.5641e-01     0.1298      0.015    1449.12     74.257     5.9275  44.671307  0.000e+00
      6.639     1.9925    28.1188    22.4634 2.4420e-01     0.1298      0.015    1449.15     74.238     5.9249  44.671308  0.000e+00
      6.660     1.9981    28.1261    22.4689 2.4420e-01     0.1285      0.015    1449.19     74.291     5.9280  44.671308  0.000e+00
      6.675     2.0049    28.1359    22.4763 2.4420e-01     0.1285      0.015    1449.23     74.212     5.9203  44.671309  0.000e+00
      6.707     2.0108    28.1458    22.4839 2.4420e-01     0.1285      0.015    1449.27     74.195     5.9177  44.671309  0.000e+00
      6.723     2.0155    28.1549    22.4909 2.4420e-01     0.1285      0.015    1449.30     74.177     5.9151  44.671310  0.000e+00
      6.746     2.0192    28.1647    22.4985 2.4420e-01     0.1285      0.018    1449.33     74.167     5.9134  44.671310  0.000e+00
      6.778     2.0222    28.1751    22.5066 2.4420e-01     0.1298      0.015    1449.36     74.146     5.9109  44.671311  0.000e+00
      6.806     2.0250    28.1865    22.5156 2.5641e-01     0.1285      0.015    1449.39     74.188     5.9133  44.671311  0.000e+00
      6.816     2.0268    28.1985    22.5251 2.5641e-01     0.1285      0.015    1449.41     74.182     5.9120  44.671312  0.000e+00
      6.830     2.0282    28.2108    22.5348 2.6862e-01     0.1285      0.015    1449.43     74.174     5.9107  44.671312  0.000e+00
      6.866     2.0288    28.2232    22.5447 2.5641e-01     0.1298      0.018    1449.45     74.165     5.9094  44.671313  0.000e+00
      6.887     2.0295    28.2340    22.5533 2.4420e-01     0.1285      0.018    1449.47     74.153     5.9079  44.671313  0.000e+00
      6.901     2.0293    28.2458    22.5627 2.4420e-01     0.1285      0.015    1449.49     74.140     5.9064  44.671314  0.000e+00
      6.934     2.0290    28.2583    22.5728 2.5641e-01     0.1285      0.015    1449.50     74.135     5.9055  44.671314  0.000e+00
      6.961     2.0288    28.2717    22.5835 2.6862e-01     0.1285      0.015    1449.52     74.118     5.9037  44.671315  0.000e+00
      6.969     2.0282    28.2815    22.5914 2.8083e-01     0.1285      0.015    1449.53     74.109     5.9027  44.671315  0.000e+00
      7.010     2.0278    28.2879    22.5965 2.6862e-01     0.1285      0.015    1449.54     74.163     5.9068  44.671316  0.000e+00
      7.018     2.0274    28.2928    22.6005 2.5641e-01     0.1298      0.015    1449.54     74.096     5.9013  44.671316  0.000e+00
      7.045     2.0271    28.2960    22.6030 2.5641e-01     0.1285      0.015    1449.54     74.082     5.9001  44.671317  0.000e+00
      7.057     2.0271    28.3007    22.6068 2.4420e-01     0.1285      0.015    1449.55     74.131     5.9038  44.671317  0.000e+00
      7.089     2.0274    28.3061    22.6111 2.3199e-01     0.1298      0.015    1449.56     74.132     5.9036  44.671318  0.000e+00
      7.105     2.0278    28.3109    22.6149 2.3199e-01     0.1285      0.015    1449.57     74.132     5.9034  44.671318  0.000e+00
      7.125     2.0276    28.3157    22.6188 2.4420e-01     0.1285      0.015    1449.57     74.131     5.9031  44.671318  0.000e+00
      7.152     2.0279    28.3189    22.6213 2.8083e-01     0.1285      0.015    1449.58     74.128     5.9027  44.671319  0.000e+00
      7.173     2.0279    28.3215    22.6234 2.8083e-01     0.1285      0.015    1449.58     74.188     5.9074  44.671319  0.000e+00
      7.201     2.0279    28.3229    22.6245 2.5641e-01     0.1285      0.015    1449.59     74.191     5.9076  44.671320  0.000e+00
      7.209     2.0280    28.3238    22.6252 2.5641e-01     0.1285      0.015    1449.59     74.202     5.9084  44.671320  0.000e+00
      7.237     2.0282    28.3241    22.6254 2.4420e-01     0.1298      0.018    1449.59     74.211     5.9091  44.671321  0.000e+00
      7.261     2.0280    28.3250    22.6261 2.4420e-01     0.1285      0.015    1449.59     74.219     5.9097  44.671321  0.000e+00
      7.293     2.0280    28.3261    22.6270 2.4420e-01     0.1285      0.015    1449.59     74.225     5.9101  44.671322  0.000e+00
      7.296     2.0280    28.3266    22.6275 2.4420e-01     0.1298      0.015    1449.59     74.294     5.9156  44.671322  0.000e+00
      7.316     2.0278    28.3276    22.6283 2.5641e-01     0.1285      0.015    1449.59     74.306     5.9166  44.671323  0.000e+00
      7.332     2.0279    28.3284    22.6289 2.6862e-01     0.1285      0.015    1449.59     74.316     5.9173  44.671323  0.000e+00
      7.389     2.0279    28.3282    22.6287 2.8083e-01     0.1285      0.015    1449.60     74.389     5.9231  44.671324  0.000e+00
      7.381     2.0280    28.3293    22.6296 2.6862e-01     0.1285      0.015    1449.60     74.404     5.9242  44.671324  0.000e+00
      7.411     2.0278    28.3310    22.6310 2.6862e-01     0.1298      0.015    1449.60     74.353     5.9201  44.671325  0.000e+00
      7.428     2.0278    28.3328    22.6324 2.8083e-01     0.1285      0.015    1449.60     74.428     5.9261  44.671325  0.000e+00
      7.447     2.0278    28.3339    22.6333 2.5641e-01     0.1298      0.015    1449.60     74.447     5.9275  44.671326  0.000e+00
      7.463     2.0276    28.3345    22.6338 2.5641e-01     0.1298      0.015    1449.60     74.528     5.9340  44.671326  0.000e+00
      7.484     2.0274    28.3350    22.6342 2.6862e-01     0.1285      0.015    1449.60     74.553     5.9359  44.671327  0.000e+00
      7.512     2.0273    28.3324    22.6321 2.8083e-01     0.1285      0.015    1449.60     74.574     5.9378  44.671327  0.000e+00
      7.531     2.0273    28.3293    22.6296 2.8083e-01     0.1285      0.015    1449.60     74.594     5.9394  44.671328  0.000e+00
      7.547     2.0280    28.3323    22.6320 2.5641e-01     0.1285      0.015    1449.60     74.675     5.9457  44.671328  0.000e+00
      7.567     2.0290    28.3404    22.6384 2.4420e-01     0.1285      0.015    1449.62     74.698     5.9470  44.671329  0.000e+00
      7.594     2.0301    28.3485    22.6449 2.5641e-01     0.1285      0.015    1449.64     74.719     5.9482  44.671329  0.000e+00
      7.615     2.0316    28.3567    22.6513 3.1746e-01     0.1298      0.015    1449.65     74.736     5.9490  44.671330  0.000e+00
      7.632     2.0325    28.3647    22.6577 3.2967e-01     0.1285      0.015    1449.67     74.751     5.9498  44.671330  0.000e+00
      7.651     2.0336    28.3697    22.6615 3.1746e-01     0.1285      0.015    1449.68     74.828     5.9555  44.671331  0.000e+00
      7.667     2.0339    28.3719    22.6633 2.9304e-01     0.1298      0.018    1449.68     74.782     5.9517  44.671331  0.000e+00
      7.687     2.0342    28.3724    22.6637 2.9304e-01     0.1285      0.015    1449.69     74.853     5.9573  44.671332  0.000e+00
      7.714     2.0344    28.3738    22.6648 2.9304e-01     0.1285      0.015    1449.69     74.876     5.9590  44.671332  0.000e+00
      7.722     2.0352    28.3765    22.6669 2.8083e-01     0.1285      0.015    1449.70     74.886     5.9596  44.671332  0.000e+00
      7.739     2.0359    28.3789    22.6688 2.6862e-01     0.1298      0.015    1449.70     74.892     5.9599  44.671333  0.000e+00
      7.771     2.0372    28.3819    22.6711 2.5641e-01     0.1298      0.015    1449.71     74.896     5.9599  44.671333  0.000e+00
      7.785     2.0381    28.3865    22.6748 2.4420e-01     0.1298      0.015    1449.72     74.896     5.9596  44.671334  0.000e+00
      7.807     2.0390    28.3908    22.6781 2.4420e-01     0.1285      0.015    1449.73     74.893     5.9590  44.671334  0.000e+00
      7.823     2.0398    28.3927    22.6796 2.4420e-01     0.1285      0.015    1449.74     74.962     5.9642  44.671335  0.000e+00
      7.842     2.0415    28.3950    22.6813 2.3199e-01     0.1285      0.015    1449.75     74.972     5.9647  44.671335  0.000e+00
      7.858     2.0438    28.4002    22.6854 2.3199e-01     0.1285      0.015    1449.77     74.978     5.9647  44.671336  0.000e+00
      7.889     2.0468    28.4068    22.6905 2.4420e-01     0.1285      0.015    1449.79     75.046     5.9693  44.671336  0.000e+00
      7.894     2.0491    28.4149    22.6968 2.4420e-01     0.1298      0.015    1449.81     74.991     5.9643  44.671337  0.000e+00
      7.926     2.0509    28.4200    22.7008 2.4420e-01     0.1285      0.015    1449.83     74.988     5.9636  44.671337  0.000e+00
      7.930     2.0520    28.4248    22.7045 2.3199e-01     0.1285      0.015    1449.84     74.982     5.9627  44.671338  0.000e+00
      7.949     2.0527    28.4276    22.7068 2.3199e-01     0.1285      0.015    1449.84     75.037     5.9669  44.671338  0.000e+00
      7.978     2.0531    28.4289    22.7077 2.3199e-01     0.1298      0.015    1449.85     74.970     5.9614  44.671339  0.000e+00
      7.998     2.0537    28.4298    22.7084 2.3199e-01     0.1298      0.015    1449.85     75.029     5.9659  44.671339  0.000e+00
      8.009     2.0548    28.4312    22.7095 2.3199e-01     0.1298      0.015    1449.86     75.019     5.9649  44.671340  0.000e+00
      8.036     2.0561    28.4338    22.7115 2.3199e-01     0.1285      0.015    1449.87     75.070     5.9687  44.671340  0.000e+00
      8.058     2.0568    28.4368    22.7138 2.1978e-01     0.1285      0.015    1449.88     75.008     5.9635  44.671341  0.000e+00
      8.074     2.0571    28.4393    22.7158 2.1978e-01     0.1298      0.015    1449.88     74.998     5.9626  44.671341  0.000e+00
      8.093     2.0576    28.4413    22.7174 2.3199e-01     0.1298      0.015    1449.89     74.984     5.9614  44.671342  0.000e+00
      8.121     2.0588    28.4422    22.7180 2.5641e-01     0.1285      0.018    1449.89     75.032     5.9649  44.671342  0.000e+00
      8.129     2.0599    28.4455    22.7206 2.6862e-01     0.1298      0.015    1449.90     74.957     5.9586  44.671343  0.000e+00
      8.145     2.0610    28.4485    22.7229 2.5641e-01     0.1285      0.015    1449.91     74.943     5.9573  44.671343  0.000e+00
