SKJ-1_20190213_down.cnv
* Sea-Bird SBE 9 Data File:
* FileName = C:\CTD Brukere\NIVA\OKOKYST2019\20190211\SKJ-1_20190213.hex
* Software Version Seasave V 7.23.2
* Temperature SN = 5352
* Conductivity SN = 3840
* Number of Bytes Per Scan = 28
* Number of Voltage Words = 4
* Number of Scans Averaged by the Deck Unit = 1
* NMEA baud rate = 4800
** Ship: R/V Trygve Braarud
** Cruise:
** Station:
** Operator:
# nquan = 12
# nvalues = 2882                                  
# units = specified
# name 0 = depSM: Depth [salt water, m], lat = 59.60
# name 1 = t090C: Temperature [ITS-90, deg C]
# name 2 = sal00: Salinity, Practical [PSU]
# name 3 = sigma-t00: Density [sigma-t, kg/m^3 ]
# name 4 = flSP: Fluorescence, Seapoint
# name 5 = wetStar: Fluorescence, WET Labs WETstar [mg/m^3]
# name 6 = seaTurbMtr: Turbidity, Seapoint [FTU]
# name 7 = svCM: Sound Velocity [Chen-Millero, m/s]
# name 8 = sbeox0PS: Oxygen, SBE 43 [% saturation]
# name 9 = sbeox0ML/L: Oxygen, SBE 43 [ml/l]
# name 10 = timeJ: Julian Days
# name 11 = flag:  0.000e+00
# span 0 =      0.082,     34.477                 
# span 1 =     1.4415,     6.1302                 
# span 2 =    20.2373,    33.7080                 
# span 3 =    16.1676,    26.5169                 
# span 4 = 1.8315e-01, 7.9365e-01                 
# span 5 =     0.1273,     0.1298                 
# span 6 =      0.007,      0.018                 
# span 7 =    1438.23,    1474.19                 
# span 8 =     68.271,     76.519                 
# span 9 =     4.7482,     6.4629                 
# span 10 =  44.670822,  44.672211                
# span 11 = 0.0000e+00, 0.0000e+00                
# interval = seconds: 0.0416667
# start_time = Feb 13 2019 16:05:59 [System UpLoad Time]
# bad_flag = -9.990e-29
*END*
      0.119     1.8589    20.3808    16.2832 5.7387e-01     0.1273      0.011    1438.33     76.518     6.4629  44.670822  0.000e+00
      0.132     1.8581    20.3870    16.2882 5.8608e-01     0.1273      0.007    1438.34     76.519     6.4628  44.670822  0.000e+00
      0.117     1.8575    20.3931    16.2930 5.8608e-01     0.1285      0.007    1438.34     76.454     6.4572  44.670823  0.000e+00
      0.119     1.8586    20.3978    16.2968 5.9829e-01     0.1273      0.007    1438.36     76.445     6.4560  44.670823  0.000e+00
      0.108     1.8601    20.4004    16.2988 5.8608e-01     0.1273      0.007    1438.37     76.436     6.4548  44.670824  0.000e+00
      0.119     1.8617    20.4008    16.2991 5.7387e-01     0.1273      0.007    1438.37     76.363     6.4484  44.670824  0.000e+00
      0.117     1.8631    20.4035    16.3012 5.6166e-01     0.1273      0.011    1438.38     76.345     6.4465  44.670825  0.000e+00
      0.108     1.8640    20.4052    16.3025 5.7387e-01     0.1273      0.007    1438.39     76.328     6.4449  44.670825  0.000e+00
      0.108     1.8650    20.4047    16.3021 5.7387e-01     0.1273      0.007    1438.39     76.248     6.4380  44.670826  0.000e+00
      0.108     1.8654    20.4038    16.3013 5.8608e-01     0.1285      0.007    1438.39     76.224     6.4359  44.670826  0.000e+00
      0.117     1.8659    20.4047    16.3021 5.8608e-01     0.1273      0.011    1438.40     76.201     6.4339  44.670827  0.000e+00
      0.108     1.8662    20.4044    16.3018 5.7387e-01     0.1273      0.007    1438.40     76.115     6.4266  44.670827  0.000e+00
      0.132     1.8666    20.4010    16.2991 5.8608e-01     0.1273      0.007    1438.40     76.086     6.4242  44.670828  0.000e+00
      0.082     1.8659    20.3994    16.2978 5.9829e-01     0.1273      0.007    1438.39     76.058     6.4220  44.670828  0.000e+00
      0.155     1.8654    20.3985    16.2971 6.1050e-01     0.1273      0.007    1438.39     76.032     6.4200  44.670829  0.000e+00
      0.119     1.8647    20.3962    16.2952 5.9829e-01     0.1273      0.007    1438.38     75.943     6.4126  44.670829  0.000e+00
      0.143     1.8643    20.3931    16.2928 5.8608e-01     0.1285      0.007    1438.38     75.911     6.4101  44.670829  0.000e+00
      0.130     1.8642    20.3914    16.2914 5.8608e-01     0.1273      0.007    1438.37     75.816     6.4022  44.670830  0.000e+00
      0.143     1.8640    20.3895    16.2900 5.8608e-01     0.1273      0.007    1438.37     75.843     6.4046  44.670830  0.000e+00
      0.132     1.8644    20.3864    16.2875 5.8608e-01     0.1285      0.007    1438.37     75.752     6.3970  44.670831  0.000e+00
      0.143     1.8640    20.3857    16.2869 5.8608e-01     0.1273      0.007    1438.36     75.720     6.3943  44.670831  0.000e+00
      0.130     1.8633    20.3849    16.2862 5.9829e-01     0.1285      0.007    1438.36     75.624     6.3865  44.670832  0.000e+00
      0.143     1.8625    20.3837    16.2853 5.8608e-01     0.1285      0.007    1438.35     75.587     6.3835  44.670832  0.000e+00
      0.143     1.8611    20.3826    16.2845 5.8608e-01     0.1273      0.007    1438.35     75.617     6.3863  44.670833  0.000e+00
      0.143     1.8590    20.3825    16.2845 5.8608e-01     0.1273      0.007    1438.34     75.530     6.3794  44.670833  0.000e+00
      0.130     1.8570    20.3830    16.2849 5.9829e-01     0.1273      0.007    1438.33     75.437     6.3717  44.670834  0.000e+00
      0.132     1.8561    20.3808    16.2833 5.8608e-01     0.1273      0.007    1438.32     75.337     6.3635  44.670834  0.000e+00
      0.119     1.8558    20.3792    16.2820 5.7387e-01     0.1273      0.007    1438.32     75.359     6.3655  44.670835  0.000e+00
      0.132     1.8557    20.3787    16.2816 5.6166e-01     0.1273      0.007    1438.32     75.266     6.3577  44.670835  0.000e+00
      0.117     1.8563    20.3767    16.2800 5.6166e-01     0.1273      0.011    1438.32     75.230     6.3547  44.670836  0.000e+00
      0.119     1.8574    20.3752    16.2787 5.6166e-01     0.1273      0.007    1438.32     75.198     6.3519  44.670836  0.000e+00
      0.108     1.8586    20.3723    16.2764 5.7387e-01     0.1273      0.011    1438.32     75.106     6.3440  44.670837  0.000e+00
      0.108     1.8594    20.3713    16.2756 5.7387e-01     0.1273      0.011    1438.32     75.072     6.3411  44.670837  0.000e+00
      0.095     1.8606    20.3695    16.2741 5.6166e-01     0.1273      0.007    1438.33     75.042     6.3384  44.670838  0.000e+00
      0.108     1.8615    20.3662    16.2714 5.6166e-01     0.1273      0.007    1438.33     74.952     6.3308  44.670838  0.000e+00
      0.095     1.8627    20.3640    16.2696 5.7387e-01     0.1285      0.011    1438.33     74.985     6.3335  44.670839  0.000e+00
      0.108     1.8640    20.3622    16.2681 5.7387e-01     0.1285      0.011    1438.33     74.904     6.3265  44.670839  0.000e+00
      0.095     1.8650    20.3603    16.2665 5.7387e-01     0.1273      0.011    1438.33     74.881     6.3245  44.670840  0.000e+00
      0.083     1.8660    20.3587    16.2652 5.6166e-01     0.1273      0.011    1438.34     74.863     6.3228  44.670840  0.000e+00
      0.083     1.8666    20.3587    16.2652 5.6166e-01     0.1273      0.011    1438.34     74.849     6.3216  44.670841  0.000e+00
      0.095     1.8677    20.3591    16.2655 5.6166e-01     0.1273      0.007    1438.35     74.840     6.3206  44.670841  0.000e+00
      0.095     1.8687    20.3601    16.2663 5.4945e-01     0.1273      0.007    1438.35     74.771     6.3145  44.670842  0.000e+00
      0.095     1.8693    20.3628    16.2684 5.4945e-01     0.1285      0.007    1438.36     74.761     6.3135  44.670842  0.000e+00
      0.095     1.8698    20.3633    16.2688 5.4945e-01     0.1273      0.007    1438.36     74.756     6.3130  44.670842  0.000e+00
      0.108     1.8701    20.3665    16.2713 5.3724e-01     0.1285      0.007    1438.37     74.756     6.3128  44.670843  0.000e+00
      0.106     1.8701    20.3716    16.2754 5.3724e-01     0.1273      0.007    1438.37     74.761     6.3130  44.670843  0.000e+00
      0.108     1.8704    20.3711    16.2750 5.3724e-01     0.1285      0.007    1438.37     74.706     6.3083  44.670844  0.000e+00
      0.108     1.8702    20.3746    16.2778 5.4945e-01     0.1273      0.007    1438.38     74.711     6.3087  44.670844  0.000e+00
      0.119     1.8706    20.3854    16.2864 5.4945e-01     0.1273      0.007    1438.39     74.722     6.3090  44.670845  0.000e+00
      0.117     1.8710    20.3841    16.2854 5.6166e-01     0.1273      0.007    1438.39     74.737     6.3103  44.670845  0.000e+00
      0.119     1.8715    20.3778    16.2804 5.6166e-01     0.1273      0.011    1438.39     74.758     6.3122  44.670846  0.000e+00
      0.108     1.8730    20.3796    16.2817 5.4945e-01     0.1273      0.011    1438.40     74.773     6.3132  44.670846  0.000e+00
      0.132     1.8752    20.3790    16.2811 5.6166e-01     0.1285      0.007    1438.41     74.794     6.3146  44.670847  0.000e+00
      0.106     1.8782    20.3739    16.2770 5.8608e-01     0.1273      0.007    1438.41     74.819     6.3165  44.670847  0.000e+00
      0.119     1.8810    20.3747    16.2775 5.9829e-01     0.1285      0.011    1438.43     74.774     6.3122  44.670848  0.000e+00
      0.132     1.8825    20.3767    16.2791 5.8608e-01     0.1273      0.007    1438.44     74.790     6.3132  44.670848  0.000e+00
      0.095     1.8836    20.3699    16.2736 5.7387e-01     0.1273      0.007    1438.43     74.809     6.3149  44.670849  0.000e+00
      0.132     1.8846    20.3691    16.2729 5.6166e-01     0.1285      0.011    1438.44     74.825     6.3161  44.670849  0.000e+00
      0.095     1.8852    20.3763    16.2786 5.3724e-01     0.1273      0.007    1438.45     74.844     6.3173  44.670850  0.000e+00
      0.108     1.8863    20.3698    16.2734 5.3724e-01     0.1285      0.007    1438.45     74.803     6.3140  44.670850  0.000e+00
      0.095     1.8884    20.3611    16.2664 5.3724e-01     0.1285      0.007    1438.44     74.812     6.3147  44.670851  0.000e+00
      0.108     1.8909    20.3582    16.2640 5.3724e-01     0.1285      0.011    1438.45     74.825     6.3156  44.670851  0.000e+00
      0.083     1.8929    20.3464    16.2545 5.4945e-01     0.1273      0.011    1438.44     74.842     6.3172  44.670852  0.000e+00
      0.108     1.8966    20.3273    16.2391 5.4945e-01     0.1273      0.011    1438.44     74.800     6.3138  44.670852  0.000e+00
      0.095     1.9014    20.3150    16.2291 5.4945e-01     0.1273      0.011    1438.44     74.871     6.3196  44.670853  0.000e+00
      0.095     1.9044    20.3053    16.2213 5.6166e-01     0.1273      0.007    1438.44     74.827     6.3158  44.670853  0.000e+00
      0.095     1.9038    20.2919    16.2106 5.6166e-01     0.1273      0.007    1438.42     74.833     6.3170  44.670854  0.000e+00
      0.083     1.9011    20.2928    16.2114 5.4945e-01     0.1285      0.011    1438.41     74.853     6.3191  44.670854  0.000e+00
      0.106     1.9004    20.2921    16.2108 5.3724e-01     0.1273      0.007    1438.41     74.868     6.3205  44.670855  0.000e+00
      0.095     1.9007    20.2835    16.2040 5.2503e-01     0.1273      0.007    1438.40     74.886     6.3223  44.670855  0.000e+00
      0.108     1.9015    20.2825    16.2031 5.1282e-01     0.1273      0.011    1438.40     74.834     6.3179  44.670856  0.000e+00
      0.108     1.9025    20.2829    16.2034 5.2503e-01     0.1273      0.011    1438.41     74.841     6.3182  44.670856  0.000e+00
      0.117     1.9032    20.2749    16.1971 5.3724e-01     0.1273      0.007    1438.40     74.861     6.3202  44.670856  0.000e+00
      0.119     1.9029    20.2685    16.1919 5.1282e-01     0.1273      0.007    1438.39     74.876     6.3218  44.670857  0.000e+00
      0.143     1.9018    20.2623    16.1870 5.0061e-01     0.1285      0.007    1438.38     74.822     6.3177  44.670857  0.000e+00
      0.143     1.8999    20.2551    16.1813 5.1282e-01     0.1273      0.011    1438.36     74.816     6.3178  44.670858  0.000e+00
      0.142     1.8972    20.2538    16.1803 5.3724e-01     0.1285      0.007    1438.34     74.823     6.3189  44.670858  0.000e+00
      0.155     1.8951    20.2494    16.1769 5.7387e-01     0.1273      0.007    1438.33     74.825     6.3196  44.670859  0.000e+00
      0.168     1.8930    20.2439    16.1726 5.8608e-01     0.1273      0.007    1438.31     74.831     6.3207  44.670859  0.000e+00
      0.168     1.8901    20.2431    16.1720 5.6166e-01     0.1273      0.011    1438.30     74.840     6.3219  44.670860  0.000e+00
      0.190     1.8885    20.2416    16.1709 5.3724e-01     0.1273      0.011    1438.29     74.842     6.3225  44.670860  0.000e+00
      0.190     1.8869    20.2387    16.1686 5.1282e-01     0.1273      0.011    1438.28     74.848     6.3233  44.670861  0.000e+00
      0.190     1.8843    20.2373    16.1676 4.8840e-01     0.1273      0.011    1438.26     74.856     6.3246  44.670861  0.000e+00
      0.214     1.8817    20.2395    16.1695 5.0061e-01     0.1273      0.007    1438.26     74.794     6.3197  44.670862  0.000e+00
      0.202     1.8794    20.2395    16.1695 5.2503e-01     0.1273      0.007    1438.24     74.800     6.3205  44.670862  0.000e+00
      0.214     1.8766    20.2431    16.1725 5.3724e-01     0.1273      0.011    1438.24     74.799     6.3208  44.670863  0.000e+00
      0.227     1.8736    20.2509    16.1788 5.2503e-01     0.1285      0.011    1438.23     74.802     6.3212  44.670863  0.000e+00
      0.214     1.8718    20.2534    16.1809 5.2503e-01     0.1273      0.007    1438.23     74.808     6.3218  44.670864  0.000e+00
      0.226     1.8699    20.2595    16.1858 5.4945e-01     0.1273      0.007    1438.23     74.752     6.3172  44.670864  0.000e+00
      0.227     1.8686    20.2668    16.1917 5.8608e-01     0.1285      0.011    1438.23     74.755     6.3173  44.670865  0.000e+00
      0.227     1.8679    20.2696    16.1940 6.1050e-01     0.1273      0.011    1438.23     74.751     6.3170  44.670865  0.000e+00
      0.214     1.8693    20.2744    16.1977 5.9829e-01     0.1285      0.011    1438.24     74.750     6.3164  44.670866  0.000e+00
      0.237     1.8704    20.2808    16.2028 5.9829e-01     0.1285      0.011    1438.26     74.688     6.3107  44.670866  0.000e+00
      0.214     1.8712    20.2846    16.2058 5.8608e-01     0.1273      0.007    1438.27     74.684     6.3101  44.670867  0.000e+00
      0.214     1.8737    20.2906    16.2106 5.4945e-01     0.1273      0.011    1438.29     74.683     6.3094  44.670867  0.000e+00
      0.214     1.8758    20.2989    16.2171 5.3724e-01     0.1285      0.011    1438.31     74.676     6.3081  44.670868  0.000e+00
      0.213     1.8775    20.3026    16.2200 5.2503e-01     0.1285      0.007    1438.32     74.609     6.3019  44.670868  0.000e+00
      0.203     1.8800    20.3089    16.2250 5.1282e-01     0.1285      0.007    1438.34     74.599     6.3004  44.670869  0.000e+00
      0.203     1.8820    20.3160    16.2306 5.1282e-01     0.1273      0.011    1438.36     74.593     6.2993  44.670869  0.000e+00
      0.190     1.8837    20.3199    16.2336 5.1282e-01     0.1285      0.011    1438.37     74.590     6.2986  44.670870  0.000e+00
      0.202     1.8852    20.3269    16.2392 5.3724e-01     0.1285      0.011    1438.39     74.592     6.2982  44.670870  0.000e+00
      0.190     1.8864    20.3341    16.2449 5.3724e-01     0.1285      0.011    1438.40     74.532     6.2926  44.670870  0.000e+00
      0.179     1.8866    20.3388    16.2486 5.2503e-01     0.1273      0.007    1438.41     74.532     6.2924  44.670871  0.000e+00
      0.179     1.8853    20.3467    16.2550 5.2503e-01     0.1273      0.007    1438.41     74.525     6.2917  44.670871  0.000e+00
      0.177     1.8826    20.3578    16.2639 5.1282e-01     0.1285      0.007    1438.41     74.523     6.2915  44.670872  0.000e+00
      0.179     1.8788    20.3656    16.2703 5.0061e-01     0.1273      0.007    1438.41     74.460     6.2865  44.670872  0.000e+00
      0.179     1.8764    20.3675    16.2719 4.8840e-01     0.1273      0.007    1438.40     74.456     6.2864  44.670873  0.000e+00
      0.168     1.8747    20.3738    16.2770 5.0061e-01     0.1273      0.011    1438.40     74.456     6.2864  44.670873  0.000e+00
      0.166     1.8730    20.3799    16.2820 5.0061e-01     0.1273      0.011    1438.40     74.449     6.2858  44.670874  0.000e+00
      0.179     1.8720    20.3808    16.2827 5.0061e-01     0.1285      0.007    1438.40     74.382     6.2803  44.670874  0.000e+00
      0.155     1.8717    20.3859    16.2868 5.0061e-01     0.1273      0.011    1438.40     74.373     6.2794  44.670875  0.000e+00
      0.179     1.8709    20.3894    16.2896 5.1282e-01     0.1273      0.011    1438.40     74.368     6.2790  44.670875  0.000e+00
      0.166     1.8707    20.3901    16.2902 5.1282e-01     0.1273      0.011    1438.40     74.358     6.2780  44.670876  0.000e+00
      0.155     1.8707    20.3943    16.2936 5.1282e-01     0.1273      0.011    1438.41     74.360     6.2781  44.670876  0.000e+00
      0.155     1.8701    20.3978    16.2963 5.0061e-01     0.1273      0.011    1438.41     74.293     6.2723  44.670877  0.000e+00
      0.179     1.8698    20.4008    16.2987 5.0061e-01     0.1273      0.007    1438.41     74.284     6.2716  44.670877  0.000e+00
      0.153     1.8692    20.4067    16.3035 5.1282e-01     0.1273      0.011    1438.42     74.215     6.2655  44.670878  0.000e+00
      0.155     1.8685    20.4108    16.3068 5.1282e-01     0.1285      0.011    1438.42     74.205     6.2647  44.670878  0.000e+00
      0.168     1.8677    20.4126    16.3083 5.2503e-01     0.1273      0.007    1438.42     74.136     6.2588  44.670879  0.000e+00
      0.155     1.8665    20.4182    16.3128 5.3724e-01     0.1285      0.007    1438.42     74.180     6.2625  44.670879  0.000e+00
