SKJ1_20190613_down.cnv
* Sea-Bird SBE 9 Data File:
* FileName = C:\CTD Brukere\NIVA\OKOKYST2019\20190611\SKJ1_20190613.hex
* Software Version Seasave V 7.23.2
* Temperature SN = 5352
* Conductivity SN = 3840
* Number of Bytes Per Scan = 28
* Number of Voltage Words = 4
* Number of Scans Averaged by the Deck Unit = 1
* NMEA baud rate = 4800
** Ship: R/V Trygve Braarud
** Cruise:
** Station:
** Operator:
# nquan = 14
# nvalues = 1826                                  
# units = specified
# name 0 = depSM: Depth [salt water, m], lat = 59.60
# name 1 = t090C: Temperature [ITS-90, deg C]
# name 2 = sal00: Salinity, Practical [PSU]
# name 3 = sigma-t00: Density [sigma-t, kg/m^3 ]
# name 4 = flSP: Fluorescence, Seapoint
# name 5 = wetStar: Fluorescence, WET Labs WETstar [mg/m^3]
# name 6 = seaTurbMtr: Turbidity, Seapoint [FTU]
# name 7 = svCM: Sound Velocity [Chen-Millero, m/s]
# name 8 = sbeox0PS: Oxygen, SBE 43 [% saturation]
# name 9 = sbeox0Mg/L: Oxygen, SBE 43 [mg/l]
# name 10 = timeJ: Julian Days
# name 11 = sbeox0ML/L: Oxygen, SBE 43 [ml/l]
# name 12 = prDM: Pressure, Digiquartz [db]
# name 13 = flag:  0.000e+00
# span 0 =     -0.114,     31.830                 
# span 1 =     7.5119,    12.6303                 
# span 2 =    23.9268,    31.9096                 
# span 3 =    17.9394,    24.9162                 
# span 4 = 1.8315e-01, 1.3309e+00                 
# span 5 =     0.1285,     0.1310                 
# span 6 =      0.007,      0.018                 
# span 7 =    1477.30,    1486.74                 
# span 8 =     63.623,     72.722                 
# span 9 =     5.8190,     6.8265                 
# span 10 = 164.665081, 164.665961                
# span 11 =     4.0718,     4.7768                
# span 12 =     -0.115,     32.134                
# span 13 = 0.0000e+00, 0.0000e+00                
# interval = seconds: 0.0416667
# start_time = Jun 13 2019 15:57:43 [System UpLoad Time]
# bad_flag = -9.990e-29
*END*
[from data line 1755]
     31.805     7.6590    31.7819    24.7954 1.9536e-01     0.1298      0.018    1477.71     67.093     6.5124 164.665927     4.5570     32.109  0.000e+00
     31.794     7.6562    31.7844    24.7978 1.9536e-01     0.1298      0.015    1477.70     67.031     6.5068 164.665928     4.5531     32.098  0.000e+00
     31.805     7.6528    31.7871    24.8004 1.9536e-01     0.1298      0.018    1477.69     67.026     6.5067 164.665928     4.5530     32.109  0.000e+00
     31.794     7.6498    31.7897    24.8029 1.9536e-01     0.1298      0.018    1477.68     67.023     6.5066 164.665929     4.5530     32.098  0.000e+00
     31.805     7.6458    31.7932    24.8062 1.9536e-01     0.1298      0.018    1477.67     67.021     6.5069 164.665929     4.5532     32.109  0.000e+00
     31.794     7.6429    31.7957    24.8086 1.9536e-01     0.1298      0.018    1477.67     67.021     6.5073 164.665930     4.5534     32.098  0.000e+00
     31.805     7.6386    31.7996    24.8122 1.9536e-01     0.1285      0.018    1477.65     67.024     6.5080 164.665930     4.5539     32.109  0.000e+00
     31.794     7.6309    31.8063    24.8185 2.0757e-01     0.1298      0.018    1477.63     67.020     6.5085 164.665931     4.5542     32.098  0.000e+00
     31.804     7.6257    31.8105    24.8225 2.0757e-01     0.1298      0.018    1477.62     67.018     6.5089 164.665931     4.5545     32.108  0.000e+00
     31.794     7.6198    31.8156    24.8274 2.0757e-01     0.1298      0.018    1477.60     66.956     6.5035 164.665932     4.5507     32.098  0.000e+00
     31.782     7.6131    31.8216    24.8331 2.0757e-01     0.1298      0.018    1477.58     66.949     6.5036 164.665932     4.5508     32.086  0.000e+00
     31.805     7.6022    31.8312    24.8420 1.9536e-01     0.1298      0.018    1477.55     66.946     6.5045 164.665933     4.5514     32.109  0.000e+00
     31.782     7.5897    31.8421    24.8523 1.9536e-01     0.1298      0.018    1477.52     66.944     6.5056 164.665933     4.5523     32.086  0.000e+00
     31.794     7.5783    31.8522    24.8619 1.9536e-01     0.1298      0.018    1477.49     66.943     6.5069 164.665934     4.5531     32.098  0.000e+00
     31.782     7.5756    31.8538    24.8635 1.9536e-01     0.1285      0.018    1477.48     66.944     6.5073 164.665934     4.5534     32.086  0.000e+00
     31.782     7.5718    31.8569    24.8665 1.9536e-01     0.1298      0.018    1477.47     66.878     6.5013 164.665935     4.5492     32.086  0.000e+00
     31.794     7.5647    31.8634    24.8725 1.9536e-01     0.1298      0.018    1477.45     66.876     6.5018 164.665935     4.5496     32.098  0.000e+00
     31.769     7.5612    31.8664    24.8754 1.9536e-01     0.1298      0.018    1477.44     66.875     6.5022 164.665936     4.5498     32.073  0.000e+00
     31.782     7.5577    31.8695    24.8783 1.9536e-01     0.1285      0.018    1477.43     66.877     6.5028 164.665936     4.5502     32.086  0.000e+00
     31.769     7.5517    31.8745    24.8830 2.0757e-01     0.1298      0.018    1477.41     66.873     6.5031 164.665937     4.5505     32.073  0.000e+00
     31.768     7.5470    31.8785    24.8869 2.0757e-01     0.1310      0.018    1477.40     66.871     6.5034 164.665937     4.5507     32.072  0.000e+00
     31.769     7.5465    31.8791    24.8874 2.0757e-01     0.1285      0.015    1477.40     66.871     6.5034 164.665938     4.5507     32.073  0.000e+00
     31.782     7.5503    31.8760    24.8844 2.0757e-01     0.1285      0.018    1477.41     66.873     6.5031 164.665938     4.5505     32.086  0.000e+00
     31.758     7.5535    31.8728    24.8815 1.9536e-01     0.1298      0.018    1477.42     66.814     6.4971 164.665938     4.5463     32.062  0.000e+00
     31.758     7.5546    31.8719    24.8806 1.9536e-01     0.1298      0.018    1477.42     66.812     6.4968 164.665939     4.5461     32.062  0.000e+00
     31.758     7.5569    31.8698    24.8786 1.9536e-01     0.1298      0.018    1477.43     66.874     6.5026 164.665939     4.5501     32.062  0.000e+00
     31.769     7.5588    31.8684    24.8773 1.9536e-01     0.1298      0.018    1477.43     66.814     6.4965 164.665940     4.5459     32.073  0.000e+00
     31.745     7.5588    31.8689    24.8777 1.9536e-01     0.1298      0.018    1477.43     66.818     6.4968 164.665940     4.5461     32.049  0.000e+00
     31.758     7.5588    31.8694    24.8781 1.9536e-01     0.1298      0.018    1477.43     66.816     6.4967 164.665941     4.5460     32.062  0.000e+00
     31.745     7.5570    31.8706    24.8793 1.9536e-01     0.1298      0.018    1477.43     66.816     6.4969 164.665941     4.5462     32.049  0.000e+00
     31.745     7.5542    31.8732    24.8817 1.9536e-01     0.1298      0.018    1477.42     66.819     6.4975 164.665942     4.5465     32.049  0.000e+00
     31.734     7.5642    31.8636    24.8728 1.9536e-01     0.1298      0.018    1477.45     66.822     6.4967 164.665942     4.5460     32.037  0.000e+00
     31.745     7.5769    31.8518    24.8617 1.9536e-01     0.1298      0.018    1477.48     66.820     6.4951 164.665943     4.5449     32.049  0.000e+00
     31.744     7.5875    31.8421    24.8527 1.9536e-01     0.1298      0.018    1477.51     66.826     6.4946 164.665943     4.5445     32.047  0.000e+00
     31.745     7.5958    31.8348    24.8458 1.9536e-01     0.1298      0.018    1477.53     66.835     6.4945 164.665944     4.5445     32.049  0.000e+00
     31.734     7.5928    31.8375    24.8484 1.9536e-01     0.1285      0.018    1477.52     66.777     6.4892 164.665944     4.5407     32.037  0.000e+00
     31.734     7.5870    31.8434    24.8538 1.9536e-01     0.1298      0.018    1477.51     66.837     6.4956 164.665945     4.5452     32.037  0.000e+00
     31.734     7.5839    31.8463    24.8565 1.9536e-01     0.1285      0.018    1477.50     66.782     6.4906 164.665945     4.5417     32.037  0.000e+00
     31.734     7.5757    31.8536    24.8634 1.9536e-01     0.1298      0.018    1477.48     66.845     6.4977 164.665946     4.5467     32.037  0.000e+00
     31.734     7.5628    31.8650    24.8741 1.9536e-01     0.1298      0.018    1477.44     66.794     6.4942 164.665946     4.5442     32.037  0.000e+00
     31.734     7.5540    31.8733    24.8818 1.9536e-01     0.1285      0.018    1477.42     66.799     6.4956 164.665947     4.5452     32.037  0.000e+00
     31.734     7.5529    31.8739    24.8824 2.0757e-01     0.1298      0.018    1477.41     66.868     6.5024 164.665947     4.5500     32.037  0.000e+00
     31.734     7.5599    31.8670    24.8761 2.0757e-01     0.1298      0.018    1477.43     66.821     6.4971 164.665948     4.5463     32.037  0.000e+00
     31.734     7.5609    31.8663    24.8753 2.0757e-01     0.1285      0.018    1477.44     66.831     6.4979 164.665948     4.5469     32.037  0.000e+00
     31.722     7.5618    31.8647    24.8740 2.0757e-01     0.1298      0.018    1477.44     66.834     6.4982 164.665949     4.5471     32.026  0.000e+00
     31.744     7.5644    31.8619    24.8714 2.0757e-01     0.1298      0.018    1477.44     66.840     6.4985 164.665949     4.5473     32.047  0.000e+00
     31.722     7.5674    31.8587    24.8685 1.9536e-01     0.1298      0.018    1477.45     66.908     6.5048 164.665950     4.5517     32.026  0.000e+00
     31.734     7.5661    31.8599    24.8696 2.0757e-01     0.1298      0.018    1477.45     66.862     6.5005 164.665950     4.5487     32.037  0.000e+00
     31.745     7.5694    31.8570    24.8669 2.0757e-01     0.1298      0.018    1477.46     66.872     6.5011 164.665951     4.5491     32.049  0.000e+00
     31.734     7.5703    31.8563    24.8662 2.0757e-01     0.1298      0.018    1477.46     66.883     6.5020 164.665951     4.5498     32.037  0.000e+00
     31.734     7.5660    31.8604    24.8700 2.0757e-01     0.1298      0.018    1477.45     66.889     6.5030 164.665951     4.5505     32.037  0.000e+00
     31.734     7.5625    31.8633    24.8728 2.0757e-01     0.1298      0.018    1477.44     66.895     6.5041 164.665952     4.5512     32.037  0.000e+00
     31.745     7.5634    31.8631    24.8725 1.9536e-01     0.1298      0.018    1477.44     66.903     6.5047 164.665952     4.5516     32.049  0.000e+00
     31.734     7.5649    31.8623    24.8717 1.9536e-01     0.1298      0.018    1477.45     66.912     6.5054 164.665953     4.5521     32.037  0.000e+00
     31.745     7.5650    31.8622    24.8715 1.9536e-01     0.1298      0.018    1477.45     66.922     6.5063 164.665953     4.5528     32.049  0.000e+00
     31.758     7.5698    31.8578    24.8675 2.0757e-01     0.1298      0.018    1477.46     66.933     6.5069 164.665954     4.5531     32.062  0.000e+00
     31.745     7.5732    31.8552    24.8649 2.1978e-01     0.1285      0.018    1477.47     66.945     6.5077 164.665954     4.5537     32.049  0.000e+00
     31.744     7.5735    31.8548    24.8645 2.1978e-01     0.1298      0.018    1477.47     66.897     6.5030 164.665955     4.5504     32.047  0.000e+00
     31.758     7.5831    31.8465    24.8567 2.0757e-01     0.1298      0.018    1477.50     66.959     6.5079 164.665955     4.5538     32.062  0.000e+00
     31.758     7.5917    31.8386    24.8494 2.0757e-01     0.1298      0.018    1477.52     66.905     6.5017 164.665956     4.5495     32.062  0.000e+00
     31.758     7.5945    31.8362    24.8470 2.0757e-01     0.1298      0.018    1477.53     66.907     6.5016 164.665956     4.5495     32.062  0.000e+00
     31.769     7.5932    31.8376    24.8483 1.9536e-01     0.1298      0.018    1477.53     66.911     6.5022 164.665957     4.5498     32.073  0.000e+00
     31.758     7.5993    31.8325    24.8435 1.9536e-01     0.1298      0.018    1477.54     66.915     6.5019 164.665957     4.5496     32.062  0.000e+00
     31.769     7.6067    31.8257    24.8372 2.1978e-01     0.1298      0.018    1477.56     66.921     6.5016 164.665958     4.5495     32.073  0.000e+00
     31.769     7.6097    31.8228    24.8345 2.3199e-01     0.1298      0.018    1477.57     66.921     6.5013 164.665958     4.5492     32.073  0.000e+00
     31.769     7.6164    31.8173    24.8291 2.3199e-01     0.1298      0.018    1477.59     66.921     6.5005 164.665959     4.5487     32.073  0.000e+00
     31.782     7.6244    31.8103    24.8225 2.1978e-01     0.1298      0.018    1477.61     66.922     6.4997 164.665959     4.5481     32.086  0.000e+00
     31.782     7.6267    31.8080    24.8205 2.1978e-01     0.1298      0.018    1477.62     66.924     6.4997 164.665960     4.5481     32.086  0.000e+00
     31.769     7.6285    31.8067    24.8192 2.1978e-01     0.1298      0.018    1477.62     66.927     6.4998 164.665960     4.5482     32.073  0.000e+00
     31.744     7.6278    31.8075    24.8199 2.1978e-01     0.1298      0.018    1477.62     66.931     6.5003 164.665961     4.5485     32.047  0.000e+00
     31.830     7.6256    31.8096    24.8218 2.0757e-01     0.1298      0.018    1477.62     66.937     6.5011 164.665961     4.5491     32.134  0.000e+00
