SKJ1_20190613_down.cnv
* Sea-Bird SBE 9 Data File:
* FileName = C:\CTD Brukere\NIVA\OKOKYST2019\20190611\SKJ1_20190613.hex
* Software Version Seasave V 7.23.2
* Temperature SN = 5352
* Conductivity SN = 3840
* Number of Bytes Per Scan = 28
* Number of Voltage Words = 4
* Number of Scans Averaged by the Deck Unit = 1
* NMEA baud rate = 4800
** Ship: R/V Trygve Braarud
** Cruise:
** Station:
** Operator:
# nquan = 14
# nvalues = 1826                                  
# units = specified
# name 0 = depSM: Depth [salt water, m], lat = 59.60
# name 1 = t090C: Temperature [ITS-90, deg C]
# name 2 = sal00: Salinity, Practical [PSU]
# name 3 = sigma-t00: Density [sigma-t, kg/m^3 ]
# name 4 = flSP: Fluorescence, Seapoint
# name 5 = wetStar: Fluorescence, WET Labs WETstar [mg/m^3]
# name 6 = seaTurbMtr: Turbidity, Seapoint [FTU]
# name 7 = svCM: Sound Velocity [Chen-Millero, m/s]
# name 8 = sbeox0PS: Oxygen, SBE 43 [% saturation]
# name 9 = sbeox0Mg/L: Oxygen, SBE 43 [mg/l]
# name 10 = timeJ: Julian Days
# name 11 = sbeox0ML/L: Oxygen, SBE 43 [ml/l]
# name 12 = prDM: Pressure, Digiquartz [db]
# name 13 = flag:  0.000e+00
# span 0 =     -0.114,     31.830                 
# span 1 =     7.5119,    12.6303                 
# span 2 =    23.9268,    31.9096                 
# span 3 =    17.9394,    24.9162                 
# span 4 = 1.8315e-01, 1.3309e+00                 
# span 5 =     0.1285,     0.1310                 
# span 6 =      0.007,      0.018                 
# span 7 =    1477.30,    1486.74                 
# span 8 =     63.623,     72.722                 
# span 9 =     5.8190,     6.8265                 
# span 10 = 164.665081, 164.665961                
# span 11 =     4.0718,     4.7768                
# span 12 =     -0.115,     32.134                
# span 13 = 0.0000e+00, 0.0000e+00                
# interval = seconds: 0.0416667
# start_time = Jun 13 2019 15:57:43 [System UpLoad Time]
# bad_flag = -9.990e-29
*END*
[from data line 1136]
     24.166     7.9566    31.4716    24.5101 1.9536e-01     0.1298      0.015    1478.34     68.007     6.5700 164.665629     4.5973     24.397  0.000e+00
     24.198     7.9502    31.4769    24.5152 1.9536e-01     0.1298      0.015    1478.32     68.021     6.5720 164.665629     4.5987     24.429  0.000e+00
     24.226     7.9458    31.4820    24.5198 1.9536e-01     0.1285      0.015    1478.31     68.027     6.5731 164.665630     4.5994     24.457  0.000e+00
     24.249     7.9437    31.4867    24.5238 1.9536e-01     0.1298      0.015    1478.31     67.972     6.5679 164.665630     4.5958     24.480  0.000e+00
     24.261     7.9434    31.4894    24.5260 1.9536e-01     0.1298      0.018    1478.31     67.972     6.5678 164.665631     4.5957     24.493  0.000e+00
     24.297     7.9445    31.4909    24.5270 1.9536e-01     0.1298      0.015    1478.32     67.973     6.5676 164.665631     4.5956     24.529  0.000e+00
     24.309     7.9477    31.4920    24.5274 2.0757e-01     0.1298      0.015    1478.33     68.035     6.5731 164.665632     4.5995     24.541  0.000e+00
     24.341     7.9508    31.4936    24.5282 1.9536e-01     0.1298      0.015    1478.35     67.982     6.5674 164.665632     4.5955     24.573  0.000e+00
     24.346     7.9529    31.4979    24.5313 2.0757e-01     0.1298      0.015    1478.36     67.984     6.5671 164.665633     4.5953     24.578  0.000e+00
     24.381     7.9543    31.5028    24.5349 1.9536e-01     0.1298      0.018    1478.37     68.048     6.5729 164.665633     4.5993     24.614  0.000e+00
     24.406     7.9558    31.5076    24.5385 2.0757e-01     0.1298      0.018    1478.38     67.989     6.5668 164.665634     4.5950     24.639  0.000e+00
     24.441     7.9566    31.5109    24.5410 1.9536e-01     0.1298      0.015    1478.39     67.992     6.5668 164.665634     4.5951     24.675  0.000e+00
     24.450     7.9572    31.5135    24.5429 2.0757e-01     0.1298      0.015    1478.40     67.996     6.5670 164.665635     4.5952     24.683  0.000e+00
     24.477     7.9579    31.5145    24.5436 2.0757e-01     0.1298      0.018    1478.40     67.993     6.5665 164.665635     4.5949     24.711  0.000e+00
     24.501     7.9577    31.5159    24.5447 2.0757e-01     0.1298      0.015    1478.40     68.051     6.5722 164.665636     4.5988     24.735  0.000e+00
     24.524     7.9569    31.5173    24.5459 1.9536e-01     0.1298      0.015    1478.40     68.056     6.5726 164.665636     4.5991     24.758  0.000e+00
     24.537     7.9545    31.5196    24.5481 1.9536e-01     0.1298      0.018    1478.40     68.060     6.5733 164.665637     4.5996     24.771  0.000e+00
     24.561     7.9516    31.5212    24.5498 1.9536e-01     0.1310      0.018    1478.39     68.065     6.5741 164.665637     4.6002     24.796  0.000e+00
     24.592     7.9481    31.5232    24.5518 1.9536e-01     0.1298      0.018    1478.38     68.070     6.5750 164.665638     4.6008     24.827  0.000e+00
     24.608     7.9449    31.5234    24.5524 1.9536e-01     0.1298      0.015    1478.36     68.074     6.5760 164.665638     4.6015     24.843  0.000e+00
     24.644     7.9414    31.5241    24.5535 1.9536e-01     0.1298      0.015    1478.35     68.017     6.5710 164.665639     4.5980     24.879  0.000e+00
     24.657     7.9386    31.5248    24.5544 1.9536e-01     0.1298      0.018    1478.34     68.077     6.5771 164.665639     4.6022     24.893  0.000e+00
     24.688     7.9365    31.5248    24.5547 2.0757e-01     0.1298      0.018    1478.34     68.020     6.5719 164.665639     4.5986     24.924  0.000e+00
     24.717     7.9343    31.5245    24.5548 2.0757e-01     0.1298      0.018    1478.33     68.079     6.5780 164.665640     4.6029     24.953  0.000e+00
     24.728     7.9317    31.5259    24.5563 2.0757e-01     0.1298      0.015    1478.32     68.085     6.5788 164.665640     4.6035     24.965  0.000e+00
     24.753     7.9301    31.5273    24.5576 2.0757e-01     0.1298      0.015    1478.32     68.090     6.5795 164.665641     4.6039     24.989  0.000e+00
     24.764     7.9286    31.5291    24.5592 2.0757e-01     0.1298      0.015    1478.31     68.095     6.5801 164.665641     4.6044     25.001  0.000e+00
     24.808     7.9277    31.5301    24.5602 2.0757e-01     0.1310      0.015    1478.31     68.100     6.5807 164.665642     4.6048     25.045  0.000e+00
     24.824     7.9272    31.5305    24.5605 2.0757e-01     0.1298      0.015    1478.31     68.105     6.5813 164.665642     4.6052     25.061  0.000e+00
     24.848     7.9272    31.5309    24.5609 2.0757e-01     0.1298      0.015    1478.31     68.110     6.5817 164.665643     4.6055     25.086  0.000e+00
     24.860     7.9270    31.5299    24.5601 2.0757e-01     0.1298      0.018    1478.31     68.115     6.5823 164.665643     4.6059     25.097  0.000e+00
     24.873     7.9290    31.5266    24.5572 2.0757e-01     0.1298      0.018    1478.31     68.120     6.5826 164.665644     4.6061     25.110  0.000e+00
     24.928     7.9296    31.5255    24.5562 2.0757e-01     0.1298      0.015    1478.31     68.125     6.5830 164.665644     4.6064     25.166  0.000e+00
     24.933     7.9296    31.5263    24.5569 2.0757e-01     0.1298      0.015    1478.32     68.130     6.5835 164.665645     4.6067     25.171  0.000e+00
     24.968     7.9306    31.5287    24.5586 2.0757e-01     0.1298      0.015    1478.32     68.135     6.5837 164.665645     4.6069     25.207  0.000e+00
     24.980     7.9320    31.5312    24.5604 2.0757e-01     0.1298      0.018    1478.33     68.132     6.5831 164.665646     4.6065     25.218  0.000e+00
     25.012     7.9344    31.5316    24.5604 2.0757e-01     0.1298      0.018    1478.34     68.129     6.5825 164.665646     4.6060     25.251  0.000e+00
     25.028     7.9370    31.5326    24.5608 1.9536e-01     0.1298      0.015    1478.35     68.187     6.5877 164.665647     4.6097     25.267  0.000e+00
     25.053     7.9399    31.5341    24.5616 1.9536e-01     0.1298      0.018    1478.37     68.198     6.5882 164.665647     4.6100     25.292  0.000e+00
     25.088     7.9428    31.5345    24.5614 2.0757e-01     0.1298      0.018    1478.38     68.201     6.5881 164.665648     4.6099     25.328  0.000e+00
     25.095     7.9449    31.5357    24.5621 1.9536e-01     0.1298      0.015    1478.39     68.211     6.5886 164.665648     4.6103     25.335  0.000e+00
     25.124     7.9468    31.5366    24.5625 1.9536e-01     0.1298      0.015    1478.40     68.221     6.5892 164.665649     4.6108     25.364  0.000e+00
     25.160     7.9482    31.5371    24.5627 1.9536e-01     0.1298      0.018    1478.40     68.230     6.5899 164.665649     4.6112     25.400  0.000e+00
     25.184     7.9497    31.5378    24.5631 2.0757e-01     0.1298      0.015    1478.41     68.232     6.5898 164.665650     4.6112     25.425  0.000e+00
     25.204     7.9523    31.5382    24.5630 1.9536e-01     0.1298      0.018    1478.42     68.240     6.5902 164.665650     4.6115     25.444  0.000e+00
     25.231     7.9553    31.5384    24.5627 2.0757e-01     0.1298      0.018    1478.43     68.248     6.5906 164.665651     4.6117     25.472  0.000e+00
     25.268     7.9580    31.5382    24.5622 2.0757e-01     0.1298      0.015    1478.44     68.256     6.5909 164.665651     4.6119     25.510  0.000e+00
     25.275     7.9603    31.5392    24.5626 1.9536e-01     0.1298      0.018    1478.45     68.325     6.5972 164.665652     4.6163     25.516  0.000e+00
     25.315     7.9633    31.5401    24.5629 2.0757e-01     0.1298      0.018    1478.47     68.278     6.5921 164.665652     4.6128     25.557  0.000e+00
     25.327     7.9667    31.5404    24.5626 2.0757e-01     0.1298      0.015    1478.48     68.284     6.5922 164.665652     4.6129     25.569  0.000e+00
     25.364     7.9689    31.5402    24.5622 2.0757e-01     0.1310      0.015    1478.49     68.352     6.5985 164.665653     4.6172     25.606  0.000e+00
     25.382     7.9702    31.5416    24.5632 2.0757e-01     0.1298      0.018    1478.50     68.365     6.5995 164.665653     4.6179     25.624  0.000e+00
     25.411     7.9720    31.5428    24.5638 2.0757e-01     0.1298      0.015    1478.51     68.370     6.5996 164.665654     4.6180     25.654  0.000e+00
     25.447     7.9749    31.5429    24.5635 1.9536e-01     0.1298      0.015    1478.52     68.374     6.5996 164.665654     4.6180     25.690  0.000e+00
     25.460     7.9775    31.5430    24.5632 1.9536e-01     0.1298      0.018    1478.53     68.377     6.5995 164.665655     4.6179     25.703  0.000e+00
     25.502     7.9820    31.5428    24.5624 1.9536e-01     0.1298      0.015    1478.55     68.386     6.5997 164.665655     4.6181     25.745  0.000e+00
     25.520     7.9866    31.5431    24.5619 1.9536e-01     0.1298      0.018    1478.56     68.388     6.5991 164.665656     4.6177     25.763  0.000e+00
     25.544     7.9912    31.5440    24.5620 2.0757e-01     0.1298      0.018    1478.58     68.388     6.5985 164.665656     4.6172     25.788  0.000e+00
     25.586     7.9951    31.5445    24.5619 2.0757e-01     0.1298      0.018    1478.60     68.395     6.5986 164.665657     4.6173     25.831  0.000e+00
     25.602     7.9974    31.5443    24.5614 2.0757e-01     0.1298      0.015    1478.61     68.395     6.5981 164.665657     4.6170     25.847  0.000e+00
     25.627     8.0007    31.5429    24.5598 2.0757e-01     0.1298      0.018    1478.62     68.454     6.6035 164.665658     4.6207     25.872  0.000e+00
     25.658     8.0035    31.5438    24.5601 2.0757e-01     0.1310      0.018    1478.63     68.458     6.6034 164.665658     4.6207     25.903  0.000e+00
     25.675     8.0063    31.5454    24.5610 2.0757e-01     0.1298      0.018    1478.64     68.461     6.6032 164.665659     4.6205     25.921  0.000e+00
     25.711     8.0079    31.5479    24.5627 2.0757e-01     0.1298      0.018    1478.65     68.471     6.6038 164.665659     4.6209     25.957  0.000e+00
     25.700     8.0093    31.5471    24.5619 2.0757e-01     0.1298      0.018    1478.66     68.479     6.6044 164.665660     4.6214     25.945  0.000e+00
     25.813     8.0103    31.5417    24.5575 1.9536e-01     0.1310      0.018    1478.66     68.487     6.6053 164.665660     4.6220     26.060  0.000e+00
     25.782     8.0103    31.5388    24.5552 1.9536e-01     0.1298      0.018    1478.65     68.494     6.6060 164.665661     4.6225     26.029  0.000e+00
     25.807     8.0103    31.5410    24.5570 1.9536e-01     0.1298      0.018    1478.66     68.500     6.6065 164.665661     4.6228     26.053  0.000e+00
     25.838     8.0093    31.5419    24.5578 1.9536e-01     0.1298      0.018    1478.65     68.505     6.6071 164.665662     4.6232     26.084  0.000e+00
     25.878     8.0076    31.5428    24.5588 1.9536e-01     0.1298      0.018    1478.65     68.502     6.6070 164.665662     4.6232     26.125  0.000e+00
     25.891     8.0060    31.5442    24.5600 1.9536e-01     0.1298      0.018    1478.64     68.505     6.6075 164.665663     4.6235     26.138  0.000e+00
     25.922     8.0055    31.5455    24.5612 1.9536e-01     0.1298      0.018    1478.64     68.499     6.6070 164.665663     4.6232     26.170  0.000e+00
     25.927     8.0044    31.5478    24.5631 1.9536e-01     0.1298      0.018    1478.64     68.500     6.6071 164.665664     4.6233     26.174  0.000e+00
     25.975     8.0015    31.5489    24.5644 1.9536e-01     0.1298      0.015    1478.63     68.500     6.6075 164.665664     4.6236     26.224  0.000e+00
     25.993     7.9971    31.5499    24.5658 2.0757e-01     0.1298      0.018    1478.62     68.500     6.6081 164.665665     4.6239     26.242  0.000e+00
     26.023     7.9930    31.5500    24.5664 2.0757e-01     0.1298      0.018    1478.60     68.498     6.6085 164.665665     4.6243     26.271  0.000e+00
     26.047     7.9876    31.5498    24.5671 2.0757e-01     0.1298      0.015    1478.58     68.496     6.6091 164.665666     4.6247     26.296  0.000e+00
     26.065     7.9826    31.5474    24.5660 2.0757e-01     0.1310      0.018    1478.56     68.492     6.6097 164.665666     4.6250     26.314  0.000e+00
     26.094     7.9836    31.5347    24.5558 2.0757e-01     0.1298      0.018    1478.55     68.488     6.6096 164.665666     4.6250     26.343  0.000e+00
     26.113     7.9849    31.5180    24.5425 1.9536e-01     0.1298      0.015    1478.54     68.482     6.6096 164.665667     4.6250     26.363  0.000e+00
     26.143     7.9807    31.5160    24.5416 2.0757e-01     0.1298      0.015    1478.52     68.476     6.6097 164.665667     4.6251     26.392  0.000e+00
     26.167     7.9735    31.5257    24.5502 2.0757e-01     0.1298      0.018    1478.50     68.470     6.6098 164.665668     4.6251     26.417  0.000e+00
     26.185     7.9667    31.5358    24.5590 1.9536e-01     0.1298      0.018    1478.49     68.462     6.6096 164.665668     4.6250     26.435  0.000e+00
     26.214     7.9630    31.5405    24.5633 1.9536e-01     0.1298      0.015    1478.48     68.515     6.6150 164.665669     4.6288     26.464  0.000e+00
     26.251     7.9624    31.5407    24.5635 1.9536e-01     0.1298      0.018    1478.48     68.512     6.6148 164.665669     4.6287     26.502  0.000e+00
     26.258     7.9632    31.5396    24.5625 2.0757e-01     0.1298      0.018    1478.48     68.507     6.6143 164.665670     4.6283     26.508  0.000e+00
     26.287     7.9631    31.5400    24.5629 1.9536e-01     0.1298      0.015    1478.48     68.448     6.6086 164.665670     4.6243     26.538  0.000e+00
     26.298     7.9595    31.5435    24.5661 2.0757e-01     0.1298      0.018    1478.47     68.504     6.6144 164.665671     4.6284     26.549  0.000e+00
     26.329     7.9539    31.5482    24.5707 1.9536e-01     0.1298      0.018    1478.46     68.505     6.6151 164.665671     4.6289     26.580  0.000e+00
     26.347     7.9481    31.5536    24.5756 1.9536e-01     0.1298      0.018    1478.44     68.505     6.6158 164.665672     4.6293     26.598  0.000e+00
     26.389     7.9433    31.5575    24.5794 1.9536e-01     0.1298      0.018    1478.43     68.442     6.6103 164.665672     4.6255     26.641  0.000e+00
     26.394     7.9389    31.5608    24.5826 1.9536e-01     0.1298      0.018    1478.42     68.434     6.6099 164.665673     4.6253     26.646  0.000e+00
     26.418     7.9349    31.5633    24.5851 1.9536e-01     0.1298      0.018    1478.41     68.486     6.6155 164.665673     4.6291     26.671  0.000e+00
     26.460     7.9320    31.5649    24.5868 2.0757e-01     0.1298      0.018    1478.40     68.483     6.6156 164.665674     4.6292     26.713  0.000e+00
     26.454     7.9341    31.5615    24.5838 1.9536e-01     0.1298      0.015    1478.40     68.478     6.6149 164.665674     4.6287     26.707  0.000e+00
     26.496     7.9378    31.5568    24.5797 2.0757e-01     0.1298      0.018    1478.41     68.473     6.6141 164.665675     4.6281     26.749  0.000e+00
     26.503     7.9367    31.5568    24.5798 2.1978e-01     0.1298      0.018    1478.41     68.474     6.6144 164.665675     4.6283     26.756  0.000e+00
     26.538     7.9339    31.5583    24.5814 2.1978e-01     0.1298      0.015    1478.40     68.468     6.6141 164.665676     4.6282     26.792  0.000e+00
     26.556     7.9306    31.5613    24.5842 2.1978e-01     0.1298      0.015    1478.39     68.460     6.6138 164.665676     4.6279     26.810  0.000e+00
     26.585     7.9272    31.5643    24.5870 2.0757e-01     0.1298      0.018    1478.38     68.398     6.6081 164.665677     4.6240     26.839  0.000e+00
     26.605     7.9251    31.5657    24.5884 2.0757e-01     0.1298      0.018    1478.37     68.390     6.6076 164.665677     4.6236     26.859  0.000e+00
     26.623     7.9244    31.5656    24.5885 1.9536e-01     0.1298      0.018    1478.37     68.442     6.6128 164.665678     4.6272     26.877  0.000e+00
