SKJ1_20190613_down.cnv
* Sea-Bird SBE 9 Data File:
* FileName = C:\CTD Brukere\NIVA\OKOKYST2019\20190611\SKJ1_20190613.hex
* Software Version Seasave V 7.23.2
* Temperature SN = 5352
* Conductivity SN = 3840
* Number of Bytes Per Scan = 28
* Number of Voltage Words = 4
* Number of Scans Averaged by the Deck Unit = 1
* NMEA baud rate = 4800
** Ship: R/V Trygve Braarud
** Cruise:
** Station:
** Operator:
# nquan = 14
# nvalues = 1826                                  
# units = specified
# name 0 = depSM: Depth [salt water, m], lat = 59.60
# name 1 = t090C: Temperature [ITS-90, deg C]
# name 2 = sal00: Salinity, Practical [PSU]
# name 3 = sigma-t00: Density [sigma-t, kg/m^3 ]
# name 4 = flSP: Fluorescence, Seapoint
# name 5 = wetStar: Fluorescence, WET Labs WETstar [mg/m^3]
# name 6 = seaTurbMtr: Turbidity, Seapoint [FTU]
# name 7 = svCM: Sound Velocity [Chen-Millero, m/s]
# name 8 = sbeox0PS: Oxygen, SBE 43 [% saturation]
# name 9 = sbeox0Mg/L: Oxygen, SBE 43 [mg/l]
# name 10 = timeJ: Julian Days
# name 11 = sbeox0ML/L: Oxygen, SBE 43 [ml/l]
# name 12 = prDM: Pressure, Digiquartz [db]
# name 13 = flag:  0.000e+00
# span 0 =     -0.114,     31.830                 
# span 1 =     7.5119,    12.6303                 
# span 2 =    23.9268,    31.9096                 
# span 3 =    17.9394,    24.9162                 
# span 4 = 1.8315e-01, 1.3309e+00                 
# span 5 =     0.1285,     0.1310                 
# span 6 =      0.007,      0.018                 
# span 7 =    1477.30,    1486.74                 
# span 8 =     63.623,     72.722                 
# span 9 =     5.8190,     6.8265                 
# span 10 = 164.665081, 164.665961                
# span 11 =     4.0718,     4.7768                
# span 12 =     -0.115,     32.134                
# span 13 = 0.0000e+00, 0.0000e+00                
# interval = seconds: 0.0416667
# start_time = Jun 13 2019 15:57:43 [System UpLoad Time]
# bad_flag = -9.990e-29
*END*
[from data line 310]
      3.431    11.8575    26.5365    20.0507 5.6166e-01     0.1298      0.015    1486.29     71.648     6.5556 164.665231     4.5872      3.464  0.000e+00
      3.456    11.8488    26.5736    20.0810 5.4945e-01     0.1310      0.018    1486.30     71.712     6.5612 164.665231     4.5911      3.489  0.000e+00
      3.480    11.8402    26.5992    20.1023 5.4945e-01     0.1298      0.015    1486.30     71.829     6.5720 164.665231     4.5987      3.513  0.000e+00
      3.504    11.8291    26.6200    20.1203 5.3724e-01     0.1298      0.018    1486.29     71.895     6.5787 164.665232     4.6034      3.538  0.000e+00
      3.527    11.8141    26.6416    20.1395 5.3724e-01     0.1298      0.015    1486.26     71.953     6.5852 164.665232     4.6080      3.560  0.000e+00
      3.551    11.8000    26.6713    20.1650 5.2503e-01     0.1310      0.015    1486.25     72.008     6.5910 164.665233     4.6120      3.585  0.000e+00
      3.587    11.7905    26.7019    20.1903 5.1282e-01     0.1298      0.015    1486.25     72.060     6.5959 164.665233     4.6154      3.621  0.000e+00
      3.600    11.7807    26.7351    20.2178 5.0061e-01     0.1298      0.015    1486.26     72.108     6.6003 164.665234     4.6185      3.634  0.000e+00
      3.622    11.7727    26.7590    20.2376 5.0061e-01     0.1310      0.018    1486.26     72.154     6.6047 164.665234     4.6216      3.657  0.000e+00
      3.647    11.7658    26.7834    20.2577 5.0061e-01     0.1298      0.015    1486.26     72.138     6.6031 164.665235     4.6205      3.681  0.000e+00
      3.682    11.7604    26.8028    20.2737 5.0061e-01     0.1298      0.015    1486.27     72.238     6.6123 164.665235     4.6269      3.717  0.000e+00
      3.718    11.7556    26.8221    20.2894 5.0061e-01     0.1298      0.015    1486.28     72.222     6.6107 164.665236     4.6258      3.753  0.000e+00
      3.731    11.7522    26.8367    20.3014 5.0061e-01     0.1298      0.015    1486.28     72.264     6.6144 164.665236     4.6284      3.766  0.000e+00
      3.742    11.7508    26.8500    20.3119 5.1282e-01     0.1310      0.015    1486.29     72.304     6.6176 164.665237     4.6306      3.778  0.000e+00
      3.778    11.7508    26.8592    20.3190 4.8840e-01     0.1298      0.015    1486.30     72.341     6.6207 164.665237     4.6328      3.814  0.000e+00
      3.801    11.7507    26.8681    20.3260 4.7619e-01     0.1298      0.015    1486.31     72.376     6.6236 164.665238     4.6348      3.837  0.000e+00
      3.838    11.7508    26.8741    20.3306 4.6398e-01     0.1298      0.018    1486.32     72.350     6.6209 164.665238     4.6329      3.874  0.000e+00
      3.851    11.7520    26.8784    20.3337 4.7619e-01     0.1310      0.015    1486.33     72.375     6.6228 164.665239     4.6343      3.887  0.000e+00
      3.873    11.7543    26.8813    20.3355 4.7619e-01     0.1298      0.015    1486.34     72.405     6.6251 164.665239     4.6359      3.910  0.000e+00
      3.909    11.7581    26.8835    20.3366 4.7619e-01     0.1298      0.015    1486.36     72.433     6.6271 164.665240     4.6373      3.946  0.000e+00
      3.933    11.7635    26.8859    20.3375 4.7619e-01     0.1298      0.015    1486.38     72.460     6.6286 164.665240     4.6383      3.971  0.000e+00
      3.958    11.7692    26.8866    20.3371 4.7619e-01     0.1310      0.015    1486.40     72.485     6.6301 164.665241     4.6393      3.995  0.000e+00
      3.969    11.7755    26.8878    20.3370 4.7619e-01     0.1298      0.015    1486.43     72.448     6.6258 164.665241     4.6363      4.007  0.000e+00
      4.004    11.7802    26.8925    20.3398 4.8840e-01     0.1310      0.015    1486.45     72.471     6.6270 164.665242     4.6372      4.043  0.000e+00
      4.017    11.7824    26.8987    20.3442 4.8840e-01     0.1298      0.018    1486.47     72.493     6.6284 164.665242     4.6382      4.056  0.000e+00
      4.064    11.7832    26.9031    20.3475 4.8840e-01     0.1310      0.015    1486.48     72.574     6.6356 164.665243     4.6432      4.103  0.000e+00
      4.077    11.7839    26.9042    20.3482 4.8840e-01     0.1310      0.015    1486.48     72.540     6.6323 164.665243     4.6409      4.116  0.000e+00
      4.100    11.7852    26.9039    20.3478 4.8840e-01     0.1298      0.015    1486.48     72.505     6.6289 164.665244     4.6385      4.139  0.000e+00
      4.137    11.7890    26.9023    20.3459 4.7619e-01     0.1298      0.015    1486.50     72.523     6.6301 164.665244     4.6394      4.176  0.000e+00
      4.149    11.7935    26.8995    20.3429 4.7619e-01     0.1298      0.015    1486.51     72.541     6.6312 164.665245     4.6401      4.188  0.000e+00
      4.183    11.8009    26.8928    20.3364 5.0061e-01     0.1310      0.015    1486.53     72.498     6.6265 164.665245     4.6368      4.222  0.000e+00
      4.208    11.8082    26.8879    20.3314 5.2503e-01     0.1298      0.015    1486.55     72.515     6.6272 164.665245     4.6373      4.248  0.000e+00
      4.233    11.8139    26.8816    20.3255 5.3724e-01     0.1298      0.015    1486.56     72.532     6.6282 164.665246     4.6381      4.273  0.000e+00
      4.244    11.8192    26.8790    20.3226 5.3724e-01     0.1298      0.015    1486.58     72.555     6.6297 164.665246     4.6391      4.284  0.000e+00
      4.280    11.8233    26.8877    20.3286 5.2503e-01     0.1310      0.018    1486.60     72.519     6.6255 164.665247     4.6361      4.320  0.000e+00
      4.304    11.8268    26.9010    20.3383 5.1282e-01     0.1298      0.015    1486.63     72.538     6.6261 164.665247     4.6366      4.345  0.000e+00
      4.328    11.8297    26.9128    20.3470 5.0061e-01     0.1310      0.015    1486.65     72.563     6.6275 164.665248     4.6376      4.369  0.000e+00
      4.349    11.8319    26.9221    20.3538 5.1282e-01     0.1298      0.015    1486.67     72.529     6.6237 164.665248     4.6349      4.391  0.000e+00
      4.375    11.8330    26.9274    20.3577 5.1282e-01     0.1298      0.015    1486.68     72.550     6.6253 164.665249     4.6360      4.417  0.000e+00
      4.399    11.8340    26.9278    20.3578 5.2503e-01     0.1298      0.015    1486.69     72.572     6.6272 164.665249     4.6373      4.441  0.000e+00
      4.435    11.8354    26.9266    20.3567 5.2503e-01     0.1310      0.015    1486.69     72.542     6.6242 164.665250     4.6352      4.477  0.000e+00
      4.446    11.8368    26.9284    20.3578 5.3724e-01     0.1298      0.015    1486.70     72.567     6.6262 164.665250     4.6366      4.489  0.000e+00
      4.469    11.8379    26.9333    20.3614 5.2503e-01     0.1298      0.015    1486.71     72.593     6.6283 164.665251     4.6381      4.511  0.000e+00
      4.506    11.8393    26.9353    20.3627 5.1282e-01     0.1298      0.015    1486.72     72.621     6.6305 164.665251     4.6397      4.549  0.000e+00
      4.531    11.8398    26.9359    20.3631 5.1282e-01     0.1310      0.015    1486.72     72.597     6.6282 164.665252     4.6380      4.574  0.000e+00
      4.542    11.8401    26.9366    20.3636 5.1282e-01     0.1310      0.018    1486.72     72.628     6.6310 164.665252     4.6400      4.585  0.000e+00
      4.579    11.8395    26.9395    20.3660 5.1282e-01     0.1298      0.015    1486.72     72.602     6.6286 164.665253     4.6383      4.623  0.000e+00
      4.602    11.8386    26.9429    20.3687 5.0061e-01     0.1310      0.018    1486.73     72.632     6.6313 164.665253     4.6402      4.645  0.000e+00
      4.624    11.8375    26.9463    20.3715 5.0061e-01     0.1310      0.018    1486.73     72.605     6.6288 164.665254     4.6385      4.668  0.000e+00
      4.662    11.8346    26.9496    20.3746 5.1282e-01     0.1298      0.015    1486.72     72.634     6.6318 164.665254     4.6405      4.706  0.000e+00
      4.686    11.8304    26.9530    20.3780 5.2503e-01     0.1310      0.015    1486.71     72.605     6.6296 164.665255     4.6390      4.730  0.000e+00
      4.710    11.8245    26.9568    20.3819 5.2503e-01     0.1298      0.018    1486.69     72.640     6.6335 164.665255     4.6417      4.755  0.000e+00
      4.722    11.8177    26.9602    20.3857 5.1282e-01     0.1298      0.015    1486.68     72.618     6.6323 164.665256     4.6409      4.766  0.000e+00
      4.767    11.8114    26.9628    20.3889 5.1282e-01     0.1298      0.015    1486.66     72.653     6.6363 164.665256     4.6437      4.812  0.000e+00
      4.793    11.8061    26.9642    20.3908 5.1282e-01     0.1298      0.018    1486.64     72.631     6.6350 164.665257     4.6428      4.838  0.000e+00
      4.806    11.8021    26.9651    20.3923 5.2503e-01     0.1310      0.015    1486.63     72.666     6.6387 164.665257     4.6454      4.851  0.000e+00
      4.841    11.7995    26.9662    20.3936 5.1282e-01     0.1298      0.015    1486.62     72.705     6.6426 164.665258     4.6481      4.887  0.000e+00
      4.875    11.7955    26.9676    20.3953 5.0061e-01     0.1298      0.018    1486.61     72.688     6.6415 164.665258     4.6473      4.922  0.000e+00
      4.877    11.7885    26.9705    20.3988 5.0061e-01     0.1298      0.015    1486.59     72.722     6.6455 164.665258     4.6501      4.923  0.000e+00
      4.937    11.7780    26.9739    20.4033 5.0061e-01     0.1298      0.015    1486.56     72.706     6.6454 164.665259     4.6501      4.984  0.000e+00
      4.948    11.7681    26.9744    20.4053 5.1282e-01     0.1298      0.015    1486.52     72.682     6.6446 164.665259     4.6495      4.995  0.000e+00
      4.972    11.7597    26.9733    20.4059 5.1282e-01     0.1310      0.015    1486.49     72.656     6.6435 164.665260     4.6487      5.020  0.000e+00
      5.006    11.7533    26.9719    20.4060 5.3724e-01     0.1298      0.018    1486.47     72.688     6.6474 164.665260     4.6514      5.054  0.000e+00
      5.021    11.7474    26.9724    20.4073 5.4945e-01     0.1310      0.015    1486.45     72.664     6.6460 164.665261     4.6505      5.069  0.000e+00
      5.044    11.7431    26.9728    20.4083 5.6166e-01     0.1298      0.015    1486.43     72.698     6.6497 164.665261     4.6531      5.092  0.000e+00
      5.092    11.7404    26.9727    20.4088 5.7387e-01     0.1310      0.015    1486.42     72.671     6.6476 164.665262     4.6516      5.141  0.000e+00
      5.102    11.7386    26.9727    20.4091 5.7387e-01     0.1298      0.015    1486.42     72.702     6.6507 164.665262     4.6538      5.150  0.000e+00
      5.128    11.7376    26.9733    20.4098 5.6166e-01     0.1310      0.015    1486.42     72.678     6.6486 164.665263     4.6523      5.177  0.000e+00
      5.163    11.7372    26.9736    20.4100 5.4945e-01     0.1298      0.015    1486.42     72.652     6.6463 164.665263     4.6507      5.213  0.000e+00
      5.188    11.7371    26.9741    20.4105 5.2503e-01     0.1298      0.015    1486.42     72.625     6.6438 164.665264     4.6489      5.237  0.000e+00
      5.209    11.7374    26.9745    20.4107 5.2503e-01     0.1298      0.015    1486.42     72.657     6.6467 164.665264     4.6510      5.258  0.000e+00
      5.248    11.7374    26.9752    20.4113 5.4945e-01     0.1298      0.015    1486.42     72.629     6.6441 164.665265     4.6491      5.298  0.000e+00
      5.272    11.7376    26.9755    20.4114 5.6166e-01     0.1298      0.015    1486.42     72.659     6.6468 164.665265     4.6510      5.322  0.000e+00
      5.283    11.7379    26.9760    20.4117 5.7387e-01     0.1298      0.018    1486.42     72.635     6.6445 164.665266     4.6494      5.333  0.000e+00
      5.329    11.7387    26.9759    20.4116 5.4945e-01     0.1310      0.015    1486.43     72.617     6.6427 164.665266     4.6482      5.379  0.000e+00
      5.343    11.7389    26.9761    20.4117 5.3724e-01     0.1298      0.015    1486.43     72.652     6.6459 164.665267     4.6504      5.394  0.000e+00
      5.367    11.7404    26.9758    20.4112 5.3724e-01     0.1298      0.015    1486.43     72.627     6.6434 164.665267     4.6487      5.418  0.000e+00
      5.390    11.7436    26.9750    20.4100 5.2503e-01     0.1310      0.015    1486.44     72.601     6.6406 164.665268     4.6467      5.441  0.000e+00
      5.424    11.7487    26.9751    20.4092 5.1282e-01     0.1298      0.018    1486.46     72.635     6.6431 164.665268     4.6484      5.476  0.000e+00
      5.439    11.7537    26.9779    20.4105 5.2503e-01     0.1298      0.015    1486.48     72.609     6.6399 164.665269     4.6462      5.490  0.000e+00
      5.486    11.7569    26.9823    20.4134 5.3724e-01     0.1298      0.015    1486.50     72.584     6.6369 164.665269     4.6441      5.538  0.000e+00
      5.495    11.7586    26.9866    20.4164 5.3724e-01     0.1310      0.018    1486.51     72.618     6.6396 164.665270     4.6460      5.548  0.000e+00
      5.534    11.7599    26.9901    20.4189 5.2503e-01     0.1298      0.015    1486.52     72.599     6.6375 164.665270     4.6445      5.587  0.000e+00
      5.546    11.7606    26.9932    20.4212 5.2503e-01     0.1310      0.015    1486.53     72.574     6.6350 164.665271     4.6428      5.598  0.000e+00
      5.581    11.7610    26.9956    20.4230 5.1282e-01     0.1298      0.015    1486.53     72.550     6.6326 164.665271     4.6411      5.634  0.000e+00
      5.615    11.7607    26.9979    20.4248 5.1282e-01     0.1310      0.018    1486.53     72.586     6.6359 164.665272     4.6434      5.668  0.000e+00
      5.630    11.7594    26.9997    20.4264 5.1282e-01     0.1298      0.015    1486.53     72.563     6.6339 164.665272     4.6420      5.683  0.000e+00
      5.665    11.7564    27.0017    20.4285 5.2503e-01     0.1298      0.015    1486.53     72.541     6.6322 164.665272     4.6408      5.719  0.000e+00
      5.686    11.7520    27.0035    20.4307 5.2503e-01     0.1310      0.015    1486.51     72.520     6.6308 164.665273     4.6398      5.740  0.000e+00
      5.714    11.7456    27.0051    20.4330 5.3724e-01     0.1310      0.015    1486.49     72.493     6.6293 164.665273     4.6388      5.768  0.000e+00
      5.750    11.7353    27.0078    20.4369 5.4945e-01     0.1310      0.015    1486.46     72.469     6.6284 164.665274     4.6381      5.804  0.000e+00
      5.782    11.7243    27.0098    20.4403 5.3724e-01     0.1298      0.015    1486.42     72.506     6.6332 164.665274     4.6415      5.837  0.000e+00
      5.796    11.7129    27.0111    20.4432 5.1282e-01     0.1298      0.018    1486.39     72.490     6.6334 164.665275     4.6416      5.852  0.000e+00
      5.832    11.7030    27.0105    20.4445 5.0061e-01     0.1298      0.015    1486.35     72.410     6.6275 164.665275     4.6375      5.887  0.000e+00
      5.856    11.6920    27.0112    20.4470 4.8840e-01     0.1298      0.015    1486.31     72.446     6.6323 164.665276     4.6409      5.912  0.000e+00
      5.890    11.6787    27.0122    20.4500 4.8840e-01     0.1298      0.015    1486.27     72.423     6.6321 164.665276     4.6407      5.946  0.000e+00
      5.905    11.6643    27.0133    20.4533 5.0061e-01     0.1310      0.018    1486.22     72.403     6.6322 164.665277     4.6408      5.961  0.000e+00
      5.941    11.6520    27.0112    20.4538 5.1282e-01     0.1298      0.015    1486.17     72.439     6.6373 164.665277     4.6444      5.997  0.000e+00
      5.962    11.6427    27.0101    20.4546 5.1282e-01     0.1310      0.015    1486.14     72.422     6.6372 164.665278     4.6443      6.018  0.000e+00
      5.987    11.6334    27.0086    20.4550 5.1282e-01     0.1298      0.015    1486.11     72.401     6.6367 164.665278     4.6439      6.044  0.000e+00
      6.036    11.6215    27.0104    20.4584 5.1282e-01     0.1310      0.018    1486.07     72.323     6.6311 164.665279     4.6401      6.093  0.000e+00
      6.033    11.6106    27.0085    20.4588 5.1282e-01     0.1298      0.015    1486.03     72.355     6.6357 164.665279     4.6432      6.090  0.000e+00
