SKJ1_20190613_down.cnv
* Sea-Bird SBE 9 Data File:
* FileName = C:\CTD Brukere\NIVA\OKOKYST2019\20190611\SKJ1_20190613.hex
* Software Version Seasave V 7.23.2
* Temperature SN = 5352
* Conductivity SN = 3840
* Number of Bytes Per Scan = 28
* Number of Voltage Words = 4
* Number of Scans Averaged by the Deck Unit = 1
* NMEA baud rate = 4800
** Ship: R/V Trygve Braarud
** Cruise:
** Station:
** Operator:
# nquan = 14
# nvalues = 1826                                  
# units = specified
# name 0 = depSM: Depth [salt water, m], lat = 59.60
# name 1 = t090C: Temperature [ITS-90, deg C]
# name 2 = sal00: Salinity, Practical [PSU]
# name 3 = sigma-t00: Density [sigma-t, kg/m^3 ]
# name 4 = flSP: Fluorescence, Seapoint
# name 5 = wetStar: Fluorescence, WET Labs WETstar [mg/m^3]
# name 6 = seaTurbMtr: Turbidity, Seapoint [FTU]
# name 7 = svCM: Sound Velocity [Chen-Millero, m/s]
# name 8 = sbeox0PS: Oxygen, SBE 43 [% saturation]
# name 9 = sbeox0Mg/L: Oxygen, SBE 43 [mg/l]
# name 10 = timeJ: Julian Days
# name 11 = sbeox0ML/L: Oxygen, SBE 43 [ml/l]
# name 12 = prDM: Pressure, Digiquartz [db]
# name 13 = flag:  0.000e+00
# span 0 =     -0.114,     31.830                 
# span 1 =     7.5119,    12.6303                 
# span 2 =    23.9268,    31.9096                 
# span 3 =    17.9394,    24.9162                 
# span 4 = 1.8315e-01, 1.3309e+00                 
# span 5 =     0.1285,     0.1310                 
# span 6 =      0.007,      0.018                 
# span 7 =    1477.30,    1486.74                 
# span 8 =     63.623,     72.722                 
# span 9 =     5.8190,     6.8265                 
# span 10 = 164.665081, 164.665961                
# span 11 =     4.0718,     4.7768                
# span 12 =     -0.115,     32.134                
# span 13 = 0.0000e+00, 0.0000e+00                
# interval = seconds: 0.0416667
# start_time = Jun 13 2019 15:57:43 [System UpLoad Time]
# bad_flag = -9.990e-29
*END*
[from data line 1652]
     31.158     7.6182    31.8128    24.8254 1.9536e-01     0.1298      0.018    1477.58     67.867     6.5924 164.665878     4.6130     31.456  0.000e+00
     31.155     7.6248    31.8080    24.8207 2.0757e-01     0.1298      0.018    1477.60     67.857     6.5906 164.665878     4.6117     31.453  0.000e+00
     31.194     7.6227    31.8103    24.8228 1.9536e-01     0.1298      0.018    1477.60     67.849     6.5900 164.665879     4.6113     31.492  0.000e+00
     31.194     7.6186    31.8137    24.8260 1.9536e-01     0.1298      0.018    1477.58     67.841     6.5897 164.665879     4.6111     31.492  0.000e+00
     31.207     7.6189    31.8127    24.8252 1.9536e-01     0.1298      0.018    1477.58     67.833     6.5890 164.665880     4.6106     31.505  0.000e+00
     31.218     7.6224    31.8098    24.8225 1.9536e-01     0.1298      0.018    1477.59     67.826     6.5879 164.665880     4.6098     31.516  0.000e+00
     31.231     7.6205    31.8116    24.8242 1.9536e-01     0.1298      0.018    1477.59     67.758     6.5815 164.665881     4.6054     31.529  0.000e+00
     31.242     7.6144    31.8162    24.8286 1.9536e-01     0.1298      0.018    1477.57     67.808     6.5870 164.665881     4.6092     31.541  0.000e+00
     31.267     7.6085    31.8206    24.8329 1.9536e-01     0.1298      0.018    1477.56     67.804     6.5873 164.665882     4.6094     31.566  0.000e+00
     31.275     7.6038    31.8249    24.8369 1.9536e-01     0.1298      0.015    1477.54     67.800     6.5875 164.665882     4.6095     31.574  0.000e+00
     31.291     7.5971    31.8302    24.8420 1.9536e-01     0.1285      0.018    1477.52     67.735     6.5819 164.665883     4.6057     31.590  0.000e+00
     31.302     7.5902    31.8361    24.8476 1.9536e-01     0.1298      0.018    1477.50     67.725     6.5818 164.665883     4.6056     31.602  0.000e+00
     31.314     7.5854    31.8403    24.8515 1.9536e-01     0.1298      0.015    1477.49     67.717     6.5815 164.665883     4.6053     31.613  0.000e+00
     31.327     7.5825    31.8426    24.8538 1.9536e-01     0.1298      0.018    1477.48     67.709     6.5811 164.665884     4.6050     31.626  0.000e+00
     31.349     7.5801    31.8452    24.8561 1.9536e-01     0.1298      0.018    1477.48     67.763     6.5866 164.665884     4.6089     31.649  0.000e+00
     31.362     7.5780    31.8470    24.8579 1.9536e-01     0.1298      0.018    1477.47     67.703     6.5810 164.665885     4.6050     31.662  0.000e+00
     31.374     7.5764    31.8484    24.8592 1.9536e-01     0.1298      0.018    1477.47     67.697     6.5806 164.665885     4.6047     31.674  0.000e+00
     31.395     7.5737    31.8508    24.8615 1.9536e-01     0.1298      0.018    1477.46     67.692     6.5805 164.665886     4.6046     31.695  0.000e+00
     31.398     7.5697    31.8539    24.8644 1.9536e-01     0.1298      0.018    1477.45     67.689     6.5806 164.665886     4.6047     31.698  0.000e+00
     31.434     7.5647    31.8581    24.8684 1.9536e-01     0.1298      0.018    1477.44     67.686     6.5809 164.665887     4.6049     31.734  0.000e+00
     31.422     7.5609    31.8620    24.8720 1.9536e-01     0.1298      0.018    1477.43     67.684     6.5811 164.665887     4.6051     31.723  0.000e+00
     31.458     7.5565    31.8657    24.8755 1.9536e-01     0.1298      0.018    1477.41     67.622     6.5755 164.665888     4.6012     31.759  0.000e+00
     31.458     7.5530    31.8690    24.8786 1.9536e-01     0.1298      0.018    1477.40     67.677     6.5812 164.665888     4.6052     31.759  0.000e+00
     31.482     7.5506    31.8714    24.8808 1.9536e-01     0.1298      0.018    1477.40     67.678     6.5816 164.665889     4.6054     31.783  0.000e+00
     31.494     7.5484    31.8734    24.8826 1.9536e-01     0.1298      0.018    1477.39     67.618     6.5761 164.665889     4.6016     31.795  0.000e+00
     31.507     7.5462    31.8757    24.8848 1.9536e-01     0.1298      0.018    1477.39     67.614     6.5759 164.665890     4.6014     31.808  0.000e+00
     31.528     7.5448    31.8774    24.8863 2.0757e-01     0.1298      0.018    1477.39     67.612     6.5758 164.665890     4.6013     31.829  0.000e+00
     31.529     7.5445    31.8778    24.8867 2.0757e-01     0.1298      0.018    1477.38     67.610     6.5756 164.665891     4.6012     31.831  0.000e+00
     31.554     7.5433    31.8788    24.8876 2.0757e-01     0.1298      0.018    1477.38     67.609     6.5757 164.665891     4.6013     31.855  0.000e+00
     31.567     7.5412    31.8803    24.8891 2.9304e-01     0.1298      0.018    1477.38     67.610     6.5761 164.665892     4.6015     31.869  0.000e+00
     31.578     7.5402    31.8815    24.8901 2.9304e-01     0.1298      0.018    1477.37     67.612     6.5764 164.665892     4.6018     31.880  0.000e+00
     31.589     7.5399    31.8815    24.8902 2.5641e-01     0.1298      0.018    1477.37     67.615     6.5767 164.665893     4.6020     31.892  0.000e+00
     31.602     7.5394    31.8816    24.8904 2.3199e-01     0.1298      0.018    1477.37     67.620     6.5772 164.665893     4.6024     31.905  0.000e+00
     31.614     7.5373    31.8835    24.8921 2.1978e-01     0.1285      0.018    1477.37     67.626     6.5780 164.665894     4.6029     31.916  0.000e+00
     31.625     7.5363    31.8841    24.8928 2.0757e-01     0.1298      0.018    1477.36     67.633     6.5788 164.665894     4.6035     31.928  0.000e+00
     31.638     7.5342    31.8858    24.8944 2.0757e-01     0.1298      0.018    1477.36     67.579     6.5738 164.665895     4.6000     31.941  0.000e+00
     31.659     7.5318    31.8876    24.8961 2.0757e-01     0.1298      0.018    1477.35     67.636     6.5796 164.665895     4.6040     31.962  0.000e+00
     31.674     7.5304    31.8888    24.8972 2.0757e-01     0.1298      0.018    1477.35     67.577     6.5741 164.665896     4.6001     31.977  0.000e+00
     31.674     7.5285    31.8916    24.8997 1.9536e-01     0.1298      0.018    1477.34     67.581     6.5747 164.665896     4.6006     31.977  0.000e+00
     31.685     7.5263    31.8941    24.9020 1.9536e-01     0.1298      0.018    1477.34     67.580     6.5747 164.665897     4.6006     31.988  0.000e+00
     31.698     7.5239    31.8970    24.9046 1.9536e-01     0.1298      0.018    1477.33     67.579     6.5749 164.665897     4.6008     32.001  0.000e+00
     31.709     7.5217    31.8993    24.9067 1.9536e-01     0.1298      0.018    1477.33     67.580     6.5753 164.665897     4.6010     32.013  0.000e+00
     31.734     7.5199    31.9007    24.9081 1.9536e-01     0.1298      0.018    1477.32     67.521     6.5697 164.665898     4.5971     32.037  0.000e+00
     31.722     7.5191    31.9015    24.9088 1.9536e-01     0.1298      0.018    1477.32     67.578     6.5754 164.665898     4.6011     32.026  0.000e+00
     31.758     7.5204    31.9008    24.9080 1.9536e-01     0.1298      0.018    1477.32     67.521     6.5697 164.665899     4.5971     32.062  0.000e+00
     31.745     7.5206    31.9008    24.9080 1.9536e-01     0.1298      0.018    1477.32     67.520     6.5695 164.665899     4.5970     32.049  0.000e+00
     31.758     7.5181    31.9032    24.9103 1.9536e-01     0.1298      0.015    1477.32     67.513     6.5691 164.665900     4.5967     32.062  0.000e+00
     31.782     7.5145    31.9066    24.9134 1.9536e-01     0.1298      0.018    1477.31     67.507     6.5689 164.665900     4.5966     32.086  0.000e+00
     31.755     7.5132    31.9076    24.9144 1.9536e-01     0.1298      0.018    1477.30     67.502     6.5686 164.665901     4.5963     32.059  0.000e+00
     31.745     7.5126    31.9086    24.9153 1.9536e-01     0.1298      0.018    1477.30     67.437     6.5623 164.665901     4.5919     32.049  0.000e+00
     31.758     7.5119    31.9096    24.9162 1.9536e-01     0.1298      0.018    1477.30     67.427     6.5614 164.665902     4.5913     32.062  0.000e+00
     31.769     7.5162    31.9054    24.9122 1.9536e-01     0.1298      0.018    1477.31     67.481     6.5662 164.665902     4.5946     32.073  0.000e+00
     31.769     7.5263    31.8948    24.9026 1.9536e-01     0.1298      0.018    1477.34     67.419     6.5591 164.665903     4.5897     32.073  0.000e+00
     31.758     7.5353    31.8860    24.8944 1.9536e-01     0.1298      0.018    1477.36     67.413     6.5576 164.665903     4.5886     32.062  0.000e+00
     31.794     7.5393    31.8822    24.8909 1.9536e-01     0.1285      0.018    1477.37     67.410     6.5568 164.665904     4.5880     32.098  0.000e+00
     31.794     7.5425    31.8796    24.8884 1.9536e-01     0.1298      0.018    1477.38     67.400     6.5554 164.665904     4.5871     32.098  0.000e+00
     31.758     7.5455    31.8769    24.8858 1.9536e-01     0.1285      0.018    1477.39     67.398     6.5550 164.665905     4.5868     32.062  0.000e+00
     31.734     7.5479    31.8748    24.8839 1.9536e-01     0.1298      0.018    1477.40     67.399     6.5547 164.665905     4.5866     32.037  0.000e+00
     31.734     7.5492    31.8741    24.8831 1.9536e-01     0.1298      0.018    1477.40     67.401     6.5547 164.665906     4.5866     32.037  0.000e+00
     31.745     7.5493    31.8743    24.8832 1.9536e-01     0.1298      0.018    1477.40     67.397     6.5543 164.665906     4.5863     32.049  0.000e+00
     31.768     7.5401    31.8829    24.8913 1.9536e-01     0.1298      0.018    1477.38     67.395     6.5552 164.665907     4.5869     32.072  0.000e+00
     31.745     7.5278    31.8948    24.9023 1.9536e-01     0.1298      0.018    1477.34     67.332     6.5504 164.665907     4.5836     32.049  0.000e+00
     31.758     7.5209    31.9014    24.9085 1.9536e-01     0.1298      0.018    1477.33     67.325     6.5505 164.665908     4.5836     32.062  0.000e+00
     31.745     7.5172    31.9044    24.9113 1.9536e-01     0.1298      0.018    1477.32     67.327     6.5511 164.665908     4.5841     32.049  0.000e+00
     31.745     7.5266    31.8960    24.9034 1.9536e-01     0.1298      0.018    1477.34     67.323     6.5496 164.665909     4.5830     32.049  0.000e+00
     31.734     7.5310    31.8918    24.8995 1.9536e-01     0.1298      0.018    1477.35     67.320     6.5489 164.665909     4.5825     32.037  0.000e+00
     31.734     7.5361    31.8868    24.8949 1.9536e-01     0.1298      0.018    1477.37     67.319     6.5482 164.665910     4.5820     32.037  0.000e+00
     31.734     7.5437    31.8798    24.8883 1.9536e-01     0.1298      0.018    1477.39     67.319     6.5474 164.665910     4.5815     32.037  0.000e+00
     31.758     7.5474    31.8760    24.8848 1.9536e-01     0.1298      0.018    1477.40     67.321     6.5472 164.665910     4.5813     32.062  0.000e+00
     31.745     7.5500    31.8739    24.8828 1.9536e-01     0.1298      0.018    1477.40     67.263     6.5412 164.665911     4.5771     32.049  0.000e+00
     31.745     7.5509    31.8737    24.8826 1.9536e-01     0.1298      0.018    1477.41     67.315     6.5461 164.665911     4.5806     32.049  0.000e+00
     31.734     7.5548    31.8703    24.8793 1.9536e-01     0.1298      0.018    1477.42     67.321     6.5463 164.665912     4.5807     32.037  0.000e+00
     31.731     7.5572    31.8688    24.8778 1.9536e-01     0.1298      0.018    1477.43     67.329     6.5468 164.665912     4.5811     32.034  0.000e+00
     31.758     7.5642    31.8632    24.8724 1.9536e-01     0.1298      0.018    1477.45     67.269     6.5402 164.665913     4.5765     32.062  0.000e+00
     31.734     7.5725    31.8561    24.8658 1.9536e-01     0.1298      0.018    1477.47     67.265     6.5388 164.665913     4.5755     32.037  0.000e+00
     31.745     7.5839    31.8464    24.8566 1.9536e-01     0.1298      0.018    1477.50     67.262     6.5373 164.665914     4.5744     32.049  0.000e+00
     31.758     7.5980    31.8340    24.8449 1.9536e-01     0.1298      0.018    1477.54     67.261     6.5356 164.665914     4.5732     32.062  0.000e+00
     31.745     7.6030    31.8299    24.8409 1.9536e-01     0.1298      0.018    1477.55     67.261     6.5351 164.665915     4.5729     32.049  0.000e+00
     31.758     7.6030    31.8301    24.8411 1.9536e-01     0.1298      0.018    1477.55     67.264     6.5353 164.665915     4.5730     32.062  0.000e+00
     31.734     7.6046    31.8288    24.8398 1.9536e-01     0.1310      0.018    1477.56     67.268     6.5355 164.665916     4.5731     32.037  0.000e+00
     31.758     7.6043    31.8291    24.8401 1.9536e-01     0.1298      0.018    1477.56     67.212     6.5301 164.665916     4.5694     32.062  0.000e+00
     31.745     7.6059    31.8282    24.8392 1.9536e-01     0.1298      0.018    1477.56     67.273     6.5358 164.665917     4.5734     32.049  0.000e+00
     31.745     7.6047    31.8308    24.8414 1.9536e-01     0.1298      0.018    1477.56     67.220     6.5308 164.665917     4.5699     32.049  0.000e+00
     31.758     7.6161    31.8207    24.8319 1.9536e-01     0.1298      0.018    1477.59     67.223     6.5298 164.665918     4.5692     32.062  0.000e+00
     31.769     7.6364    31.8030    24.8152 1.9536e-01     0.1298      0.018    1477.65     67.219     6.5272 164.665918     4.5673     32.073  0.000e+00
     31.779     7.6525    31.7880    24.8011 1.9536e-01     0.1298      0.018    1477.69     67.225     6.5260 164.665919     4.5665     32.083  0.000e+00
     31.758     7.6644    31.7774    24.7912 1.9536e-01     0.1298      0.018    1477.72     67.164     6.5187 164.665919     4.5614     32.062  0.000e+00
     31.769     7.6707    31.7726    24.7865 1.9536e-01     0.1298      0.018    1477.74     67.220     6.5235 164.665920     4.5647     32.073  0.000e+00
     31.769     7.6710    31.7725    24.7864 1.9536e-01     0.1298      0.018    1477.74     67.225     6.5238 164.665920     4.5650     32.073  0.000e+00
     31.769     7.6676    31.7754    24.7892 1.9536e-01     0.1298      0.018    1477.73     67.169     6.5188 164.665921     4.5615     32.073  0.000e+00
     31.782     7.6664    31.7767    24.7904 1.9536e-01     0.1298      0.018    1477.73     67.169     6.5190 164.665921     4.5616     32.086  0.000e+00
     31.782     7.6692    31.7744    24.7881 1.9536e-01     0.1298      0.018    1477.74     67.164     6.5181 164.665922     4.5610     32.086  0.000e+00
     31.782     7.6710    31.7724    24.7864 1.9536e-01     0.1298      0.018    1477.74     67.167     6.5183 164.665922     4.5611     32.086  0.000e+00
     31.794     7.6695    31.7734    24.7873 1.9536e-01     0.1298      0.018    1477.74     67.165     6.5183 164.665923     4.5611     32.098  0.000e+00
     31.794     7.6675    31.7748    24.7887 1.9536e-01     0.1298      0.018    1477.73     67.165     6.5185 164.665923     4.5612     32.098  0.000e+00
     31.782     7.6657    31.7764    24.7902 1.9536e-01     0.1298      0.018    1477.73     67.166     6.5187 164.665924     4.5614     32.086  0.000e+00
     31.782     7.6609    31.7810    24.7945 1.9536e-01     0.1298      0.018    1477.72     67.169     6.5195 164.665924     4.5620     32.086  0.000e+00
     31.779     7.6570    31.7845    24.7978 1.9536e-01     0.1298      0.018    1477.70     67.173     6.5204 164.665924     4.5626     32.083  0.000e+00
     31.818     7.6546    31.7863    24.7996 1.9536e-01     0.1298      0.018    1477.70     67.109     6.5145 164.665925     4.5585     32.122  0.000e+00
     31.794     7.6570    31.7840    24.7974 1.9536e-01     0.1285      0.018    1477.70     67.101     6.5134 164.665925     4.5577     32.098  0.000e+00
     31.805     7.6592    31.7818    24.7954 1.9536e-01     0.1285      0.018    1477.71     67.102     6.5133 164.665926     4.5576     32.109  0.000e+00
     31.805     7.6591    31.7820    24.7956 1.9536e-01     0.1298      0.018    1477.71     67.098     6.5129 164.665926     4.5573     32.109  0.000e+00
