SP1_20190614_down.cnv
* Sea-Bird SBE 9 Data File:
* FileName = C:\CTD Brukere\NIVA\OKOKYST2019\20190611\SP1_20190614.hex
* Software Version Seasave V 7.23.2
* Temperature SN = 5352
* Conductivity SN = 3840
* Number of Bytes Per Scan = 28
* Number of Voltage Words = 4
* Number of Scans Averaged by the Deck Unit = 1
* NMEA baud rate = 4800
** Ship: R/V Trygve Braarud
** Cruise:
** Station:
** Operator:
# nquan = 14
# nvalues = 1981                                  
# units = specified
# name 0 = depSM: Depth [salt water, m], lat = 59.60
# name 1 = t090C: Temperature [ITS-90, deg C]
# name 2 = sal00: Salinity, Practical [PSU]
# name 3 = sigma-t00: Density [sigma-t, kg/m^3 ]
# name 4 = flSP: Fluorescence, Seapoint
# name 5 = wetStar: Fluorescence, WET Labs WETstar [mg/m^3]
# name 6 = seaTurbMtr: Turbidity, Seapoint [FTU]
# name 7 = svCM: Sound Velocity [Chen-Millero, m/s]
# name 8 = sbeox0PS: Oxygen, SBE 43 [% saturation]
# name 9 = sbeox0Mg/L: Oxygen, SBE 43 [mg/l]
# name 10 = timeJ: Julian Days
# name 11 = sbeox0ML/L: Oxygen, SBE 43 [ml/l]
# name 12 = prDM: Pressure, Digiquartz [db]
# name 13 = flag:  0.000e+00
# span 0 =      0.144,     29.294                 
# span 1 =     9.0391,    13.4855                 
# span 2 =    15.6630,    31.4785                 
# span 3 =    11.3881,    24.3559                 
# span 4 = 2.0757e-01, 5.7021e+00                 
# span 5 =     0.1298,     0.1322                 
# span 6 =      0.007,      0.018                 
# span 7 =    1478.84,    1487.76                 
# span 8 =     65.062,     78.037                 
# span 9 =     6.1430,     7.2578                 
# span 10 = 165.355035, 165.355990                
# span 11 =     4.2985,     5.0786                
# span 12 =      0.146,     29.574                
# span 13 = 0.0000e+00, 0.0000e+00                
# interval = seconds: 0.0416667
# start_time = Jun 14 2019 08:31:15 [System UpLoad Time]
# bad_flag = -9.990e-29
*END*
[from data line 1755]
     28.570     9.3455    30.9976    23.9326 2.1978e-01     0.1298      0.018    1483.04     69.376     6.5167 165.355881     4.5600     28.843  0.000e+00
     28.564     9.3420    31.0005    23.9354 2.1978e-01     0.1298      0.018    1483.03     69.382     6.5177 165.355882     4.5607     28.837  0.000e+00
     28.564     9.3397    31.0027    23.9375 2.3199e-01     0.1298      0.018    1483.03     69.381     6.5178 165.355882     4.5608     28.837  0.000e+00
     28.570     9.3381    31.0042    23.9390 2.3199e-01     0.1298      0.018    1483.02     69.386     6.5184 165.355883     4.5612     28.843  0.000e+00
     28.564     9.3368    31.0045    23.9393 2.4420e-01     0.1298      0.018    1483.02     69.390     6.5190 165.355883     4.5616     28.837  0.000e+00
     28.559     9.3357    31.0046    23.9396 2.4420e-01     0.1298      0.015    1483.01     69.394     6.5195 165.355883     4.5620     28.832  0.000e+00
     28.564     9.3358    31.0041    23.9392 2.3199e-01     0.1310      0.018    1483.01     69.397     6.5198 165.355884     4.5622     28.837  0.000e+00
     28.575     9.3374    31.0036    23.9386 2.1978e-01     0.1298      0.018    1483.02     69.399     6.5198 165.355884     4.5622     28.848  0.000e+00
     28.559     9.3378    31.0039    23.9387 2.1978e-01     0.1298      0.018    1483.02     69.462     6.5257 165.355885     4.5663     28.832  0.000e+00
     28.564     9.3376    31.0043    23.9391 2.1978e-01     0.1310      0.018    1483.02     69.409     6.5207 165.355885     4.5628     28.837  0.000e+00
     28.546     9.3365    31.0046    23.9395 2.1978e-01     0.1298      0.018    1483.02     69.410     6.5209 165.355886     4.5629     28.819  0.000e+00
     28.564     9.3373    31.0021    23.9374 2.0757e-01     0.1298      0.018    1483.02     69.410     6.5209 165.355886     4.5629     28.837  0.000e+00
     28.564     9.3415    30.9962    23.9321 2.1978e-01     0.1310      0.018    1483.02     69.409     6.5205 165.355887     4.5626     28.837  0.000e+00
     28.559     9.3468    30.9892    23.9258 2.1978e-01     0.1310      0.018    1483.03     69.407     6.5198 165.355887     4.5622     28.832  0.000e+00
     28.551     9.3494    30.9852    23.9223 2.1978e-01     0.1310      0.018    1483.04     69.405     6.5195 165.355888     4.5619     28.823  0.000e+00
     28.570     9.3502    30.9836    23.9209 2.3199e-01     0.1310      0.018    1483.04     69.403     6.5192 165.355888     4.5618     28.843  0.000e+00
     28.551     9.3505    30.9832    23.9206 2.3199e-01     0.1310      0.018    1483.04     69.461     6.5246 165.355889     4.5656     28.823  0.000e+00
     28.551     9.3499    30.9886    23.9249 2.3199e-01     0.1298      0.018    1483.05     69.465     6.5248 165.355889     4.5657     28.823  0.000e+00
     28.546     9.3476    31.0012    23.9351 2.3199e-01     0.1310      0.018    1483.05     69.467     6.5248 165.355890     4.5657     28.819  0.000e+00
     28.564     9.3386    31.0174    23.9492 2.3199e-01     0.1298      0.018    1483.04     69.469     6.5256 165.355890     4.5662     28.837  0.000e+00
     28.546     9.3360    31.0230    23.9539 2.1978e-01     0.1298      0.018    1483.04     69.469     6.5258 165.355891     4.5664     28.819  0.000e+00
     28.564     9.3333    31.0267    23.9572 2.1978e-01     0.1310      0.018    1483.03     69.469     6.5261 165.355891     4.5666     28.837  0.000e+00
     28.551     9.3273    31.0326    23.9628 2.1978e-01     0.1298      0.018    1483.02     69.469     6.5266 165.355892     4.5669     28.823  0.000e+00
     28.559     9.3219    31.0369    23.9670 2.1978e-01     0.1310      0.018    1483.00     69.467     6.5270 165.355892     4.5672     28.832  0.000e+00
     28.551     9.3222    31.0362    23.9664 2.1978e-01     0.1310      0.018    1483.00     69.464     6.5267 165.355893     4.5670     28.824  0.000e+00
     28.546     9.3216    31.0367    23.9669 2.3199e-01     0.1310      0.018    1483.00     69.521     6.5322 165.355893     4.5709     28.819  0.000e+00
     28.551     9.3201    31.0387    23.9687 2.3199e-01     0.1298      0.018    1483.00     69.462     6.5268 165.355894     4.5671     28.824  0.000e+00
     28.551     9.3185    31.0405    23.9704 2.3199e-01     0.1310      0.018    1482.99     69.464     6.5271 165.355894     4.5673     28.824  0.000e+00
     28.570     9.3165    31.0415    23.9714 2.1978e-01     0.1310      0.018    1482.99     69.519     6.5325 165.355895     4.5711     28.843  0.000e+00
     28.551     9.3146    31.0427    23.9727 2.1978e-01     0.1310      0.018    1482.98     69.518     6.5327 165.355895     4.5712     28.824  0.000e+00
     28.559     9.3118    31.0458    23.9755 2.1978e-01     0.1298      0.018    1482.97     69.578     6.5386 165.355896     4.5753     28.832  0.000e+00
     28.551     9.3037    31.0548    23.9838 2.3199e-01     0.1310      0.018    1482.96     69.528     6.5347 165.355896     4.5726     28.824  0.000e+00
     28.564     9.3003    31.0600    23.9884 2.4420e-01     0.1310      0.018    1482.95     69.531     6.5353 165.355897     4.5730     28.837  0.000e+00
     28.559     9.3053    31.0583    23.9863 2.4420e-01     0.1310      0.018    1482.97     69.533     6.5348 165.355897     4.5727     28.832  0.000e+00
     28.551     9.3061    31.0593    23.9869 2.4420e-01     0.1310      0.018    1482.97     69.535     6.5347 165.355897     4.5726     28.824  0.000e+00
     28.570     9.3058    31.0598    23.9874 2.4420e-01     0.1298      0.018    1482.97     69.535     6.5348 165.355898     4.5727     28.843  0.000e+00
     28.575     9.3059    31.0583    23.9862 2.4420e-01     0.1310      0.018    1482.97     69.535     6.5349 165.355898     4.5727     28.848  0.000e+00
     28.575     9.3090    31.0558    23.9837 2.3199e-01     0.1298      0.018    1482.98     69.534     6.5344 165.355899     4.5724     28.848  0.000e+00
     28.583     9.3121    31.0521    23.9803 2.4420e-01     0.1310      0.018    1482.98     69.532     6.5339 165.355899     4.5720     28.856  0.000e+00
     28.588     9.3137    31.0487    23.9775 2.5641e-01     0.1298      0.018    1482.99     69.529     6.5335 165.355900     4.5718     28.861  0.000e+00
     28.583     9.3181    31.0426    23.9720 2.4420e-01     0.1310      0.018    1482.99     69.532     6.5335 165.355900     4.5717     28.856  0.000e+00
     28.575     9.3171    31.0463    23.9751 2.3199e-01     0.1298      0.018    1483.00     69.528     6.5331 165.355901     4.5714     28.848  0.000e+00
     28.588     9.3070    31.0605    23.9877 2.1978e-01     0.1310      0.018    1482.98     69.523     6.5335 165.355901     4.5718     28.861  0.000e+00
     28.594     9.3032    31.0659    23.9925 2.1978e-01     0.1310      0.018    1482.97     69.518     6.5333 165.355902     4.5716     28.868  0.000e+00
     28.611     9.3021    31.0660    23.9928 2.1978e-01     0.1310      0.018    1482.96     69.518     6.5335 165.355902     4.5718     28.884  0.000e+00
     28.619     9.2993    31.0677    23.9945 2.3199e-01     0.1298      0.018    1482.96     69.579     6.5396 165.355903     4.5760     28.892  0.000e+00
     28.624     9.2963    31.0719    23.9983 2.3199e-01     0.1310      0.018    1482.95     69.524     6.5346 165.355903     4.5726     28.897  0.000e+00
     28.624     9.2947    31.0753    24.0012 2.3199e-01     0.1310      0.018    1482.95     69.583     6.5403 165.355904     4.5765     28.897  0.000e+00
     28.630     9.2940    31.0777    24.0032 2.4420e-01     0.1310      0.018    1482.95     69.588     6.5407 165.355904     4.5768     28.904  0.000e+00
     28.611     9.2938    31.0784    24.0038 2.4420e-01     0.1298      0.018    1482.95     69.591     6.5410 165.355905     4.5770     28.884  0.000e+00
     28.630     9.2945    31.0775    24.0030 2.3199e-01     0.1298      0.018    1482.95     69.594     6.5412 165.355905     4.5772     28.904  0.000e+00
     28.635     9.2954    31.0765    24.0020 2.3199e-01     0.1310      0.018    1482.95     69.595     6.5413 165.355906     4.5772     28.909  0.000e+00
     28.635     9.2959    31.0756    24.0013 2.3199e-01     0.1298      0.018    1482.95     69.596     6.5413 165.355906     4.5772     28.909  0.000e+00
     28.643     9.2948    31.0766    24.0022 2.4420e-01     0.1298      0.018    1482.95     69.596     6.5414 165.355907     4.5773     28.917  0.000e+00
     28.648     9.2947    31.0764    24.0021 2.3199e-01     0.1310      0.018    1482.95     69.596     6.5414 165.355907     4.5773     28.922  0.000e+00
     28.643     9.2966    31.0739    23.9998 2.3199e-01     0.1310      0.018    1482.95     69.594     6.5411 165.355908     4.5770     28.917  0.000e+00
     28.648     9.2951    31.0751    24.0010 2.3199e-01     0.1310      0.018    1482.95     69.591     6.5410 165.355908     4.5770     28.922  0.000e+00
     28.648     9.2947    31.0754    24.0013 2.3199e-01     0.1310      0.018    1482.95     69.595     6.5414 165.355909     4.5773     28.922  0.000e+00
     28.643     9.2947    31.0752    24.0011 2.3199e-01     0.1310      0.018    1482.95     69.591     6.5410 165.355909     4.5770     28.917  0.000e+00
     28.659     9.2947    31.0756    24.0014 2.3199e-01     0.1310      0.018    1482.95     69.647     6.5463 165.355910     4.5807     28.933  0.000e+00
     28.666     9.2954    31.0754    24.0012 2.4420e-01     0.1298      0.018    1482.95     69.648     6.5463 165.355910     4.5807     28.940  0.000e+00
     28.659     9.2975    31.0731    23.9990 2.5641e-01     0.1310      0.018    1482.96     69.587     6.5403 165.355910     4.5765     28.933  0.000e+00
     28.671     9.2974    31.0729    23.9989 2.5641e-01     0.1310      0.018    1482.96     69.640     6.5453 165.355911     4.5800     28.945  0.000e+00
     28.702     9.2966    31.0746    24.0003 2.4420e-01     0.1298      0.018    1482.96     69.638     6.5452 165.355911     4.5799     28.976  0.000e+00
     28.706     9.2948    31.0791    24.0041 2.3199e-01     0.1310      0.018    1482.96     69.635     6.5450 165.355912     4.5798     28.981  0.000e+00
     28.714     9.2911    31.0884    24.0120 2.1978e-01     0.1310      0.018    1482.95     69.638     6.5454 165.355912     4.5801     28.989  0.000e+00
     28.695     9.2848    31.1014    24.0232 2.1978e-01     0.1310      0.018    1482.95     69.640     6.5459 165.355913     4.5804     28.969  0.000e+00
     28.731     9.2771    31.1152    24.0351 2.1978e-01     0.1298      0.018    1482.93     69.641     6.5466 165.355913     4.5809     29.005  0.000e+00
     28.643     9.2678    31.1291    24.0474 2.0757e-01     0.1310      0.018    1482.92     69.641     6.5473 165.355914     4.5814     28.917  0.000e+00
     28.766     9.2656    31.1327    24.0506 2.0757e-01     0.1310      0.018    1482.91     69.641     6.5475 165.355914     4.5816     29.041  0.000e+00
     28.804     9.2639    31.1345    24.0523 2.0757e-01     0.1298      0.018    1482.91     69.640     6.5476 165.355915     4.5816     29.079  0.000e+00
     28.786     9.2616    31.1395    24.0565 2.1978e-01     0.1310      0.018    1482.91     69.637     6.5475 165.355915     4.5815     29.061  0.000e+00
     28.804     9.2582    31.1469    24.0628 2.0757e-01     0.1310      0.018    1482.90     69.634     6.5474 165.355916     4.5815     29.079  0.000e+00
     28.846     9.2494    31.1609    24.0752 2.1978e-01     0.1310      0.018    1482.89     69.631     6.5477 165.355916     4.5817     29.122  0.000e+00
     28.851     9.2401    31.1745    24.0872 2.0757e-01     0.1310      0.018    1482.87     69.634     6.5487 165.355917     4.5824     29.126  0.000e+00
     28.862     9.2321    31.1865    24.0979 2.0757e-01     0.1310      0.018    1482.86     69.628     6.5489 165.355917     4.5826     29.138  0.000e+00
     28.859     9.2201    31.2030    24.1126 2.0757e-01     0.1310      0.018    1482.83     69.623     6.5494 165.355918     4.5829     29.135  0.000e+00
     28.899     9.2123    31.2117    24.1205 2.0757e-01     0.1310      0.018    1482.82     69.623     6.5502 165.355918     4.5835     29.176  0.000e+00
     28.911     9.2110    31.2086    24.1183 2.0757e-01     0.1298      0.018    1482.81     69.622     6.5505 165.355919     4.5837     29.187  0.000e+00
     28.942     9.2159    31.1972    24.1087 2.0757e-01     0.1310      0.018    1482.81     69.628     6.5508 165.355919     4.5839     29.218  0.000e+00
     28.935     9.2235    31.1834    24.0968 2.1978e-01     0.1298      0.018    1482.82     69.626     6.5501 165.355920     4.5833     29.212  0.000e+00
     28.966     9.2293    31.1740    24.0885 2.0757e-01     0.1298      0.018    1482.83     69.624     6.5494 165.355920     4.5829     29.243  0.000e+00
     28.982     9.2335    31.1686    24.0836 2.1978e-01     0.1310      0.018    1482.84     69.621     6.5487 165.355921     4.5824     29.259  0.000e+00
     28.982     9.2364    31.1657    24.0809 2.1978e-01     0.1310      0.018    1482.85     69.617     6.5481 165.355921     4.5820     29.259  0.000e+00
     28.990     9.2382    31.1637    24.0791 2.1978e-01     0.1310      0.018    1482.85     69.613     6.5476 165.355922     4.5816     29.267  0.000e+00
     28.995     9.2408    31.1598    24.0756 2.1978e-01     0.1310      0.018    1482.86     69.609     6.5469 165.355922     4.5811     29.272  0.000e+00
     29.006     9.2454    31.1539    24.0703 2.1978e-01     0.1310      0.018    1482.87     69.603     6.5460 165.355923     4.5805     29.284  0.000e+00
     29.026     9.2481    31.1504    24.0671 2.1978e-01     0.1298      0.018    1482.88     69.659     6.5510 165.355923     4.5840     29.303  0.000e+00
     29.031     9.2471    31.1515    24.0682 2.1978e-01     0.1298      0.018    1482.87     69.598     6.5454 165.355924     4.5801     29.308  0.000e+00
     29.042     9.2420    31.1585    24.0744 2.0757e-01     0.1310      0.018    1482.86     69.591     6.5452 165.355924     4.5799     29.320  0.000e+00
     29.062     9.2353    31.1681    24.0830 2.0757e-01     0.1310      0.018    1482.85     69.584     6.5451 165.355924     4.5799     29.339  0.000e+00
     29.078     9.2274    31.1795    24.0931 2.0757e-01     0.1298      0.018    1482.83     69.577     6.5450 165.355925     4.5798     29.356  0.000e+00
     29.078     9.2216    31.1869    24.0998 2.0757e-01     0.1310      0.018    1482.82     69.568     6.5448 165.355925     4.5796     29.356  0.000e+00
     29.075     9.2219    31.1863    24.0992 2.0757e-01     0.1310      0.018    1482.82     69.559     6.5439 165.355926     4.5790     29.352  0.000e+00
     29.102     9.2237    31.1822    24.0958 2.0757e-01     0.1298      0.018    1482.82     69.556     6.5435 165.355926     4.5788     29.380  0.000e+00
     29.115     9.2267    31.1775    24.0916 2.1978e-01     0.1310      0.018    1482.83     69.546     6.5423 165.355927     4.5779     29.393  0.000e+00
     29.122     9.2313    31.1725    24.0870 2.1978e-01     0.1298      0.018    1482.84     69.542     6.5415 165.355927     4.5774     29.400  0.000e+00
     29.126     9.2359    31.1683    24.0830 2.1978e-01     0.1310      0.018    1482.85     69.538     6.5406 165.355928     4.5767     29.405  0.000e+00
     29.097     9.2409    31.1637    24.0786 2.1978e-01     0.1298      0.018    1482.87     69.533     6.5397 165.355928     4.5761     29.375  0.000e+00
     29.198     9.2451    31.1602    24.0752 2.0757e-01     0.1298      0.018    1482.88     69.529     6.5388 165.355929     4.5755     29.477  0.000e+00
     29.175     9.2485    31.1576    24.0727 2.1978e-01     0.1310      0.018    1482.89     69.524     6.5380 165.355929     4.5749     29.454  0.000e+00
     29.170     9.2512    31.1558    24.0709 2.1978e-01     0.1310      0.018    1482.90     69.458     6.5314 165.355930     4.5703     29.449  0.000e+00
     29.198     9.2553    31.1522    24.0674 2.1978e-01     0.1298      0.018    1482.91     69.507     6.5356 165.355930     4.5732     29.477  0.000e+00
