SP1_20190614_down.cnv
* Sea-Bird SBE 9 Data File:
* FileName = C:\CTD Brukere\NIVA\OKOKYST2019\20190611\SP1_20190614.hex
* Software Version Seasave V 7.23.2
* Temperature SN = 5352
* Conductivity SN = 3840
* Number of Bytes Per Scan = 28
* Number of Voltage Words = 4
* Number of Scans Averaged by the Deck Unit = 1
* NMEA baud rate = 4800
** Ship: R/V Trygve Braarud
** Cruise:
** Station:
** Operator:
# nquan = 14
# nvalues = 1981                                  
# units = specified
# name 0 = depSM: Depth [salt water, m], lat = 59.60
# name 1 = t090C: Temperature [ITS-90, deg C]
# name 2 = sal00: Salinity, Practical [PSU]
# name 3 = sigma-t00: Density [sigma-t, kg/m^3 ]
# name 4 = flSP: Fluorescence, Seapoint
# name 5 = wetStar: Fluorescence, WET Labs WETstar [mg/m^3]
# name 6 = seaTurbMtr: Turbidity, Seapoint [FTU]
# name 7 = svCM: Sound Velocity [Chen-Millero, m/s]
# name 8 = sbeox0PS: Oxygen, SBE 43 [% saturation]
# name 9 = sbeox0Mg/L: Oxygen, SBE 43 [mg/l]
# name 10 = timeJ: Julian Days
# name 11 = sbeox0ML/L: Oxygen, SBE 43 [ml/l]
# name 12 = prDM: Pressure, Digiquartz [db]
# name 13 = flag:  0.000e+00
# span 0 =      0.144,     29.294                 
# span 1 =     9.0391,    13.4855                 
# span 2 =    15.6630,    31.4785                 
# span 3 =    11.3881,    24.3559                 
# span 4 = 2.0757e-01, 5.7021e+00                 
# span 5 =     0.1298,     0.1322                 
# span 6 =      0.007,      0.018                 
# span 7 =    1478.84,    1487.76                 
# span 8 =     65.062,     78.037                 
# span 9 =     6.1430,     7.2578                 
# span 10 = 165.355035, 165.355990                
# span 11 =     4.2985,     5.0786                
# span 12 =      0.146,     29.574                
# span 13 = 0.0000e+00, 0.0000e+00                
# interval = seconds: 0.0416667
# start_time = Jun 14 2019 08:31:15 [System UpLoad Time]
# bad_flag = -9.990e-29
*END*
[from data line 620]
      7.974    12.1475    26.4983    19.9707 7.0818e-01     0.1310      0.015    1487.33     71.024     6.4600 165.355334     4.5203      8.050  0.000e+00
      7.990    12.1436    26.5271    19.9936 7.0818e-01     0.1310      0.015    1487.35     71.037     6.4605 165.355334     4.5207      8.066  0.000e+00
      8.009    12.1395    26.5522    20.0138 7.0818e-01     0.1310      0.018    1487.37     71.049     6.4611 165.355335     4.5211      8.086  0.000e+00
      8.001    12.1369    26.5762    20.0328 6.9597e-01     0.1310      0.015    1487.39     71.007     6.4567 165.355335     4.5180      8.077  0.000e+00
      8.094    12.1347    26.5974    20.0496 7.2039e-01     0.1322      0.015    1487.41     71.019     6.4572 165.355336     4.5184      8.171  0.000e+00
      8.081    12.1319    26.6127    20.0620 7.2039e-01     0.1310      0.015    1487.42     71.029     6.4579 165.355336     4.5188      8.157  0.000e+00
      8.121    12.1284    26.6250    20.0721 7.0818e-01     0.1322      0.015    1487.42     70.985     6.4539 165.355337     4.5160      8.198  0.000e+00
      8.129    12.1237    26.6350    20.0806 6.9597e-01     0.1310      0.015    1487.42     70.994     6.4549 165.355337     4.5168      8.207  0.000e+00
      8.157    12.1189    26.6449    20.0892 7.2039e-01     0.1310      0.015    1487.41     71.008     6.4565 165.355338     4.5178      8.234  0.000e+00
      8.189    12.1145    26.6538    20.0968 7.2039e-01     0.1310      0.015    1487.41     70.961     6.4525 165.355338     4.5151      8.267  0.000e+00
      8.205    12.1107    26.6605    20.1027 7.0818e-01     0.1322      0.015    1487.40     70.974     6.4538 165.355339     4.5160      8.283  0.000e+00
      8.225    12.1063    26.6679    20.1092 6.8376e-01     0.1310      0.015    1487.40     70.985     6.4552 165.355339     4.5170      8.303  0.000e+00
      8.241    12.1016    26.6749    20.1154 6.9597e-01     0.1322      0.015    1487.39     70.942     6.4516 165.355340     4.5144      8.319  0.000e+00
      8.285    12.0986    26.6808    20.1205 6.8376e-01     0.1310      0.015    1487.39     70.951     6.4527 165.355340     4.5152      8.363  0.000e+00
      8.296    12.0960    26.6859    20.1249 6.9597e-01     0.1310      0.015    1487.38     70.966     6.4541 165.355340     4.5162      8.375  0.000e+00
      8.312    12.0927    26.6906    20.1291 7.0818e-01     0.1310      0.015    1487.38     70.979     6.4556 165.355341     4.5172      8.391  0.000e+00
      8.345    12.0881    26.6974    20.1352 7.0818e-01     0.1310      0.015    1487.37     70.937     6.4521 165.355341     4.5148      8.424  0.000e+00
      8.372    12.0836    26.7055    20.1423 6.9597e-01     0.1310      0.015    1487.36     70.948     6.4534 165.355342     4.5157      8.452  0.000e+00
      8.380    12.0799    26.7130    20.1487 6.8376e-01     0.1310      0.015    1487.36     70.957     6.4544 165.355342     4.5164      8.460  0.000e+00
      8.408    12.0748    26.7216    20.1562 6.7155e-01     0.1322      0.015    1487.35     70.971     6.4560 165.355343     4.5176      8.488  0.000e+00
      8.427    12.0678    26.7329    20.1662 6.8376e-01     0.1310      0.015    1487.34     70.929     6.4527 165.355343     4.5152      8.507  0.000e+00
      8.440    12.0614    26.7469    20.1782 6.9597e-01     0.1310      0.015    1487.34     70.940     6.4540 165.355344     4.5161      8.520  0.000e+00
      8.479    12.0548    26.7647    20.1931 6.8376e-01     0.1310      0.015    1487.34     70.895     6.4501 165.355344     4.5134      8.560  0.000e+00
      8.498    12.0483    26.7823    20.2079 6.7155e-01     0.1310      0.015    1487.33     70.903     6.4510 165.355345     4.5140      8.579  0.000e+00
      8.516    12.0392    26.8001    20.2232 6.7155e-01     0.1310      0.015    1487.32     70.915     6.4527 165.355345     4.5152      8.597  0.000e+00
      8.536    12.0228    26.8228    20.2436 6.8376e-01     0.1310      0.018    1487.29     70.865     6.4494 165.355346     4.5129      8.617  0.000e+00
      8.552    12.0075    26.8478    20.2657 6.8376e-01     0.1310      0.015    1487.27     70.874     6.4513 165.355346     4.5143      8.633  0.000e+00
      8.594    11.9970    26.8750    20.2886 6.8376e-01     0.1310      0.015    1487.27     70.881     6.4523 165.355347     4.5150      8.676  0.000e+00
      8.607    11.9827    26.9035    20.3131 6.7155e-01     0.1310      0.015    1487.25     70.892     6.4542 165.355347     4.5162      8.689  0.000e+00
      8.623    11.9681    26.9301    20.3363 6.7155e-01     0.1310      0.015    1487.23     70.841     6.4505 165.355348     4.5137      8.705  0.000e+00
      8.643    11.9566    26.9558    20.3582 6.7155e-01     0.1310      0.015    1487.22     70.849     6.4517 165.355348     4.5145      8.725  0.000e+00
      8.659    11.9487    26.9795    20.3779 6.8376e-01     0.1310      0.015    1487.22     70.855     6.4524 165.355349     4.5150      8.741  0.000e+00
      8.702    11.9390    27.0006    20.3960 6.5934e-01     0.1310      0.018    1487.21     70.865     6.4537 165.355349     4.5159      8.785  0.000e+00
      8.702    11.9276    27.0228    20.4151 6.3492e-01     0.1310      0.015    1487.20     70.818     6.4502 165.355350     4.5135      8.785  0.000e+00
      8.732    11.9112    27.0518    20.4405 6.2271e-01     0.1322      0.015    1487.18     70.824     6.4518 165.355350     4.5146      8.815  0.000e+00
      8.738    11.8971    27.0817    20.4661 6.2271e-01     0.1310      0.015    1487.17     70.773     6.4479 165.355351     4.5119      8.821  0.000e+00
      8.732    11.8906    27.1075    20.4872 6.2271e-01     0.1322      0.015    1487.17     70.775     6.4479 165.355351     4.5119      8.815  0.000e+00
      8.834    11.8814    27.1317    20.5075 6.3492e-01     0.1310      0.015    1487.17     70.781     6.4488 165.355352     4.5125      8.918  0.000e+00
      8.809    11.8717    27.1505    20.5238 6.5934e-01     0.1310      0.015    1487.16     70.791     6.4502 165.355352     4.5135      8.893  0.000e+00
      8.827    11.8639    27.1678    20.5385 6.7155e-01     0.1310      0.015    1487.15     70.738     6.4458 165.355353     4.5104      8.911  0.000e+00
      8.845    11.8549    27.1852    20.5536 6.5934e-01     0.1322      0.015    1487.14     70.744     6.4468 165.355353     4.5111      8.929  0.000e+00
      8.882    11.8431    27.2045    20.5706 6.4713e-01     0.1310      0.015    1487.12     70.747     6.4480 165.355353     4.5119      8.967  0.000e+00
      8.885    11.8340    27.2233    20.5867 6.4713e-01     0.1322      0.015    1487.12     70.754     6.4491 165.355354     4.5127      8.970  0.000e+00
      8.918    11.8277    27.2393    20.6002 6.3492e-01     0.1310      0.015    1487.11     70.699     6.4443 165.355354     4.5093      9.003  0.000e+00
      8.945    11.8271    27.2484    20.6074 6.2271e-01     0.1322      0.015    1487.12     70.702     6.4442 165.355355     4.5093      9.030  0.000e+00
      8.941    11.8284    27.2506    20.6088 6.1050e-01     0.1322      0.015    1487.13     70.648     6.4391 165.355355     4.5057      9.026  0.000e+00
      8.978    11.8290    27.2489    20.6074 5.8608e-01     0.1310      0.015    1487.13     70.652     6.4395 165.355356     4.5060      9.063  0.000e+00
      9.005    11.8240    27.2503    20.6094 5.6166e-01     0.1310      0.015    1487.11     70.654     6.4403 165.355356     4.5065      9.091  0.000e+00
      9.013    11.8161    27.2569    20.6159 5.6166e-01     0.1310      0.015    1487.09     70.660     6.4416 165.355357     4.5075      9.099  0.000e+00
      9.036    11.8083    27.2675    20.6255 5.6166e-01     0.1310      0.015    1487.08     70.603     6.4371 165.355357     4.5043      9.122  0.000e+00
      9.054    11.8029    27.2785    20.6349 5.7387e-01     0.1310      0.015    1487.07     70.604     6.4375 165.355358     4.5046      9.140  0.000e+00
      9.085    11.7994    27.2876    20.6426 5.7387e-01     0.1310      0.015    1487.07     70.549     6.4325 165.355358     4.5011      9.171  0.000e+00
      9.109    11.7954    27.2950    20.6490 5.6166e-01     0.1310      0.015    1487.07     70.606     6.4380 165.355359     4.5049      9.196  0.000e+00
      9.125    11.7921    27.3022    20.6552 5.3724e-01     0.1322      0.015    1487.07     70.552     6.4332 165.355359     4.5016      9.212  0.000e+00
      9.156    11.7860    27.3124    20.6641 5.2503e-01     0.1310      0.015    1487.06     70.555     6.4340 165.355360     4.5021      9.243  0.000e+00
      9.138    11.7819    27.3267    20.6759 5.1282e-01     0.1310      0.015    1487.06     70.496     6.4286 165.355360     4.4983      9.225  0.000e+00
      9.216    11.7751    27.3491    20.6944 5.1282e-01     0.1310      0.015    1487.06     70.496     6.4285 165.355361     4.4983      9.303  0.000e+00
      9.204    11.7650    27.3805    20.7205 5.1282e-01     0.1310      0.015    1487.07     70.498     6.4289 165.355361     4.4985      9.292  0.000e+00
      9.234    11.7589    27.4157    20.7489 5.0061e-01     0.1310      0.015    1487.09     70.498     6.4283 165.355362     4.4982      9.321  0.000e+00
      9.264    11.7553    27.4484    20.7748 4.8840e-01     0.1322      0.015    1487.11     70.502     6.4278 165.355362     4.4978      9.352  0.000e+00
      9.276    11.7518    27.4747    20.7958 4.7619e-01     0.1310      0.015    1487.13     70.450     6.4224 165.355363     4.4940      9.364  0.000e+00
      9.294    11.7472    27.4997    20.8159 4.7619e-01     0.1322      0.015    1487.15     70.448     6.4219 165.355363     4.4937      9.382  0.000e+00
      9.323    11.7438    27.5288    20.8391 4.6398e-01     0.1310      0.015    1487.17     70.391     6.4160 165.355364     4.4895      9.411  0.000e+00
      9.336    11.7402    27.5626    20.8659 4.6398e-01     0.1310      0.015    1487.20     70.451     6.4206 165.355364     4.4927      9.424  0.000e+00
      9.365    11.7376    27.5999    20.8953 4.5177e-01     0.1310      0.015    1487.23     70.400     6.4148 165.355365     4.4887      9.454  0.000e+00
      9.383    11.7357    27.6368    20.9242 4.5177e-01     0.1310      0.015    1487.27     70.401     6.4137 165.355365     4.4879      9.472  0.000e+00
      9.407    11.7377    27.6742    20.9528 4.5177e-01     0.1310      0.015    1487.32     70.406     6.4123 165.355366     4.4870      9.496  0.000e+00
      9.425    11.7412    27.7143    20.9833 4.6398e-01     0.1310      0.015    1487.38     70.414     6.4110 165.355366     4.4860      9.514  0.000e+00
      9.443    11.7436    27.7521    21.0122 4.7619e-01     0.1310      0.015    1487.44     70.366     6.4047 165.355367     4.4816      9.532  0.000e+00
      9.478    11.7453    27.7840    21.0366 4.8840e-01     0.1310      0.015    1487.48     70.369     6.4035 165.355367     4.4808      9.568  0.000e+00
      9.478    11.7472    27.8053    21.0528 4.8840e-01     0.1310      0.015    1487.51     70.376     6.4030 165.355367     4.4804      9.568  0.000e+00
      9.520    11.7538    27.8162    21.0601 4.8840e-01     0.1310      0.015    1487.55     70.380     6.4020 165.355368     4.4798      9.611  0.000e+00
      9.527    11.7609    27.8289    21.0687 4.7619e-01     0.1310      0.015    1487.59     70.387     6.4012 165.355368     4.4792      9.617  0.000e+00
      9.551    11.7666    27.8439    21.0794 4.5177e-01     0.1310      0.015    1487.63     70.338     6.3953 165.355369     4.4751      9.642  0.000e+00
      9.567    11.7712    27.8565    21.0883 4.3956e-01     0.1322      0.015    1487.66     70.340     6.3943 165.355369     4.4744      9.658  0.000e+00
      9.598    11.7739    27.8652    21.0946 4.3956e-01     0.1310      0.015    1487.68     70.345     6.3941 165.355370     4.4742      9.689  0.000e+00
      9.622    11.7768    27.8690    21.0970 4.5177e-01     0.1310      0.015    1487.70     70.353     6.3943 165.355370     4.4743      9.714  0.000e+00
      9.627    11.7793    27.8724    21.0992 4.6398e-01     0.1310      0.015    1487.71     70.304     6.3894 165.355371     4.4709      9.719  0.000e+00
      9.669    11.7817    27.8791    21.1039 4.7619e-01     0.1310      0.015    1487.73     70.367     6.3945 165.355371     4.4745      9.761  0.000e+00
      9.682    11.7826    27.8900    21.1122 4.6398e-01     0.1310      0.015    1487.74     70.319     6.3895 165.355372     4.4710      9.774  0.000e+00
      9.723    11.7809    27.9024    21.1222 4.5177e-01     0.1310      0.015    1487.75     70.328     6.3901 165.355372     4.4714      9.815  0.000e+00
      9.729    11.7788    27.9128    21.1306 4.3956e-01     0.1310      0.015    1487.76     70.340     6.3910 165.355373     4.4721      9.822  0.000e+00
      9.742    11.7766    27.9182    21.1352 4.5177e-01     0.1310      0.015    1487.76     70.289     6.3865 165.355373     4.4689      9.835  0.000e+00
      9.778    11.7739    27.9200    21.1370 4.6398e-01     0.1298      0.015    1487.75     70.295     6.3874 165.355374     4.4695      9.871  0.000e+00
      9.796    11.7698    27.9232    21.1402 4.5177e-01     0.1310      0.015    1487.74     70.298     6.3881 165.355374     4.4700      9.889  0.000e+00
      9.825    11.7655    27.9307    21.1468 4.5177e-01     0.1310      0.015    1487.73     70.305     6.3890 165.355375     4.4706      9.918  0.000e+00
      9.838    11.7622    27.9403    21.1549 4.5177e-01     0.1310      0.015    1487.73     70.314     6.3899 165.355375     4.4713      9.931  0.000e+00
      9.878    11.7592    27.9496    21.1626 4.3956e-01     0.1310      0.015    1487.74     70.327     6.3910 165.355376     4.4721      9.972  0.000e+00
      9.885    11.7539    27.9586    21.1705 4.3956e-01     0.1310      0.015    1487.73     70.336     6.3922 165.355376     4.4729      9.979  0.000e+00
      9.909    11.7395    27.9739    21.1848 4.6398e-01     0.1310      0.015    1487.70     70.347     6.3946 165.355377     4.4746     10.003  0.000e+00
      9.945    11.7108    28.0005    21.2104 4.6398e-01     0.1310      0.015    1487.63     70.301     6.3933 165.355377     4.4736     10.039  0.000e+00
      9.962    11.6856    28.0265    21.2350 4.7619e-01     0.1310      0.015    1487.57     70.372     6.4022 165.355378     4.4799     10.057  0.000e+00
      9.993    11.6579    28.0546    21.2616 4.7619e-01     0.1310      0.015    1487.51     70.326     6.4006 165.355378     4.4788     10.088  0.000e+00
     10.004    11.6161    28.0936    21.2991 4.6398e-01     0.1310      0.015    1487.41     70.336     6.4057 165.355379     4.4823     10.100  0.000e+00
     10.029    11.5766    28.1326    21.3361 4.3956e-01     0.1310      0.015    1487.32     70.343     6.4102 165.355379     4.4854     10.124  0.000e+00
     10.058    11.5350    28.1732    21.3748 4.2735e-01     0.1310      0.015    1487.22     70.352     6.4151 165.355380     4.4889     10.154  0.000e+00
     10.076    11.4881    28.2165    21.4165 4.2735e-01     0.1310      0.015    1487.10     70.364     6.4209 165.355380     4.4929     10.172  0.000e+00
     10.100    11.4275    28.2699    21.4683 4.2735e-01     0.1310      0.015    1486.95     70.378     6.4284 165.355380     4.4982     10.196  0.000e+00
     10.124    11.3656    28.3263    21.5227 4.1514e-01     0.1310      0.015    1486.80     70.389     6.4356 165.355381     4.5032     10.221  0.000e+00
     10.153    11.3172    28.3734    21.5675 4.0293e-01     0.1310      0.015    1486.69     70.402     6.4416 165.355381     4.5074     10.250  0.000e+00
     10.184    11.2812    28.4093    21.6015 3.9072e-01     0.1310      0.015    1486.61     70.351     6.4404 165.355382     4.5066     10.281  0.000e+00
     10.184    11.2563    28.4341    21.6250 4.0293e-01     0.1310      0.015    1486.55     70.363     6.4440 165.355382     4.5091     10.281  0.000e+00
