SP1_20190614_down.cnv
* Sea-Bird SBE 9 Data File:
* FileName = C:\CTD Brukere\NIVA\OKOKYST2019\20190611\SP1_20190614.hex
* Software Version Seasave V 7.23.2
* Temperature SN = 5352
* Conductivity SN = 3840
* Number of Bytes Per Scan = 28
* Number of Voltage Words = 4
* Number of Scans Averaged by the Deck Unit = 1
* NMEA baud rate = 4800
** Ship: R/V Trygve Braarud
** Cruise:
** Station:
** Operator:
# nquan = 14
# nvalues = 1981                                  
# units = specified
# name 0 = depSM: Depth [salt water, m], lat = 59.60
# name 1 = t090C: Temperature [ITS-90, deg C]
# name 2 = sal00: Salinity, Practical [PSU]
# name 3 = sigma-t00: Density [sigma-t, kg/m^3 ]
# name 4 = flSP: Fluorescence, Seapoint
# name 5 = wetStar: Fluorescence, WET Labs WETstar [mg/m^3]
# name 6 = seaTurbMtr: Turbidity, Seapoint [FTU]
# name 7 = svCM: Sound Velocity [Chen-Millero, m/s]
# name 8 = sbeox0PS: Oxygen, SBE 43 [% saturation]
# name 9 = sbeox0Mg/L: Oxygen, SBE 43 [mg/l]
# name 10 = timeJ: Julian Days
# name 11 = sbeox0ML/L: Oxygen, SBE 43 [ml/l]
# name 12 = prDM: Pressure, Digiquartz [db]
# name 13 = flag:  0.000e+00
# span 0 =      0.144,     29.294                 
# span 1 =     9.0391,    13.4855                 
# span 2 =    15.6630,    31.4785                 
# span 3 =    11.3881,    24.3559                 
# span 4 = 2.0757e-01, 5.7021e+00                 
# span 5 =     0.1298,     0.1322                 
# span 6 =      0.007,      0.018                 
# span 7 =    1478.84,    1487.76                 
# span 8 =     65.062,     78.037                 
# span 9 =     6.1430,     7.2578                 
# span 10 = 165.355035, 165.355990                
# span 11 =     4.2985,     5.0786                
# span 12 =      0.146,     29.574                
# span 13 = 0.0000e+00, 0.0000e+00                
# interval = seconds: 0.0416667
# start_time = Jun 14 2019 08:31:15 [System UpLoad Time]
# bad_flag = -9.990e-29
*END*
[from data line 1033]
     17.445    10.6963    29.2029    22.3165 2.6862e-01     0.1310      0.018    1485.59     71.329     6.5798 165.355533     4.6042     17.611  0.000e+00
     17.468    10.6950    29.2040    22.3176 2.6862e-01     0.1310      0.018    1485.59     71.328     6.5799 165.355533     4.6042     17.634  0.000e+00
     17.481    10.6955    29.2023    22.3162 2.6862e-01     0.1310      0.018    1485.59     71.327     6.5797 165.355534     4.6041     17.647  0.000e+00
     17.515    10.7009    29.1955    22.3099 2.5641e-01     0.1310      0.018    1485.60     71.325     6.5791 165.355534     4.6037     17.682  0.000e+00
     17.528    10.7092    29.1838    22.2995 2.5641e-01     0.1310      0.018    1485.62     71.323     6.5783 165.355535     4.6031     17.695  0.000e+00
     17.550    10.7101    29.1803    22.2967 2.5641e-01     0.1322      0.018    1485.62     71.383     6.5837 165.355535     4.6069     17.718  0.000e+00
     17.576    10.7050    29.1861    22.3020 2.5641e-01     0.1310      0.018    1485.61     71.327     6.5791 165.355536     4.6037     17.744  0.000e+00
     17.599    10.6995    29.1940    22.3090 2.5641e-01     0.1310      0.015    1485.60     71.392     6.5856 165.355536     4.6082     17.767  0.000e+00
     17.612    10.6962    29.2001    22.3143 2.5641e-01     0.1310      0.015    1485.59     71.397     6.5862 165.355537     4.6087     17.780  0.000e+00
     17.648    10.6937    29.2056    22.3190 2.6862e-01     0.1310      0.018    1485.59     71.402     6.5868 165.355537     4.6090     17.816  0.000e+00
     17.659    10.6919    29.2095    22.3224 2.8083e-01     0.1310      0.018    1485.59     71.406     6.5872 165.355538     4.6094     17.827  0.000e+00
     17.670    10.6898    29.2134    22.3258 2.9304e-01     0.1310      0.018    1485.59     71.410     6.5877 165.355538     4.6097     17.839  0.000e+00
     17.708    10.6865    29.2175    22.3295 2.8083e-01     0.1310      0.018    1485.58     71.413     6.5884 165.355539     4.6102     17.876  0.000e+00
     17.719    10.6826    29.2220    22.3336 2.6862e-01     0.1310      0.018    1485.57     71.417     6.5891 165.355539     4.6106     17.888  0.000e+00
     17.755    10.6780    29.2262    22.3377 2.5641e-01     0.1322      0.018    1485.56     71.420     6.5899 165.355540     4.6112     17.924  0.000e+00
     17.766    10.6711    29.2328    22.3439 2.5641e-01     0.1310      0.018    1485.54     71.423     6.5908 165.355540     4.6119     17.935  0.000e+00
     17.792    10.6643    29.2402    22.3508 2.5641e-01     0.1322      0.018    1485.53     71.426     6.5918 165.355541     4.6125     17.961  0.000e+00
     17.803    10.6581    29.2489    22.3586 2.5641e-01     0.1310      0.018    1485.52     71.435     6.5931 165.355541     4.6135     17.973  0.000e+00
     17.827    10.6517    29.2585    22.3672 2.5641e-01     0.1298      0.018    1485.51     71.437     6.5938 165.355542     4.6140     17.997  0.000e+00
     17.863    10.6524    29.2607    22.3687 2.5641e-01     0.1310      0.018    1485.51     71.439     6.5938 165.355542     4.6140     18.033  0.000e+00
     17.862    10.6583    29.2547    22.3631 2.6862e-01     0.1310      0.018    1485.53     71.441     6.5934 165.355543     4.6137     18.032  0.000e+00
     17.887    10.6525    29.2614    22.3693 2.5641e-01     0.1310      0.018    1485.51     71.442     6.5941 165.355543     4.6142     18.058  0.000e+00
     17.934    10.6415    29.2767    22.3830 2.5641e-01     0.1310      0.018    1485.49     71.505     6.6008 165.355543     4.6188     18.105  0.000e+00
     17.923    10.6316    29.2907    22.3955 2.5641e-01     0.1310      0.018    1485.48     71.512     6.6022 165.355544     4.6199     18.094  0.000e+00
     17.959    10.6245    29.3002    22.4041 2.5641e-01     0.1310      0.018    1485.46     71.519     6.6035 165.355544     4.6207     18.130  0.000e+00
     17.983    10.6194    29.3073    22.4105 2.5641e-01     0.1310      0.018    1485.45     71.464     6.5989 165.355545     4.6175     18.154  0.000e+00
     17.994    10.6156    29.3126    22.4152 2.4420e-01     0.1310      0.018    1485.45     71.464     6.5992 165.355545     4.6177     18.166  0.000e+00
     18.019    10.6122    29.3175    22.4196 2.4420e-01     0.1310      0.018    1485.44     71.523     6.6050 165.355546     4.6218     18.190  0.000e+00
     18.030    10.6068    29.3256    22.4268 2.4420e-01     0.1310      0.015    1485.43     71.535     6.6065 165.355546     4.6228     18.202  0.000e+00
     18.054    10.6016    29.3351    22.4350 2.4420e-01     0.1322      0.018    1485.42     71.540     6.6073 165.355547     4.6234     18.226  0.000e+00
     18.090    10.5972    29.3429    22.4418 2.4420e-01     0.1310      0.018    1485.42     71.544     6.6080 165.355547     4.6239     18.262  0.000e+00
     18.090    10.5935    29.3487    22.4470 2.4420e-01     0.1310      0.018    1485.41     71.548     6.6086 165.355548     4.6243     18.262  0.000e+00
     18.114    10.5909    29.3517    22.4497 2.4420e-01     0.1310      0.018    1485.41     71.551     6.6092 165.355548     4.6247     18.287  0.000e+00
     18.150    10.5886    29.3545    22.4522 2.4420e-01     0.1322      0.015    1485.40     71.493     6.6040 165.355549     4.6211     18.323  0.000e+00
     18.150    10.5858    29.3589    22.4562 2.4420e-01     0.1310      0.018    1485.40     71.550     6.6095 165.355549     4.6249     18.323  0.000e+00
     18.186    10.5815    29.3655    22.4620 2.4420e-01     0.1310      0.018    1485.39     71.491     6.6044 165.355550     4.6214     18.359  0.000e+00
     18.199    10.5760    29.3741    22.4696 2.4420e-01     0.1310      0.015    1485.38     71.554     6.6106 165.355550     4.6257     18.372  0.000e+00
     18.233    10.5710    29.3826    22.4770 2.4420e-01     0.1310      0.018    1485.37     71.495     6.6055 165.355551     4.6221     18.406  0.000e+00
     18.234    10.5676    29.3893    22.4828 2.4420e-01     0.1310      0.018    1485.37     71.496     6.6058 165.355551     4.6224     18.408  0.000e+00
     18.270    10.5657    29.3941    22.4869 2.5641e-01     0.1310      0.015    1485.37     71.497     6.6060 165.355552     4.6225     18.444  0.000e+00
     18.294    10.5638    29.3976    22.4899 2.5641e-01     0.1310      0.018    1485.37     71.492     6.6057 165.355552     4.6222     18.469  0.000e+00
     18.306    10.5622    29.4009    22.4927 2.5641e-01     0.1310      0.015    1485.37     71.547     6.6108 165.355553     4.6259     18.480  0.000e+00
     18.317    10.5601    29.4049    22.4962 2.4420e-01     0.1310      0.018    1485.36     71.486     6.6054 165.355553     4.6221     18.491  0.000e+00
     18.354    10.5568    29.4106    22.5011 2.4420e-01     0.1310      0.018    1485.36     71.480     6.6050 165.355554     4.6218     18.529  0.000e+00
     18.377    10.5534    29.4159    22.5059 2.4420e-01     0.1310      0.015    1485.35     71.474     6.6047 165.355554     4.6216     18.552  0.000e+00
     18.390    10.5509    29.4200    22.5095 2.4420e-01     0.1310      0.015    1485.35     71.467     6.6042 165.355555     4.6213     18.565  0.000e+00
     18.413    10.5486    29.4233    22.5124 2.4420e-01     0.1310      0.015    1485.35     71.460     6.6038 165.355555     4.6209     18.588  0.000e+00
     18.437    10.5458    29.4268    22.5156 2.4420e-01     0.1310      0.018    1485.34     71.452     6.6033 165.355556     4.6206     18.613  0.000e+00
     18.472    10.5421    29.4305    22.5190 2.4420e-01     0.1310      0.018    1485.33     71.445     6.6030 165.355556     4.6204     18.649  0.000e+00
     18.472    10.5384    29.4343    22.5227 2.4420e-01     0.1310      0.015    1485.32     71.437     6.6027 165.355557     4.6201     18.649  0.000e+00
     18.497    10.5355    29.4373    22.5255 2.4420e-01     0.1310      0.018    1485.32     71.428     6.6022 165.355557     4.6198     18.673  0.000e+00
     18.532    10.5330    29.4399    22.5279 2.4420e-01     0.1310      0.015    1485.31     71.420     6.6017 165.355557     4.6195     18.709  0.000e+00
     18.545    10.5310    29.4417    22.5296 2.5641e-01     0.1322      0.015    1485.31     71.411     6.6011 165.355558     4.6190     18.722  0.000e+00
     18.568    10.5293    29.4433    22.5311 2.5641e-01     0.1310      0.018    1485.30     71.402     6.6004 165.355558     4.6186     18.745  0.000e+00
     18.604    10.5278    29.4450    22.5327 2.5641e-01     0.1310      0.018    1485.30     71.400     6.6003 165.355559     4.6185     18.781  0.000e+00
     18.605    10.5265    29.4462    22.5339 2.5641e-01     0.1310      0.018    1485.30     71.390     6.5996 165.355559     4.6180     18.783  0.000e+00
     18.641    10.5255    29.4467    22.5344 2.4420e-01     0.1310      0.018    1485.29     71.387     6.5994 165.355560     4.6179     18.819  0.000e+00
     18.664    10.5244    29.4476    22.5353 2.4420e-01     0.1310      0.015    1485.29     71.384     6.5993 165.355560     4.6178     18.842  0.000e+00
     18.664    10.5241    29.4480    22.5357 2.4420e-01     0.1310      0.015    1485.29     71.381     6.5990 165.355561     4.6176     18.842  0.000e+00
     18.712    10.5236    29.4487    22.5363 2.4420e-01     0.1310      0.015    1485.29     71.379     6.5988 165.355561     4.6175     18.891  0.000e+00
     18.724    10.5232    29.4495    22.5369 2.4420e-01     0.1310      0.018    1485.29     71.375     6.5985 165.355562     4.6173     18.902  0.000e+00
     18.761    10.5229    29.4500    22.5374 2.4420e-01     0.1310      0.018    1485.29     71.373     6.5983 165.355562     4.6171     18.940  0.000e+00
     18.772    10.5226    29.4502    22.5376 2.4420e-01     0.1310      0.018    1485.29     71.370     6.5981 165.355563     4.6169     18.951  0.000e+00
     18.784    10.5226    29.4502    22.5376 2.4420e-01     0.1310      0.015    1485.29     71.367     6.5978 165.355563     4.6167     18.963  0.000e+00
     18.819    10.5216    29.4511    22.5385 2.4420e-01     0.1310      0.015    1485.29     71.364     6.5976 165.355564     4.6166     18.999  0.000e+00
     18.844    10.5211    29.4518    22.5391 2.4420e-01     0.1310      0.018    1485.29     71.361     6.5974 165.355564     4.6165     19.023  0.000e+00
     18.868    10.5202    29.4529    22.5401 2.3199e-01     0.1310      0.018    1485.29     71.358     6.5972 165.355565     4.6163     19.048  0.000e+00
     18.904    10.5203    29.4524    22.5397 2.3199e-01     0.1298      0.015    1485.29     71.355     6.5969 165.355565     4.6162     19.084  0.000e+00
     18.917    10.5202    29.4526    22.5399 2.3199e-01     0.1310      0.015    1485.29     71.352     6.5967 165.355566     4.6160     19.097  0.000e+00
     18.928    10.5189    29.4540    22.5411 2.4420e-01     0.1310      0.018    1485.28     71.349     6.5965 165.355566     4.6159     19.108  0.000e+00
     18.975    10.5172    29.4569    22.5437 2.3199e-01     0.1310      0.015    1485.28     71.346     6.5964 165.355567     4.6158     19.156  0.000e+00
     18.988    10.5157    29.4592    22.5458 2.4420e-01     0.1310      0.018    1485.28     71.410     6.6024 165.355567     4.6200     19.169  0.000e+00
     19.012    10.5144    29.4615    22.5478 2.4420e-01     0.1310      0.018    1485.28     71.420     6.6035 165.355568     4.6207     19.193  0.000e+00
     19.035    10.5153    29.4612    22.5474 2.5641e-01     0.1310      0.015    1485.28     71.430     6.6043 165.355568     4.6213     19.216  0.000e+00
     19.071    10.5162    29.4603    22.5465 2.5641e-01     0.1310      0.015    1485.28     71.434     6.6045 165.355569     4.6214     19.252  0.000e+00
     19.095    10.5176    29.4580    22.5445 2.5641e-01     0.1310      0.015    1485.29     71.437     6.6047 165.355569     4.6216     19.277  0.000e+00
     19.108    10.5161    29.4590    22.5456 2.4420e-01     0.1310      0.015    1485.28     71.446     6.6057 165.355570     4.6223     19.290  0.000e+00
     19.143    10.5136    29.4620    22.5483 2.4420e-01     0.1298      0.015    1485.28     71.456     6.6068 165.355570     4.6231     19.326  0.000e+00
     19.168    10.5131    29.4637    22.5497 2.4420e-01     0.1310      0.015    1485.28     71.465     6.6077 165.355571     4.6237     19.350  0.000e+00
     19.190    10.5177    29.4597    22.5458 2.4420e-01     0.1310      0.015    1485.29     71.475     6.6081 165.355571     4.6240     19.373  0.000e+00
     19.179    10.5202    29.4551    22.5418 2.4420e-01     0.1310      0.015    1485.29     71.484     6.6088 165.355571     4.6244     19.362  0.000e+00
     19.275    10.5183    29.4560    22.5428 2.4420e-01     0.1310      0.015    1485.29     71.494     6.6099 165.355572     4.6253     19.458  0.000e+00
     19.250    10.5153    29.4599    22.5464 2.4420e-01     0.1310      0.015    1485.28     71.497     6.6105 165.355572     4.6256     19.434  0.000e+00
     19.288    10.5132    29.4633    22.5493 2.4420e-01     0.1310      0.015    1485.28     71.506     6.6115 165.355573     4.6263     19.472  0.000e+00
     19.323    10.5202    29.4574    22.5436 2.4420e-01     0.1298      0.015    1485.30     71.509     6.6110 165.355573     4.6260     19.508  0.000e+00
     19.335    10.5288    29.4467    22.5339 2.4420e-01     0.1298      0.015    1485.32     71.517     6.6110 165.355574     4.6260     19.519  0.000e+00
     19.359    10.5258    29.4454    22.5333 2.4420e-01     0.1310      0.015    1485.31     71.520     6.6117 165.355574     4.6265     19.544  0.000e+00
     19.395    10.5170    29.4539    22.5414 2.4420e-01     0.1298      0.015    1485.28     71.522     6.6128 165.355575     4.6272     19.580  0.000e+00
     19.406    10.5078    29.4666    22.5528 2.4420e-01     0.1310      0.015    1485.27     71.524     6.6138 165.355575     4.6279     19.591  0.000e+00
     19.430    10.5009    29.4778    22.5626 2.3199e-01     0.1310      0.015    1485.26     71.526     6.6145 165.355576     4.6284     19.616  0.000e+00
     19.466    10.4959    29.4853    22.5693 2.4420e-01     0.1310      0.015    1485.25     71.534     6.6156 165.355576     4.6292     19.652  0.000e+00
     19.479    10.4920    29.4907    22.5742 2.3199e-01     0.1310      0.015    1485.24     71.535     6.6161 165.355577     4.6295     19.665  0.000e+00
     19.515    10.4882    29.4950    22.5781 2.4420e-01     0.1310      0.015    1485.23     71.536     6.6166 165.355577     4.6299     19.701  0.000e+00
     19.539    10.4857    29.4986    22.5813 2.4420e-01     0.1310      0.015    1485.23     71.537     6.6168 165.355578     4.6301     19.725  0.000e+00
     19.562    10.4839    29.5007    22.5833 2.4420e-01     0.1310      0.015    1485.22     71.477     6.6115 165.355578     4.6263     19.748  0.000e+00
     19.586    10.4811    29.5035    22.5859 2.3199e-01     0.1310      0.015    1485.22     71.532     6.6168 165.355579     4.6300     19.773  0.000e+00
     19.610    10.4789    29.5061    22.5883 2.3199e-01     0.1310      0.015    1485.21     71.472     6.6114 165.355579     4.6263     19.797  0.000e+00
     19.635    10.4758    29.5093    22.5913 2.3199e-01     0.1310      0.015    1485.21     71.526     6.6168 165.355580     4.6300     19.822  0.000e+00
     19.646    10.4730    29.5119    22.5938 2.3199e-01     0.1310      0.015    1485.20     71.466     6.6115 165.355580     4.6263     19.833  0.000e+00
     19.693    10.4695    29.5148    22.5966 2.4420e-01     0.1310      0.015    1485.19     71.459     6.6113 165.355581     4.6262     19.881  0.000e+00
     19.695    10.4679    29.5163    22.5980 2.4420e-01     0.1298      0.015    1485.19     71.453     6.6108 165.355581     4.6259     19.882  0.000e+00
     19.730    10.4689    29.5144    22.5964 2.3199e-01     0.1310      0.015    1485.19     71.447     6.6102 165.355582     4.6254     19.918  0.000e+00
