SP1_20190614_down.cnv
* Sea-Bird SBE 9 Data File:
* FileName = C:\CTD Brukere\NIVA\OKOKYST2019\20190611\SP1_20190614.hex
* Software Version Seasave V 7.23.2
* Temperature SN = 5352
* Conductivity SN = 3840
* Number of Bytes Per Scan = 28
* Number of Voltage Words = 4
* Number of Scans Averaged by the Deck Unit = 1
* NMEA baud rate = 4800
** Ship: R/V Trygve Braarud
** Cruise:
** Station:
** Operator:
# nquan = 14
# nvalues = 1981                                  
# units = specified
# name 0 = depSM: Depth [salt water, m], lat = 59.60
# name 1 = t090C: Temperature [ITS-90, deg C]
# name 2 = sal00: Salinity, Practical [PSU]
# name 3 = sigma-t00: Density [sigma-t, kg/m^3 ]
# name 4 = flSP: Fluorescence, Seapoint
# name 5 = wetStar: Fluorescence, WET Labs WETstar [mg/m^3]
# name 6 = seaTurbMtr: Turbidity, Seapoint [FTU]
# name 7 = svCM: Sound Velocity [Chen-Millero, m/s]
# name 8 = sbeox0PS: Oxygen, SBE 43 [% saturation]
# name 9 = sbeox0Mg/L: Oxygen, SBE 43 [mg/l]
# name 10 = timeJ: Julian Days
# name 11 = sbeox0ML/L: Oxygen, SBE 43 [ml/l]
# name 12 = prDM: Pressure, Digiquartz [db]
# name 13 = flag:  0.000e+00
# span 0 =      0.144,     29.294                 
# span 1 =     9.0391,    13.4855                 
# span 2 =    15.6630,    31.4785                 
# span 3 =    11.3881,    24.3559                 
# span 4 = 2.0757e-01, 5.7021e+00                 
# span 5 =     0.1298,     0.1322                 
# span 6 =      0.007,      0.018                 
# span 7 =    1478.84,    1487.76                 
# span 8 =     65.062,     78.037                 
# span 9 =     6.1430,     7.2578                 
# span 10 = 165.355035, 165.355990                
# span 11 =     4.2985,     5.0786                
# span 12 =      0.146,     29.574                
# span 13 = 0.0000e+00, 0.0000e+00                
# interval = seconds: 0.0416667
# start_time = Jun 14 2019 08:31:15 [System UpLoad Time]
# bad_flag = -9.990e-29
*END*
[from data line 723]
     10.249    11.2229    28.4673    21.6564 4.0293e-01     0.1310      0.015    1486.47     70.388     6.4495 165.355383     4.5130     10.346  0.000e+00
     10.280    11.2096    28.4793    21.6681 4.0293e-01     0.1322      0.015    1486.44     70.394     6.4515 165.355384     4.5144     10.378  0.000e+00
     10.291    11.2002    28.4873    21.6758 4.0293e-01     0.1310      0.015    1486.41     70.403     6.4532 165.355384     4.5156     10.389  0.000e+00
     10.327    11.1933    28.4928    21.6813 4.0293e-01     0.1298      0.015    1486.40     70.413     6.4549 165.355385     4.5168     10.425  0.000e+00
     10.345    11.1880    28.4965    21.6851 4.0293e-01     0.1310      0.015    1486.38     70.425     6.4566 165.355385     4.5180     10.443  0.000e+00
     10.375    11.1737    28.5076    21.6961 4.1514e-01     0.1310      0.015    1486.34     70.440     6.4595 165.355386     4.5200     10.474  0.000e+00
     10.400    11.1572    28.5217    21.7098 4.1514e-01     0.1298      0.015    1486.30     70.450     6.4621 165.355386     4.5218     10.499  0.000e+00
     10.422    11.1439    28.5361    21.7233 4.2735e-01     0.1310      0.015    1486.27     70.462     6.4645 165.355387     4.5235     10.521  0.000e+00
     10.453    11.1340    28.5500    21.7358 4.2735e-01     0.1310      0.015    1486.26     70.470     6.4660 165.355387     4.5245     10.552  0.000e+00
     10.471    11.1242    28.5628    21.7474 4.0293e-01     0.1310      0.015    1486.24     70.485     6.4683 165.355388     4.5261     10.570  0.000e+00
     10.495    11.1095    28.5790    21.7625 4.0293e-01     0.1310      0.015    1486.20     70.496     6.4706 165.355388     4.5278     10.595  0.000e+00
     10.518    11.0954    28.5966    21.7785 3.9072e-01     0.1310      0.015    1486.18     70.508     6.4730 165.355389     4.5294     10.618  0.000e+00
     10.553    11.0816    28.6148    21.7949 3.9072e-01     0.1310      0.015    1486.15     70.522     6.4755 165.355389     4.5311     10.654  0.000e+00
     10.584    11.0713    28.6308    21.8091 3.9072e-01     0.1310      0.018    1486.13     70.537     6.4777 165.355390     4.5327     10.685  0.000e+00
     10.602    11.0649    28.6434    21.8199 3.9072e-01     0.1310      0.015    1486.12     70.488     6.4735 165.355390     4.5297     10.703  0.000e+00
     10.613    11.0619    28.6520    21.8271 3.7851e-01     0.1310      0.015    1486.12     70.493     6.4741 165.355391     4.5302     10.714  0.000e+00
     10.662    11.0587    28.6602    21.8341 3.9072e-01     0.1310      0.015    1486.12     70.501     6.4749 165.355391     4.5307     10.763  0.000e+00
     10.673    11.0558    28.6714    21.8432 3.9072e-01     0.1310      0.015    1486.13     70.510     6.4756 165.355392     4.5313     10.775  0.000e+00
     10.691    11.0516    28.6859    21.8552 3.9072e-01     0.1310      0.015    1486.13     70.520     6.4766 165.355392     4.5319     10.793  0.000e+00
     10.733    11.0467    28.7000    21.8670 3.9072e-01     0.1310      0.018    1486.13     70.466     6.4717 165.355393     4.5285     10.835  0.000e+00
     10.746    11.0417    28.7118    21.8770 4.0293e-01     0.1310      0.015    1486.13     70.467     6.4720 165.355393     4.5287     10.848  0.000e+00
     10.769    11.0378    28.7205    21.8844 4.1514e-01     0.1310      0.015    1486.12     70.469     6.4724 165.355394     4.5290     10.871  0.000e+00
     10.805    11.0339    28.7271    21.8902 4.2735e-01     0.1310      0.015    1486.12     70.534     6.4786 165.355394     4.5333     10.907  0.000e+00
     10.811    11.0306    28.7308    21.8937 4.1514e-01     0.1310      0.015    1486.11     70.478     6.4738 165.355394     4.5300     10.914  0.000e+00
     10.853    11.0274    28.7330    21.8959 4.0293e-01     0.1310      0.015    1486.10     70.485     6.4748 165.355395     4.5307     10.956  0.000e+00
     10.877    11.0242    28.7354    21.8983 3.9072e-01     0.1310      0.015    1486.09     70.487     6.4753 165.355395     4.5311     10.981  0.000e+00
     10.889    11.0212    28.7368    21.8999 3.9072e-01     0.1310      0.015    1486.09     70.490     6.4760 165.355396     4.5315     10.992  0.000e+00
     10.924    11.0204    28.7365    21.8998 3.9072e-01     0.1310      0.015    1486.08     70.494     6.4765 165.355396     4.5319     11.028  0.000e+00
     10.949    11.0204    28.7373    21.9004 3.9072e-01     0.1310      0.015    1486.08     70.494     6.4764 165.355397     4.5318     11.053  0.000e+00
     10.979    11.0199    28.7379    21.9010 3.7851e-01     0.1310      0.015    1486.08     70.494     6.4765 165.355397     4.5319     11.084  0.000e+00
     10.984    11.0183    28.7391    21.9021 3.6630e-01     0.1310      0.015    1486.08     70.495     6.4767 165.355398     4.5320     11.089  0.000e+00
     11.020    11.0168    28.7400    21.9031 3.6630e-01     0.1310      0.015    1486.08     70.497     6.4771 165.355398     4.5323     11.125  0.000e+00
     11.044    11.0152    28.7396    21.9031 3.5409e-01     0.1310      0.015    1486.07     70.501     6.4777 165.355399     4.5327     11.149  0.000e+00
     11.068    11.0137    28.7396    21.9033 3.5409e-01     0.1322      0.015    1486.07     70.505     6.4783 165.355399     4.5331     11.174  0.000e+00
     11.104    11.0119    28.7401    21.9040 3.6630e-01     0.1310      0.015    1486.06     70.511     6.4790 165.355400     4.5336     11.210  0.000e+00
     11.111    11.0107    28.7406    21.9046 3.7851e-01     0.1310      0.015    1486.06     70.517     6.4797 165.355400     4.5341     11.216  0.000e+00
     11.140    11.0095    28.7407    21.9049 3.7851e-01     0.1310      0.018    1486.05     70.518     6.4800 165.355401     4.5343     11.246  0.000e+00
     11.175    11.0089    28.7410    21.9052 3.6630e-01     0.1310      0.015    1486.05     70.526     6.4808 165.355401     4.5349     11.282  0.000e+00
     11.175    11.0081    28.7411    21.9054 3.5409e-01     0.1310      0.015    1486.05     70.468     6.4757 165.355402     4.5313     11.282  0.000e+00
     11.200    11.0055    28.7429    21.9073 3.4188e-01     0.1310      0.015    1486.04     70.526     6.4813 165.355402     4.5352     11.306  0.000e+00
     11.235    11.0028    28.7447    21.9092 3.4188e-01     0.1310      0.015    1486.04     70.531     6.4820 165.355403     4.5357     11.342  0.000e+00
     11.260    10.9999    28.7474    21.9117 3.4188e-01     0.1310      0.015    1486.03     70.476     6.4773 165.355403     4.5324     11.367  0.000e+00
     11.277    10.9983    28.7488    21.9131 3.4188e-01     0.1310      0.015    1486.03     70.537     6.4830 165.355404     4.5364     11.385  0.000e+00
     11.307    10.9968    28.7495    21.9138 3.5409e-01     0.1310      0.015    1486.02     70.544     6.4838 165.355404     4.5370     11.414  0.000e+00
     11.331    10.9955    28.7504    21.9147 3.5409e-01     0.1310      0.015    1486.02     70.492     6.4792 165.355405     4.5337     11.439  0.000e+00
     11.355    10.9947    28.7519    21.9160 3.5409e-01     0.1310      0.015    1486.02     70.494     6.4795 165.355405     4.5340     11.463  0.000e+00
     11.367    10.9938    28.7539    21.9178 3.5409e-01     0.1322      0.015    1486.02     70.552     6.4848 165.355406     4.5377     11.475  0.000e+00
     11.391    10.9925    28.7561    21.9197 3.5409e-01     0.1310      0.015    1486.02     70.496     6.4797 165.355406     4.5341     11.499  0.000e+00
     11.415    10.9921    28.7574    21.9208 3.4188e-01     0.1298      0.015    1486.02     70.561     6.4858 165.355407     4.5384     11.524  0.000e+00
     11.439    10.9914    28.7582    21.9215 3.2967e-01     0.1310      0.015    1486.01     70.567     6.4863 165.355407     4.5388     11.548  0.000e+00
     11.457    10.9912    28.7587    21.9220 3.4188e-01     0.1310      0.015    1486.01     70.573     6.4869 165.355408     4.5392     11.566  0.000e+00
     11.486    10.9907    28.7595    21.9226 3.5409e-01     0.1310      0.015    1486.01     70.580     6.4876 165.355408     4.5396     11.596  0.000e+00
     11.498    10.9909    28.7596    21.9227 3.6630e-01     0.1310      0.018    1486.02     70.587     6.4882 165.355408     4.5400     11.607  0.000e+00
     11.522    10.9911    28.7598    21.9228 3.6630e-01     0.1310      0.015    1486.02     70.595     6.4889 165.355409     4.5405     11.632  0.000e+00
     11.546    10.9909    28.7598    21.9228 3.6630e-01     0.1310      0.015    1486.02     70.603     6.4896 165.355409     4.5411     11.656  0.000e+00
     11.571    10.9911    28.7592    21.9224 3.6630e-01     0.1310      0.015    1486.02     70.612     6.4904 165.355410     4.5416     11.681  0.000e+00
     11.593    10.9911    28.7594    21.9225 3.7851e-01     0.1310      0.015    1486.02     70.621     6.4913 165.355410     4.5422     11.704  0.000e+00
     11.606    10.9911    28.7600    21.9230 3.7851e-01     0.1310      0.015    1486.02     70.631     6.4922 165.355411     4.5428     11.717  0.000e+00
     11.631    10.9911    28.7601    21.9231 3.6630e-01     0.1310      0.015    1486.02     70.641     6.4931 165.355411     4.5435     11.741  0.000e+00
     11.661    10.9908    28.7603    21.9233 3.5409e-01     0.1310      0.015    1486.02     70.652     6.4941 165.355412     4.5442     11.772  0.000e+00
     11.677    10.9909    28.7600    21.9230 3.6630e-01     0.1310      0.015    1486.02     70.663     6.4952 165.355412     4.5449     11.789  0.000e+00
     11.677    10.9908    28.7607    21.9236 3.5409e-01     0.1310      0.018    1486.02     70.675     6.4962 165.355413     4.5457     11.789  0.000e+00
     11.737    10.9907    28.7609    21.9238 3.5409e-01     0.1310      0.015    1486.02     70.687     6.4974 165.355413     4.5465     11.849  0.000e+00
     11.737    10.9903    28.7617    21.9244 3.6630e-01     0.1310      0.015    1486.02     70.693     6.4980 165.355414     4.5469     11.849  0.000e+00
     11.762    10.9901    28.7620    21.9247 3.7851e-01     0.1310      0.015    1486.02     70.760     6.5042 165.355414     4.5512     11.874  0.000e+00
     11.786    10.9899    28.7623    21.9250 3.9072e-01     0.1310      0.015    1486.02     70.713     6.4998 165.355415     4.5482     11.898  0.000e+00
     11.809    10.9898    28.7634    21.9258 3.7851e-01     0.1310      0.015    1486.02     70.720     6.5004 165.355415     4.5486     11.921  0.000e+00
     11.833    10.9896    28.7638    21.9262 3.7851e-01     0.1322      0.015    1486.02     70.727     6.5011 165.355416     4.5491     11.946  0.000e+00
     11.857    10.9893    28.7641    21.9264 3.7851e-01     0.1310      0.015    1486.02     70.728     6.5012 165.355416     4.5492     11.970  0.000e+00
     11.869    10.9889    28.7643    21.9267 3.9072e-01     0.1310      0.015    1486.02     70.789     6.5069 165.355417     4.5531     11.982  0.000e+00
     11.904    10.9886    28.7655    21.9277 3.9072e-01     0.1310      0.015    1486.02     70.736     6.5020 165.355417     4.5497     12.018  0.000e+00
     11.912    10.9883    28.7654    21.9276 4.1514e-01     0.1310      0.015    1486.02     70.803     6.5082 165.355418     4.5541     12.026  0.000e+00
     11.942    10.9884    28.7656    21.9278 4.0293e-01     0.1310      0.015    1486.02     70.810     6.5088 165.355418     4.5545     12.055  0.000e+00
     11.964    10.9887    28.7654    21.9276 3.9072e-01     0.1310      0.015    1486.02     70.817     6.5094 165.355419     4.5549     12.078  0.000e+00
     11.988    10.9884    28.7657    21.9279 3.7851e-01     0.1310      0.015    1486.02     70.763     6.5045 165.355419     4.5515     12.103  0.000e+00
     12.000    10.9883    28.7654    21.9277 3.7851e-01     0.1310      0.015    1486.02     70.763     6.5045 165.355420     4.5515     12.114  0.000e+00
     12.037    10.9883    28.7654    21.9276 3.6630e-01     0.1310      0.018    1486.02     70.764     6.5046 165.355420     4.5515     12.152  0.000e+00
     12.060    10.9883    28.7653    21.9276 3.5409e-01     0.1310      0.015    1486.02     70.764     6.5046 165.355421     4.5515     12.175  0.000e+00
     12.073    10.9881    28.7652    21.9275 3.5409e-01     0.1310      0.015    1486.02     70.764     6.5046 165.355421     4.5515     12.188  0.000e+00
     12.108    10.9878    28.7650    21.9274 3.5409e-01     0.1310      0.015    1486.02     70.764     6.5047 165.355421     4.5516     12.224  0.000e+00
     12.133    10.9873    28.7654    21.9278 3.4188e-01     0.1310      0.015    1486.02     70.765     6.5048 165.355422     4.5517     12.248  0.000e+00
     12.133    10.9873    28.7664    21.9286 3.4188e-01     0.1310      0.018    1486.02     70.704     6.4992 165.355422     4.5478     12.248  0.000e+00
     12.180    10.9870    28.7665    21.9287 3.5409e-01     0.1310      0.015    1486.02     70.759     6.5043 165.355423     4.5513     12.296  0.000e+00
     12.193    10.9872    28.7663    21.9286 3.6630e-01     0.1310      0.015    1486.02     70.699     6.4987 165.355423     4.5474     12.309  0.000e+00
     12.215    10.9868    28.7674    21.9294 3.6630e-01     0.1310      0.015    1486.02     70.694     6.4982 165.355424     4.5471     12.331  0.000e+00
     12.240    10.9860    28.7684    21.9303 3.5409e-01     0.1310      0.015    1486.02     70.688     6.4978 165.355424     4.5468     12.356  0.000e+00
     12.251    10.9860    28.7688    21.9307 3.6630e-01     0.1310      0.015    1486.02     70.683     6.4974 165.355425     4.5465     12.367  0.000e+00
     12.275    10.9858    28.7687    21.9306 3.5409e-01     0.1310      0.018    1486.02     70.672     6.4964 165.355425     4.5458     12.392  0.000e+00
     12.324    10.9857    28.7691    21.9310 3.4188e-01     0.1310      0.018    1486.02     70.668     6.4959 165.355426     4.5455     12.441  0.000e+00
     12.324    10.9857    28.7698    21.9315 3.4188e-01     0.1310      0.018    1486.02     70.663     6.4955 165.355426     4.5452     12.441  0.000e+00
     12.343    10.9859    28.7695    21.9312 3.4188e-01     0.1310      0.015    1486.02     70.652     6.4945 165.355427     4.5445     12.461  0.000e+00
     12.371    10.9857    28.7698    21.9315 3.6630e-01     0.1310      0.015    1486.02     70.588     6.4886 165.355427     4.5403     12.488  0.000e+00
     12.406    10.9857    28.7699    21.9315 3.6630e-01     0.1310      0.015    1486.02     70.578     6.4877 165.355428     4.5397     12.524  0.000e+00
     12.406    10.9858    28.7700    21.9316 3.4188e-01     0.1310      0.015    1486.02     70.562     6.4862 165.355428     4.5387     12.524  0.000e+00
     12.431    10.9855    28.7703    21.9319 3.4188e-01     0.1310      0.015    1486.02     70.547     6.4848 165.355429     4.5377     12.549  0.000e+00
     12.466    10.9854    28.7714    21.9328 3.5409e-01     0.1322      0.015    1486.03     70.478     6.4784 165.355429     4.5332     12.585  0.000e+00
     12.479    10.9850    28.7717    21.9331 3.7851e-01     0.1310      0.015    1486.03     70.517     6.4821 165.355430     4.5358     12.598  0.000e+00
     12.502    10.9851    28.7717    21.9330 3.7851e-01     0.1298      0.015    1486.03     70.449     6.4758 165.355430     4.5314     12.621  0.000e+00
     12.539    10.9851    28.7717    21.9331 3.7851e-01     0.1310      0.018    1486.03     70.436     6.4746 165.355431     4.5305     12.659  0.000e+00
     12.539    10.9853    28.7723    21.9335 3.5409e-01     0.1310      0.015    1486.03     70.423     6.4734 165.355431     4.5297     12.659  0.000e+00
     12.575    10.9856    28.7720    21.9332 3.4188e-01     0.1310      0.015    1486.03     70.412     6.4723 165.355432     4.5289     12.695  0.000e+00
     12.610    10.9851    28.7720    21.9333 3.5409e-01     0.1310      0.015    1486.03     70.401     6.4714 165.355432     4.5283     12.730  0.000e+00
