TØ-1_20190211_down.cnv
* Sea-Bird SBE 9 Data File:
* FileName = C:\CTD Brukere\NIVA\OKOKYST2019\20190211\TØ-1_20190211.hex
* Software Version Seasave V 7.23.2
* Temperature SN = 5352
* Conductivity SN = 3840
* Number of Bytes Per Scan = 28
* Number of Voltage Words = 4
* Number of Scans Averaged by the Deck Unit = 1
* NMEA baud rate = 4800
** Ship: R/V Trygve Braarud
** Cruise:
** Station:
** Operator:
# nquan = 12
# nvalues = 4682                                  
# units = specified
# name 0 = depSM: Depth [salt water, m], lat = 59.60
# name 1 = t090C: Temperature [ITS-90, deg C]
# name 2 = sal00: Salinity, Practical [PSU]
# name 3 = sigma-t00: Density [sigma-t, kg/m^3 ]
# name 4 = flSP: Fluorescence, Seapoint
# name 5 = wetStar: Fluorescence, WET Labs WETstar [mg/m^3]
# name 6 = seaTurbMtr: Turbidity, Seapoint [FTU]
# name 7 = svCM: Sound Velocity [Chen-Millero, m/s]
# name 8 = sbeox0PS: Oxygen, SBE 43 [% saturation]
# name 9 = sbeox0ML/L: Oxygen, SBE 43 [ml/l]
# name 10 = timeJ: Julian Days
# name 11 = flag:  0.000e+00
# span 0 =      0.096,     44.775                 
# span 1 =     1.3243,     7.2037                 
# span 2 =    27.8443,    33.7076                 
# span 3 =    22.2794,    26.3746                 
# span 4 = 1.9536e-01, 1.6239e+00                 
# span 5 =     0.1273,     0.1298                 
# span 6 =      0.011,      0.018                 
# span 7 =    1445.74,    1478.57                 
# span 8 =     58.568,     74.171                 
# span 9 =     3.9705,     5.9533                 
# span 10 =  42.714155,  42.716413                
# span 11 = 0.0000e+00, 0.0000e+00                
# interval = seconds: 0.0416667
# start_time = Feb 11 2019 17:08:23 [System UpLoad Time]
# bad_flag = -9.990e-29
*END*
[from data line 1685]
      0.157     1.3715    28.8215    23.0613 5.6166e-01     0.1285      0.018    1447.18     73.031     5.8937  42.714968  0.000e+00
      0.157     1.3718    28.8229    23.0623 5.6166e-01     0.1298      0.015    1447.18     73.026     5.8932  42.714968  0.000e+00
      0.167     1.3715    28.8260    23.0649 5.4945e-01     0.1285      0.015    1447.19     73.031     5.8935  42.714969  0.000e+00
      0.157     1.3718    28.8306    23.0685 5.3724e-01     0.1273      0.015    1447.19     72.972     5.8884  42.714969  0.000e+00
      0.157     1.3718    28.8352    23.0722 5.3724e-01     0.1285      0.018    1447.20     73.032     5.8931  42.714970  0.000e+00
      0.144     1.3715    28.8382    23.0746 5.9829e-01     0.1285      0.015    1447.20     73.037     5.8934  42.714970  0.000e+00
      0.168     1.3710    28.8389    23.0752 6.7155e-01     0.1285      0.015    1447.20     72.978     5.8887  42.714971  0.000e+00
      0.157     1.3706    28.8397    23.0758 7.3260e-01     0.1285      0.015    1447.20     73.039     5.8937  42.714971  0.000e+00
      0.168     1.3704    28.8402    23.0763 7.5702e-01     0.1298      0.015    1447.20     73.044     5.8941  42.714972  0.000e+00
      0.131     1.3698    28.8409    23.0769 7.2039e-01     0.1285      0.015    1447.20     73.050     5.8946  42.714972  0.000e+00
      0.168     1.3693    28.8430    23.0786 6.4713e-01     0.1285      0.015    1447.20     73.056     5.8951  42.714973  0.000e+00
      0.157     1.3690    28.8477    23.0824 5.7387e-01     0.1285      0.015    1447.20     73.062     5.8954  42.714973  0.000e+00
      0.146     1.3690    28.8535    23.0870 5.2503e-01     0.1285      0.015    1447.21     72.993     5.8896  42.714973  0.000e+00
      0.156     1.3684    28.8588    23.0913 5.0061e-01     0.1285      0.015    1447.22     73.053     5.8944  42.714974  0.000e+00
      0.181     1.3686    28.8599    23.0922 5.0061e-01     0.1285      0.015    1447.22     73.059     5.8948  42.714974  0.000e+00
      0.146     1.3707    28.8491    23.0834 5.1282e-01     0.1285      0.015    1447.21     73.054     5.8945  42.714975  0.000e+00
      0.157     1.3721    28.8333    23.0706 5.3724e-01     0.1285      0.015    1447.20     73.049     5.8945  42.714975  0.000e+00
      0.144     1.3732    28.8254    23.0643 5.6166e-01     0.1285      0.015    1447.19     73.053     5.8950  42.714976  0.000e+00
      0.157     1.3730    28.8220    23.0615 5.6166e-01     0.1298      0.015    1447.19     73.058     5.8956  42.714976  0.000e+00
      0.157     1.3715    28.8067    23.0493 5.6166e-01     0.1285      0.015    1447.16     73.053     5.8961  42.714977  0.000e+00
      0.168     1.3707    28.7884    23.0347 5.4945e-01     0.1285      0.015    1447.13     73.048     5.8965  42.714977  0.000e+00
      0.156     1.3702    28.7785    23.0268 5.4945e-01     0.1285      0.015    1447.12     73.042     5.8965  42.714978  0.000e+00
      0.157     1.3708    28.7856    23.0325 5.7387e-01     0.1285      0.015    1447.13     73.045     5.8964  42.714978  0.000e+00
      0.157     1.3716    28.8065    23.0492 5.8608e-01     0.1298      0.015    1447.16     72.984     5.8905  42.714979  0.000e+00
      0.146     1.3724    28.8256    23.0644 5.8608e-01     0.1285      0.015    1447.19     73.033     5.8935  42.714979  0.000e+00
      0.156     1.3733    28.8304    23.0683 5.8608e-01     0.1285      0.015    1447.20     73.026     5.8926  42.714980  0.000e+00
      0.168     1.3735    28.8279    23.0663 5.6166e-01     0.1285      0.015    1447.20     73.019     5.8921  42.714980  0.000e+00
      0.157     1.3733    28.8290    23.0671 5.4945e-01     0.1285      0.015    1447.20     73.012     5.8915  42.714981  0.000e+00
      0.168     1.3738    28.8308    23.0685 5.4945e-01     0.1285      0.015    1447.20     73.014     5.8916  42.714981  0.000e+00
      0.144     1.3738    28.8341    23.0712 5.6166e-01     0.1285      0.015    1447.21     73.016     5.8916  42.714982  0.000e+00
      0.168     1.3732    28.8422    23.0777 5.7387e-01     0.1285      0.015    1447.22     73.019     5.8916  42.714982  0.000e+00
      0.157     1.3730    28.8507    23.0846 5.7387e-01     0.1285      0.015    1447.23     73.022     5.8915  42.714983  0.000e+00
      0.157     1.3738    28.8570    23.0895 5.8608e-01     0.1285      0.015    1447.24     73.024     5.8913  42.714983  0.000e+00
      0.167     1.3755    28.8594    23.0914 6.1050e-01     0.1285      0.015    1447.25     72.961     5.8859  42.714984  0.000e+00
      0.168     1.3750    28.8599    23.0918 6.2271e-01     0.1273      0.015    1447.25     73.019     5.8906  42.714984  0.000e+00
      0.157     1.3758    28.8550    23.0878 6.3492e-01     0.1285      0.015    1447.25     72.957     5.8857  42.714985  0.000e+00
      0.157     1.3769    28.8447    23.0796 6.2271e-01     0.1285      0.015    1447.24     73.015     5.8906  42.714985  0.000e+00
      0.167     1.3766    28.8302    23.0680 6.2271e-01     0.1285      0.015    1447.22     73.018     5.8915  42.714986  0.000e+00
      0.168     1.3756    28.8182    23.0583 6.1050e-01     0.1285      0.015    1447.20     73.022     5.8924  42.714986  0.000e+00
      0.168     1.3750    28.8098    23.0516 5.8608e-01     0.1285      0.015    1447.18     73.025     5.8931  42.714986  0.000e+00
      0.168     1.3746    28.8013    23.0448 5.6166e-01     0.1285      0.015    1447.17     72.954     5.8878  42.714987  0.000e+00
      0.167     1.3746    28.7920    23.0374 5.3724e-01     0.1285      0.015    1447.16     73.012     5.8928  42.714987  0.000e+00
      0.157     1.3740    28.7809    23.0285 5.2503e-01     0.1285      0.015    1447.14     73.015     5.8936  42.714988  0.000e+00
      0.168     1.3740    28.7731    23.0223 5.1282e-01     0.1298      0.015    1447.13     73.019     5.8942  42.714988  0.000e+00
      0.181     1.3738    28.7723    23.0216 5.0061e-01     0.1285      0.015    1447.13     73.012     5.8938  42.714989  0.000e+00
      0.167     1.3742    28.7764    23.0249 4.8840e-01     0.1285      0.015    1447.13     73.014     5.8937  42.714989  0.000e+00
      0.181     1.3738    28.7862    23.0328 4.6398e-01     0.1285      0.015    1447.15     73.018     5.8936  42.714990  0.000e+00
      0.168     1.3736    28.7918    23.0373 4.3956e-01     0.1285      0.015    1447.15     73.020     5.8937  42.714990  0.000e+00
      0.157     1.3747    28.7898    23.0356 4.3956e-01     0.1285      0.015    1447.15     73.023     5.8938  42.714991  0.000e+00
      0.180     1.3749    28.7893    23.0352 4.3956e-01     0.1285      0.015    1447.15     73.026     5.8940  42.714991  0.000e+00
      0.181     1.3747    28.7946    23.0395 4.5177e-01     0.1285      0.015    1447.16     73.029     5.8941  42.714992  0.000e+00
      0.181     1.3747    28.8000    23.0438 4.7619e-01     0.1285      0.015    1447.17     72.967     5.8889  42.714992  0.000e+00
      0.168     1.3750    28.8015    23.0450 5.0061e-01     0.1285      0.015    1447.17     73.015     5.8926  42.714993  0.000e+00
      0.167     1.3746    28.7962    23.0408 4.8840e-01     0.1298      0.015    1447.16     73.018     5.8931  42.714993  0.000e+00
      0.181     1.3741    28.7854    23.0321 4.7619e-01     0.1285      0.015    1447.15     73.021     5.8939  42.714994  0.000e+00
      0.181     1.3735    28.7829    23.0302 4.5177e-01     0.1285      0.015    1447.14     72.949     5.8883  42.714994  0.000e+00
      0.181     1.3732    28.7884    23.0346 4.3956e-01     0.1285      0.015    1447.15     73.007     5.8928  42.714995  0.000e+00
      0.180     1.3720    28.7909    23.0367 4.2735e-01     0.1285      0.015    1447.14     73.010     5.8931  42.714995  0.000e+00
      0.181     1.3715    28.7894    23.0354 4.3956e-01     0.1285      0.015    1447.14     73.013     5.8935  42.714996  0.000e+00
      0.181     1.3722    28.7911    23.0368 4.3956e-01     0.1285      0.015    1447.15     73.015     5.8935  42.714996  0.000e+00
      0.168     1.3744    28.8004    23.0441 4.3956e-01     0.1285      0.015    1447.17     73.018     5.8930  42.714997  0.000e+00
      0.191     1.3756    28.8132    23.0543 4.3956e-01     0.1285      0.015    1447.19     73.010     5.8917  42.714997  0.000e+00
      0.181     1.3769    28.8267    23.0651 4.6398e-01     0.1285      0.015    1447.21     73.012     5.8911  42.714998  0.000e+00
      0.181     1.3775    28.8384    23.0744 4.6398e-01     0.1285      0.015    1447.23     73.015     5.8907  42.714998  0.000e+00
      0.181     1.3780    28.8450    23.0797 4.6398e-01     0.1285      0.015    1447.24     73.017     5.8906  42.714999  0.000e+00
      0.191     1.3792    28.8473    23.0815 4.7619e-01     0.1285      0.015    1447.25     73.019     5.8905  42.714999  0.000e+00
      0.181     1.3798    28.8473    23.0815 4.8840e-01     0.1285      0.015    1447.25     73.021     5.8906  42.715000  0.000e+00
      0.181     1.3804    28.8404    23.0759 5.1282e-01     0.1285      0.015    1447.25     73.024     5.8909  42.715000  0.000e+00
      0.193     1.3800    28.8253    23.0638 5.3724e-01     0.1285      0.015    1447.23     73.026     5.8918  42.715000  0.000e+00
      0.180     1.3792    28.8201    23.0597 5.6166e-01     0.1285      0.015    1447.21     73.029     5.8924  42.715001  0.000e+00
      0.193     1.3793    28.8297    23.0673 5.8608e-01     0.1285      0.015    1447.23     73.031     5.8921  42.715001  0.000e+00
      0.193     1.3789    28.8402    23.0758 5.9829e-01     0.1285      0.015    1447.24     73.034     5.8920  42.715002  0.000e+00
      0.181     1.3784    28.8485    23.0825 6.2271e-01     0.1285      0.015    1447.25     73.026     5.8911  42.715002  0.000e+00
      0.215     1.3780    28.8563    23.0888 6.3492e-01     0.1285      0.015    1447.26     72.964     5.8858  42.715003  0.000e+00
      0.228     1.3780    28.8635    23.0946 6.2271e-01     0.1298      0.015    1447.27     73.021     5.8902  42.715003  0.000e+00
      0.228     1.3786    28.8724    23.1017 5.6166e-01     0.1285      0.015    1447.28     73.024     5.8899  42.715004  0.000e+00
      0.204     1.3790    28.8802    23.1079 5.1282e-01     0.1285      0.015    1447.29     73.026     5.8897  42.715004  0.000e+00
      0.204     1.3792    28.8804    23.1080 4.8840e-01     0.1285      0.015    1447.29     73.028     5.8899  42.715005  0.000e+00
      0.193     1.3789    28.8744    23.1032 4.7619e-01     0.1285      0.015    1447.29     73.031     5.8903  42.715005  0.000e+00
      0.228     1.3787    28.8683    23.0983 4.7619e-01     0.1285      0.015    1447.28     73.034     5.8908  42.715006  0.000e+00
      0.241     1.3786    28.8670    23.0973 5.0061e-01     0.1285      0.015    1447.27     73.036     5.8911  42.715006  0.000e+00
      0.262     1.3784    28.8672    23.0975 5.0061e-01     0.1285      0.015    1447.27     73.039     5.8914  42.715007  0.000e+00
      0.300     1.3783    28.8677    23.0979 4.8840e-01     0.1285      0.015    1447.28     73.032     5.8908  42.715007  0.000e+00
      0.277     1.3778    28.8675    23.0978 4.6398e-01     0.1298      0.015    1447.27     73.033     5.8910  42.715008  0.000e+00
      0.241     1.3773    28.8568    23.0892 4.6398e-01     0.1285      0.015    1447.26     73.025     5.8908  42.715008  0.000e+00
      0.240     1.3776    28.8466    23.0810 4.7619e-01     0.1285      0.015    1447.24     73.027     5.8913  42.715009  0.000e+00
      0.277     1.3770    28.8404    23.0760 4.6398e-01     0.1285      0.015    1447.23     73.029     5.8919  42.715009  0.000e+00
      0.277     1.3761    28.8345    23.0714 4.6398e-01     0.1285      0.015    1447.22     73.031     5.8924  42.715010  0.000e+00
      0.300     1.3755    28.8301    23.0679 4.5177e-01     0.1285      0.015    1447.21     73.033     5.8928  42.715010  0.000e+00
      0.311     1.3749    28.8268    23.0653 4.5177e-01     0.1285      0.015    1447.21     73.024     5.8924  42.715011  0.000e+00
      0.313     1.3744    28.8268    23.0653 4.6398e-01     0.1285      0.015    1447.20     73.026     5.8925  42.715011  0.000e+00
      0.277     1.3750    28.8318    23.0693 4.6398e-01     0.1285      0.015    1447.21     73.026     5.8923  42.715012  0.000e+00
      0.264     1.3756    28.8421    23.0775 4.6398e-01     0.1285      0.015    1447.23     73.027     5.8919  42.715012  0.000e+00
      0.275     1.3754    28.8551    23.0879 4.7619e-01     0.1285      0.015    1447.25     73.029     5.8915  42.715013  0.000e+00
      0.288     1.3756    28.8674    23.0978 4.7619e-01     0.1285      0.015    1447.26     73.030     5.8911  42.715013  0.000e+00
      0.300     1.3746    28.8771    23.1057 4.8840e-01     0.1285      0.015    1447.27     73.032     5.8910  42.715014  0.000e+00
      0.300     1.3742    28.8768    23.1054 5.1282e-01     0.1285      0.015    1447.27     73.033     5.8911  42.715014  0.000e+00
      0.288     1.3746    28.8686    23.0988 5.1282e-01     0.1285      0.015    1447.26     73.034     5.8915  42.715014  0.000e+00
      0.262     1.3755    28.8584    23.0906 5.0061e-01     0.1285      0.018    1447.25     73.035     5.8918  42.715015  0.000e+00
      0.288     1.3758    28.8481    23.0823 5.0061e-01     0.1285      0.015    1447.24     73.036     5.8923  42.715015  0.000e+00
      0.277     1.3761    28.8368    23.0732 5.1282e-01     0.1285      0.015    1447.22     73.027     5.8920  42.715016  0.000e+00
      0.288     1.3761    28.8268    23.0653 5.1282e-01     0.1273      0.015    1447.21     73.028     5.8925  42.715016  0.000e+00
      0.300     1.3761    28.8163    23.0568 5.1282e-01     0.1285      0.015    1447.20     73.029     5.8930  42.715017  0.000e+00
      0.300     1.3756    28.8107    23.0523 5.3724e-01     0.1285      0.015    1447.19     73.030     5.8933  42.715017  0.000e+00
      0.277     1.3750    28.8119    23.0533 5.4945e-01     0.1285      0.015    1447.19     73.020     5.8926  42.715018  0.000e+00
      0.277     1.3750    28.8143    23.0553 5.4945e-01     0.1285      0.018    1447.19     73.021     5.8926  42.715018  0.000e+00
      0.275     1.3753    28.8177    23.0580 5.3724e-01     0.1273      0.015    1447.20     73.021     5.8924  42.715019  0.000e+00
      0.288     1.3756    28.8233    23.0624 5.3724e-01     0.1285      0.015    1447.20     73.021     5.8922  42.715019  0.000e+00
      0.288     1.3753    28.8298    23.0677 5.1282e-01     0.1285      0.015    1447.21     73.022     5.8920  42.715020  0.000e+00
      0.300     1.3755    28.8331    23.0703 5.0061e-01     0.1285      0.015    1447.22     73.022     5.8919  42.715020  0.000e+00
      0.287     1.3750    28.8330    23.0702 5.0061e-01     0.1285      0.015    1447.21     73.023     5.8920  42.715021  0.000e+00
      0.277     1.3749    28.8304    23.0682 5.1282e-01     0.1285      0.015    1447.21     73.023     5.8921  42.715021  0.000e+00
      0.277     1.3747    28.8272    23.0656 5.1282e-01     0.1285      0.015    1447.21     73.024     5.8923  42.715022  0.000e+00
      0.277     1.3744    28.8262    23.0648 5.1282e-01     0.1285      0.015    1447.20     73.024     5.8924  42.715022  0.000e+00
      0.287     1.3746    28.8254    23.0642 5.1282e-01     0.1285      0.015    1447.20     73.025     5.8925  42.715023  0.000e+00
      0.288     1.3747    28.8263    23.0649 5.0061e-01     0.1298      0.015    1447.20     73.025     5.8925  42.715023  0.000e+00
      0.288     1.3747    28.8269    23.0654 4.7619e-01     0.1285      0.015    1447.21     73.025     5.8925  42.715024  0.000e+00
      0.264     1.3750    28.8265    23.0651 4.6398e-01     0.1285      0.015    1447.21     73.025     5.8925  42.715024  0.000e+00
      0.275     1.3747    28.8261    23.0647 4.8840e-01     0.1298      0.015    1447.20     73.026     5.8926  42.715025  0.000e+00
