TØ-1_20190211_down.cnv
* Sea-Bird SBE 9 Data File:
* FileName = C:\CTD Brukere\NIVA\OKOKYST2019\20190211\TØ-1_20190211.hex
* Software Version Seasave V 7.23.2
* Temperature SN = 5352
* Conductivity SN = 3840
* Number of Bytes Per Scan = 28
* Number of Voltage Words = 4
* Number of Scans Averaged by the Deck Unit = 1
* NMEA baud rate = 4800
** Ship: R/V Trygve Braarud
** Cruise:
** Station:
** Operator:
# nquan = 12
# nvalues = 4682                                  
# units = specified
# name 0 = depSM: Depth [salt water, m], lat = 59.60
# name 1 = t090C: Temperature [ITS-90, deg C]
# name 2 = sal00: Salinity, Practical [PSU]
# name 3 = sigma-t00: Density [sigma-t, kg/m^3 ]
# name 4 = flSP: Fluorescence, Seapoint
# name 5 = wetStar: Fluorescence, WET Labs WETstar [mg/m^3]
# name 6 = seaTurbMtr: Turbidity, Seapoint [FTU]
# name 7 = svCM: Sound Velocity [Chen-Millero, m/s]
# name 8 = sbeox0PS: Oxygen, SBE 43 [% saturation]
# name 9 = sbeox0ML/L: Oxygen, SBE 43 [ml/l]
# name 10 = timeJ: Julian Days
# name 11 = flag:  0.000e+00
# span 0 =      0.096,     44.775                 
# span 1 =     1.3243,     7.2037                 
# span 2 =    27.8443,    33.7076                 
# span 3 =    22.2794,    26.3746                 
# span 4 = 1.9536e-01, 1.6239e+00                 
# span 5 =     0.1273,     0.1298                 
# span 6 =      0.011,      0.018                 
# span 7 =    1445.74,    1478.57                 
# span 8 =     58.568,     74.171                 
# span 9 =     3.9705,     5.9533                 
# span 10 =  42.714155,  42.716413                
# span 11 = 0.0000e+00, 0.0000e+00                
# interval = seconds: 0.0416667
# start_time = Feb 11 2019 17:08:23 [System UpLoad Time]
# bad_flag = -9.990e-29
*END*
[from data line 3128]
     15.698     1.7140    30.0898    24.0580 3.2967e-01     0.1285      0.015    1450.64     73.614     5.8373  42.715664  0.000e+00
     15.748     1.7117    30.0902    24.0585 3.1746e-01     0.1285      0.015    1450.63     73.617     5.8379  42.715664  0.000e+00
     15.758     1.7097    30.0912    24.0594 3.1746e-01     0.1285      0.015    1450.62     73.619     5.8384  42.715665  0.000e+00
     15.782     1.7083    30.0916    24.0598 3.2967e-01     0.1285      0.015    1450.62     73.568     5.8344  42.715665  0.000e+00
     15.808     1.7070    30.0918    24.0600 3.4188e-01     0.1298      0.018    1450.61     73.616     5.8384  42.715666  0.000e+00
     15.807     1.7058    30.0920    24.0603 3.4188e-01     0.1285      0.018    1450.61     73.618     5.8388  42.715666  0.000e+00
     15.854     1.7043    30.0922    24.0605 3.4188e-01     0.1285      0.015    1450.60     73.622     5.8393  42.715666  0.000e+00
     15.868     1.7033    30.0923    24.0607 3.5409e-01     0.1285      0.015    1450.60     73.624     5.8397  42.715667  0.000e+00
     15.902     1.7024    30.0930    24.0613 3.6630e-01     0.1285      0.015    1450.60     73.617     5.8392  42.715667  0.000e+00
     15.914     1.7017    30.0938    24.0619 3.5409e-01     0.1298      0.015    1450.59     73.620     5.8395  42.715668  0.000e+00
     15.928     1.7017    30.0936    24.0618 3.4188e-01     0.1285      0.018    1450.59     73.632     5.8404  42.715668  0.000e+00
     15.962     1.7012    30.0942    24.0623 3.2967e-01     0.1285      0.018    1450.59     73.635     5.8407  42.715669  0.000e+00
     15.974     1.7013    30.0941    24.0622 3.2967e-01     0.1298      0.015    1450.59     73.637     5.8409  42.715669  0.000e+00
     16.012     1.7012    30.0940    24.0621 3.4188e-01     0.1285      0.018    1450.59     73.630     5.8404  42.715670  0.000e+00
     16.022     1.7013    30.0940    24.0622 3.2967e-01     0.1285      0.015    1450.59     73.632     5.8405  42.715670  0.000e+00
     16.058     1.7011    30.0943    24.0624 3.2967e-01     0.1285      0.015    1450.59     73.635     5.8407  42.715671  0.000e+00
     16.072     1.7007    30.0944    24.0625 3.2967e-01     0.1298      0.015    1450.59     73.637     5.8409  42.715671  0.000e+00
     16.093     1.7009    30.0941    24.0623 3.2967e-01     0.1298      0.015    1450.59     73.574     5.8360  42.715672  0.000e+00
     16.118     1.7009    30.0941    24.0623 3.2967e-01     0.1285      0.018    1450.59     73.632     5.8405  42.715672  0.000e+00
     16.131     1.7006    30.0944    24.0625 3.1746e-01     0.1285      0.018    1450.59     73.570     5.8357  42.715673  0.000e+00
     16.153     1.7007    30.0940    24.0622 3.1746e-01     0.1285      0.018    1450.59     73.628     5.8403  42.715673  0.000e+00
     16.191     1.7004    30.0940    24.0622 3.1746e-01     0.1285      0.018    1450.59     73.631     5.8406  42.715674  0.000e+00
     16.202     1.7001    30.0941    24.0623 3.2967e-01     0.1298      0.018    1450.59     73.634     5.8408  42.715674  0.000e+00
     16.238     1.7001    30.0941    24.0623 3.2967e-01     0.1285      0.018    1450.59     73.637     5.8411  42.715675  0.000e+00
     16.251     1.7000    30.0945    24.0626 3.2967e-01     0.1285      0.015    1450.59     73.640     5.8413  42.715675  0.000e+00
     16.273     1.7003    30.0943    24.0624 3.2967e-01     0.1298      0.015    1450.59     73.708     5.8467  42.715676  0.000e+00
     16.298     1.7004    30.0942    24.0623 3.4188e-01     0.1285      0.015    1450.60     73.656     5.8425  42.715676  0.000e+00
     16.324     1.7003    30.0940    24.0622 3.4188e-01     0.1285      0.018    1450.59     73.658     5.8427  42.715677  0.000e+00
     16.345     1.7003    30.0937    24.0620 3.4188e-01     0.1285      0.015    1450.59     73.661     5.8430  42.715677  0.000e+00
     16.369     1.6998    30.0935    24.0619 3.2967e-01     0.1298      0.015    1450.59     73.664     5.8432  42.715678  0.000e+00
     16.382     1.6987    30.0937    24.0621 3.2967e-01     0.1285      0.015    1450.59     73.667     5.8436  42.715678  0.000e+00
     16.418     1.6982    30.0937    24.0621 3.2967e-01     0.1298      0.015    1450.59     73.670     5.8439  42.715679  0.000e+00
     16.431     1.6978    30.0935    24.0620 3.2967e-01     0.1298      0.015    1450.58     73.672     5.8442  42.715679  0.000e+00
     16.465     1.6974    30.0935    24.0620 3.5409e-01     0.1285      0.018    1450.58     73.675     5.8445  42.715679  0.000e+00
     16.476     1.6967    30.0938    24.0623 3.5409e-01     0.1285      0.015    1450.58     73.678     5.8448  42.715680  0.000e+00
     16.502     1.6961    30.0936    24.0622 3.4188e-01     0.1285      0.015    1450.58     73.681     5.8451  42.715680  0.000e+00
     16.525     1.6953    30.0939    24.0624 3.6630e-01     0.1298      0.015    1450.58     73.673     5.8447  42.715681  0.000e+00
     16.538     1.6945    30.0935    24.0622 3.9072e-01     0.1285      0.015    1450.57     73.676     5.8450  42.715681  0.000e+00
     16.573     1.6933    30.0939    24.0625 3.9072e-01     0.1285      0.018    1450.57     73.614     5.8402  42.715682  0.000e+00
     16.609     1.6924    30.0946    24.0632 3.9072e-01     0.1285      0.015    1450.57     73.672     5.8449  42.715682  0.000e+00
     16.610     1.6914    30.0953    24.0638 3.7851e-01     0.1285      0.015    1450.56     73.664     5.8445  42.715683  0.000e+00
     16.644     1.6910    30.0954    24.0639 3.5409e-01     0.1285      0.018    1450.56     73.667     5.8447  42.715683  0.000e+00
     16.657     1.6904    30.0951    24.0637 3.4188e-01     0.1285      0.015    1450.56     73.669     5.8450  42.715684  0.000e+00
     16.680     1.6895    30.0953    24.0639 3.2967e-01     0.1285      0.015    1450.55     73.661     5.8445  42.715684  0.000e+00
     16.704     1.6887    30.0949    24.0636 3.4188e-01     0.1298      0.015    1450.55     73.599     5.8397  42.715685  0.000e+00
     16.717     1.6876    30.0951    24.0639 3.5409e-01     0.1285      0.018    1450.55     73.646     5.8436  42.715685  0.000e+00
     16.751     1.6869    30.0959    24.0645 3.4188e-01     0.1285      0.015    1450.54     73.648     5.8438  42.715686  0.000e+00
     16.766     1.6863    30.0963    24.0649 3.2967e-01     0.1285      0.015    1450.54     73.650     5.8441  42.715686  0.000e+00
     16.800     1.6856    30.0966    24.0652 3.4188e-01     0.1285      0.015    1450.54     73.587     5.8392  42.715687  0.000e+00
     16.824     1.6851    30.0971    24.0657 3.2967e-01     0.1298      0.015    1450.54     73.645     5.8438  42.715687  0.000e+00
     16.824     1.6855    30.0979    24.0663 3.4188e-01     0.1285      0.015    1450.54     73.582     5.8387  42.715688  0.000e+00
     16.860     1.6857    30.0987    24.0668 3.5409e-01     0.1285      0.018    1450.54     73.640     5.8432  42.715688  0.000e+00
     16.884     1.6863    30.0999    24.0678 3.6630e-01     0.1298      0.015    1450.55     73.567     5.8374  42.715689  0.000e+00
     16.896     1.6871    30.1007    24.0684 4.0293e-01     0.1285      0.015    1450.55     73.625     5.8417  42.715689  0.000e+00
     16.922     1.6882    30.1012    24.0687 3.9072e-01     0.1285      0.018    1450.56     73.627     5.8418  42.715690  0.000e+00
     16.956     1.6890    30.1023    24.0695 3.5409e-01     0.1285      0.018    1450.57     73.630     5.8418  42.715690  0.000e+00
     16.967     1.6896    30.1026    24.0698 3.5409e-01     0.1285      0.015    1450.57     73.632     5.8419  42.715691  0.000e+00
     16.980     1.6902    30.1029    24.0700 3.6630e-01     0.1298      0.015    1450.57     73.570     5.8368  42.715691  0.000e+00
     17.016     1.6904    30.1037    24.0706 3.6630e-01     0.1285      0.018    1450.57     73.563     5.8363  42.715692  0.000e+00
     17.040     1.6913    30.1038    24.0706 3.5409e-01     0.1285      0.015    1450.58     73.557     5.8356  42.715692  0.000e+00
     17.051     1.6912    30.1046    24.0713 3.5409e-01     0.1285      0.018    1450.58     73.551     5.8351  42.715693  0.000e+00
     17.076     1.6908    30.1044    24.0711 3.7851e-01     0.1298      0.018    1450.58     73.545     5.8348  42.715693  0.000e+00
     17.100     1.6887    30.1038    24.0708 3.9072e-01     0.1285      0.015    1450.57     73.541     5.8348  42.715693  0.000e+00
     17.124     1.6851    30.1030    24.0704 3.7851e-01     0.1285      0.015    1450.55     73.537     5.8350  42.715694  0.000e+00
     17.135     1.6812    30.1031    24.0707 3.5409e-01     0.1285      0.015    1450.53     73.534     5.8353  42.715694  0.000e+00
     17.147     1.6776    30.1042    24.0718 3.4188e-01     0.1298      0.015    1450.52     73.531     5.8356  42.715695  0.000e+00
     17.208     1.6751    30.1048    24.0724 3.2967e-01     0.1285      0.018    1450.51     73.518     5.8349  42.715695  0.000e+00
     17.218     1.6728    30.1054    24.0730 3.2967e-01     0.1285      0.015    1450.50     73.515     5.8350  42.715696  0.000e+00
     17.220     1.6709    30.1063    24.0739 3.2967e-01     0.1285      0.015    1450.49     73.502     5.8342  42.715696  0.000e+00
     17.267     1.6696    30.1077    24.0751 3.1746e-01     0.1298      0.015    1450.49     73.500     5.8342  42.715697  0.000e+00
     17.268     1.6688    30.1078    24.0752 3.1746e-01     0.1285      0.015    1450.49     73.497     5.8341  42.715697  0.000e+00
     17.302     1.6677    30.1083    24.0757 3.1746e-01     0.1298      0.015    1450.48     73.495     5.8341  42.715698  0.000e+00
     17.315     1.6674    30.1090    24.0763 3.2967e-01     0.1285      0.015    1450.48     73.493     5.8339  42.715698  0.000e+00
     17.338     1.6677    30.1106    24.0775 3.5409e-01     0.1285      0.015    1450.49     73.492     5.8337  42.715699  0.000e+00
     17.375     1.6688    30.1124    24.0789 3.5409e-01     0.1298      0.015    1450.50     73.501     5.8342  42.715699  0.000e+00
     17.387     1.6708    30.1135    24.0797 3.6630e-01     0.1285      0.018    1450.51     73.500     5.8338  42.715700  0.000e+00
     17.411     1.6730    30.1143    24.0801 3.6630e-01     0.1285      0.018    1450.52     73.500     5.8334  42.715700  0.000e+00
     17.422     1.6754    30.1148    24.0804 3.6630e-01     0.1298      0.015    1450.53     73.500     5.8330  42.715701  0.000e+00
     17.447     1.6775    30.1147    24.0802 3.7851e-01     0.1285      0.018    1450.54     73.500     5.8328  42.715701  0.000e+00
     17.469     1.6793    30.1153    24.0805 3.6630e-01     0.1298      0.015    1450.55     73.501     5.8325  42.715702  0.000e+00
     17.507     1.6813    30.1152    24.0804 3.4188e-01     0.1298      0.018    1450.56     73.503     5.8324  42.715702  0.000e+00
     17.507     1.6832    30.1153    24.0803 3.2967e-01     0.1298      0.015    1450.57     73.504     5.8322  42.715703  0.000e+00
     17.531     1.6841    30.1148    24.0799 3.4188e-01     0.1285      0.015    1450.57     73.507     5.8323  42.715703  0.000e+00
     17.567     1.6848    30.1146    24.0796 3.4188e-01     0.1285      0.015    1450.57     73.510     5.8324  42.715704  0.000e+00
     17.578     1.6850    30.1151    24.0801 3.2967e-01     0.1298      0.015    1450.57     73.513     5.8326  42.715704  0.000e+00
     17.602     1.6853    30.1152    24.0801 3.1746e-01     0.1298      0.015    1450.58     73.517     5.8329  42.715705  0.000e+00
     17.627     1.6848    30.1155    24.0804 3.1746e-01     0.1298      0.015    1450.58     73.457     5.8282  42.715705  0.000e+00
     17.649     1.6841    30.1161    24.0809 3.1746e-01     0.1298      0.015    1450.57     73.507     5.8322  42.715706  0.000e+00
     17.662     1.6832    30.1172    24.0819 3.2967e-01     0.1285      0.015    1450.57     73.512     5.8327  42.715706  0.000e+00
     17.698     1.6820    30.1185    24.0830 3.2967e-01     0.1285      0.018    1450.57     73.518     5.8333  42.715707  0.000e+00
     17.711     1.6812    30.1202    24.0844 3.2967e-01     0.1285      0.015    1450.57     73.524     5.8339  42.715707  0.000e+00
     17.722     1.6801    30.1217    24.0856 3.2967e-01     0.1298      0.018    1450.56     73.530     5.8345  42.715707  0.000e+00
     17.758     1.6791    30.1234    24.0870 3.2967e-01     0.1298      0.015    1450.56     73.537     5.8351  42.715708  0.000e+00
     17.769     1.6781    30.1246    24.0881 3.2967e-01     0.1285      0.018    1450.56     73.534     5.8350  42.715708  0.000e+00
     17.806     1.6770    30.1255    24.0889 3.1746e-01     0.1298      0.015    1450.56     73.542     5.8357  42.715709  0.000e+00
     17.818     1.6762    30.1268    24.0900 3.1746e-01     0.1285      0.018    1450.55     73.550     5.8364  42.715709  0.000e+00
     17.842     1.6754    30.1276    24.0906 3.1746e-01     0.1298      0.015    1450.55     73.558     5.8371  42.715710  0.000e+00
     17.853     1.6745    30.1283    24.0913 3.2967e-01     0.1298      0.015    1450.55     73.556     5.8371  42.715710  0.000e+00
     17.878     1.6740    30.1290    24.0919 3.2967e-01     0.1285      0.018    1450.55     73.564     5.8378  42.715711  0.000e+00
     17.900     1.6733    30.1293    24.0922 3.4188e-01     0.1285      0.015    1450.55     73.563     5.8378  42.715711  0.000e+00
     17.926     1.6728    30.1296    24.0924 3.4188e-01     0.1285      0.015    1450.55     73.572     5.8386  42.715712  0.000e+00
     17.949     1.6719    30.1305    24.0932 3.4188e-01     0.1298      0.015    1450.54     73.507     5.8335  42.715712  0.000e+00
     17.973     1.6714    30.1307    24.0934 3.5409e-01     0.1285      0.015    1450.54     73.507     5.8335  42.715713  0.000e+00
     17.985     1.6707    30.1314    24.0940 3.6630e-01     0.1285      0.015    1450.54     73.507     5.8337  42.715713  0.000e+00
     18.022     1.6700    30.1314    24.0941 3.5409e-01     0.1285      0.015    1450.54     73.509     5.8339  42.715714  0.000e+00
     18.033     1.6689    30.1318    24.0944 3.5409e-01     0.1285      0.015    1450.53     73.511     5.8342  42.715714  0.000e+00
     18.045     1.6674    30.1326    24.0952 3.6630e-01     0.1298      0.015    1450.53     73.505     5.8339  42.715715  0.000e+00
     18.082     1.6662    30.1329    24.0955 3.7851e-01     0.1285      0.015    1450.52     73.498     5.8336  42.715715  0.000e+00
     18.105     1.6652    30.1336    24.0961 3.6630e-01     0.1285      0.018    1450.52     73.492     5.8332  42.715716  0.000e+00
     18.118     1.6645    30.1340    24.0965 3.5409e-01     0.1285      0.018    1450.52     73.486     5.8328  42.715716  0.000e+00
     18.140     1.6632    30.1345    24.0969 3.4188e-01     0.1285      0.015    1450.51     73.481     5.8326  42.715717  0.000e+00
     18.165     1.6620    30.1349    24.0973 3.2967e-01     0.1298      0.018    1450.51     73.477     5.8324  42.715717  0.000e+00
     18.189     1.6602    30.1353    24.0978 3.2967e-01     0.1298      0.015    1450.50     73.472     5.8323  42.715718  0.000e+00
     18.213     1.6583    30.1354    24.0979 3.6630e-01     0.1285      0.018    1450.49     73.469     5.8323  42.715718  0.000e+00
     18.225     1.6556    30.1364    24.0989 3.9072e-01     0.1298      0.015    1450.48     73.465     5.8324  42.715719  0.000e+00
     18.249     1.6529    30.1373    24.0999 3.9072e-01     0.1285      0.015    1450.47     73.462     5.8325  42.715719  0.000e+00
     18.285     1.6509    30.1384    24.1008 3.5409e-01     0.1298      0.015    1450.46     73.395     5.8274  42.715720  0.000e+00
     18.296     1.6499    30.1390    24.1014 3.5409e-01     0.1285      0.015    1450.46     73.448     5.8318  42.715720  0.000e+00
     18.320     1.6494    30.1396    24.1019 3.6630e-01     0.1285      0.015    1450.46     73.447     5.8317  42.715720  0.000e+00
     18.345     1.6494    30.1394    24.1018 3.5409e-01     0.1285      0.015    1450.46     73.445     5.8316  42.715721  0.000e+00
