TØ-1_20190211_down.cnv
* Sea-Bird SBE 9 Data File:
* FileName = C:\CTD Brukere\NIVA\OKOKYST2019\20190211\TØ-1_20190211.hex
* Software Version Seasave V 7.23.2
* Temperature SN = 5352
* Conductivity SN = 3840
* Number of Bytes Per Scan = 28
* Number of Voltage Words = 4
* Number of Scans Averaged by the Deck Unit = 1
* NMEA baud rate = 4800
** Ship: R/V Trygve Braarud
** Cruise:
** Station:
** Operator:
# nquan = 12
# nvalues = 4682                                  
# units = specified
# name 0 = depSM: Depth [salt water, m], lat = 59.60
# name 1 = t090C: Temperature [ITS-90, deg C]
# name 2 = sal00: Salinity, Practical [PSU]
# name 3 = sigma-t00: Density [sigma-t, kg/m^3 ]
# name 4 = flSP: Fluorescence, Seapoint
# name 5 = wetStar: Fluorescence, WET Labs WETstar [mg/m^3]
# name 6 = seaTurbMtr: Turbidity, Seapoint [FTU]
# name 7 = svCM: Sound Velocity [Chen-Millero, m/s]
# name 8 = sbeox0PS: Oxygen, SBE 43 [% saturation]
# name 9 = sbeox0ML/L: Oxygen, SBE 43 [ml/l]
# name 10 = timeJ: Julian Days
# name 11 = flag:  0.000e+00
# span 0 =      0.096,     44.775                 
# span 1 =     1.3243,     7.2037                 
# span 2 =    27.8443,    33.7076                 
# span 3 =    22.2794,    26.3746                 
# span 4 = 1.9536e-01, 1.6239e+00                 
# span 5 =     0.1273,     0.1298                 
# span 6 =      0.011,      0.018                 
# span 7 =    1445.74,    1478.57                 
# span 8 =     58.568,     74.171                 
# span 9 =     3.9705,     5.9533                 
# span 10 =  42.714155,  42.716413                
# span 11 = 0.0000e+00, 0.0000e+00                
# interval = seconds: 0.0416667
# start_time = Feb 11 2019 17:08:23 [System UpLoad Time]
# bad_flag = -9.990e-29
*END*
[from data line 1083]
      0.168     1.3606    28.8290    23.0678 5.2503e-01     0.1285      0.015    1447.14     73.087     5.8995  42.714677  0.000e+00
      0.168     1.3612    28.8219    23.0621 4.8840e-01     0.1285      0.018    1447.14     73.081     5.8992  42.714678  0.000e+00
      0.180     1.3616    28.8237    23.0635 4.8840e-01     0.1285      0.015    1447.14     73.075     5.8986  42.714678  0.000e+00
      0.168     1.3612    28.8245    23.0642 4.7619e-01     0.1285      0.015    1447.14     73.134     5.9034  42.714679  0.000e+00
      0.168     1.3612    28.8223    23.0624 4.7619e-01     0.1285      0.015    1447.14     73.074     5.8987  42.714679  0.000e+00
      0.144     1.3612    28.8202    23.0607 4.6398e-01     0.1285      0.015    1447.13     73.069     5.8983  42.714680  0.000e+00
      0.217     1.3613    28.8195    23.0601 4.5177e-01     0.1298      0.015    1447.13     73.065     5.8980  42.714680  0.000e+00
      0.168     1.3613    28.8202    23.0607 4.5177e-01     0.1285      0.015    1447.13     73.061     5.8976  42.714681  0.000e+00
      0.168     1.3612    28.8179    23.0589 4.5177e-01     0.1285      0.015    1447.13     73.122     5.9027  42.714681  0.000e+00
      0.156     1.3607    28.8138    23.0556 4.8840e-01     0.1285      0.015    1447.12     73.063     5.8982  42.714682  0.000e+00
      0.181     1.3615    28.8094    23.0520 5.2503e-01     0.1285      0.015    1447.12     73.060     5.8980  42.714682  0.000e+00
      0.181     1.3616    28.8098    23.0523 5.2503e-01     0.1285      0.015    1447.12     73.057     5.8977  42.714683  0.000e+00
      0.168     1.3613    28.8142    23.0559 5.2503e-01     0.1285      0.015    1447.13     73.055     5.8974  42.714683  0.000e+00
      0.167     1.3610    28.8181    23.0591 5.2503e-01     0.1285      0.015    1447.13     73.053     5.8971  42.714684  0.000e+00
      0.168     1.3610    28.8206    23.0610 5.2503e-01     0.1285      0.015    1447.13     73.051     5.8969  42.714684  0.000e+00
      0.181     1.3608    28.8217    23.0619 5.4945e-01     0.1285      0.015    1447.13     73.050     5.8968  42.714685  0.000e+00
      0.168     1.3604    28.8213    23.0616 5.8608e-01     0.1285      0.015    1447.13     73.049     5.8968  42.714685  0.000e+00
      0.167     1.3606    28.8178    23.0588 6.3492e-01     0.1285      0.015    1447.13     73.049     5.8969  42.714686  0.000e+00
      0.168     1.3603    28.8126    23.0547 6.8376e-01     0.1298      0.015    1447.12     73.049     5.8971  42.714686  0.000e+00
      0.181     1.3601    28.8069    23.0501 7.3260e-01     0.1285      0.015    1447.11     73.049     5.8974  42.714687  0.000e+00
      0.168     1.3592    28.8112    23.0536 7.3260e-01     0.1285      0.015    1447.11     73.050     5.8975  42.714687  0.000e+00
      0.167     1.3595    28.8226    23.0628 6.9597e-01     0.1285      0.015    1447.13     73.051     5.8971  42.714687  0.000e+00
      0.168     1.3600    28.8305    23.0690 6.5934e-01     0.1273      0.015    1447.14     73.053     5.8968  42.714688  0.000e+00
      0.181     1.3612    28.8281    23.0670 6.2271e-01     0.1298      0.015    1447.14     73.045     5.8960  42.714688  0.000e+00
      0.168     1.3618    28.8170    23.0581 5.8608e-01     0.1285      0.015    1447.13     73.036     5.8957  42.714689  0.000e+00
      0.167     1.3624    28.8063    23.0495 5.7387e-01     0.1285      0.015    1447.12     73.028     5.8954  42.714689  0.000e+00
      0.168     1.3627    28.8006    23.0450 5.6166e-01     0.1285      0.015    1447.11     72.965     5.8905  42.714690  0.000e+00
      0.168     1.3636    28.7986    23.0433 5.3724e-01     0.1285      0.015    1447.12     73.023     5.8951  42.714690  0.000e+00
      0.168     1.3644    28.7994    23.0439 5.1282e-01     0.1285      0.015    1447.12     73.090     5.9004  42.714691  0.000e+00
      0.156     1.3655    28.7892    23.0356 5.0061e-01     0.1285      0.015    1447.11     73.038     5.8965  42.714691  0.000e+00
      0.193     1.3656    28.7704    23.0206 5.0061e-01     0.1273      0.015    1447.09     73.042     5.8975  42.714692  0.000e+00
      0.168     1.3658    28.7419    22.9977 5.4945e-01     0.1285      0.015    1447.05     73.046     5.8990  42.714692  0.000e+00
      0.168     1.3660    28.7220    22.9818 6.2271e-01     0.1285      0.015    1447.03     73.051     5.9001  42.714693  0.000e+00
      0.167     1.3661    28.7116    22.9734 6.5934e-01     0.1285      0.015    1447.01     73.055     5.9009  42.714693  0.000e+00
      0.168     1.3658    28.7078    22.9703 6.5934e-01     0.1285      0.015    1447.01     73.061     5.9016  42.714694  0.000e+00
      0.168     1.3653    28.7207    22.9808 6.4713e-01     0.1285      0.015    1447.02     73.056     5.9008  42.714694  0.000e+00
      0.168     1.3653    28.7488    23.0033 6.4713e-01     0.1285      0.015    1447.06     73.062     5.9001  42.714695  0.000e+00
      0.180     1.3644    28.7661    23.0172 6.5934e-01     0.1285      0.015    1447.08     73.069     5.9000  42.714695  0.000e+00
      0.168     1.3638    28.7400    22.9963 6.7155e-01     0.1285      0.015    1447.04     73.065     5.9009  42.714696  0.000e+00
      0.168     1.3632    28.7018    22.9657 6.9597e-01     0.1285      0.015    1446.99     73.072     5.9031  42.714696  0.000e+00
      0.168     1.3640    28.6852    22.9523 7.2039e-01     0.1298      0.015    1446.97     73.078     5.9042  42.714697  0.000e+00
      0.167     1.3647    28.6791    22.9474 7.5702e-01     0.1285      0.015    1446.96     73.075     5.9041  42.714697  0.000e+00
      0.168     1.3647    28.6755    22.9445 7.3260e-01     0.1285      0.015    1446.96     73.083     5.9048  42.714698  0.000e+00
      0.168     1.3648    28.6726    22.9421 6.8376e-01     0.1285      0.015    1446.96     73.091     5.9055  42.714698  0.000e+00
      0.168     1.3646    28.6698    22.9400 6.3492e-01     0.1285      0.015    1446.95     73.099     5.9064  42.714699  0.000e+00
      0.167     1.3648    28.6723    22.9419 5.8608e-01     0.1298      0.015    1446.96     73.107     5.9069  42.714699  0.000e+00
      0.168     1.3647    28.6810    22.9489 5.6166e-01     0.1285      0.015    1446.97     73.106     5.9065  42.714700  0.000e+00
      0.168     1.3646    28.6907    22.9567 5.3724e-01     0.1285      0.015    1446.98     73.115     5.9068  42.714700  0.000e+00
      0.168     1.3644    28.6986    22.9631 5.2503e-01     0.1285      0.015    1446.99     73.114     5.9065  42.714701  0.000e+00
      0.167     1.3647    28.7058    22.9688 5.1282e-01     0.1285      0.015    1447.00     73.113     5.9060  42.714701  0.000e+00
      0.157     1.3646    28.7093    22.9716 5.1282e-01     0.1285      0.015    1447.00     73.113     5.9059  42.714701  0.000e+00
      0.168     1.3644    28.7053    22.9684 5.1282e-01     0.1285      0.015    1447.00     73.112     5.9060  42.714702  0.000e+00
      0.157     1.3640    28.6923    22.9580 5.1282e-01     0.1285      0.015    1446.98     73.121     5.9074  42.714702  0.000e+00
      0.167     1.3641    28.6699    22.9401 5.1282e-01     0.1285      0.015    1446.95     73.121     5.9082  42.714703  0.000e+00
      0.157     1.3630    28.6498    22.9240 5.1282e-01     0.1285      0.015    1446.92     73.121     5.9092  42.714703  0.000e+00
      0.168     1.3633    28.6404    22.9164 5.1282e-01     0.1298      0.015    1446.91     73.120     5.9095  42.714704  0.000e+00
      0.168     1.3632    28.6422    22.9179 5.3724e-01     0.1285      0.015    1446.91     73.055     5.9042  42.714704  0.000e+00
      0.156     1.3633    28.6518    22.9256 5.6166e-01     0.1285      0.015    1446.92     73.120     5.9090  42.714705  0.000e+00
      0.168     1.3632    28.6641    22.9355 5.8608e-01     0.1298      0.015    1446.94     73.121     5.9086  42.714705  0.000e+00
      0.146     1.3633    28.6743    22.9436 6.1050e-01     0.1285      0.015    1446.95     73.056     5.9029  42.714706  0.000e+00
      0.168     1.3633    28.6813    22.9492 6.2271e-01     0.1298      0.015    1446.96     73.112     5.9072  42.714706  0.000e+00
      0.156     1.3635    28.6830    22.9506 6.2271e-01     0.1285      0.015    1446.96     73.113     5.9071  42.714707  0.000e+00
      0.157     1.3633    28.6813    22.9492 6.3492e-01     0.1285      0.015    1446.96     73.114     5.9073  42.714707  0.000e+00
      0.157     1.3636    28.6792    22.9475 6.1050e-01     0.1298      0.015    1446.96     73.050     5.9022  42.714708  0.000e+00
      0.157     1.3635    28.6792    22.9475 6.1050e-01     0.1285      0.015    1446.96     73.041     5.9015  42.714708  0.000e+00
      0.156     1.3635    28.6803    22.9484 6.2271e-01     0.1285      0.015    1446.96     73.098     5.9060  42.714709  0.000e+00
      0.157     1.3635    28.6819    22.9497 6.4713e-01     0.1285      0.015    1446.96     73.035     5.9009  42.714709  0.000e+00
      0.146     1.3636    28.6799    22.9481 6.8376e-01     0.1285      0.015    1446.96     73.091     5.9055  42.714710  0.000e+00
      0.168     1.3632    28.6775    22.9462 7.0818e-01     0.1285      0.015    1446.95     73.094     5.9059  42.714710  0.000e+00
      0.144     1.3633    28.6739    22.9433 7.3260e-01     0.1285      0.015    1446.95     73.096     5.9061  42.714711  0.000e+00
      0.157     1.3636    28.6671    22.9379 7.2039e-01     0.1273      0.015    1446.94     73.098     5.9065  42.714711  0.000e+00
      0.157     1.3637    28.6617    22.9335 6.9597e-01     0.1285      0.015    1446.94     73.035     5.9017  42.714712  0.000e+00
      0.157     1.3636    28.6597    22.9319 6.5934e-01     0.1285      0.015    1446.93     73.092     5.9064  42.714712  0.000e+00
      0.144     1.3632    28.6623    22.9340 6.2271e-01     0.1285      0.015    1446.93     73.095     5.9066  42.714713  0.000e+00
      0.157     1.3630    28.6706    22.9406 5.9829e-01     0.1285      0.015    1446.94     73.097     5.9065  42.714713  0.000e+00
      0.146     1.3633    28.6796    22.9479 5.8608e-01     0.1298      0.015    1446.96     73.025     5.9002  42.714714  0.000e+00
      0.157     1.3636    28.6838    22.9512 5.6166e-01     0.1285      0.015    1446.96     73.082     5.9046  42.714714  0.000e+00
      0.144     1.3636    28.6800    22.9482 5.6166e-01     0.1285      0.015    1446.96     73.095     5.9058  42.714715  0.000e+00
      0.146     1.3635    28.6740    22.9434 5.7387e-01     0.1285      0.015    1446.95     73.098     5.9063  42.714715  0.000e+00
      0.157     1.3635    28.6723    22.9420 5.6166e-01     0.1285      0.015    1446.95     73.101     5.9066  42.714715  0.000e+00
      0.146     1.3628    28.6702    22.9404 5.4945e-01     0.1298      0.015    1446.94     73.039     5.9018  42.714716  0.000e+00
      0.144     1.3628    28.6643    22.9356 5.4945e-01     0.1285      0.015    1446.94     73.032     5.9015  42.714716  0.000e+00
      0.146     1.3622    28.6567    22.9295 5.3724e-01     0.1285      0.015    1446.92     73.026     5.9014  42.714717  0.000e+00
      0.157     1.3622    28.6517    22.9255 5.3724e-01     0.1298      0.015    1446.92     73.085     5.9064  42.714717  0.000e+00
      0.133     1.3622    28.6501    22.9243 5.4945e-01     0.1285      0.015    1446.91     73.089     5.9067  42.714718  0.000e+00
      0.156     1.3618    28.6614    22.9334 5.4945e-01     0.1298      0.015    1446.93     73.094     5.9067  42.714718  0.000e+00
      0.146     1.3620    28.6898    22.9561 5.4945e-01     0.1285      0.015    1446.96     73.033     5.9006  42.714719  0.000e+00
      0.146     1.3633    28.7132    22.9748 5.3724e-01     0.1285      0.015    1447.00     73.092     5.9042  42.714719  0.000e+00
      0.146     1.3637    28.7166    22.9775 5.1282e-01     0.1285      0.015    1447.01     73.032     5.8991  42.714720  0.000e+00
      0.144     1.3641    28.6981    22.9626 4.8840e-01     0.1285      0.015    1446.99     73.091     5.9047  42.714720  0.000e+00
      0.157     1.3644    28.6781    22.9466 4.8840e-01     0.1273      0.015    1446.96     73.096     5.9058  42.714721  0.000e+00
      0.146     1.3640    28.6839    22.9512 5.4945e-01     0.1285      0.015    1446.97     73.036     5.9008  42.714721  0.000e+00
      0.146     1.3647    28.7038    22.9672 6.1050e-01     0.1285      0.015    1447.00     73.032     5.8995  42.714722  0.000e+00
      0.156     1.3650    28.7107    22.9727 5.9829e-01     0.1285      0.015    1447.01     73.028     5.8989  42.714722  0.000e+00
      0.133     1.3650    28.7047    22.9679 5.6166e-01     0.1285      0.015    1447.00     73.089     5.9040  42.714723  0.000e+00
      0.157     1.3646    28.6844    22.9516 5.3724e-01     0.1285      0.015    1446.97     73.030     5.9002  42.714723  0.000e+00
      0.131     1.3644    28.6731    22.9426 5.3724e-01     0.1285      0.015    1446.95     73.027     5.9004  42.714724  0.000e+00
      0.157     1.3640    28.6876    22.9542 5.3724e-01     0.1285      0.015    1446.97     73.024     5.8997  42.714724  0.000e+00
      0.146     1.3640    28.7081    22.9707 5.2503e-01     0.1285      0.015    1447.00     73.086     5.9039  42.714725  0.000e+00
      0.146     1.3632    28.7219    22.9818 5.2503e-01     0.1285      0.015    1447.01     73.029     5.8988  42.714725  0.000e+00
      0.156     1.3621    28.7300    22.9883 5.3724e-01     0.1298      0.015    1447.02     73.028     5.8985  42.714726  0.000e+00
      0.146     1.3607    28.7305    22.9888 5.3724e-01     0.1285      0.015    1447.01     73.026     5.8986  42.714726  0.000e+00
      0.157     1.3593    28.7221    22.9821 5.3724e-01     0.1285      0.015    1447.00     73.025     5.8991  42.714727  0.000e+00
      0.146     1.3598    28.6936    22.9593 5.2503e-01     0.1285      0.015    1446.96     73.024     5.9001  42.714727  0.000e+00
      0.156     1.3604    28.6575    22.9303 5.2503e-01     0.1285      0.015    1446.92     73.024     5.9014  42.714728  0.000e+00
      0.146     1.3610    28.6392    22.9156 5.2503e-01     0.1285      0.015    1446.89     73.013     5.9013  42.714728  0.000e+00
      0.157     1.3613    28.6428    22.9184 5.3724e-01     0.1285      0.015    1446.90     73.078     5.9063  42.714728  0.000e+00
      0.157     1.3612    28.6550    22.9283 5.4945e-01     0.1285      0.015    1446.92     73.023     5.9014  42.714729  0.000e+00
      0.156     1.3606    28.6607    22.9329 5.7387e-01     0.1285      0.015    1446.92     73.014     5.9005  42.714729  0.000e+00
      0.157     1.3602    28.6613    22.9334 6.1050e-01     0.1285      0.015    1446.92     73.014     5.9005  42.714730  0.000e+00
      0.168     1.3590    28.6729    22.9427 6.3492e-01     0.1285      0.015    1446.93     73.015     5.9003  42.714730  0.000e+00
      0.157     1.3584    28.6933    22.9591 6.2271e-01     0.1285      0.015    1446.95     73.017     5.8997  42.714731  0.000e+00
      0.156     1.3582    28.7147    22.9763 5.8608e-01     0.1285      0.015    1446.98     73.008     5.8982  42.714731  0.000e+00
      0.157     1.3581    28.7237    22.9835 5.4945e-01     0.1298      0.015    1446.99     73.000     5.8971  42.714732  0.000e+00
      0.157     1.3590    28.7035    22.9673 5.4945e-01     0.1285      0.015    1446.97     73.001     5.8979  42.714732  0.000e+00
      0.168     1.3602    28.6563    22.9293 5.3724e-01     0.1298      0.015    1446.91     72.993     5.8990  42.714733  0.000e+00
      0.156     1.3608    28.6187    22.8992 5.1282e-01     0.1285      0.015    1446.87     72.994     5.9006  42.714733  0.000e+00
      0.168     1.3613    28.6086    22.8910 4.8840e-01     0.1285      0.015    1446.86     72.997     5.9011  42.714734  0.000e+00
      0.157     1.3632    28.6433    22.9187 4.8840e-01     0.1285      0.015    1446.91     72.999     5.8996  42.714734  0.000e+00
      0.168     1.3652    28.7095    22.9718 5.0061e-01     0.1285      0.015    1447.01     73.002     5.8968  42.714735  0.000e+00
