TØ-1_20190211_down.cnv
* Sea-Bird SBE 9 Data File:
* FileName = C:\CTD Brukere\NIVA\OKOKYST2019\20190211\TØ-1_20190211.hex
* Software Version Seasave V 7.23.2
* Temperature SN = 5352
* Conductivity SN = 3840
* Number of Bytes Per Scan = 28
* Number of Voltage Words = 4
* Number of Scans Averaged by the Deck Unit = 1
* NMEA baud rate = 4800
** Ship: R/V Trygve Braarud
** Cruise:
** Station:
** Operator:
# nquan = 12
# nvalues = 4682                                  
# units = specified
# name 0 = depSM: Depth [salt water, m], lat = 59.60
# name 1 = t090C: Temperature [ITS-90, deg C]
# name 2 = sal00: Salinity, Practical [PSU]
# name 3 = sigma-t00: Density [sigma-t, kg/m^3 ]
# name 4 = flSP: Fluorescence, Seapoint
# name 5 = wetStar: Fluorescence, WET Labs WETstar [mg/m^3]
# name 6 = seaTurbMtr: Turbidity, Seapoint [FTU]
# name 7 = svCM: Sound Velocity [Chen-Millero, m/s]
# name 8 = sbeox0PS: Oxygen, SBE 43 [% saturation]
# name 9 = sbeox0ML/L: Oxygen, SBE 43 [ml/l]
# name 10 = timeJ: Julian Days
# name 11 = flag:  0.000e+00
# span 0 =      0.096,     44.775                 
# span 1 =     1.3243,     7.2037                 
# span 2 =    27.8443,    33.7076                 
# span 3 =    22.2794,    26.3746                 
# span 4 = 1.9536e-01, 1.6239e+00                 
# span 5 =     0.1273,     0.1298                 
# span 6 =      0.011,      0.018                 
# span 7 =    1445.74,    1478.57                 
# span 8 =     58.568,     74.171                 
# span 9 =     3.9705,     5.9533                 
# span 10 =  42.714155,  42.716413                
# span 11 = 0.0000e+00, 0.0000e+00                
# interval = seconds: 0.0416667
# start_time = Feb 11 2019 17:08:23 [System UpLoad Time]
# bad_flag = -9.990e-29
*END*
[from data line 4452]
     44.385     6.9854    33.6146    26.3295 3.0525e-01     0.1285      0.018    1477.60     66.803     4.5527  42.716302  0.000e+00
     44.409     6.9939    33.6225    26.3345 2.8083e-01     0.1298      0.015    1477.65     66.853     4.5550  42.716303  0.000e+00
     44.409     7.0007    33.6289    26.3386 2.5641e-01     0.1285      0.018    1477.68     66.851     4.5540  42.716303  0.000e+00
     44.426     7.0058    33.6374    26.3446 2.3199e-01     0.1298      0.015    1477.71     66.783     4.5485  42.716304  0.000e+00
     44.432     7.0168    33.6448    26.3490 2.3199e-01     0.1298      0.015    1477.76     66.771     4.5464  42.716304  0.000e+00
     44.432     7.0308    33.6505    26.3516 2.1978e-01     0.1285      0.015    1477.82     66.762     4.5441  42.716304  0.000e+00
     44.456     7.0448    33.6461    26.3462 2.1978e-01     0.1285      0.015    1477.87     66.756     4.5424  42.716305  0.000e+00
     44.469     7.0395    33.6444    26.3456 2.1978e-01     0.1285      0.018    1477.85     66.692     4.5386  42.716305  0.000e+00
     44.474     7.0312    33.6321    26.3370 2.1978e-01     0.1298      0.018    1477.80     66.678     4.5389  42.716306  0.000e+00
     44.492     7.0284    33.6088    26.3191 2.0757e-01     0.1298      0.015    1477.76     66.674     4.5396  42.716306  0.000e+00
     44.481     7.0253    33.6102    26.3206 2.0757e-01     0.1298      0.018    1477.75     66.665     4.5393  42.716307  0.000e+00
     44.517     7.0322    33.6291    26.3345 2.0757e-01     0.1285      0.015    1477.80     66.597     4.5334  42.716307  0.000e+00
     44.517     7.0466    33.6435    26.3439 2.0757e-01     0.1285      0.018    1477.88     66.586     4.5307  42.716308  0.000e+00
     44.492     7.0584    33.6536    26.3502 2.0757e-01     0.1285      0.015    1477.94     66.578     4.5286  42.716308  0.000e+00
     44.582     7.0698    33.6541    26.3491 2.0757e-01     0.1298      0.015    1477.98     66.574     4.5271  42.716309  0.000e+00
     44.541     7.0756    33.6526    26.3470 2.0757e-01     0.1298      0.015    1478.00     66.572     4.5265  42.716309  0.000e+00
     44.565     7.0796    33.6548    26.3482 2.0757e-01     0.1298      0.018    1478.02     66.574     4.5261  42.716310  0.000e+00
     44.577     7.0861    33.6590    26.3507 2.0757e-01     0.1298      0.018    1478.05     66.579     4.5257  42.716310  0.000e+00
     44.582     7.0949    33.6636    26.3531 2.0757e-01     0.1298      0.015    1478.09     66.525     4.5210  42.716311  0.000e+00
     44.601     7.1026    33.6672    26.3549 2.0757e-01     0.1298      0.015    1478.13     66.521     4.5198  42.716311  0.000e+00
     44.601     7.1064    33.6736    26.3594 2.1978e-01     0.1298      0.018    1478.15     66.521     4.5192  42.716312  0.000e+00
     44.625     7.1110    33.6752    26.3600 2.1978e-01     0.1298      0.018    1478.17     66.524     4.5189  42.716312  0.000e+00
     44.625     7.1170    33.6703    26.3553 2.0757e-01     0.1285      0.018    1478.19     66.529     4.5188  42.716313  0.000e+00
     44.642     7.1201    33.6659    26.3514 2.0757e-01     0.1298      0.015    1478.19     66.469     4.5144  42.716313  0.000e+00
     44.650     7.1227    33.6624    26.3484 2.0757e-01     0.1298      0.015    1478.20     66.465     4.5141  42.716314  0.000e+00
     44.673     7.1239    33.6636    26.3491 2.0757e-01     0.1298      0.018    1478.20     66.473     4.5144  42.716314  0.000e+00
     44.661     7.1273    33.6673    26.3515 2.1978e-01     0.1285      0.018    1478.22     66.538     4.5184  42.716315  0.000e+00
     44.637     7.1326    33.6663    26.3500 2.0757e-01     0.1285      0.018    1478.24     66.490     4.5146  42.716315  0.000e+00
     44.655     7.1367    33.6618    26.3459 2.0757e-01     0.1285      0.015    1478.25     66.499     4.5149  42.716316  0.000e+00
     44.673     7.1284    33.6584    26.3444 2.0757e-01     0.1285      0.018    1478.22     66.450     4.5126  42.716316  0.000e+00
     44.673     7.1160    33.6561    26.3443 2.0757e-01     0.1285      0.018    1478.16     66.459     4.5145  42.716317  0.000e+00
     44.697     7.1127    33.6506    26.3404 2.0757e-01     0.1298      0.018    1478.15     66.464     4.5153  42.716317  0.000e+00
     44.690     7.1132    33.6513    26.3409 2.0757e-01     0.1285      0.018    1478.15     66.471     4.5158  42.716318  0.000e+00
     44.710     7.1141    33.6513    26.3408 2.0757e-01     0.1285      0.018    1478.15     66.357     4.5079  42.716318  0.000e+00
     44.697     7.1048    33.6565    26.3462 2.0757e-01     0.1298      0.015    1478.12     66.349     4.5082  42.716318  0.000e+00
     44.673     7.1013    33.6554    26.3458 2.0757e-01     0.1298      0.015    1478.11     66.351     4.5087  42.716319  0.000e+00
     44.661     7.0991    33.6547    26.3455 2.0757e-01     0.1285      0.015    1478.10     66.350     4.5089  42.716319  0.000e+00
     44.679     7.0995    33.6532    26.3442 2.0757e-01     0.1285      0.018    1478.10     66.290     4.5048  42.716320  0.000e+00
     44.686     7.0995    33.6528    26.3439 2.0757e-01     0.1298      0.015    1478.10     66.280     4.5042  42.716320  0.000e+00
     44.697     7.0997    33.6491    26.3410 2.0757e-01     0.1285      0.018    1478.09     66.274     4.5038  42.716321  0.000e+00
     44.686     7.1002    33.6466    26.3390 2.1978e-01     0.1285      0.018    1478.09     66.209     4.4994  42.716321  0.000e+00
     44.697     7.1039    33.6455    26.3376 2.1978e-01     0.1285      0.015    1478.11     66.194     4.4981  42.716322  0.000e+00
     44.690     7.1106    33.6416    26.3336 2.1978e-01     0.1298      0.018    1478.13     66.129     4.4931  42.716322  0.000e+00
     44.686     7.1099    33.6416    26.3337 2.1978e-01     0.1298      0.015    1478.12     66.114     4.4922  42.716323  0.000e+00
     44.673     7.1078    33.6469    26.3382 2.1978e-01     0.1298      0.015    1478.12     66.042     4.4873  42.716323  0.000e+00
     44.673     7.1072    33.6526    26.3428 2.3199e-01     0.1298      0.015    1478.13     66.028     4.4862  42.716324  0.000e+00
     44.690     7.1051    33.6563    26.3459 2.4420e-01     0.1285      0.015    1478.12     66.010     4.4851  42.716324  0.000e+00
     44.697     7.1103    33.6543    26.3437 2.3199e-01     0.1285      0.018    1478.14     65.941     4.4800  42.716325  0.000e+00
     44.710     7.1156    33.6502    26.3397 2.3199e-01     0.1285      0.018    1478.16     65.924     4.4784  42.716325  0.000e+00
     44.686     7.1135    33.6441    26.3352 2.1978e-01     0.1298      0.015    1478.14     65.779     4.4689  42.716326  0.000e+00
     44.697     7.1043    33.6406    26.3337 2.1978e-01     0.1285      0.018    1478.10     65.755     4.4684  42.716326  0.000e+00
     44.690     7.0928    33.6423    26.3366 2.1978e-01     0.1298      0.018    1478.06     65.737     4.4682  42.716327  0.000e+00
     44.686     7.0873    33.6479    26.3417 2.1978e-01     0.1298      0.018    1478.04     65.653     4.4629  42.716327  0.000e+00
     44.697     7.0898    33.6523    26.3449 2.3199e-01     0.1298      0.015    1478.06     65.627     4.4608  42.716328  0.000e+00
     44.686     7.0951    33.6520    26.3440 2.4420e-01     0.1298      0.015    1478.08     65.545     4.4547  42.716328  0.000e+00
     44.715     7.0983    33.6508    26.3426 2.4420e-01     0.1298      0.015    1478.09     65.460     4.4486  42.716329  0.000e+00
     44.697     7.0957    33.6565    26.3474 2.3199e-01     0.1285      0.018    1478.09     65.427     4.4464  42.716329  0.000e+00
     44.710     7.0959    33.6615    26.3513 2.3199e-01     0.1285      0.018    1478.09     65.337     4.4402  42.716330  0.000e+00
     44.697     7.1005    33.6648    26.3533 2.3199e-01     0.1285      0.018    1478.12     65.306     4.4375  42.716330  0.000e+00
     44.710     7.1070    33.6690    26.3557 2.3199e-01     0.1298      0.015    1478.15     65.219     4.4308  42.716331  0.000e+00
     44.690     7.1144    33.6734    26.3581 2.3199e-01     0.1285      0.018    1478.18     65.185     4.4276  42.716331  0.000e+00
     44.697     7.1209    33.6772    26.3602 2.1978e-01     0.1298      0.018    1478.21     65.093     4.4206  42.716332  0.000e+00
     44.697     7.1317    33.6749    26.3569 2.1978e-01     0.1285      0.018    1478.25     65.000     4.4133  42.716332  0.000e+00
     44.710     7.1416    33.6684    26.3505 2.1978e-01     0.1285      0.015    1478.28     64.905     4.4060  42.716332  0.000e+00
     44.721     7.1457    33.6630    26.3457 2.1978e-01     0.1285      0.018    1478.29     64.809     4.3992  42.716333  0.000e+00
     44.702     7.1429    33.6636    26.3465 2.1978e-01     0.1285      0.015    1478.28     64.712     4.3929  42.716333  0.000e+00
     44.721     7.1420    33.6653    26.3480 2.1978e-01     0.1285      0.018    1478.28     64.677     4.3906  42.716334  0.000e+00
     44.697     7.1436    33.6705    26.3519 2.1978e-01     0.1298      0.018    1478.29     64.578     4.3836  42.716334  0.000e+00
     44.710     7.1487    33.6748    26.3545 2.1978e-01     0.1285      0.018    1478.32     64.479     4.3762  42.716335  0.000e+00
     44.702     7.1516    33.6776    26.3563 2.0757e-01     0.1298      0.015    1478.33     64.442     4.3733  42.716335  0.000e+00
     44.710     7.1514    33.6766    26.3555 2.1978e-01     0.1285      0.018    1478.33     64.350     4.3671  42.716336  0.000e+00
     44.721     7.1500    33.6774    26.3564 2.0757e-01     0.1285      0.018    1478.32     64.258     4.3610  42.716336  0.000e+00
     44.721     7.1549    33.6774    26.3557 2.1978e-01     0.1298      0.018    1478.34     64.158     4.3537  42.716337  0.000e+00
     44.721     7.1613    33.6780    26.3553 2.1978e-01     0.1298      0.015    1478.37     64.183     4.3548  42.716337  0.000e+00
     44.715     7.1629    33.6792    26.3560 2.1978e-01     0.1298      0.015    1478.38     64.037     4.3446  42.716338  0.000e+00
     44.710     7.1613    33.6837    26.3598 2.1978e-01     0.1298      0.015    1478.38     63.953     4.3390  42.716338  0.000e+00
     44.721     7.1643    33.6849    26.3603 2.1978e-01     0.1285      0.018    1478.39     63.926     4.3368  42.716339  0.000e+00
     44.721     7.1669    33.6867    26.3614 2.1978e-01     0.1298      0.015    1478.40     63.782     4.3267  42.716339  0.000e+00
     44.715     7.1666    33.6890    26.3632 2.1978e-01     0.1285      0.018    1478.40     63.749     4.3245  42.716340  0.000e+00
     44.721     7.1695    33.6861    26.3606 2.1978e-01     0.1298      0.018    1478.41     63.662     4.3184  42.716340  0.000e+00
     44.721     7.1710    33.6830    26.3579 2.1978e-01     0.1285      0.018    1478.41     63.578     4.3126  42.716341  0.000e+00
     44.733     7.1720    33.6825    26.3574 2.1978e-01     0.1285      0.015    1478.42     63.557     4.3111  42.716341  0.000e+00
     44.710     7.1717    33.6858    26.3600 2.3199e-01     0.1298      0.018    1478.42     63.405     4.3007  42.716342  0.000e+00
     44.726     7.1750    33.6785    26.3538 2.1978e-01     0.1298      0.015    1478.42     63.311     4.2942  42.716342  0.000e+00
     44.721     7.1723    33.6736    26.3503 2.1978e-01     0.1285      0.018    1478.41     63.280     4.2925  42.716343  0.000e+00
     44.721     7.1656    33.6816    26.3575 2.0757e-01     0.1285      0.015    1478.39     63.197     4.2873  42.716343  0.000e+00
     44.721     7.1647    33.6904    26.3646 2.0757e-01     0.1298      0.015    1478.40     63.108     4.2812  42.716344  0.000e+00
     44.726     7.1703    33.6952    26.3676 2.0757e-01     0.1285      0.018    1478.42     63.023     4.2747  42.716344  0.000e+00
     44.721     7.1760    33.6978    26.3689 2.0757e-01     0.1285      0.018    1478.45     62.940     4.2684  42.716345  0.000e+00
     44.733     7.1810    33.6986    26.3688 2.0757e-01     0.1285      0.018    1478.47     62.852     4.2620  42.716345  0.000e+00
     44.733     7.1866    33.6966    26.3665 2.0757e-01     0.1285      0.018    1478.49     62.768     4.2558  42.716345  0.000e+00
     44.721     7.1910    33.6945    26.3641 2.0757e-01     0.1285      0.015    1478.50     62.679     4.2494  42.716346  0.000e+00
     44.715     7.1940    33.6927    26.3623 2.0757e-01     0.1285      0.018    1478.51     62.594     4.2433  42.716346  0.000e+00
     44.733     7.1951    33.6919    26.3615 2.0757e-01     0.1285      0.015    1478.52     62.504     4.2372  42.716347  0.000e+00
     44.733     7.1950    33.6929    26.3623 2.1978e-01     0.1285      0.018    1478.52     62.418     4.2314  42.716347  0.000e+00
     44.733     7.1950    33.6934    26.3627 2.1978e-01     0.1285      0.015    1478.52     62.337     4.2258  42.716348  0.000e+00
     44.726     7.1953    33.6941    26.3633 2.1978e-01     0.1285      0.015    1478.52     62.251     4.2200  42.716348  0.000e+00
     44.733     7.1953    33.6949    26.3639 2.1978e-01     0.1298      0.018    1478.52     62.171     4.2145  42.716349  0.000e+00
     44.721     7.1954    33.6949    26.3639 2.3199e-01     0.1285      0.015    1478.52     62.079     4.2082  42.716349  0.000e+00
     44.733     7.1958    33.6951    26.3640 2.3199e-01     0.1285      0.015    1478.52     61.992     4.2023  42.716350  0.000e+00
     44.721     7.1971    33.6947    26.3635 2.3199e-01     0.1285      0.018    1478.53     61.909     4.1966  42.716350  0.000e+00
     44.726     7.1979    33.6947    26.3634 2.4420e-01     0.1298      0.015    1478.53     61.886     4.1949  42.716351  0.000e+00
     44.721     7.1983    33.6932    26.3622 2.4420e-01     0.1298      0.018    1478.53     61.750     4.1857  42.716351  0.000e+00
     44.746     7.1974    33.6939    26.3628 2.4420e-01     0.1285      0.015    1478.53     61.729     4.1844  42.716352  0.000e+00
     44.721     7.1961    33.6955    26.3642 2.3199e-01     0.1298      0.015    1478.52     61.588     4.1749  42.716352  0.000e+00
     44.726     7.1954    33.6960    26.3647 2.3199e-01     0.1298      0.018    1478.52     61.508     4.1695  42.716353  0.000e+00
     44.733     7.1958    33.6959    26.3646 2.3199e-01     0.1298      0.015    1478.52     61.487     4.1680  42.716353  0.000e+00
     44.721     7.1962    33.6954    26.3641 2.1978e-01     0.1298      0.015    1478.53     61.417     4.1633  42.716354  0.000e+00
     44.721     7.1958    33.6949    26.3638 2.1978e-01     0.1285      0.015    1478.52     61.344     4.1584  42.716354  0.000e+00
     44.721     7.1948    33.6950    26.3641 2.1978e-01     0.1298      0.018    1478.52     61.278     4.1540  42.716355  0.000e+00
     44.739     7.1936    33.6957    26.3648 2.1978e-01     0.1298      0.015    1478.52     61.209     4.1494  42.716355  0.000e+00
     44.721     7.1926    33.6972    26.3661 2.1978e-01     0.1285      0.015    1478.51     61.200     4.1489  42.716356  0.000e+00
     44.721     7.1926    33.6982    26.3668 2.3199e-01     0.1285      0.015    1478.51     61.073     4.1402  42.716356  0.000e+00
     44.733     7.1939    33.6966    26.3655 2.4420e-01     0.1298      0.018    1478.52     61.061     4.1393  42.716357  0.000e+00
     44.697     7.1937    33.6981    26.3666 2.6862e-01     0.1298      0.018    1478.52     60.991     4.1346  42.716357  0.000e+00
     44.739     7.1951    33.6990    26.3671 2.8083e-01     0.1285      0.015    1478.53     60.928     4.1302  42.716358  0.000e+00
     44.710     7.1972    33.6997    26.3674 2.8083e-01     0.1298      0.015    1478.53     60.863     4.1255  42.716358  0.000e+00
     44.733     7.1985    33.7000    26.3674 2.6862e-01     0.1298      0.018    1478.54     60.796     4.1208  42.716359  0.000e+00
     44.710     7.2004    33.7001    26.3673 2.4420e-01     0.1285      0.015    1478.55     60.734     4.1165  42.716359  0.000e+00
