VT10_20190211_down.cnv
* Sea-Bird SBE 9 Data File:
* FileName = C:\CTD Brukere\NIVA\OKOKYST2019\20190211\VT10_20190211.hex
* Software Version Seasave V 7.23.2
* Temperature SN = 5352
* Conductivity SN = 3840
* Number of Bytes Per Scan = 28
* Number of Voltage Words = 4
* Number of Scans Averaged by the Deck Unit = 1
* NMEA baud rate = 4800
** Ship: R/V Trygve Braarud
** Cruise:
** Station:
** Operator:
# nquan = 12
# nvalues = 9191                                  
# units = specified
# name 0 = depSM: Depth [salt water, m], lat = 59.60
# name 1 = t090C: Temperature [ITS-90, deg C]
# name 2 = sal00: Salinity, Practical [PSU]
# name 3 = sigma-t00: Density [sigma-t, kg/m^3 ]
# name 4 = flSP: Fluorescence, Seapoint
# name 5 = wetStar: Fluorescence, WET Labs WETstar [mg/m^3]
# name 6 = seaTurbMtr: Turbidity, Seapoint [FTU]
# name 7 = svCM: Sound Velocity [Chen-Millero, m/s]
# name 8 = sbeox0PS: Oxygen, SBE 43 [% saturation]
# name 9 = sbeox0ML/L: Oxygen, SBE 43 [ml/l]
# name 10 = timeJ: Julian Days
# name 11 = flag:  0.000e+00
# span 0 =      0.095,    196.808                 
# span 1 =     1.9411,     9.0215                 
# span 2 =    27.3669,    34.8631                 
# span 3 =    21.8648,    27.2885                 
# span 4 = 1.3431e-01, 7.8144e-01                 
# span 5 =     0.1249,     0.1310                 
# span 6 =      0.015,      0.018                 
# span 7 =    1447.85,    1487.40                 
# span 8 =     42.368,     74.451                 
# span 9 =     2.8522,     5.9137                 
# span 10 =  42.520799,  42.525231                
# span 11 = 0.0000e+00, 0.0000e+00                
# interval = seconds: 0.0416667
# start_time = Feb 11 2019 12:29:57 [System UpLoad Time]
# bad_flag = -9.990e-29
*END*
[from data line 963]
     16.762     2.3310    29.6628    23.6761 4.1514e-01     0.1273      0.015    1452.83     74.099     5.8014  42.521263  0.000e+00
     16.799     2.3310    29.6685    23.6806 4.1514e-01     0.1261      0.015    1452.84     74.039     5.7965  42.521264  0.000e+00
     16.809     2.3307    29.6743    23.6853 4.0293e-01     0.1261      0.015    1452.85     74.035     5.7959  42.521264  0.000e+00
     16.835     2.3306    29.6784    23.6886 3.9072e-01     0.1261      0.015    1452.85     74.086     5.7998  42.521264  0.000e+00
     16.869     2.3292    29.6810    23.6908 3.9072e-01     0.1273      0.018    1452.85     74.092     5.8004  42.521265  0.000e+00
     16.882     2.3308    29.6785    23.6886 3.6630e-01     0.1261      0.018    1452.86     74.033     5.7956  42.521265  0.000e+00
     16.893     2.3329    29.6743    23.6851 3.6630e-01     0.1273      0.018    1452.86     74.030     5.7953  42.521266  0.000e+00
     16.929     2.3338    29.6716    23.6829 3.9072e-01     0.1261      0.018    1452.86     74.028     5.7951  42.521266  0.000e+00
     16.955     2.3341    29.6700    23.6816 4.0293e-01     0.1273      0.015    1452.86     74.027     5.7950  42.521267  0.000e+00
     16.978     2.3331    29.6708    23.6823 3.9072e-01     0.1273      0.015    1452.86     74.027     5.7951  42.521267  0.000e+00
     16.991     2.3323    29.6719    23.6833 3.9072e-01     0.1273      0.015    1452.86     74.092     5.8003  42.521268  0.000e+00
     17.000     2.3315    29.6731    23.6843 3.6630e-01     0.1261      0.015    1452.85     74.103     5.8012  42.521268  0.000e+00
     17.026     2.3318    29.6730    23.6842 3.6630e-01     0.1273      0.018    1452.85     74.114     5.8020  42.521269  0.000e+00
     17.060     2.3307    29.6744    23.6854 3.6630e-01     0.1261      0.015    1452.85     74.125     5.8030  42.521269  0.000e+00
     17.073     2.3306    29.6741    23.6851 3.5409e-01     0.1273      0.015    1452.85     74.072     5.7989  42.521270  0.000e+00
     17.098     2.3302    29.6738    23.6849 3.5409e-01     0.1261      0.015    1452.85     74.075     5.7992  42.521270  0.000e+00
     17.120     2.3282    29.6752    23.6861 3.6630e-01     0.1261      0.015    1452.84     74.080     5.7998  42.521271  0.000e+00
     17.146     2.3259    29.6770    23.6877 3.6630e-01     0.1261      0.018    1452.84     74.149     5.8055  42.521271  0.000e+00
     17.169     2.3248    29.6776    23.6883 3.5409e-01     0.1273      0.018    1452.83     74.154     5.8060  42.521272  0.000e+00
     17.182     2.3230    29.6790    23.6896 3.6630e-01     0.1273      0.018    1452.83     74.094     5.8015  42.521272  0.000e+00
     17.205     2.3201    29.6812    23.6915 3.6630e-01     0.1261      0.015    1452.82     74.090     5.8016  42.521273  0.000e+00
     17.229     2.3166    29.6840    23.6940 3.6630e-01     0.1261      0.018    1452.81     74.151     5.8067  42.521273  0.000e+00
     17.253     2.3097    29.6904    23.6996 3.5409e-01     0.1261      0.018    1452.78     74.104     5.8038  42.521274  0.000e+00
     17.277     2.3024    29.6969    23.7053 3.5409e-01     0.1273      0.015    1452.76     74.166     5.8095  42.521274  0.000e+00
     17.289     2.2986    29.6998    23.7078 3.4188e-01     0.1261      0.018    1452.75     74.109     5.8054  42.521275  0.000e+00
     17.337     2.2979    29.6987    23.7070 3.4188e-01     0.1273      0.015    1452.74     74.106     5.8054  42.521275  0.000e+00
     17.336     2.2985    29.6971    23.7057 3.5409e-01     0.1261      0.015    1452.74     74.103     5.8051  42.521276  0.000e+00
     17.324     2.2988    29.6966    23.7053 3.5409e-01     0.1273      0.018    1452.75     74.175     5.8107  42.521276  0.000e+00
     17.422     2.2992    29.6969    23.7055 3.5409e-01     0.1261      0.015    1452.75     74.183     5.8113  42.521277  0.000e+00
     17.431     2.2996    29.6972    23.7057 3.7851e-01     0.1273      0.015    1452.75     74.127     5.8068  42.521277  0.000e+00
     17.433     2.2973    29.6991    23.7074 3.7851e-01     0.1261      0.018    1452.74     74.190     5.8120  42.521277  0.000e+00
     17.456     2.2942    29.7010    23.7091 3.6630e-01     0.1261      0.015    1452.73     74.199     5.8131  42.521278  0.000e+00
     17.480     2.2942    29.7006    23.7088 3.6630e-01     0.1273      0.015    1452.73     74.142     5.8087  42.521278  0.000e+00
     17.504     2.2934    29.7014    23.7095 3.5409e-01     0.1273      0.015    1452.73     74.142     5.8087  42.521279  0.000e+00
     17.529     2.2925    29.7023    23.7103 3.5409e-01     0.1273      0.015    1452.73     74.206     5.8138  42.521279  0.000e+00
     17.551     2.2943    29.7008    23.7089 3.6630e-01     0.1261      0.018    1452.73     74.214     5.8143  42.521280  0.000e+00
     17.576     2.2963    29.6984    23.7069 3.7851e-01     0.1261      0.018    1452.74     74.158     5.8097  42.521280  0.000e+00
     17.611     2.2970    29.6980    23.7065 3.9072e-01     0.1261      0.015    1452.74     74.158     5.8096  42.521281  0.000e+00
     17.624     2.2965    29.6985    23.7070 3.7851e-01     0.1261      0.015    1452.74     74.223     5.8147  42.521281  0.000e+00
     17.647     2.2963    29.6981    23.7066 3.7851e-01     0.1273      0.015    1452.74     74.168     5.8105  42.521282  0.000e+00
     17.660     2.2959    29.6980    23.7066 3.7851e-01     0.1261      0.018    1452.74     74.159     5.8098  42.521282  0.000e+00
     17.696     2.2954    29.6979    23.7065 3.6630e-01     0.1261      0.015    1452.74     74.150     5.8092  42.521283  0.000e+00
     17.720     2.2948    29.6982    23.7068 3.6630e-01     0.1261      0.018    1452.74     74.150     5.8093  42.521283  0.000e+00
     17.743     2.2945    29.6980    23.7067 3.7851e-01     0.1261      0.015    1452.74     74.206     5.8137  42.521284  0.000e+00
     17.755     2.2925    29.6993    23.7079 3.6630e-01     0.1261      0.018    1452.73     74.152     5.8097  42.521284  0.000e+00
     17.791     2.2890    29.7027    23.7108 3.5409e-01     0.1261      0.015    1452.72     74.218     5.8153  42.521285  0.000e+00
     17.815     2.2865    29.7049    23.7128 3.5409e-01     0.1273      0.018    1452.71     74.229     5.8165  42.521285  0.000e+00
     17.840     2.2888    29.7031    23.7111 3.4188e-01     0.1261      0.018    1452.72     74.239     5.8170  42.521286  0.000e+00
     17.851     2.2903    29.7013    23.7096 3.4188e-01     0.1261      0.018    1452.72     74.249     5.8176  42.521286  0.000e+00
     17.875     2.2907    29.7004    23.7089 3.4188e-01     0.1261      0.018    1452.72     74.260     5.8184  42.521287  0.000e+00
     17.911     2.2903    29.7005    23.7090 3.6630e-01     0.1261      0.018    1452.72     74.196     5.8135  42.521287  0.000e+00
     17.935     2.2907    29.6997    23.7083 3.9072e-01     0.1261      0.015    1452.72     74.252     5.8178  42.521288  0.000e+00
     17.947     2.2901    29.6999    23.7085 3.7851e-01     0.1273      0.015    1452.72     74.262     5.8187  42.521288  0.000e+00
     17.960     2.2894    29.7010    23.7094 3.6630e-01     0.1261      0.018    1452.72     74.272     5.8195  42.521289  0.000e+00
     17.995     2.2882    29.7017    23.7100 3.5409e-01     0.1261      0.018    1452.72     74.272     5.8197  42.521289  0.000e+00
     18.031     2.2863    29.7034    23.7116 3.5409e-01     0.1273      0.018    1452.71     74.273     5.8199  42.521290  0.000e+00
     18.031     2.2868    29.7041    23.7121 3.5409e-01     0.1261      0.015    1452.71     74.272     5.8198  42.521290  0.000e+00
     18.067     2.2876    29.7033    23.7114 3.5409e-01     0.1273      0.015    1452.72     74.271     5.8196  42.521291  0.000e+00
     18.091     2.2879    29.7029    23.7111 3.5409e-01     0.1261      0.015    1452.72     74.270     5.8195  42.521291  0.000e+00
     18.102     2.2880    29.7021    23.7104 3.9072e-01     0.1261      0.015    1452.72     74.277     5.8201  42.521291  0.000e+00
     18.138     2.2873    29.7029    23.7111 4.1514e-01     0.1273      0.018    1452.72     74.286     5.8208  42.521292  0.000e+00
     18.151     2.2868    29.7036    23.7117 4.0293e-01     0.1273      0.015    1452.72     74.294     5.8215  42.521292  0.000e+00
     18.187     2.2866    29.7036    23.7117 3.9072e-01     0.1273      0.018    1452.71     74.302     5.8222  42.521293  0.000e+00
     18.209     2.2859    29.7042    23.7123 3.7851e-01     0.1261      0.015    1452.71     74.301     5.8222  42.521293  0.000e+00
     18.222     2.2859    29.7046    23.7125 3.5409e-01     0.1273      0.015    1452.71     74.298     5.8220  42.521294  0.000e+00
     18.258     2.2859    29.7041    23.7121 3.9072e-01     0.1261      0.018    1452.71     74.296     5.8218  42.521294  0.000e+00
     18.271     2.2859    29.7041    23.7121 3.9072e-01     0.1261      0.015    1452.71     74.303     5.8223  42.521295  0.000e+00
     18.294     2.2860    29.7042    23.7123 3.9072e-01     0.1273      0.015    1452.71     74.310     5.8228  42.521295  0.000e+00
     18.318     2.2862    29.7047    23.7127 3.7851e-01     0.1273      0.015    1452.72     74.307     5.8226  42.521296  0.000e+00
     18.342     2.2845    29.7066    23.7142 3.6630e-01     0.1261      0.018    1452.71     74.304     5.8225  42.521296  0.000e+00
     18.378     2.2828    29.7084    23.7158 3.9072e-01     0.1261      0.018    1452.71     74.310     5.8232  42.521297  0.000e+00
     18.378     2.2820    29.7096    23.7168 4.0293e-01     0.1261      0.018    1452.71     74.307     5.8230  42.521297  0.000e+00
     18.413     2.2823    29.7094    23.7166 3.7851e-01     0.1261      0.018    1452.71     74.312     5.8234  42.521298  0.000e+00
     18.449     2.2825    29.7094    23.7166 3.7851e-01     0.1261      0.015    1452.71     74.308     5.8231  42.521298  0.000e+00
     18.449     2.2831    29.7084    23.7158 3.9072e-01     0.1261      0.018    1452.71     74.304     5.8226  42.521299  0.000e+00
     18.485     2.2838    29.7077    23.7152 3.9072e-01     0.1273      0.018    1452.71     74.299     5.8222  42.521299  0.000e+00
     18.498     2.2847    29.7078    23.7152 3.9072e-01     0.1273      0.015    1452.72     74.303     5.8224  42.521300  0.000e+00
     18.533     2.2853    29.7084    23.7156 3.7851e-01     0.1261      0.015    1452.72     74.307     5.8226  42.521300  0.000e+00
     18.545     2.2857    29.7083    23.7155 3.6630e-01     0.1261      0.018    1452.72     74.302     5.8221  42.521301  0.000e+00
     18.582     2.2856    29.7084    23.7156 3.5409e-01     0.1273      0.018    1452.72     74.242     5.8174  42.521301  0.000e+00
     18.593     2.2859    29.7079    23.7152 3.4188e-01     0.1273      0.015    1452.72     74.237     5.8170  42.521302  0.000e+00
     18.629     2.2865    29.7081    23.7153 3.4188e-01     0.1273      0.018    1452.73     74.223     5.8158  42.521302  0.000e+00
     18.640     2.2876    29.7073    23.7146 3.5409e-01     0.1273      0.015    1452.73     74.272     5.8196  42.521303  0.000e+00
     18.665     2.2882    29.7070    23.7143 3.5409e-01     0.1273      0.018    1452.73     74.212     5.8148  42.521303  0.000e+00
     18.700     2.2886    29.7065    23.7139 3.5409e-01     0.1273      0.015    1452.74     74.208     5.8144  42.521304  0.000e+00
     18.700     2.2889    29.7066    23.7140 3.6630e-01     0.1273      0.015    1452.74     74.194     5.8132  42.521304  0.000e+00
     18.738     2.2888    29.7072    23.7144 3.9072e-01     0.1261      0.015    1452.74     74.244     5.8172  42.521304  0.000e+00
     18.760     2.2893    29.7070    23.7143 3.9072e-01     0.1261      0.018    1452.74     74.185     5.8125  42.521305  0.000e+00
     18.785     2.2898    29.7073    23.7144 4.0293e-01     0.1261      0.018    1452.74     74.235     5.8163  42.521305  0.000e+00
     18.796     2.2903    29.7078    23.7148 3.9072e-01     0.1273      0.018    1452.75     74.230     5.8158  42.521306  0.000e+00
     18.820     2.2902    29.7083    23.7152 4.0293e-01     0.1273      0.018    1452.75     74.225     5.8154  42.521306  0.000e+00
     18.856     2.2902    29.7088    23.7156 3.9072e-01     0.1273      0.015    1452.75     74.155     5.8099  42.521307  0.000e+00
     18.869     2.2902    29.7092    23.7160 3.7851e-01     0.1261      0.018    1452.75     74.149     5.8095  42.521307  0.000e+00
     18.893     2.2903    29.7095    23.7162 3.6630e-01     0.1273      0.015    1452.75     74.135     5.8083  42.521308  0.000e+00
     18.905     2.2906    29.7112    23.7175 3.9072e-01     0.1261      0.015    1452.75     74.130     5.8078  42.521308  0.000e+00
     18.940     2.2902    29.7150    23.7206 3.9072e-01     0.1273      0.015    1452.76     74.190     5.8124  42.521309  0.000e+00
     18.964     2.2899    29.7160    23.7214 3.9072e-01     0.1273      0.018    1452.76     74.130     5.8077  42.521309  0.000e+00
     18.976     2.2901    29.7152    23.7207 3.7851e-01     0.1261      0.018    1452.76     74.190     5.8125  42.521310  0.000e+00
     19.011     2.2900    29.7141    23.7199 3.5409e-01     0.1261      0.015    1452.76     74.196     5.8129  42.521310  0.000e+00
     19.024     2.2902    29.7134    23.7193 3.7851e-01     0.1261      0.015    1452.76     74.127     5.8075  42.521311  0.000e+00
     19.047     2.2901    29.7132    23.7191 4.1514e-01     0.1273      0.018    1452.76     74.123     5.8072  42.521311  0.000e+00
     19.071     2.2902    29.7134    23.7193 4.1514e-01     0.1273      0.015    1452.76     74.119     5.8069  42.521312  0.000e+00
     19.084     2.2903    29.7137    23.7195 3.9072e-01     0.1261      0.018    1452.76     74.116     5.8066  42.521312  0.000e+00
     19.107     2.2904    29.7148    23.7204 3.9072e-01     0.1261      0.015    1452.76     74.177     5.8114  42.521313  0.000e+00
     19.144     2.2897    29.7168    23.7220 3.7851e-01     0.1273      0.018    1452.76     74.184     5.8119  42.521313  0.000e+00
     19.156     2.2897    29.7174    23.7225 3.7851e-01     0.1261      0.018    1452.76     74.126     5.8074  42.521314  0.000e+00
     19.180     2.2899    29.7174    23.7225 3.7851e-01     0.1261      0.015    1452.76     74.123     5.8072  42.521314  0.000e+00
     19.204     2.2900    29.7183    23.7233 3.6630e-01     0.1273      0.015    1452.77     74.121     5.8069  42.521315  0.000e+00
     19.227     2.2897    29.7216    23.7259 3.5409e-01     0.1261      0.015    1452.77     74.184     5.8117  42.521315  0.000e+00
     19.227     2.2891    29.7247    23.7284 3.5409e-01     0.1273      0.015    1452.77     74.127     5.8073  42.521316  0.000e+00
     19.287     2.2891    29.7256    23.7291 3.5409e-01     0.1273      0.015    1452.77     74.126     5.8072  42.521316  0.000e+00
     19.287     2.2885    29.7274    23.7306 3.4188e-01     0.1273      0.015    1452.77     74.125     5.8071  42.521317  0.000e+00
     19.323     2.2873    29.7289    23.7319 3.4188e-01     0.1273      0.015    1452.77     74.125     5.8072  42.521317  0.000e+00
     19.324     2.2863    29.7300    23.7328 3.5409e-01     0.1261      0.018    1452.77     74.125     5.8073  42.521318  0.000e+00
     19.358     2.2838    29.7336    23.7358 3.6630e-01     0.1261      0.018    1452.76     74.126     5.8076  42.521318  0.000e+00
     19.371     2.2798    29.7395    23.7409 3.7851e-01     0.1261      0.015    1452.75     74.127     5.8080  42.521318  0.000e+00
     19.396     2.2783    29.7423    23.7432 3.6630e-01     0.1261      0.015    1452.75     74.128     5.8083  42.521319  0.000e+00
     19.418     2.2753    29.7479    23.7479 3.5409e-01     0.1273      0.015    1452.74     74.130     5.8086  42.521319  0.000e+00
     19.443     2.2711    29.7559    23.7545 3.5409e-01     0.1273      0.015    1452.74     74.133     5.8092  42.521320  0.000e+00
