VT10_20190211_down.cnv
* Sea-Bird SBE 9 Data File:
* FileName = C:\CTD Brukere\NIVA\OKOKYST2019\20190211\VT10_20190211.hex
* Software Version Seasave V 7.23.2
* Temperature SN = 5352
* Conductivity SN = 3840
* Number of Bytes Per Scan = 28
* Number of Voltage Words = 4
* Number of Scans Averaged by the Deck Unit = 1
* NMEA baud rate = 4800
** Ship: R/V Trygve Braarud
** Cruise:
** Station:
** Operator:
# nquan = 12
# nvalues = 9191                                  
# units = specified
# name 0 = depSM: Depth [salt water, m], lat = 59.60
# name 1 = t090C: Temperature [ITS-90, deg C]
# name 2 = sal00: Salinity, Practical [PSU]
# name 3 = sigma-t00: Density [sigma-t, kg/m^3 ]
# name 4 = flSP: Fluorescence, Seapoint
# name 5 = wetStar: Fluorescence, WET Labs WETstar [mg/m^3]
# name 6 = seaTurbMtr: Turbidity, Seapoint [FTU]
# name 7 = svCM: Sound Velocity [Chen-Millero, m/s]
# name 8 = sbeox0PS: Oxygen, SBE 43 [% saturation]
# name 9 = sbeox0ML/L: Oxygen, SBE 43 [ml/l]
# name 10 = timeJ: Julian Days
# name 11 = flag:  0.000e+00
# span 0 =      0.095,    196.808                 
# span 1 =     1.9411,     9.0215                 
# span 2 =    27.3669,    34.8631                 
# span 3 =    21.8648,    27.2885                 
# span 4 = 1.3431e-01, 7.8144e-01                 
# span 5 =     0.1249,     0.1310                 
# span 6 =      0.015,      0.018                 
# span 7 =    1447.85,    1487.40                 
# span 8 =     42.368,     74.451                 
# span 9 =     2.8522,     5.9137                 
# span 10 =  42.520799,  42.525231                
# span 11 = 0.0000e+00, 0.0000e+00                
# interval = seconds: 0.0416667
# start_time = Feb 11 2019 12:29:57 [System UpLoad Time]
# bad_flag = -9.990e-29
*END*
[from data line 5655]
    121.815     8.3060    34.7204    27.0080 1.4652e-01     0.1298      0.018    1485.30     56.662     3.7208  42.523526  0.000e+00
    121.852     8.3067    34.7213    27.0085 1.4652e-01     0.1298      0.015    1485.30     56.664     3.7208  42.523526  0.000e+00
    121.864     8.3084    34.7213    27.0083 1.4652e-01     0.1298      0.015    1485.31     56.667     3.7209  42.523527  0.000e+00
    121.888     8.3108    34.7204    27.0072 1.4652e-01     0.1298      0.018    1485.32     56.672     3.7210  42.523527  0.000e+00
    121.914     8.3113    34.7194    27.0063 1.4652e-01     0.1298      0.018    1485.32     56.677     3.7213  42.523528  0.000e+00
    121.924     8.3106    34.7178    27.0052 1.4652e-01     0.1285      0.018    1485.32     56.677     3.7214  42.523528  0.000e+00
    121.962     8.3072    34.7175    27.0055 1.4652e-01     0.1298      0.018    1485.30     56.677     3.7217  42.523529  0.000e+00
    121.962     8.3037    34.7185    27.0068 1.4652e-01     0.1285      0.018    1485.29     56.678     3.7220  42.523529  0.000e+00
    121.986     8.3013    34.7203    27.0086 1.4652e-01     0.1298      0.018    1485.29     56.680     3.7223  42.523530  0.000e+00
    122.009     8.3011    34.7205    27.0088 1.4652e-01     0.1298      0.018    1485.29     56.621     3.7184  42.523530  0.000e+00
    122.022     8.3023    34.7202    27.0084 1.4652e-01     0.1298      0.018    1485.29     56.680     3.7222  42.523531  0.000e+00
    122.047     8.3024    34.7189    27.0073 1.4652e-01     0.1298      0.018    1485.29     56.623     3.7185  42.523531  0.000e+00
    122.058     8.3015    34.7186    27.0073 1.4652e-01     0.1298      0.018    1485.29     56.622     3.7185  42.523532  0.000e+00
    122.096     8.3013    34.7200    27.0084 1.4652e-01     0.1285      0.018    1485.29     56.622     3.7185  42.523532  0.000e+00
    122.096     8.3024    34.7209    27.0089 1.4652e-01     0.1298      0.018    1485.29     56.623     3.7185  42.523533  0.000e+00
    122.119     8.3041    34.7222    27.0096 1.4652e-01     0.1285      0.018    1485.30     56.688     3.7226  42.523533  0.000e+00
    122.143     8.3074    34.7213    27.0085 1.4652e-01     0.1285      0.018    1485.31     56.636     3.7189  42.523533  0.000e+00
    122.156     8.3096    34.7192    27.0064 1.4652e-01     0.1298      0.018    1485.32     56.641     3.7191  42.523534  0.000e+00
    122.181     8.3098    34.7173    27.0049 1.4652e-01     0.1285      0.018    1485.32     56.647     3.7195  42.523534  0.000e+00
    122.192     8.3081    34.7176    27.0054 1.4652e-01     0.1285      0.018    1485.31     56.646     3.7196  42.523535  0.000e+00
    122.217     8.3068    34.7178    27.0058 1.4652e-01     0.1298      0.015    1485.31     56.584     3.7156  42.523535  0.000e+00
    122.228     8.3054    34.7185    27.0066 1.4652e-01     0.1285      0.018    1485.30     56.579     3.7154  42.523536  0.000e+00
    122.241     8.3048    34.7190    27.0071 1.4652e-01     0.1298      0.015    1485.30     56.574     3.7151  42.523536  0.000e+00
    122.277     8.3046    34.7191    27.0072 1.4652e-01     0.1298      0.015    1485.30     56.571     3.7149  42.523537  0.000e+00
    122.290     8.3026    34.7197    27.0079 1.4652e-01     0.1285      0.018    1485.29     56.569     3.7150  42.523537  0.000e+00
    122.303     8.3013    34.7209    27.0090 1.4652e-01     0.1298      0.015    1485.29     56.569     3.7150  42.523538  0.000e+00
    122.313     8.3017    34.7222    27.0100 1.4652e-01     0.1298      0.018    1485.29     56.569     3.7149  42.523538  0.000e+00
    122.351     8.3034    34.7225    27.0100 1.4652e-01     0.1298      0.018    1485.30     56.563     3.7144  42.523539  0.000e+00
    122.362     8.3057    34.7202    27.0078 1.4652e-01     0.1298      0.018    1485.31     56.565     3.7144  42.523539  0.000e+00
    122.375     8.3047    34.7191    27.0071 1.4652e-01     0.1298      0.018    1485.30     56.562     3.7143  42.523540  0.000e+00
    122.400     8.3036    34.7199    27.0079 1.4652e-01     0.1298      0.015    1485.30     56.559     3.7142  42.523540  0.000e+00
    122.411     8.3031    34.7196    27.0078 1.4652e-01     0.1298      0.015    1485.30     56.557     3.7141  42.523541  0.000e+00
    122.423     8.3025    34.7201    27.0082 1.4652e-01     0.1298      0.018    1485.30     56.556     3.7141  42.523541  0.000e+00
    122.460     8.3018    34.7212    27.0092 1.4652e-01     0.1298      0.018    1485.30     56.493     3.7100  42.523542  0.000e+00
    122.472     8.3010    34.7201    27.0085 1.4652e-01     0.1298      0.018    1485.29     56.487     3.7097  42.523542  0.000e+00
    122.485     8.2991    34.7191    27.0080 1.4652e-01     0.1298      0.015    1485.28     56.482     3.7095  42.523543  0.000e+00
    122.508     8.2974    34.7194    27.0085 1.4652e-01     0.1298      0.018    1485.28     56.478     3.7094  42.523543  0.000e+00
    122.532     8.2967    34.7196    27.0088 1.4652e-01     0.1298      0.018    1485.28     56.476     3.7093  42.523544  0.000e+00
    122.532     8.2956    34.7200    27.0092 1.4652e-01     0.1298      0.018    1485.27     56.474     3.7093  42.523544  0.000e+00
    122.557     8.2952    34.7203    27.0095 1.4652e-01     0.1298      0.018    1485.27     56.474     3.7093  42.523545  0.000e+00
    122.581     8.2946    34.7210    27.0102 1.4652e-01     0.1298      0.018    1485.27     56.475     3.7094  42.523545  0.000e+00
    122.606     8.2952    34.7218    27.0107 1.4652e-01     0.1285      0.018    1485.27     56.478     3.7095  42.523546  0.000e+00
    122.606     8.2969    34.7209    27.0097 1.4652e-01     0.1298      0.018    1485.28     56.481     3.7096  42.523546  0.000e+00
    122.642     8.2965    34.7195    27.0087 1.4652e-01     0.1298      0.018    1485.28     56.424     3.7059  42.523546  0.000e+00
    122.655     8.2951    34.7179    27.0076 1.4652e-01     0.1285      0.018    1485.27     56.422     3.7060  42.523547  0.000e+00
    122.679     8.2925    34.7180    27.0081 1.4652e-01     0.1298      0.018    1485.26     56.415     3.7057  42.523547  0.000e+00
    122.691     8.2898    34.7189    27.0092 1.4652e-01     0.1285      0.018    1485.25     56.417     3.7060  42.523548  0.000e+00
    122.715     8.2880    34.7194    27.0099 1.4652e-01     0.1298      0.018    1485.25     56.413     3.7059  42.523548  0.000e+00
    122.740     8.2861    34.7205    27.0111 1.4652e-01     0.1298      0.015    1485.24     56.410     3.7058  42.523549  0.000e+00
    122.751     8.2853    34.7208    27.0114 1.4652e-01     0.1298      0.018    1485.24     56.408     3.7058  42.523549  0.000e+00
    122.776     8.2841    34.7207    27.0115 1.4652e-01     0.1298      0.015    1485.23     56.407     3.7058  42.523550  0.000e+00
    122.800     8.2826    34.7206    27.0117 1.4652e-01     0.1285      0.015    1485.23     56.345     3.7019  42.523550  0.000e+00
    122.812     8.2809    34.7214    27.0126 1.4652e-01     0.1298      0.015    1485.22     56.340     3.7016  42.523551  0.000e+00
    122.836     8.2798    34.7215    27.0128 1.4652e-01     0.1298      0.015    1485.22     56.336     3.7015  42.523551  0.000e+00
    122.874     8.2791    34.7212    27.0127 1.4652e-01     0.1298      0.015    1485.22     56.396     3.7055  42.523552  0.000e+00
    122.885     8.2780    34.7215    27.0131 1.4652e-01     0.1298      0.015    1485.21     56.340     3.7019  42.523552  0.000e+00
    122.910     8.2771    34.7214    27.0131 1.4652e-01     0.1298      0.018    1485.21     56.341     3.7020  42.523553  0.000e+00
    122.931     8.2758    34.7214    27.0133 1.4652e-01     0.1298      0.018    1485.21     56.343     3.7023  42.523553  0.000e+00
    122.946     8.2748    34.7218    27.0138 1.4652e-01     0.1298      0.015    1485.20     56.339     3.7021  42.523554  0.000e+00
    122.983     8.2740    34.7219    27.0141 1.4652e-01     0.1285      0.018    1485.20     56.281     3.6984  42.523554  0.000e+00
    122.995     8.2733    34.7224    27.0145 1.4652e-01     0.1298      0.018    1485.20     56.335     3.7019  42.523555  0.000e+00
    123.031     8.2730    34.7222    27.0144 1.4652e-01     0.1298      0.018    1485.20     56.336     3.7020  42.523555  0.000e+00
    123.044     8.2725    34.7225    27.0147 1.4652e-01     0.1298      0.018    1485.20     56.337     3.7021  42.523556  0.000e+00
    123.055     8.2720    34.7224    27.0147 1.4652e-01     0.1298      0.015    1485.20     56.277     3.6982  42.523556  0.000e+00
    123.093     8.2719    34.7227    27.0150 1.4652e-01     0.1298      0.015    1485.20     56.344     3.7026  42.523557  0.000e+00
    123.104     8.2719    34.7222    27.0146 1.4652e-01     0.1298      0.015    1485.20     56.287     3.6989  42.523557  0.000e+00
    123.140     8.2719    34.7231    27.0153 1.4652e-01     0.1285      0.018    1485.20     56.287     3.6989  42.523558  0.000e+00
    123.140     8.2735    34.7234    27.0153 1.4652e-01     0.1285      0.018    1485.20     56.288     3.6988  42.523558  0.000e+00
    123.189     8.2754    34.7231    27.0148 1.4652e-01     0.1285      0.018    1485.21     56.291     3.6989  42.523559  0.000e+00
    123.214     8.2759    34.7226    27.0143 1.4652e-01     0.1298      0.018    1485.21     56.288     3.6986  42.523559  0.000e+00
    123.225     8.2757    34.7201    27.0123 1.4652e-01     0.1298      0.018    1485.21     56.286     3.6986  42.523560  0.000e+00
    123.250     8.2733    34.7182    27.0112 1.4652e-01     0.1298      0.018    1485.20     56.285     3.6988  42.523560  0.000e+00
    123.250     8.2698    34.7178    27.0114 1.4652e-01     0.1298      0.018    1485.19     56.286     3.6991  42.523560  0.000e+00
    123.323     8.2654    34.7195    27.0134 1.4652e-01     0.1298      0.018    1485.17     56.288     3.6996  42.523561  0.000e+00
    123.312     8.2617    34.7211    27.0153 1.4652e-01     0.1298      0.018    1485.16     56.229     3.6959  42.523561  0.000e+00
    123.348     8.2587    34.7226    27.0169 1.4652e-01     0.1298      0.018    1485.15     56.226     3.6960  42.523562  0.000e+00
    123.369     8.2578    34.7246    27.0186 1.4652e-01     0.1285      0.018    1485.15     56.225     3.6959  42.523562  0.000e+00
    123.384     8.2602    34.7251    27.0187 1.4652e-01     0.1298      0.018    1485.16     56.225     3.6957  42.523563  0.000e+00
    123.422     8.2620    34.7228    27.0165 1.4652e-01     0.1298      0.018    1485.17     56.226     3.6957  42.523563  0.000e+00
    123.444     8.2595    34.7202    27.0149 1.4652e-01     0.1298      0.018    1485.15     56.230     3.6962  42.523564  0.000e+00
    123.469     8.2550    34.7198    27.0153 1.4652e-01     0.1298      0.018    1485.14     56.235     3.6969  42.523564  0.000e+00
    123.494     8.2500    34.7212    27.0171 1.4652e-01     0.1298      0.015    1485.12     56.179     3.6936  42.523565  0.000e+00
    123.518     8.2454    34.7222    27.0186 1.4652e-01     0.1298      0.018    1485.10     56.234     3.6976  42.523565  0.000e+00
    123.554     8.2421    34.7241    27.0206 1.4652e-01     0.1298      0.018    1485.09     56.174     3.6939  42.523566  0.000e+00
    123.567     8.2402    34.7256    27.0221 1.4652e-01     0.1298      0.015    1485.09     56.232     3.6978  42.523566  0.000e+00
    123.592     8.2394    34.7250    27.0217 1.4652e-01     0.1298      0.015    1485.09     56.174     3.6941  42.523567  0.000e+00
    123.628     8.2364    34.7246    27.0218 1.4652e-01     0.1298      0.015    1485.07     56.173     3.6943  42.523567  0.000e+00
    123.637     8.2337    34.7263    27.0236 1.4652e-01     0.1298      0.018    1485.07     56.173     3.6945  42.523568  0.000e+00
    123.664     8.2339    34.7284    27.0252 1.4652e-01     0.1298      0.018    1485.07     56.175     3.6945  42.523568  0.000e+00
    123.701     8.2358    34.7284    27.0249 1.4652e-01     0.1298      0.018    1485.08     56.178     3.6946  42.523569  0.000e+00
    123.726     8.2363    34.7238    27.0213 1.4652e-01     0.1285      0.015    1485.07     56.183     3.6950  42.523569  0.000e+00
    123.749     8.2306    34.7222    27.0209 1.4652e-01     0.1298      0.018    1485.05     56.127     3.6918  42.523570  0.000e+00
    123.786     8.2250    34.7235    27.0228 1.4652e-01     0.1285      0.018    1485.03     56.121     3.6918  42.523570  0.000e+00
    123.798     8.2207    34.7259    27.0253 1.4652e-01     0.1298      0.018    1485.02     56.116     3.6918  42.523571  0.000e+00
    123.811     8.2181    34.7267    27.0263 1.4652e-01     0.1285      0.018    1485.01     56.112     3.6917  42.523571  0.000e+00
    123.858     8.2163    34.7278    27.0274 1.4652e-01     0.1298      0.015    1485.01     56.110     3.6917  42.523572  0.000e+00
    123.879     8.2158    34.7288    27.0283 1.4652e-01     0.1285      0.018    1485.01     56.109     3.6917  42.523572  0.000e+00
    123.896     8.2170    34.7292    27.0284 1.4652e-01     0.1298      0.018    1485.01     56.110     3.6916  42.523573  0.000e+00
    123.932     8.2186    34.7293    27.0282 1.4652e-01     0.1298      0.018    1485.02     56.112     3.6916  42.523573  0.000e+00
    123.943     8.2197    34.7289    27.0278 1.4652e-01     0.1285      0.018    1485.02     56.116     3.6918  42.523573  0.000e+00
    123.981     8.2194    34.7264    27.0259 1.4652e-01     0.1298      0.018    1485.02     56.114     3.6917  42.523574  0.000e+00
    123.992     8.2157    34.7246    27.0250 1.4652e-01     0.1285      0.015    1485.00     56.050     3.6879  42.523574  0.000e+00
    124.030     8.2104    34.7244    27.0256 1.4652e-01     0.1285      0.018    1484.98     56.106     3.6920  42.523575  0.000e+00
    124.049     8.2056    34.7248    27.0267 1.4652e-01     0.1298      0.018    1484.97     56.053     3.6889  42.523575  0.000e+00
    124.066     8.2026    34.7267    27.0287 1.4652e-01     0.1298      0.018    1484.96     56.049     3.6889  42.523576  0.000e+00
    124.102     8.2003    34.7274    27.0296 1.4652e-01     0.1298      0.018    1484.95     56.047     3.6889  42.523576  0.000e+00
    124.126     8.1971    34.7288    27.0312 1.4652e-01     0.1298      0.018    1484.94     56.047     3.6891  42.523577  0.000e+00
    124.151     8.1958    34.7304    27.0326 1.4652e-01     0.1298      0.015    1484.94     55.985     3.6851  42.523577  0.000e+00
    124.162     8.1964    34.7312    27.0332 1.4652e-01     0.1298      0.015    1484.94     55.973     3.6842  42.523578  0.000e+00
    124.200     8.1971    34.7298    27.0319 1.4652e-01     0.1298      0.018    1484.94     56.032     3.6881  42.523578  0.000e+00
    124.219     8.1956    34.7271    27.0301 1.4652e-01     0.1298      0.018    1484.93     56.038     3.6887  42.523579  0.000e+00
    124.236     8.1909    34.7253    27.0293 1.4652e-01     0.1298      0.015    1484.91     55.983     3.6855  42.523579  0.000e+00
    124.272     8.1834    34.7259    27.0310 1.3431e-01     0.1298      0.018    1484.89     55.977     3.6857  42.523580  0.000e+00
    124.285     8.1752    34.7265    27.0327 1.4652e-01     0.1298      0.015    1484.86     55.981     3.6866  42.523580  0.000e+00
    124.309     8.1681    34.7307    27.0370 1.4652e-01     0.1298      0.018    1484.84     55.978     3.6870  42.523581  0.000e+00
    124.334     8.1628    34.7324    27.0391 1.4652e-01     0.1298      0.015    1484.82     55.978     3.6873  42.523581  0.000e+00
    124.367     8.1575    34.7308    27.0387 1.4652e-01     0.1298      0.018    1484.80     55.978     3.6878  42.523582  0.000e+00
    124.370     8.1524    34.7301    27.0389 1.4652e-01     0.1298      0.018    1484.78     55.980     3.6884  42.523582  0.000e+00
    124.406     8.1471    34.7323    27.0414 1.4652e-01     0.1298      0.015    1484.76     55.922     3.6849  42.523583  0.000e+00
