VT10_20190211_down.cnv
* Sea-Bird SBE 9 Data File:
* FileName = C:\CTD Brukere\NIVA\OKOKYST2019\20190211\VT10_20190211.hex
* Software Version Seasave V 7.23.2
* Temperature SN = 5352
* Conductivity SN = 3840
* Number of Bytes Per Scan = 28
* Number of Voltage Words = 4
* Number of Scans Averaged by the Deck Unit = 1
* NMEA baud rate = 4800
** Ship: R/V Trygve Braarud
** Cruise:
** Station:
** Operator:
# nquan = 12
# nvalues = 9191                                  
# units = specified
# name 0 = depSM: Depth [salt water, m], lat = 59.60
# name 1 = t090C: Temperature [ITS-90, deg C]
# name 2 = sal00: Salinity, Practical [PSU]
# name 3 = sigma-t00: Density [sigma-t, kg/m^3 ]
# name 4 = flSP: Fluorescence, Seapoint
# name 5 = wetStar: Fluorescence, WET Labs WETstar [mg/m^3]
# name 6 = seaTurbMtr: Turbidity, Seapoint [FTU]
# name 7 = svCM: Sound Velocity [Chen-Millero, m/s]
# name 8 = sbeox0PS: Oxygen, SBE 43 [% saturation]
# name 9 = sbeox0ML/L: Oxygen, SBE 43 [ml/l]
# name 10 = timeJ: Julian Days
# name 11 = flag:  0.000e+00
# span 0 =      0.095,    196.808                 
# span 1 =     1.9411,     9.0215                 
# span 2 =    27.3669,    34.8631                 
# span 3 =    21.8648,    27.2885                 
# span 4 = 1.3431e-01, 7.8144e-01                 
# span 5 =     0.1249,     0.1310                 
# span 6 =      0.015,      0.018                 
# span 7 =    1447.85,    1487.40                 
# span 8 =     42.368,     74.451                 
# span 9 =     2.8522,     5.9137                 
# span 10 =  42.520799,  42.525231                
# span 11 = 0.0000e+00, 0.0000e+00                
# interval = seconds: 0.0416667
# start_time = Feb 11 2019 12:29:57 [System UpLoad Time]
# bad_flag = -9.990e-29
*END*
[from data line 9023]
    195.136     7.1618    34.8622    27.2876 1.5873e-01     0.1298      0.018    1482.35     44.447     2.9923  42.525150  0.000e+00
    195.154     7.1615    34.8624    27.2878 1.5873e-01     0.1298      0.015    1482.35     44.435     2.9915  42.525150  0.000e+00
    195.178     7.1615    34.8624    27.2878 1.5873e-01     0.1298      0.015    1482.35     44.427     2.9909  42.525151  0.000e+00
    195.215     7.1617    34.8627    27.2880 1.5873e-01     0.1298      0.015    1482.35     44.421     2.9906  42.525151  0.000e+00
    195.228     7.1616    34.8624    27.2878 1.5873e-01     0.1298      0.015    1482.35     44.356     2.9862  42.525152  0.000e+00
    195.246     7.1617    34.8622    27.2876 1.5873e-01     0.1298      0.015    1482.35     44.350     2.9858  42.525152  0.000e+00
    195.264     7.1617    34.8622    27.2876 1.5873e-01     0.1298      0.018    1482.35     44.339     2.9850  42.525153  0.000e+00
    195.289     7.1618    34.8622    27.2876 1.5873e-01     0.1298      0.018    1482.35     44.332     2.9845  42.525153  0.000e+00
    195.326     7.1611    34.8628    27.2881 1.5873e-01     0.1298      0.018    1482.35     44.328     2.9843  42.525154  0.000e+00
    195.320     7.1612    34.8620    27.2876 1.5873e-01     0.1298      0.015    1482.35     44.263     2.9799  42.525154  0.000e+00
    195.363     7.1612    34.8624    27.2879 1.5873e-01     0.1298      0.015    1482.35     44.258     2.9796  42.525155  0.000e+00
    195.376     7.1609    34.8627    27.2881 1.5873e-01     0.1298      0.015    1482.35     44.256     2.9795  42.525155  0.000e+00
    195.400     7.1608    34.8626    27.2881 1.5873e-01     0.1298      0.018    1482.35     44.259     2.9797  42.525156  0.000e+00
    195.423     7.1609    34.8628    27.2882 1.5873e-01     0.1298      0.018    1482.35     44.193     2.9752  42.525156  0.000e+00
    195.432     7.1609    34.8629    27.2883 1.5873e-01     0.1298      0.018    1482.35     44.186     2.9747  42.525157  0.000e+00
    195.461     7.1610    34.8625    27.2880 1.7094e-01     0.1298      0.018    1482.35     44.119     2.9703  42.525157  0.000e+00
    195.486     7.1610    34.8626    27.2880 1.5873e-01     0.1298      0.018    1482.35     44.175     2.9740  42.525158  0.000e+00
    195.511     7.1612    34.8626    27.2880 1.5873e-01     0.1298      0.018    1482.35     44.116     2.9701  42.525158  0.000e+00
    195.517     7.1610    34.8627    27.2881 1.5873e-01     0.1298      0.015    1482.35     44.108     2.9695  42.525159  0.000e+00
    195.535     7.1611    34.8623    27.2878 1.5873e-01     0.1298      0.018    1482.35     44.041     2.9650  42.525159  0.000e+00
    195.572     7.1612    34.8627    27.2881 1.5873e-01     0.1298      0.018    1482.35     44.096     2.9687  42.525160  0.000e+00
    195.596     7.1613    34.8624    27.2879 1.5873e-01     0.1298      0.018    1482.35     44.036     2.9646  42.525160  0.000e+00
    195.603     7.1613    34.8624    27.2878 1.5873e-01     0.1298      0.015    1482.35     44.035     2.9646  42.525161  0.000e+00
    195.621     7.1615    34.8624    27.2878 1.5873e-01     0.1298      0.018    1482.35     43.975     2.9605  42.525161  0.000e+00
    195.646     7.1615    34.8625    27.2879 1.5873e-01     0.1298      0.018    1482.35     43.975     2.9605  42.525162  0.000e+00
    195.670     7.1615    34.8625    27.2878 1.7094e-01     0.1298      0.018    1482.35     43.971     2.9603  42.525162  0.000e+00
    195.690     7.1617    34.8623    27.2877 1.5873e-01     0.1298      0.018    1482.35     43.971     2.9602  42.525163  0.000e+00
    195.708     7.1616    34.8621    27.2875 1.5873e-01     0.1298      0.018    1482.35     43.911     2.9562  42.525163  0.000e+00
    195.744     7.1613    34.8625    27.2879 1.5873e-01     0.1298      0.015    1482.35     43.903     2.9557  42.525163  0.000e+00
    195.744     7.1610    34.8629    27.2883 1.5873e-01     0.1298      0.015    1482.35     43.899     2.9554  42.525164  0.000e+00
    195.775     7.1612    34.8628    27.2881 1.5873e-01     0.1298      0.018    1482.35     43.835     2.9511  42.525164  0.000e+00
    195.794     7.1610    34.8627    27.2881 1.5873e-01     0.1298      0.018    1482.35     43.831     2.9509  42.525165  0.000e+00
    195.818     7.1610    34.8630    27.2884 1.5873e-01     0.1298      0.018    1482.36     43.832     2.9509  42.525165  0.000e+00
    195.843     7.1612    34.8628    27.2882 1.5873e-01     0.1298      0.018    1482.36     43.836     2.9512  42.525166  0.000e+00
    195.874     7.1612    34.8624    27.2879 1.5873e-01     0.1298      0.018    1482.36     43.774     2.9470  42.525166  0.000e+00
    195.868     7.1613    34.8627    27.2881 1.5873e-01     0.1298      0.015    1482.36     43.771     2.9468  42.525167  0.000e+00
    195.904     7.1613    34.8623    27.2878 1.5873e-01     0.1298      0.018    1482.36     43.772     2.9469  42.525167  0.000e+00
    195.904     7.1612    34.8626    27.2880 1.5873e-01     0.1298      0.018    1482.36     43.714     2.9430  42.525168  0.000e+00
    195.971     7.1613    34.8622    27.2877 1.5873e-01     0.1298      0.018    1482.36     43.709     2.9426  42.525168  0.000e+00
    195.966     7.1616    34.8626    27.2880 1.5873e-01     0.1298      0.018    1482.36     43.707     2.9425  42.525169  0.000e+00
    195.991     7.1617    34.8623    27.2877 1.5873e-01     0.1285      0.018    1482.36     43.701     2.9421  42.525169  0.000e+00
    196.009     7.1617    34.8619    27.2874 1.5873e-01     0.1298      0.015    1482.36     43.708     2.9426  42.525170  0.000e+00
    196.039     7.1610    34.8624    27.2879 1.7094e-01     0.1298      0.018    1482.36     43.647     2.9385  42.525170  0.000e+00
    196.052     7.1610    34.8627    27.2881 1.5873e-01     0.1298      0.015    1482.36     43.638     2.9379  42.525171  0.000e+00
    196.063     7.1610    34.8630    27.2883 1.5873e-01     0.1298      0.018    1482.36     43.641     2.9381  42.525171  0.000e+00
    196.119     7.1609    34.8627    27.2881 1.5873e-01     0.1298      0.018    1482.36     43.585     2.9343  42.525172  0.000e+00
    196.137     7.1610    34.8626    27.2880 1.5873e-01     0.1298      0.015    1482.36     43.581     2.9340  42.525172  0.000e+00
    196.137     7.1610    34.8630    27.2883 1.5873e-01     0.1298      0.015    1482.36     43.581     2.9340  42.525173  0.000e+00
    196.157     7.1612    34.8626    27.2880 1.5873e-01     0.1298      0.018    1482.36     43.577     2.9338  42.525173  0.000e+00
    196.200     7.1610    34.8624    27.2879 1.5873e-01     0.1298      0.018    1482.36     43.514     2.9295  42.525174  0.000e+00
    196.211     7.1611    34.8627    27.2881 1.5873e-01     0.1310      0.018    1482.36     43.510     2.9293  42.525174  0.000e+00
    196.243     7.1615    34.8625    27.2879 1.5873e-01     0.1298      0.018    1482.36     43.511     2.9293  42.525175  0.000e+00
    196.261     7.1612    34.8629    27.2882 1.5873e-01     0.1298      0.018    1482.36     43.453     2.9254  42.525175  0.000e+00
    196.285     7.1613    34.8624    27.2879 1.5873e-01     0.1298      0.018    1482.36     43.446     2.9249  42.525176  0.000e+00
    196.292     7.1613    34.8626    27.2880 1.5873e-01     0.1298      0.018    1482.36     43.444     2.9248  42.525176  0.000e+00
    196.323     7.1613    34.8624    27.2878 1.5873e-01     0.1298      0.018    1482.36     43.446     2.9249  42.525177  0.000e+00
    196.323     7.1615    34.8626    27.2880 1.5873e-01     0.1298      0.018    1482.36     43.389     2.9211  42.525177  0.000e+00
    196.348     7.1615    34.8623    27.2877 1.5873e-01     0.1298      0.018    1482.36     43.392     2.9213  42.525177  0.000e+00
    196.415     7.1615    34.8623    27.2878 1.5873e-01     0.1298      0.015    1482.37     43.392     2.9213  42.525178  0.000e+00
    196.409     7.1613    34.8624    27.2878 1.5873e-01     0.1298      0.015    1482.37     43.395     2.9215  42.525178  0.000e+00
    196.433     7.1612    34.8624    27.2879 1.5873e-01     0.1298      0.018    1482.37     43.340     2.9178  42.525179  0.000e+00
    196.452     7.1612    34.8626    27.2880 1.5873e-01     0.1298      0.018    1482.37     43.344     2.9181  42.525179  0.000e+00
    196.483     7.1611    34.8628    27.2882 1.5873e-01     0.1298      0.018    1482.37     43.282     2.9139  42.525180  0.000e+00
    196.494     7.1612    34.8627    27.2881 1.5873e-01     0.1298      0.015    1482.37     43.280     2.9137  42.525180  0.000e+00
    196.526     7.1613    34.8626    27.2880 1.5873e-01     0.1298      0.018    1482.37     43.274     2.9133  42.525181  0.000e+00
    196.544     7.1610    34.8629    27.2882 1.5873e-01     0.1285      0.018    1482.37     43.281     2.9138  42.525181  0.000e+00
    196.568     7.1613    34.8626    27.2880 1.5873e-01     0.1298      0.015    1482.37     43.284     2.9140  42.525182  0.000e+00
    196.600     7.1610    34.8626    27.2880 1.5873e-01     0.1298      0.018    1482.37     43.228     2.9102  42.525182  0.000e+00
    196.618     7.1610    34.8625    27.2880 1.5873e-01     0.1298      0.018    1482.37     43.224     2.9100  42.525183  0.000e+00
    196.636     7.1609    34.8626    27.2881 1.5873e-01     0.1298      0.018    1482.37     43.232     2.9105  42.525183  0.000e+00
    196.631     7.1610    34.8627    27.2882 1.5873e-01     0.1310      0.018    1482.37     43.173     2.9066  42.525184  0.000e+00
    196.655     7.1609    34.8627    27.2881 1.5873e-01     0.1298      0.018    1482.37     43.174     2.9067  42.525184  0.000e+00
    196.685     7.1610    34.8627    27.2881 1.5873e-01     0.1298      0.018    1482.37     43.172     2.9065  42.525185  0.000e+00
    196.692     7.1609    34.8630    27.2883 1.5873e-01     0.1298      0.018    1482.37     43.047     2.8981  42.525185  0.000e+00
    196.716     7.1610    34.8628    27.2882 1.5873e-01     0.1298      0.018    1482.37     43.102     2.9018  42.525186  0.000e+00
    196.721     7.1610    34.8628    27.2882 1.5873e-01     0.1298      0.018    1482.37     43.106     2.9020  42.525186  0.000e+00
    196.728     7.1607    34.8631    27.2885 1.5873e-01     0.1298      0.018    1482.37     43.106     2.9020  42.525187  0.000e+00
    196.777     7.1609    34.8626    27.2881 1.7094e-01     0.1298      0.018    1482.37     43.110     2.9023  42.525187  0.000e+00
    196.734     7.1611    34.8628    27.2882 1.5873e-01     0.1298      0.015    1482.37     43.055     2.8986  42.525188  0.000e+00
    196.753     7.1610    34.8631    27.2884 1.7094e-01     0.1298      0.015    1482.37     42.988     2.8941  42.525188  0.000e+00
    196.777     7.1610    34.8626    27.2880 1.5873e-01     0.1298      0.018    1482.37     43.046     2.8980  42.525189  0.000e+00
    196.759     7.1611    34.8625    27.2880 1.5873e-01     0.1298      0.018    1482.37     42.988     2.8941  42.525189  0.000e+00
    196.777     7.1612    34.8626    27.2880 1.5873e-01     0.1298      0.015    1482.37     42.991     2.8943  42.525190  0.000e+00
    196.771     7.1613    34.8625    27.2879 1.5873e-01     0.1298      0.015    1482.37     42.990     2.8942  42.525190  0.000e+00
    196.766     7.1615    34.8622    27.2877 1.5873e-01     0.1298      0.018    1482.37     42.930     2.8901  42.525190  0.000e+00
    196.766     7.1613    34.8627    27.2881 1.5873e-01     0.1298      0.015    1482.37     42.930     2.8902  42.525191  0.000e+00
    196.771     7.1617    34.8624    27.2878 1.7094e-01     0.1298      0.018    1482.37     42.926     2.8899  42.525191  0.000e+00
    196.777     7.1615    34.8626    27.2880 1.8315e-01     0.1298      0.015    1482.37     42.927     2.8899  42.525192  0.000e+00
    196.766     7.1613    34.8625    27.2879 1.9536e-01     0.1298      0.015    1482.37     42.932     2.8903  42.525192  0.000e+00
    196.784     7.1611    34.8626    27.2881 1.8315e-01     0.1298      0.018    1482.37     42.941     2.8909  42.525193  0.000e+00
    196.777     7.1613    34.8624    27.2879 1.7094e-01     0.1298      0.018    1482.37     42.891     2.8875  42.525193  0.000e+00
    196.766     7.1612    34.8626    27.2880 1.7094e-01     0.1298      0.018    1482.37     42.893     2.8877  42.525194  0.000e+00
    196.784     7.1612    34.8628    27.2882 1.7094e-01     0.1298      0.015    1482.37     42.899     2.8881  42.525194  0.000e+00
    196.777     7.1610    34.8629    27.2883 1.7094e-01     0.1298      0.018    1482.37     42.846     2.8845  42.525195  0.000e+00
    196.777     7.1613    34.8624    27.2879 1.7094e-01     0.1298      0.018    1482.37     42.845     2.8845  42.525195  0.000e+00
    196.784     7.1610    34.8628    27.2882 1.8315e-01     0.1298      0.015    1482.37     42.848     2.8847  42.525196  0.000e+00
    196.766     7.1613    34.8625    27.2879 2.0757e-01     0.1298      0.018    1482.37     42.856     2.8852  42.525196  0.000e+00
    196.771     7.1615    34.8625    27.2879 2.3199e-01     0.1298      0.018    1482.37     42.868     2.8860  42.525197  0.000e+00
    196.777     7.1613    34.8628    27.2881 2.8083e-01     0.1298      0.015    1482.37     42.876     2.8865  42.525197  0.000e+00
    196.777     7.1617    34.8627    27.2880 3.1746e-01     0.1298      0.015    1482.37     42.824     2.8830  42.525198  0.000e+00
    196.771     7.1617    34.8622    27.2877 3.4188e-01     0.1298      0.015    1482.37     42.832     2.8836  42.525198  0.000e+00
    196.766     7.1616    34.8624    27.2878 3.5409e-01     0.1298      0.018    1482.37     42.836     2.8839  42.525199  0.000e+00
    196.790     7.1617    34.8624    27.2878 3.6630e-01     0.1298      0.015    1482.37     42.845     2.8844  42.525199  0.000e+00
    196.771     7.1618    34.8617    27.2872 3.6630e-01     0.1298      0.015    1482.37     42.793     2.8810  42.525200  0.000e+00
    196.777     7.1617    34.8626    27.2879 3.6630e-01     0.1298      0.018    1482.37     42.802     2.8815  42.525200  0.000e+00
    196.777     7.1619    34.8626    27.2879 3.4188e-01     0.1298      0.015    1482.37     42.806     2.8818  42.525201  0.000e+00
    196.771     7.1621    34.8620    27.2874 3.4188e-01     0.1298      0.015    1482.37     42.815     2.8824  42.525201  0.000e+00
    196.777     7.1620    34.8619    27.2873 3.2967e-01     0.1310      0.018    1482.37     42.828     2.8833  42.525202  0.000e+00
    196.784     7.1618    34.8621    27.2876 3.1746e-01     0.1298      0.015    1482.37     42.780     2.8801  42.525202  0.000e+00
    196.766     7.1618    34.8623    27.2877 3.1746e-01     0.1298      0.015    1482.37     42.849     2.8847  42.525203  0.000e+00
    196.790     7.1615    34.8620    27.2875 2.9304e-01     0.1298      0.018    1482.37     42.738     2.8772  42.525203  0.000e+00
    196.771     7.1618    34.8624    27.2878 2.8083e-01     0.1298      0.018    1482.37     42.734     2.8770  42.525204  0.000e+00
    196.777     7.1618    34.8621    27.2875 2.8083e-01     0.1298      0.015    1482.37     42.734     2.8770  42.525204  0.000e+00
    196.777     7.1616    34.8623    27.2877 2.9304e-01     0.1298      0.015    1482.37     42.739     2.8773  42.525204  0.000e+00
    196.784     7.1617    34.8624    27.2878 2.9304e-01     0.1298      0.018    1482.37     42.747     2.8778  42.525205  0.000e+00
    196.766     7.1617    34.8622    27.2876 2.9304e-01     0.1298      0.018    1482.37     42.759     2.8787  42.525205  0.000e+00
    196.766     7.1615    34.8628    27.2881 2.9304e-01     0.1298      0.015    1482.37     42.703     2.8749  42.525206  0.000e+00
    196.784     7.1615    34.8624    27.2878 2.8083e-01     0.1298      0.018    1482.37     42.771     2.8795  42.525206  0.000e+00
    196.777     7.1615    34.8624    27.2878 2.6862e-01     0.1298      0.018    1482.37     42.723     2.8762  42.525207  0.000e+00
