VT10_20190211_down.cnv
* Sea-Bird SBE 9 Data File:
* FileName = C:\CTD Brukere\NIVA\OKOKYST2019\20190211\VT10_20190211.hex
* Software Version Seasave V 7.23.2
* Temperature SN = 5352
* Conductivity SN = 3840
* Number of Bytes Per Scan = 28
* Number of Voltage Words = 4
* Number of Scans Averaged by the Deck Unit = 1
* NMEA baud rate = 4800
** Ship: R/V Trygve Braarud
** Cruise:
** Station:
** Operator:
# nquan = 12
# nvalues = 9191                                  
# units = specified
# name 0 = depSM: Depth [salt water, m], lat = 59.60
# name 1 = t090C: Temperature [ITS-90, deg C]
# name 2 = sal00: Salinity, Practical [PSU]
# name 3 = sigma-t00: Density [sigma-t, kg/m^3 ]
# name 4 = flSP: Fluorescence, Seapoint
# name 5 = wetStar: Fluorescence, WET Labs WETstar [mg/m^3]
# name 6 = seaTurbMtr: Turbidity, Seapoint [FTU]
# name 7 = svCM: Sound Velocity [Chen-Millero, m/s]
# name 8 = sbeox0PS: Oxygen, SBE 43 [% saturation]
# name 9 = sbeox0ML/L: Oxygen, SBE 43 [ml/l]
# name 10 = timeJ: Julian Days
# name 11 = flag:  0.000e+00
# span 0 =      0.095,    196.808                 
# span 1 =     1.9411,     9.0215                 
# span 2 =    27.3669,    34.8631                 
# span 3 =    21.8648,    27.2885                 
# span 4 = 1.3431e-01, 7.8144e-01                 
# span 5 =     0.1249,     0.1310                 
# span 6 =      0.015,      0.018                 
# span 7 =    1447.85,    1487.40                 
# span 8 =     42.368,     74.451                 
# span 9 =     2.8522,     5.9137                 
# span 10 =  42.520799,  42.525231                
# span 11 = 0.0000e+00, 0.0000e+00                
# interval = seconds: 0.0416667
# start_time = Feb 11 2019 12:29:57 [System UpLoad Time]
# bad_flag = -9.990e-29
*END*
[from data line 3730]
     78.676     8.3415    34.3562    26.7167 1.4652e-01     0.1285      0.018    1484.27     67.108     4.4136  42.522597  0.000e+00
     78.695     8.3473    34.3571    26.7165 1.4652e-01     0.1285      0.015    1484.29     67.116     4.4135  42.522598  0.000e+00
     78.713     8.3535    34.3593    26.7173 1.4652e-01     0.1285      0.015    1484.32     67.124     4.4134  42.522598  0.000e+00
     78.736     8.3601    34.3606    26.7173 1.4652e-01     0.1285      0.018    1484.34     67.131     4.4132  42.522599  0.000e+00
     78.769     8.3657    34.3612    26.7170 1.4652e-01     0.1273      0.015    1484.37     67.146     4.4136  42.522599  0.000e+00
     78.773     8.3698    34.3606    26.7158 1.4652e-01     0.1285      0.015    1484.38     67.215     4.4178  42.522600  0.000e+00
     78.793     8.3728    34.3601    26.7150 1.4652e-01     0.1273      0.018    1484.39     67.229     4.4184  42.522600  0.000e+00
     78.821     8.3751    34.3602    26.7147 1.4652e-01     0.1285      0.015    1484.40     67.243     4.4191  42.522601  0.000e+00
     78.834     8.3765    34.3603    26.7146 1.4652e-01     0.1285      0.018    1484.41     67.318     4.4238  42.522601  0.000e+00
     78.865     8.3776    34.3580    26.7126 1.4652e-01     0.1285      0.018    1484.41     67.275     4.4210  42.522602  0.000e+00
     78.870     8.3764    34.3571    26.7121 1.4652e-01     0.1285      0.015    1484.40     67.348     4.4260  42.522602  0.000e+00
     78.905     8.3759    34.3597    26.7143 1.4652e-01     0.1273      0.018    1484.40     67.366     4.4271  42.522603  0.000e+00
     78.914     8.3775    34.3613    26.7152 1.4652e-01     0.1273      0.018    1484.41     67.383     4.4280  42.522603  0.000e+00
     78.941     8.3788    34.3585    26.7128 1.4652e-01     0.1273      0.018    1484.41     67.399     4.4290  42.522604  0.000e+00
     78.966     8.3713    34.3562    26.7122 1.4652e-01     0.1273      0.018    1484.38     67.415     4.4308  42.522604  0.000e+00
     78.998     8.3705    34.3597    26.7151 1.4652e-01     0.1273      0.018    1484.39     67.437     4.4323  42.522605  0.000e+00
     79.003     8.3748    34.3624    26.7165 1.4652e-01     0.1285      0.015    1484.40     67.512     4.4367  42.522605  0.000e+00
     79.034     8.3773    34.3630    26.7166 1.4652e-01     0.1273      0.015    1484.41     67.469     4.4336  42.522606  0.000e+00
     79.063     8.3787    34.3623    26.7159 1.4652e-01     0.1285      0.018    1484.42     67.481     4.4343  42.522606  0.000e+00
     79.075     8.3801    34.3620    26.7154 1.4652e-01     0.1285      0.015    1484.42     67.491     4.4348  42.522607  0.000e+00
     79.083     8.3807    34.3618    26.7152 1.4652e-01     0.1285      0.018    1484.43     67.563     4.4395  42.522607  0.000e+00
     79.111     8.3810    34.3619    26.7151 1.4652e-01     0.1285      0.018    1484.43     67.579     4.4405  42.522608  0.000e+00
     79.148     8.3816    34.3619    26.7150 1.4652e-01     0.1285      0.015    1484.43     67.531     4.4373  42.522608  0.000e+00
     79.168     8.3816    34.3628    26.7158 1.4652e-01     0.1285      0.015    1484.43     67.538     4.4377  42.522609  0.000e+00
     79.195     8.3821    34.3627    26.7157 1.4652e-01     0.1285      0.018    1484.44     67.543     4.4380  42.522609  0.000e+00
     79.208     8.3826    34.3624    26.7154 1.4652e-01     0.1285      0.018    1484.44     67.610     4.4424  42.522609  0.000e+00
     79.239     8.3827    34.3623    26.7153 1.5873e-01     0.1285      0.015    1484.44     67.559     4.4390  42.522610  0.000e+00
     79.256     8.3829    34.3629    26.7156 1.4652e-01     0.1285      0.018    1484.44     67.623     4.4432  42.522610  0.000e+00
     79.269     8.3834    34.3628    26.7155 1.5873e-01     0.1285      0.018    1484.44     67.631     4.4437  42.522611  0.000e+00
     79.304     8.3835    34.3631    26.7157 1.4652e-01     0.1285      0.018    1484.44     67.631     4.4437  42.522611  0.000e+00
     79.313     8.3836    34.3629    26.7155 1.4652e-01     0.1285      0.015    1484.44     67.575     4.4400  42.522612  0.000e+00
     79.340     8.3828    34.3615    26.7146 1.4652e-01     0.1273      0.018    1484.44     67.566     4.4395  42.522612  0.000e+00
     79.376     8.3792    34.3586    26.7129 1.4652e-01     0.1285      0.015    1484.42     67.563     4.4397  42.522613  0.000e+00
     79.384     8.3738    34.3561    26.7117 1.4652e-01     0.1273      0.018    1484.40     67.551     4.4396  42.522613  0.000e+00
     79.414     8.3690    34.3545    26.7112 1.4652e-01     0.1285      0.015    1484.38     67.539     4.4393  42.522614  0.000e+00
     79.449     8.3669    34.3541    26.7112 1.4652e-01     0.1285      0.015    1484.37     67.525     4.4386  42.522614  0.000e+00
     79.469     8.3614    34.3410    26.7018 1.4652e-01     0.1285      0.018    1484.34     67.510     4.4385  42.522615  0.000e+00
     79.485     8.3542    34.3466    26.7072 1.4652e-01     0.1285      0.015    1484.32     67.501     4.4385  42.522615  0.000e+00
     79.510     8.3617    34.3591    26.7160 1.4652e-01     0.1285      0.018    1484.36     67.491     4.4367  42.522616  0.000e+00
     79.529     8.3690    34.3653    26.7197 1.4652e-01     0.1285      0.018    1484.39     67.418     4.4310  42.522616  0.000e+00
     79.570     8.3731    34.3667    26.7201 1.4652e-01     0.1273      0.015    1484.41     67.399     4.4293  42.522617  0.000e+00
     79.581     8.3769    34.3664    26.7193 1.4652e-01     0.1273      0.018    1484.43     67.372     4.4272  42.522617  0.000e+00
     79.594     8.3797    34.3659    26.7185 1.4652e-01     0.1273      0.018    1484.44     67.351     4.4256  42.522618  0.000e+00
     79.638     8.3815    34.3644    26.7171 1.4652e-01     0.1285      0.018    1484.44     67.331     4.4241  42.522618  0.000e+00
     79.666     8.3808    34.3615    26.7149 1.4652e-01     0.1285      0.018    1484.44     67.247     4.4188  42.522619  0.000e+00
     79.679     8.3788    34.3619    26.7155 1.4652e-01     0.1273      0.015    1484.43     67.281     4.4211  42.522619  0.000e+00
     79.699     8.3790    34.3639    26.7170 1.5873e-01     0.1285      0.018    1484.43     67.196     4.4155  42.522620  0.000e+00
     79.739     8.3805    34.3644    26.7172 1.4652e-01     0.1273      0.018    1484.44     67.167     4.4134  42.522620  0.000e+00
     79.751     8.3814    34.3645    26.7172 1.4652e-01     0.1285      0.015    1484.44     67.137     4.4113  42.522621  0.000e+00
     79.775     8.3819    34.3644    26.7170 1.5873e-01     0.1273      0.018    1484.45     67.052     4.4057  42.522621  0.000e+00
     79.795     8.3821    34.3645    26.7170 1.4652e-01     0.1285      0.018    1484.45     67.022     4.4038  42.522622  0.000e+00
     79.824     8.3827    34.3641    26.7166 1.4652e-01     0.1273      0.018    1484.45     66.993     4.4018  42.522622  0.000e+00
     79.849     8.3819    34.3604    26.7138 1.4652e-01     0.1285      0.018    1484.44     66.964     4.4001  42.522622  0.000e+00
     79.884     8.3759    34.3514    26.7077 1.4652e-01     0.1285      0.018    1484.41     66.936     4.3990  42.522623  0.000e+00
     79.880     8.3662    34.3508    26.7087 1.4652e-01     0.1273      0.018    1484.37     66.853     4.3946  42.522623  0.000e+00
     79.933     8.3646    34.3605    26.7166 1.4652e-01     0.1273      0.018    1484.38     66.826     4.3927  42.522624  0.000e+00
     79.933     8.3686    34.3664    26.7206 1.4652e-01     0.1273      0.018    1484.40     66.737     4.3863  42.522624  0.000e+00
     79.981     8.3733    34.3680    26.7211 1.4652e-01     0.1285      0.015    1484.42     66.712     4.3841  42.522625  0.000e+00
     79.989     8.3772    34.3680    26.7205 1.4652e-01     0.1285      0.018    1484.44     66.681     4.3817  42.522625  0.000e+00
     80.016     8.3802    34.3670    26.7193 1.4652e-01     0.1273      0.018    1484.45     66.659     4.3800  42.522626  0.000e+00
     80.041     8.3815    34.3667    26.7188 1.4652e-01     0.1273      0.015    1484.45     66.576     4.3744  42.522626  0.000e+00
     80.065     8.3825    34.3660    26.7182 1.4652e-01     0.1273      0.018    1484.46     66.550     4.3726  42.522627  0.000e+00
     80.086     8.3826    34.3661    26.7182 1.4652e-01     0.1285      0.015    1484.46     66.526     4.3710  42.522627  0.000e+00
     80.114     8.3832    34.3663    26.7183 1.4652e-01     0.1285      0.018    1484.46     66.503     4.3695  42.522628  0.000e+00
     80.139     8.3835    34.3660    26.7180 1.4652e-01     0.1285      0.018    1484.46     66.421     4.3640  42.522628  0.000e+00
     80.161     8.3834    34.3660    26.7180 1.4652e-01     0.1285      0.018    1484.46     66.402     4.3628  42.522629  0.000e+00
     80.194     8.3837    34.3653    26.7175 1.4652e-01     0.1285      0.018    1484.46     66.379     4.3613  42.522629  0.000e+00
     80.210     8.3833    34.3662    26.7182 1.4652e-01     0.1273      0.018    1484.46     66.296     4.3558  42.522630  0.000e+00
     80.235     8.3834    34.3660    26.7180 1.5873e-01     0.1273      0.018    1484.46     66.208     4.3501  42.522630  0.000e+00
     80.259     8.3837    34.3656    26.7177 1.5873e-01     0.1273      0.018    1484.46     66.246     4.3526  42.522631  0.000e+00
     80.279     8.3834    34.3653    26.7175 1.5873e-01     0.1285      0.018    1484.46     66.171     4.3477  42.522631  0.000e+00
     80.295     8.3825    34.3645    26.7170 1.4652e-01     0.1273      0.018    1484.46     66.146     4.3462  42.522632  0.000e+00
     80.331     8.3810    34.3617    26.7150 1.5873e-01     0.1285      0.015    1484.45     66.062     4.3409  42.522632  0.000e+00
     80.355     8.3778    34.3607    26.7147 1.4652e-01     0.1273      0.015    1484.44     66.036     4.3395  42.522633  0.000e+00
     80.380     8.3749    34.3612    26.7156 1.4652e-01     0.1273      0.018    1484.43     65.958     4.3346  42.522633  0.000e+00
     80.399     8.3736    34.3646    26.7184 1.4652e-01     0.1285      0.015    1484.43     65.993     4.3370  42.522634  0.000e+00
     80.429     8.3762    34.3668    26.7198 1.4652e-01     0.1285      0.015    1484.44     65.922     4.3320  42.522634  0.000e+00
     80.451     8.3786    34.3675    26.7199 1.4652e-01     0.1273      0.015    1484.45     65.909     4.3308  42.522635  0.000e+00
     80.464     8.3803    34.3674    26.7196 1.4652e-01     0.1285      0.015    1484.46     65.838     4.3260  42.522635  0.000e+00
     80.489     8.3813    34.3668    26.7190 1.4652e-01     0.1273      0.015    1484.46     65.817     4.3246  42.522636  0.000e+00
     80.521     8.3821    34.3668    26.7189 1.4652e-01     0.1273      0.015    1484.46     65.801     4.3234  42.522636  0.000e+00
     80.536     8.3824    34.3662    26.7184 1.5873e-01     0.1285      0.015    1484.46     65.726     4.3185  42.522636  0.000e+00
     80.560     8.3823    34.3654    26.7177 1.5873e-01     0.1285      0.015    1484.46     65.710     4.3175  42.522637  0.000e+00
     80.585     8.3811    34.3642    26.7169 1.5873e-01     0.1285      0.018    1484.46     65.697     4.3168  42.522637  0.000e+00
     80.621     8.3798    34.3640    26.7170 1.4652e-01     0.1285      0.018    1484.45     65.627     4.3123  42.522638  0.000e+00
     80.631     8.3790    34.3653    26.7181 1.4652e-01     0.1273      0.018    1484.45     65.616     4.3116  42.522638  0.000e+00
     80.658     8.3797    34.3664    26.7189 1.5873e-01     0.1273      0.018    1484.46     65.608     4.3110  42.522639  0.000e+00
     80.670     8.3806    34.3681    26.7201 1.4652e-01     0.1285      0.018    1484.46     65.543     4.3066  42.522639  0.000e+00
     80.694     8.3818    34.3684    26.7201 1.4652e-01     0.1285      0.018    1484.47     65.530     4.3056  42.522640  0.000e+00
     80.730     8.3826    34.3687    26.7202 1.4652e-01     0.1285      0.018    1484.47     65.459     4.3009  42.522640  0.000e+00
     80.730     8.3832    34.3680    26.7196 1.4652e-01     0.1285      0.018    1484.47     65.447     4.3001  42.522641  0.000e+00
     80.762     8.3837    34.3682    26.7197 1.5873e-01     0.1285      0.015    1484.47     65.440     4.2995  42.522641  0.000e+00
     80.779     8.3844    34.3681    26.7195 1.5873e-01     0.1273      0.018    1484.48     65.437     4.2993  42.522642  0.000e+00
     80.815     8.3847    34.3684    26.7197 1.4652e-01     0.1285      0.018    1484.48     65.369     4.2948  42.522642  0.000e+00
     80.839     8.3842    34.3672    26.7188 1.4652e-01     0.1285      0.018    1484.48     65.369     4.2948  42.522643  0.000e+00
     80.839     8.3821    34.3663    26.7184 1.4652e-01     0.1285      0.015    1484.47     65.365     4.2948  42.522643  0.000e+00
     80.875     8.3813    34.3676    26.7196 1.4652e-01     0.1285      0.018    1484.47     65.304     4.2908  42.522644  0.000e+00
     80.883     8.3824    34.3688    26.7204 1.4652e-01     0.1285      0.015    1484.47     65.302     4.2906  42.522644  0.000e+00
     80.924     8.3837    34.3690    26.7204 1.4652e-01     0.1285      0.018    1484.48     65.298     4.2902  42.522645  0.000e+00
     80.935     8.3842    34.3694    26.7206 1.4652e-01     0.1273      0.018    1484.48     65.298     4.2901  42.522645  0.000e+00
     80.948     8.3850    34.3683    26.7196 1.4652e-01     0.1273      0.015    1484.48     65.241     4.2863  42.522646  0.000e+00
     80.984     8.3853    34.3681    26.7194 1.5873e-01     0.1273      0.018    1484.48     65.243     4.2864  42.522646  0.000e+00
     80.995     8.3855    34.3682    26.7194 1.5873e-01     0.1273      0.018    1484.48     65.250     4.2869  42.522647  0.000e+00
     81.017     8.3855    34.3683    26.7195 1.5873e-01     0.1273      0.015    1484.49     65.254     4.2872  42.522647  0.000e+00
     81.044     8.3858    34.3682    26.7194 1.5873e-01     0.1285      0.018    1484.49     65.201     4.2836  42.522648  0.000e+00
     81.056     8.3857    34.3687    26.7198 1.4652e-01     0.1273      0.018    1484.49     65.200     4.2836  42.522648  0.000e+00
     81.080     8.3861    34.3689    26.7199 1.5873e-01     0.1273      0.018    1484.49     65.142     4.2797  42.522649  0.000e+00
     81.116     8.3863    34.3686    26.7196 1.4652e-01     0.1285      0.018    1484.49     65.143     4.2798  42.522649  0.000e+00
     81.129     8.3864    34.3684    26.7195 1.5873e-01     0.1285      0.018    1484.49     65.149     4.2801  42.522649  0.000e+00
     81.140     8.3863    34.3685    26.7196 1.5873e-01     0.1285      0.018    1484.49     65.090     4.2763  42.522650  0.000e+00
     81.162     8.3863    34.3685    26.7195 1.4652e-01     0.1285      0.015    1484.49     65.153     4.2804  42.522650  0.000e+00
     81.201     8.3863    34.3687    26.7197 1.4652e-01     0.1285      0.018    1484.49     65.165     4.2812  42.522651  0.000e+00
     81.201     8.3859    34.3689    26.7200 1.4652e-01     0.1273      0.015    1484.49     65.120     4.2783  42.522651  0.000e+00
     81.225     8.3863    34.3687    26.7197 1.5873e-01     0.1285      0.015    1484.49     65.065     4.2746  42.522652  0.000e+00
     81.250     8.3861    34.3692    26.7201 1.4652e-01     0.1285      0.015    1484.49     65.132     4.2790  42.522652  0.000e+00
     81.274     8.3862    34.3692    26.7201 1.4652e-01     0.1285      0.015    1484.49     65.148     4.2801  42.522653  0.000e+00
     81.285     8.3861    34.3695    26.7204 1.4652e-01     0.1285      0.018    1484.49     65.161     4.2810  42.522653  0.000e+00
     81.321     8.3863    34.3694    26.7203 1.4652e-01     0.1273      0.015    1484.49     65.110     4.2775  42.522654  0.000e+00
     81.334     8.3864    34.3693    26.7201 1.5873e-01     0.1285      0.015    1484.50     65.062     4.2744  42.522654  0.000e+00
