VT2_20190611_down.cnv
* Sea-Bird SBE 9 Data File:
* FileName = C:\CTD Brukere\NIVA\OKOKYST2019\20190611\VT2_20190611.hex
* Software Version Seasave V 7.23.2
* Temperature SN = 5352
* Conductivity SN = 3840
* Number of Bytes Per Scan = 28
* Number of Voltage Words = 4
* Number of Scans Averaged by the Deck Unit = 1
* NMEA baud rate = 4800
** Ship: R/V Trygve Braarud
** Cruise:
** Station:
** Operator:
# nquan = 14
# nvalues = 13148                                 
# units = specified
# name 0 = depSM: Depth [salt water, m], lat = 59.60
# name 1 = t090C: Temperature [ITS-90, deg C]
# name 2 = sal00: Salinity, Practical [PSU]
# name 3 = sigma-t00: Density [sigma-t, kg/m^3 ]
# name 4 = flSP: Fluorescence, Seapoint
# name 5 = wetStar: Fluorescence, WET Labs WETstar [mg/m^3]
# name 6 = seaTurbMtr: Turbidity, Seapoint [FTU]
# name 7 = svCM: Sound Velocity [Chen-Millero, m/s]
# name 8 = sbeox0PS: Oxygen, SBE 43 [% saturation]
# name 9 = sbeox0Mg/L: Oxygen, SBE 43 [mg/l]
# name 10 = timeJ: Julian Days
# name 11 = sbeox0ML/L: Oxygen, SBE 43 [ml/l]
# name 12 = prDM: Pressure, Digiquartz [db]
# name 13 = flag:  0.000e+00
# span 0 =     -0.085,    300.263                 
# span 1 =     6.7813,    14.4676                 
# span 2 =    20.5140,    34.7894                 
# span 3 =    14.9380,    27.2826                 
# span 4 = 1.3431e-01, 4.7497e+00                 
# span 5 =     0.1273,     0.1322                 
# span 6 =      0.007,      0.018                 
# span 7 =    1477.89,    1488.60                 
# span 8 =     59.710,     83.418                 
# span 9 =     5.7243,     7.5451                 
# span 10 = 162.736088, 162.742428                
# span 11 =     4.0055,     5.2796                
# span 12 =     -0.086,    303.334                
# span 13 = 0.0000e+00, 0.0000e+00                
# interval = seconds: 0.0416667
# start_time = Jun 11 2019 17:39:58 [System UpLoad Time]
# bad_flag = -9.990e-29
*END*
[from data line 4233]
     98.054     7.2256    34.6709    27.1280 1.4652e-01     0.1285      0.018    1480.74     60.080     5.7792 162.738129     4.0439     99.008  0.000e+00
     98.092     7.2257    34.6706    27.1277 1.4652e-01     0.1285      0.018    1480.74     60.083     5.7794 162.738130     4.0441     99.046  0.000e+00
     98.125     7.2256    34.6709    27.1280 1.4652e-01     0.1273      0.018    1480.74     60.077     5.7789 162.738130     4.0437     99.079  0.000e+00
     98.128     7.2256    34.6707    27.1278 1.4652e-01     0.1273      0.018    1480.74     60.071     5.7783 162.738131     4.0433     99.082  0.000e+00
     98.173     7.2254    34.6708    27.1279 1.4652e-01     0.1285      0.018    1480.74     60.065     5.7778 162.738131     4.0429     99.129  0.000e+00
     98.188     7.2253    34.6709    27.1280 1.5873e-01     0.1285      0.018    1480.74     60.067     5.7779 162.738132     4.0431     99.143  0.000e+00
     98.222     7.2254    34.6705    27.1277 1.5873e-01     0.1285      0.018    1480.74     60.068     5.7781 162.738132     4.0432     99.178  0.000e+00
     98.237     7.2251    34.6707    27.1279 1.5873e-01     0.1285      0.018    1480.74     60.062     5.7775 162.738133     4.0427     99.193  0.000e+00
     98.270     7.2251    34.6707    27.1279 1.4652e-01     0.1285      0.018    1480.74     60.055     5.7768 162.738133     4.0423     99.226  0.000e+00
     98.297     7.2246    34.6707    27.1279 1.5873e-01     0.1285      0.018    1480.74     60.056     5.7770 162.738134     4.0424     99.254  0.000e+00
     98.309     7.2246    34.6710    27.1282 1.4652e-01     0.1273      0.018    1480.74     60.056     5.7770 162.738134     4.0424     99.265  0.000e+00
     98.319     7.2246    34.6709    27.1281 1.4652e-01     0.1285      0.018    1480.74     60.049     5.7763 162.738135     4.0419     99.275  0.000e+00
     98.371     7.2248    34.6707    27.1279 1.4652e-01     0.1285      0.018    1480.74     60.042     5.7756 162.738135     4.0415     99.328  0.000e+00
     98.379     7.2246    34.6706    27.1278 1.4652e-01     0.1285      0.018    1480.74     60.042     5.7757 162.738136     4.0415     99.336  0.000e+00
     98.407     7.2245    34.6708    27.1281 1.4652e-01     0.1273      0.018    1480.74     60.042     5.7757 162.738136     4.0415     99.364  0.000e+00
     98.431     7.2243    34.6706    27.1279 1.4652e-01     0.1285      0.018    1480.74     60.035     5.7750 162.738137     4.0410     99.389  0.000e+00
     98.452     7.2242    34.6706    27.1279 1.4652e-01     0.1273      0.018    1480.74     60.097     5.7810 162.738137     4.0452     99.410  0.000e+00
     98.479     7.2239    34.6713    27.1286 1.4652e-01     0.1285      0.018    1480.74     60.104     5.7817 162.738138     4.0457     99.437  0.000e+00
     98.513     7.2239    34.6712    27.1285 1.4652e-01     0.1285      0.018    1480.74     60.103     5.7816 162.738138     4.0456     99.471  0.000e+00
     98.528     7.2237    34.6711    27.1284 1.4652e-01     0.1285      0.018    1480.74     60.109     5.7822 162.738139     4.0461     99.486  0.000e+00
     98.537     7.2237    34.6708    27.1281 1.4652e-01     0.1285      0.018    1480.74     60.115     5.7828 162.738139     4.0465     99.496  0.000e+00
     98.576     7.2235    34.6710    27.1284 1.4652e-01     0.1285      0.018    1480.74     60.121     5.7834 162.738139     4.0469     99.536  0.000e+00
     98.601     7.2235    34.6709    27.1283 1.4652e-01     0.1285      0.018    1480.74     60.126     5.7839 162.738140     4.0472     99.560  0.000e+00
     98.622     7.2234    34.6712    27.1285 1.4652e-01     0.1285      0.018    1480.74     60.131     5.7844 162.738140     4.0476     99.582  0.000e+00
     98.648     7.2231    34.6716    27.1289 1.5873e-01     0.1285      0.015    1480.74     60.136     5.7848 162.738141     4.0479     99.608  0.000e+00
     98.658     7.2237    34.6707    27.1281 1.4652e-01     0.1285      0.018    1480.74     60.140     5.7852 162.738141     4.0481     99.618  0.000e+00
     98.697     7.2234    34.6707    27.1281 1.5873e-01     0.1285      0.018    1480.74     60.144     5.7856 162.738142     4.0485     99.657  0.000e+00
     98.709     7.2232    34.6709    27.1283 1.4652e-01     0.1273      0.018    1480.74     60.148     5.7860 162.738142     4.0487     99.669  0.000e+00
     98.731     7.2234    34.6711    27.1285 1.4652e-01     0.1273      0.018    1480.74     60.151     5.7863 162.738143     4.0489     99.692  0.000e+00
     98.758     7.2231    34.6713    27.1286 1.4652e-01     0.1273      0.018    1480.74     60.154     5.7866 162.738143     4.0491     99.718  0.000e+00
     98.793     7.2232    34.6710    27.1284 1.5873e-01     0.1285      0.018    1480.74     60.157     5.7869 162.738144     4.0493     99.755  0.000e+00
     98.803     7.2231    34.6712    27.1285 1.4652e-01     0.1285      0.018    1480.74     60.159     5.7871 162.738144     4.0495     99.765  0.000e+00
     98.842     7.2229    34.6710    27.1285 1.4652e-01     0.1273      0.018    1480.74     60.161     5.7874 162.738145     4.0497     99.804  0.000e+00
     98.852     7.2231    34.6710    27.1284 1.4652e-01     0.1285      0.018    1480.74     60.163     5.7875 162.738145     4.0498     99.814  0.000e+00
     98.878     7.2229    34.6707    27.1282 1.4652e-01     0.1285      0.018    1480.74     60.165     5.7877 162.738146     4.0499     99.840  0.000e+00
     98.891     7.2229    34.6708    27.1283 1.4652e-01     0.1285      0.018    1480.74     60.166     5.7878 162.738146     4.0499     99.854  0.000e+00
     98.937     7.2229    34.6711    27.1285 1.4652e-01     0.1285      0.018    1480.75     60.175     5.7886 162.738147     4.0505     99.900  0.000e+00
     98.927     7.2227    34.6715    27.1288 1.4652e-01     0.1285      0.018    1480.75     60.175     5.7887 162.738147     4.0506     99.890  0.000e+00
     98.976     7.2229    34.6710    27.1284 1.4652e-01     0.1285      0.018    1480.75     60.176     5.7887 162.738148     4.0506     99.939  0.000e+00
     98.986     7.2229    34.6711    27.1285 1.4652e-01     0.1273      0.018    1480.75     60.176     5.7888 162.738148     4.0506     99.949  0.000e+00
     99.037     7.2226    34.6716    27.1289 1.4652e-01     0.1273      0.018    1480.75     60.184     5.7896 162.738149     4.0512    100.000  0.000e+00
     98.997     7.2227    34.6712    27.1286 1.4652e-01     0.1285      0.018    1480.75     60.246     5.7955 162.738149     4.0554     99.961  0.000e+00
     99.108     7.2226    34.6714    27.1288 1.4652e-01     0.1285      0.018    1480.75     60.191     5.7902 162.738150     4.0517    100.073  0.000e+00
     99.097     7.2227    34.6714    27.1288 1.5873e-01     0.1285      0.018    1480.75     60.189     5.7901 162.738150     4.0516    100.061  0.000e+00
     99.107     7.2231    34.6708    27.1282 1.4652e-01     0.1285      0.018    1480.75     60.188     5.7899 162.738151     4.0514    100.071  0.000e+00
     99.133     7.2227    34.6712    27.1286 1.4652e-01     0.1273      0.018    1480.75     60.186     5.7898 162.738151     4.0513    100.097  0.000e+00
     99.157     7.2229    34.6712    27.1285 1.4652e-01     0.1285      0.018    1480.75     60.247     5.7956 162.738152     4.0554    100.122  0.000e+00
     99.192     7.2227    34.6711    27.1285 1.4652e-01     0.1285      0.018    1480.75     60.252     5.7961 162.738152     4.0558    100.157  0.000e+00
     99.206     7.2226    34.6713    27.1288 1.4652e-01     0.1285      0.018    1480.75     60.194     5.7905 162.738152     4.0518    100.172  0.000e+00
     99.218     7.2224    34.6716    27.1290 1.4652e-01     0.1273      0.018    1480.75     60.190     5.7901 162.738153     4.0516    100.183  0.000e+00
     99.252     7.2221    34.6719    27.1293 1.4652e-01     0.1285      0.018    1480.75     60.186     5.7898 162.738153     4.0514    100.218  0.000e+00
     99.267     7.2221    34.6719    27.1293 1.4652e-01     0.1285      0.018    1480.75     60.244     5.7954 162.738154     4.0553    100.233  0.000e+00
     99.303     7.2216    34.6724    27.1297 1.4652e-01     0.1285      0.018    1480.75     60.247     5.7957 162.738154     4.0555    100.269  0.000e+00
     99.312     7.2213    34.6721    27.1295 1.4652e-01     0.1273      0.018    1480.75     60.249     5.7960 162.738155     4.0557    100.279  0.000e+00
     99.340     7.2211    34.6721    27.1295 1.4652e-01     0.1285      0.018    1480.75     60.188     5.7901 162.738155     4.0516    100.307  0.000e+00
     99.363     7.2213    34.6722    27.1296 1.4652e-01     0.1273      0.018    1480.75     60.182     5.7895 162.738156     4.0511    100.330  0.000e+00
     99.386     7.2210    34.6724    27.1298 1.4652e-01     0.1285      0.018    1480.75     60.237     5.7949 162.738156     4.0549    100.353  0.000e+00
     99.400     7.2210    34.6723    27.1297 1.4652e-01     0.1273      0.018    1480.75     60.237     5.7949 162.738157     4.0549    100.368  0.000e+00
     99.425     7.2210    34.6725    27.1299 1.4652e-01     0.1285      0.018    1480.75     60.237     5.7948 162.738157     4.0549    100.392  0.000e+00
     99.458     7.2210    34.6726    27.1300 1.4652e-01     0.1273      0.018    1480.75     60.236     5.7947 162.738158     4.0548    100.425  0.000e+00
     99.461     7.2208    34.6721    27.1296 1.4652e-01     0.1285      0.018    1480.75     60.172     5.7886 162.738158     4.0505    100.429  0.000e+00
     99.485     7.2206    34.6725    27.1299 1.4652e-01     0.1285      0.018    1480.75     60.162     5.7877 162.738159     4.0499    100.453  0.000e+00
     99.521     7.2206    34.6722    27.1297 1.4652e-01     0.1285      0.018    1480.75     60.152     5.7867 162.738159     4.0492    100.490  0.000e+00
     99.531     7.2206    34.6722    27.1297 1.4652e-01     0.1285      0.018    1480.75     60.142     5.7857 162.738160     4.0485    100.500  0.000e+00
     99.557     7.2206    34.6727    27.1301 1.4652e-01     0.1285      0.018    1480.75     60.194     5.7907 162.738160     4.0520    100.526  0.000e+00
     99.582     7.2206    34.6723    27.1298 1.4652e-01     0.1285      0.018    1480.75     60.198     5.7911 162.738161     4.0523    100.551  0.000e+00
     99.604     7.2205    34.6723    27.1298 1.4652e-01     0.1285      0.018    1480.75     60.202     5.7915 162.738161     4.0526    100.574  0.000e+00
     99.617     7.2203    34.6719    27.1295 1.4652e-01     0.1285      0.018    1480.75     60.143     5.7859 162.738162     4.0486    100.587  0.000e+00
     99.642     7.2200    34.6720    27.1297 1.4652e-01     0.1273      0.018    1480.75     60.202     5.7916 162.738162     4.0526    100.612  0.000e+00
     99.676     7.2195    34.6723    27.1299 1.4652e-01     0.1285      0.018    1480.75     60.142     5.7859 162.738163     4.0487    100.646  0.000e+00
     99.691     7.2189    34.6728    27.1304 1.4652e-01     0.1285      0.018    1480.75     60.201     5.7916 162.738163     4.0526    100.661  0.000e+00
     99.715     7.2184    34.6730    27.1307 1.4652e-01     0.1285      0.018    1480.74     60.141     5.7859 162.738164     4.0487    100.686  0.000e+00
     99.727     7.2183    34.6731    27.1307 1.4652e-01     0.1285      0.018    1480.74     60.199     5.7915 162.738164     4.0526    100.697  0.000e+00
     99.761     7.2181    34.6727    27.1304 1.4652e-01     0.1285      0.018    1480.74     60.139     5.7858 162.738165     4.0486    100.732  0.000e+00
     99.787     7.2178    34.6731    27.1308 1.5873e-01     0.1285      0.018    1480.74     60.197     5.7914 162.738165     4.0525    100.758  0.000e+00
     99.800     7.2174    34.6733    27.1310 1.4652e-01     0.1285      0.018    1480.74     60.137     5.7856 162.738166     4.0485    100.771  0.000e+00
     99.821     7.2170    34.6730    27.1309 1.4652e-01     0.1273      0.018    1480.74     60.194     5.7912 162.738166     4.0524    100.793  0.000e+00
     99.848     7.2163    34.6738    27.1315 1.4652e-01     0.1273      0.018    1480.74     60.196     5.7915 162.738166     4.0526    100.819  0.000e+00
     99.872     7.2159    34.6741    27.1318 1.4652e-01     0.1273      0.018    1480.74     60.198     5.7917 162.738167     4.0527    100.844  0.000e+00
     99.896     7.2151    34.6743    27.1321 1.4652e-01     0.1273      0.018    1480.74     60.200     5.7920 162.738167     4.0529    100.869  0.000e+00
     99.919     7.2146    34.6740    27.1320 1.4652e-01     0.1285      0.018    1480.73     60.201     5.7922 162.738168     4.0530    100.892  0.000e+00
     99.945     7.2144    34.6746    27.1324 1.4652e-01     0.1285      0.018    1480.73     60.202     5.7922 162.738168     4.0531    100.918  0.000e+00
     99.970     7.2140    34.6747    27.1326 1.4652e-01     0.1285      0.018    1480.73     60.202     5.7923 162.738169     4.0531    100.943  0.000e+00
     99.981     7.2138    34.6749    27.1328 1.4652e-01     0.1273      0.018    1480.73     60.203     5.7924 162.738169     4.0532    100.954  0.000e+00
    100.016     7.2137    34.6743    27.1324 1.4652e-01     0.1285      0.018    1480.73     60.140     5.7864 162.738170     4.0490    100.989  0.000e+00
    100.042     7.2133    34.6747    27.1327 1.4652e-01     0.1285      0.018    1480.73     60.195     5.7917 162.738170     4.0527    101.015  0.000e+00
    100.055     7.2133    34.6748    27.1328 1.4652e-01     0.1285      0.018    1480.73     60.194     5.7916 162.738171     4.0527    101.029  0.000e+00
    100.091     7.2131    34.6752    27.1331 1.4652e-01     0.1285      0.018    1480.73     60.194     5.7916 162.738171     4.0526    101.065  0.000e+00
    100.113     7.2133    34.6745    27.1326 1.4652e-01     0.1285      0.018    1480.73     60.192     5.7915 162.738172     4.0525    101.088  0.000e+00
    100.140     7.2133    34.6744    27.1324 1.4652e-01     0.1273      0.018    1480.73     60.191     5.7914 162.738172     4.0525    101.114  0.000e+00
    100.175     7.2131    34.6746    27.1326 1.4652e-01     0.1273      0.018    1480.73     60.197     5.7920 162.738173     4.0529    101.151  0.000e+00
    100.187     7.2125    34.6746    27.1327 1.4652e-01     0.1285      0.018    1480.73     60.196     5.7919 162.738173     4.0528    101.162  0.000e+00
    100.223     7.2120    34.6746    27.1328 1.4652e-01     0.1285      0.018    1480.73     60.194     5.7918 162.738174     4.0527    101.198  0.000e+00
    100.236     7.2116    34.6752    27.1334 1.4652e-01     0.1273      0.018    1480.73     60.191     5.7916 162.738174     4.0526    101.211  0.000e+00
    100.260     7.2116    34.6754    27.1335 1.4652e-01     0.1285      0.018    1480.73     60.189     5.7913 162.738175     4.0524    101.236  0.000e+00
    100.309     7.2112    34.6751    27.1333 1.4652e-01     0.1285      0.018    1480.73     60.194     5.7919 162.738175     4.0528    101.286  0.000e+00
    100.308     7.2108    34.6747    27.1330 1.4652e-01     0.1273      0.018    1480.73     60.199     5.7924 162.738176     4.0532    101.284  0.000e+00
    100.345     7.2098    34.6753    27.1337 1.4652e-01     0.1273      0.018    1480.72     60.196     5.7922 162.738176     4.0531    101.322  0.000e+00
    100.357     7.2097    34.6752    27.1336 1.4652e-01     0.1285      0.018    1480.72     60.192     5.7919 162.738177     4.0529    101.333  0.000e+00
    100.394     7.2094    34.6752    27.1336 1.4652e-01     0.1285      0.018    1480.72     60.252     5.7977 162.738177     4.0569    101.371  0.000e+00
    100.419     7.2090    34.6754    27.1339 1.5873e-01     0.1285      0.018    1480.72     60.200     5.7928 162.738178     4.0534    101.396  0.000e+00
    100.440     7.2087    34.6757    27.1342 1.5873e-01     0.1285      0.018    1480.72     60.204     5.7932 162.738178     4.0537    101.417  0.000e+00
