VT2_20190211_down.cnv
* Sea-Bird SBE 9 Data File:
* FileName = C:\CTD Brukere\NIVA\OKOKYST2019\20190211\VT2_20190211.hex
* Software Version Seasave V 7.23.2
* Temperature SN = 5352
* Conductivity SN = 3840
* Number of Bytes Per Scan = 28
* Number of Voltage Words = 4
* Number of Scans Averaged by the Deck Unit = 1
* NMEA baud rate = 4800
** Ship: R/V Trygve Braarud
** Cruise:
** Station:
** Operator:
# nquan = 12
# nvalues = 14155                                 
# units = specified
# name 0 = depSM: Depth [salt water, m], lat = 59.60
# name 1 = t090C: Temperature [ITS-90, deg C]
# name 2 = sal00: Salinity, Practical [PSU]
# name 3 = sigma-t00: Density [sigma-t, kg/m^3 ]
# name 4 = flSP: Fluorescence, Seapoint
# name 5 = wetStar: Fluorescence, WET Labs WETstar [mg/m^3]
# name 6 = seaTurbMtr: Turbidity, Seapoint [FTU]
# name 7 = svCM: Sound Velocity [Chen-Millero, m/s]
# name 8 = sbeox0PS: Oxygen, SBE 43 [% saturation]
# name 9 = sbeox0ML/L: Oxygen, SBE 43 [ml/l]
# name 10 = timeJ: Julian Days
# name 11 = flag:  0.000e+00
# span 0 =      0.142,    302.201                 
# span 1 =     2.3305,     8.5983                 
# span 2 =    29.0070,    34.8656                 
# span 3 =    23.1338,    27.2800                 
# span 4 = 1.3431e-01, 6.1050e-01                 
# span 5 =     0.1273,     0.1322                 
# span 6 =      0.011,      0.018                 
# span 7 =    1452.87,    1485.96                 
# span 8 =     55.003,     74.837                 
# span 9 =     3.6975,     5.8463                 
# span 10 =  42.579375,  42.586201                
# span 11 = 0.0000e+00, 0.0000e+00                
# interval = seconds: 0.0416667
# start_time = Feb 11 2019 13:54:18 [System UpLoad Time]
# bad_flag = -9.990e-29
*END*
[from data line 8301]
    182.019     7.7484    34.8078    27.1603 1.4652e-01     0.1310      0.018    1484.30     58.700     3.9009  42.583378  0.000e+00
    182.030     7.7490    34.8077    27.1602 1.4652e-01     0.1310      0.018    1484.31     58.643     3.8971  42.583379  0.000e+00
    182.055     7.7496    34.8077    27.1601 1.4652e-01     0.1310      0.015    1484.31     58.706     3.9013  42.583379  0.000e+00
    182.088     7.7495    34.8072    27.1597 1.3431e-01     0.1310      0.018    1484.31     58.651     3.8976  42.583380  0.000e+00
    182.104     7.7483    34.8073    27.1599 1.4652e-01     0.1310      0.015    1484.31     58.652     3.8978  42.583380  0.000e+00
    182.129     7.7473    34.8076    27.1603 1.4652e-01     0.1322      0.015    1484.30     58.653     3.8980  42.583381  0.000e+00
    182.165     7.7464    34.8079    27.1606 1.4652e-01     0.1310      0.018    1484.30     58.656     3.8982  42.583381  0.000e+00
    182.178     7.7462    34.8089    27.1615 1.4652e-01     0.1310      0.015    1484.30     58.658     3.8983  42.583382  0.000e+00
    182.190     7.7468    34.8082    27.1608 1.4652e-01     0.1310      0.018    1484.30     58.654     3.8980  42.583382  0.000e+00
    182.239     7.7471    34.8084    27.1610 1.4652e-01     0.1310      0.018    1484.30     58.658     3.8982  42.583383  0.000e+00
    182.239     7.7473    34.8083    27.1608 1.3431e-01     0.1310      0.018    1484.31     58.598     3.8943  42.583383  0.000e+00
    182.277     7.7475    34.8085    27.1610 1.4652e-01     0.1310      0.018    1484.31     58.659     3.8983  42.583383  0.000e+00
    182.301     7.7475    34.8082    27.1608 1.4652e-01     0.1310      0.018    1484.31     58.657     3.8982  42.583384  0.000e+00
    182.313     7.7475    34.8084    27.1609 1.3431e-01     0.1310      0.018    1484.31     58.656     3.8980  42.583384  0.000e+00
    182.351     7.7476    34.8083    27.1608 1.4652e-01     0.1310      0.018    1484.31     58.654     3.8980  42.583385  0.000e+00
    182.351     7.7478    34.8085    27.1609 1.4652e-01     0.1322      0.018    1484.31     58.598     3.8942  42.583385  0.000e+00
    182.383     7.7471    34.8083    27.1609 1.4652e-01     0.1310      0.018    1484.31     58.661     3.8985  42.583386  0.000e+00
    182.398     7.7471    34.8081    27.1607 1.4652e-01     0.1310      0.015    1484.31     58.662     3.8985  42.583386  0.000e+00
    182.436     7.7472    34.8080    27.1606 1.3431e-01     0.1310      0.015    1484.31     58.607     3.8949  42.583387  0.000e+00
    182.448     7.7473    34.8079    27.1606 1.3431e-01     0.1310      0.018    1484.31     58.665     3.8987  42.583387  0.000e+00
    182.461     7.7473    34.8076    27.1603 1.3431e-01     0.1310      0.015    1484.31     58.667     3.8988  42.583388  0.000e+00
    182.485     7.7472    34.8077    27.1604 1.3431e-01     0.1310      0.015    1484.31     58.606     3.8948  42.583388  0.000e+00
    182.510     7.7470    34.8078    27.1605 1.4652e-01     0.1322      0.018    1484.31     58.601     3.8945  42.583389  0.000e+00
    182.521     7.7470    34.8076    27.1604 1.4652e-01     0.1310      0.015    1484.31     58.660     3.8984  42.583389  0.000e+00
    182.559     7.7463    34.8081    27.1608 1.4652e-01     0.1310      0.018    1484.31     58.601     3.8946  42.583390  0.000e+00
    182.571     7.7458    34.8078    27.1607 1.4652e-01     0.1310      0.015    1484.30     58.598     3.8944  42.583390  0.000e+00
    182.582     7.7452    34.8081    27.1610 1.4652e-01     0.1310      0.018    1484.30     58.596     3.8943  42.583391  0.000e+00
    182.595     7.7445    34.8086    27.1615 1.4652e-01     0.1310      0.015    1484.30     58.594     3.8942  42.583391  0.000e+00
    182.620     7.7447    34.8083    27.1612 1.4652e-01     0.1310      0.015    1484.30     58.593     3.8941  42.583392  0.000e+00
    182.656     7.7443    34.8085    27.1614 1.4652e-01     0.1310      0.018    1484.30     58.656     3.8984  42.583392  0.000e+00
    182.656     7.7441    34.8085    27.1615 1.4652e-01     0.1310      0.018    1484.30     58.600     3.8947  42.583393  0.000e+00
    182.681     7.7444    34.8085    27.1615 1.4652e-01     0.1310      0.018    1484.30     58.600     3.8947  42.583393  0.000e+00
    182.681     7.7446    34.8087    27.1615 1.3431e-01     0.1310      0.018    1484.30     58.601     3.8947  42.583394  0.000e+00
    182.719     7.7447    34.8083    27.1612 1.4652e-01     0.1310      0.018    1484.30     58.603     3.8948  42.583394  0.000e+00
    182.730     7.7444    34.8085    27.1615 1.4652e-01     0.1310      0.015    1484.30     58.606     3.8950  42.583395  0.000e+00
    182.743     7.7445    34.8089    27.1617 1.3431e-01     0.1310      0.015    1484.30     58.601     3.8947  42.583395  0.000e+00
    182.779     7.7444    34.8090    27.1618 1.4652e-01     0.1310      0.018    1484.30     58.604     3.8949  42.583396  0.000e+00
    182.804     7.7447    34.8088    27.1616 1.3431e-01     0.1322      0.018    1484.31     58.600     3.8946  42.583396  0.000e+00
    182.793     7.7445    34.8091    27.1619 1.3431e-01     0.1310      0.018    1484.30     58.659     3.8986  42.583397  0.000e+00
    182.829     7.7445    34.8085    27.1614 1.3431e-01     0.1310      0.018    1484.30     58.671     3.8994  42.583397  0.000e+00
    182.829     7.7449    34.8080    27.1610 1.4652e-01     0.1310      0.015    1484.31     58.620     3.8960  42.583397  0.000e+00
    182.853     7.7444    34.8085    27.1614 1.4652e-01     0.1310      0.015    1484.30     58.555     3.8916  42.583398  0.000e+00
    182.865     7.7444    34.8087    27.1616 1.4652e-01     0.1310      0.018    1484.31     58.553     3.8915  42.583398  0.000e+00
    182.890     7.7445    34.8084    27.1613 1.4652e-01     0.1310      0.018    1484.31     58.607     3.8951  42.583399  0.000e+00
    182.903     7.7444    34.8082    27.1612 1.4652e-01     0.1310      0.018    1484.30     58.606     3.8951  42.583399  0.000e+00
    182.927     7.7443    34.8085    27.1614 1.4652e-01     0.1310      0.015    1484.31     58.606     3.8950  42.583400  0.000e+00
    182.911     7.7444    34.8082    27.1612 1.4652e-01     0.1310      0.018    1484.31     58.605     3.8950  42.583400  0.000e+00
    182.977     7.7445    34.8084    27.1614 1.4652e-01     0.1310      0.015    1484.31     58.606     3.8950  42.583401  0.000e+00
    182.988     7.7446    34.8083    27.1613 1.4652e-01     0.1310      0.018    1484.31     58.614     3.8956  42.583401  0.000e+00
    183.001     7.7449    34.8082    27.1611 1.4652e-01     0.1322      0.018    1484.31     58.623     3.8961  42.583402  0.000e+00
    183.001     7.7451    34.8078    27.1608 1.4652e-01     0.1310      0.018    1484.31     58.625     3.8962  42.583402  0.000e+00
    183.024     7.7452    34.8078    27.1608 1.4652e-01     0.1310      0.018    1484.31     58.635     3.8969  42.583403  0.000e+00
    183.037     7.7450    34.8081    27.1610 1.4652e-01     0.1310      0.018    1484.31     58.638     3.8971  42.583403  0.000e+00
    183.049     7.7455    34.8081    27.1609 1.4652e-01     0.1310      0.018    1484.31     58.641     3.8972  42.583404  0.000e+00
    183.102     7.7453    34.8085    27.1613 1.4652e-01     0.1322      0.018    1484.31     58.581     3.8933  42.583404  0.000e+00
    183.098     7.7457    34.8081    27.1609 1.4652e-01     0.1310      0.015    1484.31     58.577     3.8930  42.583405  0.000e+00
    183.098     7.7457    34.8079    27.1608 1.4652e-01     0.1322      0.015    1484.31     58.637     3.8970  42.583405  0.000e+00
    183.148     7.7457    34.8080    27.1609 1.4652e-01     0.1310      0.015    1484.31     58.642     3.8973  42.583406  0.000e+00
    183.148     7.7453    34.8080    27.1609 1.4652e-01     0.1310      0.018    1484.31     58.647     3.8977  42.583406  0.000e+00
    183.172     7.7449    34.8077    27.1607 1.4652e-01     0.1310      0.015    1484.31     58.645     3.8976  42.583407  0.000e+00
    183.197     7.7444    34.8076    27.1607 1.4652e-01     0.1310      0.015    1484.31     58.524     3.8896  42.583407  0.000e+00
    183.210     7.7438    34.8076    27.1608 1.4652e-01     0.1322      0.018    1484.31     58.579     3.8933  42.583408  0.000e+00
    183.233     7.7434    34.8082    27.1614 1.4652e-01     0.1310      0.018    1484.31     58.641     3.8975  42.583408  0.000e+00
    183.258     7.7429    34.8084    27.1616 1.4652e-01     0.1310      0.018    1484.31     58.649     3.8980  42.583409  0.000e+00
    183.271     7.7426    34.8087    27.1618 1.3431e-01     0.1310      0.018    1484.30     58.586     3.8938  42.583409  0.000e+00
    183.271     7.7426    34.8087    27.1618 1.4652e-01     0.1310      0.018    1484.30     58.586     3.8938  42.583410  0.000e+00
    183.320     7.7430    34.8086    27.1617 1.4652e-01     0.1322      0.015    1484.31     58.650     3.8981  42.583410  0.000e+00
    183.320     7.7431    34.8082    27.1614 1.4652e-01     0.1310      0.015    1484.31     58.651     3.8982  42.583410  0.000e+00
    183.332     7.7431    34.8081    27.1613 1.4652e-01     0.1310      0.015    1484.31     58.660     3.8988  42.583411  0.000e+00
    183.356     7.7430    34.8085    27.1617 1.4652e-01     0.1310      0.015    1484.31     58.607     3.8952  42.583411  0.000e+00
    183.381     7.7428    34.8086    27.1617 1.4652e-01     0.1310      0.015    1484.31     58.601     3.8948  42.583412  0.000e+00
    183.406     7.7428    34.8084    27.1616 1.3431e-01     0.1310      0.015    1484.31     58.659     3.8987  42.583412  0.000e+00
    183.419     7.7430    34.8080    27.1613 1.4652e-01     0.1310      0.015    1484.31     58.669     3.8994  42.583413  0.000e+00
    183.430     7.7429    34.8079    27.1612 1.4652e-01     0.1310      0.018    1484.31     58.672     3.8996  42.583413  0.000e+00
    183.466     7.7426    34.8082    27.1615 1.4652e-01     0.1310      0.018    1484.31     58.675     3.8998  42.583414  0.000e+00
    183.479     7.7426    34.8085    27.1617 1.4652e-01     0.1310      0.018    1484.31     58.677     3.8999  42.583414  0.000e+00
    183.491     7.7426    34.8089    27.1620 1.4652e-01     0.1310      0.018    1484.31     58.680     3.9001  42.583415  0.000e+00
    183.529     7.7426    34.8091    27.1622 1.4652e-01     0.1310      0.018    1484.31     58.683     3.9003  42.583415  0.000e+00
    183.540     7.7423    34.8090    27.1622 1.4652e-01     0.1310      0.018    1484.31     58.630     3.8968  42.583416  0.000e+00
    183.565     7.7422    34.8094    27.1625 1.4652e-01     0.1310      0.018    1484.31     58.626     3.8965  42.583416  0.000e+00
    183.590     7.7426    34.8090    27.1621 1.4652e-01     0.1310      0.018    1484.31     58.685     3.9004  42.583417  0.000e+00
    183.603     7.7425    34.8087    27.1619 1.4652e-01     0.1322      0.018    1484.31     58.689     3.9007  42.583417  0.000e+00
    183.627     7.7418    34.8086    27.1619 1.4652e-01     0.1310      0.015    1484.31     58.693     3.9010  42.583418  0.000e+00
    183.642     7.7407    34.8088    27.1622 1.4652e-01     0.1310      0.018    1484.30     58.696     3.9014  42.583418  0.000e+00
    183.664     7.7401    34.8099    27.1632 1.4652e-01     0.1310      0.015    1484.30     58.700     3.9016  42.583419  0.000e+00
    183.700     7.7406    34.8087    27.1621 1.4652e-01     0.1310      0.015    1484.30     58.704     3.9019  42.583419  0.000e+00
    183.700     7.7398    34.8085    27.1621 1.4652e-01     0.1310      0.015    1484.30     58.707     3.9022  42.583420  0.000e+00
    183.724     7.7370    34.8077    27.1619 1.4652e-01     0.1310      0.015    1484.29     58.719     3.9032  42.583420  0.000e+00
    183.749     7.7319    34.8092    27.1638 1.4652e-01     0.1310      0.015    1484.27     58.732     3.9045  42.583421  0.000e+00
    183.774     7.7257    34.8138    27.1684 1.4652e-01     0.1310      0.018    1484.26     58.736     3.9052  42.583421  0.000e+00
    183.798     7.7219    34.8159    27.1706 1.4652e-01     0.1310      0.015    1484.24     58.733     3.9053  42.583422  0.000e+00
    183.798     7.7179    34.8188    27.1734 1.4652e-01     0.1310      0.018    1484.23     58.729     3.9053  42.583422  0.000e+00
    183.836     7.7171    34.8201    27.1745 1.4652e-01     0.1310      0.018    1484.23     58.733     3.9056  42.583423  0.000e+00
    183.872     7.7195    34.8179    27.1725 1.4652e-01     0.1310      0.018    1484.24     58.737     3.9057  42.583423  0.000e+00
    183.872     7.7210    34.8157    27.1706 1.4652e-01     0.1310      0.018    1484.24     58.740     3.9058  42.583424  0.000e+00
    183.897     7.7225    34.8129    27.1681 1.4652e-01     0.1322      0.018    1484.24     58.744     3.9060  42.583424  0.000e+00
    183.912     7.7215    34.8114    27.1671 1.4652e-01     0.1310      0.018    1484.24     58.747     3.9064  42.583424  0.000e+00
    183.958     7.7224    34.8117    27.1672 1.4652e-01     0.1310      0.015    1484.24     58.751     3.9065  42.583425  0.000e+00
    183.971     7.7254    34.8116    27.1667 1.3431e-01     0.1310      0.015    1484.25     58.755     3.9065  42.583425  0.000e+00
    183.982     7.7282    34.8091    27.1643 1.4652e-01     0.1310      0.018    1484.26     58.758     3.9065  42.583426  0.000e+00
    184.020     7.7270    34.8072    27.1630 1.4652e-01     0.1322      0.018    1484.26     58.699     3.9028  42.583426  0.000e+00
    184.056     7.7245    34.8074    27.1635 1.4652e-01     0.1310      0.015    1484.25     58.758     3.9070  42.583427  0.000e+00
    184.069     7.7228    34.8095    27.1654 1.4652e-01     0.1310      0.015    1484.24     58.763     3.9073  42.583427  0.000e+00
    184.081     7.7243    34.8100    27.1655 1.4652e-01     0.1322      0.015    1484.25     58.758     3.9069  42.583428  0.000e+00
    184.106     7.7241    34.8116    27.1668 1.4652e-01     0.1310      0.018    1484.25     58.754     3.9066  42.583428  0.000e+00
    184.130     7.7248    34.8113    27.1665 1.3431e-01     0.1310      0.015    1484.25     58.757     3.9068  42.583429  0.000e+00
    184.170     7.7244    34.8121    27.1672 1.4652e-01     0.1310      0.018    1484.25     58.761     3.9070  42.583429  0.000e+00
    184.191     7.7243    34.8116    27.1668 1.4652e-01     0.1310      0.015    1484.25     58.764     3.9073  42.583430  0.000e+00
    184.216     7.7226    34.8111    27.1667 1.4652e-01     0.1310      0.018    1484.25     58.768     3.9076  42.583430  0.000e+00
    184.229     7.7198    34.8117    27.1676 1.4652e-01     0.1310      0.018    1484.24     58.755     3.9070  42.583431  0.000e+00
    184.265     7.7182    34.8127    27.1686 1.4652e-01     0.1310      0.018    1484.23     58.750     3.9068  42.583431  0.000e+00
    184.290     7.7182    34.8133    27.1691 1.4652e-01     0.1310      0.018    1484.23     58.753     3.9070  42.583432  0.000e+00
    184.303     7.7166    34.8137    27.1696 1.4652e-01     0.1310      0.018    1484.23     58.755     3.9073  42.583432  0.000e+00
    184.339     7.7134    34.8141    27.1704 1.4652e-01     0.1310      0.015    1484.22     58.750     3.9072  42.583433  0.000e+00
    184.354     7.7104    34.8151    27.1716 1.4652e-01     0.1310      0.018    1484.21     58.744     3.9071  42.583433  0.000e+00
    184.388     7.7093    34.8158    27.1723 1.3431e-01     0.1322      0.015    1484.21     58.746     3.9073  42.583434  0.000e+00
    184.424     7.7097    34.8143    27.1711 1.3431e-01     0.1310      0.015    1484.21     58.685     3.9032  42.583434  0.000e+00
    184.424     7.7094    34.8134    27.1704 1.3431e-01     0.1322      0.015    1484.20     58.742     3.9071  42.583435  0.000e+00
    184.474     7.7071    34.8136    27.1709 1.3431e-01     0.1310      0.015    1484.20     58.737     3.9069  42.583435  0.000e+00
    184.474     7.7032    34.8143    27.1721 1.3431e-01     0.1310      0.018    1484.18     58.731     3.9068  42.583436  0.000e+00
