VT2_20190211_down.cnv
* Sea-Bird SBE 9 Data File:
* FileName = C:\CTD Brukere\NIVA\OKOKYST2019\20190211\VT2_20190211.hex
* Software Version Seasave V 7.23.2
* Temperature SN = 5352
* Conductivity SN = 3840
* Number of Bytes Per Scan = 28
* Number of Voltage Words = 4
* Number of Scans Averaged by the Deck Unit = 1
* NMEA baud rate = 4800
** Ship: R/V Trygve Braarud
** Cruise:
** Station:
** Operator:
# nquan = 12
# nvalues = 14155                                 
# units = specified
# name 0 = depSM: Depth [salt water, m], lat = 59.60
# name 1 = t090C: Temperature [ITS-90, deg C]
# name 2 = sal00: Salinity, Practical [PSU]
# name 3 = sigma-t00: Density [sigma-t, kg/m^3 ]
# name 4 = flSP: Fluorescence, Seapoint
# name 5 = wetStar: Fluorescence, WET Labs WETstar [mg/m^3]
# name 6 = seaTurbMtr: Turbidity, Seapoint [FTU]
# name 7 = svCM: Sound Velocity [Chen-Millero, m/s]
# name 8 = sbeox0PS: Oxygen, SBE 43 [% saturation]
# name 9 = sbeox0ML/L: Oxygen, SBE 43 [ml/l]
# name 10 = timeJ: Julian Days
# name 11 = flag:  0.000e+00
# span 0 =      0.142,    302.201                 
# span 1 =     2.3305,     8.5983                 
# span 2 =    29.0070,    34.8656                 
# span 3 =    23.1338,    27.2800                 
# span 4 = 1.3431e-01, 6.1050e-01                 
# span 5 =     0.1273,     0.1322                 
# span 6 =      0.011,      0.018                 
# span 7 =    1452.87,    1485.96                 
# span 8 =     55.003,     74.837                 
# span 9 =     3.6975,     5.8463                 
# span 10 =  42.579375,  42.586201                
# span 11 = 0.0000e+00, 0.0000e+00                
# interval = seconds: 0.0416667
# start_time = Feb 11 2019 13:54:18 [System UpLoad Time]
# bad_flag = -9.990e-29
*END*
[from data line 4692]
    104.091     8.5465    34.6102    26.8844 1.3431e-01     0.1298      0.018    1485.77     62.578     4.0902  42.581638  0.000e+00
    104.093     8.5467    34.6102    26.8844 1.4652e-01     0.1310      0.018    1485.77     62.575     4.0900  42.581638  0.000e+00
    104.142     8.5465    34.6104    26.8846 1.4652e-01     0.1310      0.018    1485.77     62.580     4.0903  42.581639  0.000e+00
    104.153     8.5457    34.6116    26.8857 1.3431e-01     0.1310      0.018    1485.77     62.578     4.0902  42.581639  0.000e+00
    104.189     8.5452    34.6120    26.8860 1.3431e-01     0.1310      0.015    1485.77     62.575     4.0900  42.581640  0.000e+00
    104.214     8.5449    34.6123    26.8863 1.4652e-01     0.1310      0.018    1485.77     62.573     4.0899  42.581640  0.000e+00
    104.236     8.5449    34.6120    26.8861 1.4652e-01     0.1310      0.015    1485.77     62.570     4.0898  42.581641  0.000e+00
    104.262     8.5448    34.6123    26.8863 1.4652e-01     0.1298      0.018    1485.77     62.568     4.0896  42.581641  0.000e+00
    104.298     8.5449    34.6120    26.8860 1.3431e-01     0.1310      0.015    1485.77     62.566     4.0894  42.581642  0.000e+00
    104.323     8.5452    34.6113    26.8855 1.4652e-01     0.1310      0.015    1485.77     62.563     4.0893  42.581642  0.000e+00
    104.347     8.5458    34.6108    26.8850 1.4652e-01     0.1298      0.018    1485.77     62.561     4.0891  42.581643  0.000e+00
    104.372     8.5465    34.6100    26.8842 1.4652e-01     0.1310      0.018    1485.77     62.558     4.0888  42.581643  0.000e+00
    104.419     8.5470    34.6091    26.8835 1.4652e-01     0.1310      0.018    1485.77     62.494     4.0846  42.581644  0.000e+00
    104.432     8.5470    34.6093    26.8836 1.4652e-01     0.1310      0.018    1485.77     62.546     4.0881  42.581644  0.000e+00
    104.444     8.5469    34.6094    26.8837 1.4652e-01     0.1310      0.018    1485.77     62.544     4.0879  42.581644  0.000e+00
    104.493     8.5470    34.6099    26.8841 1.3431e-01     0.1310      0.018    1485.78     62.534     4.0873  42.581645  0.000e+00
    104.506     8.5467    34.6098    26.8841 1.3431e-01     0.1310      0.018    1485.78     62.470     4.0831  42.581645  0.000e+00
    104.540     8.5470    34.6096    26.8839 1.3431e-01     0.1310      0.015    1485.78     62.460     4.0824  42.581646  0.000e+00
    104.566     8.5468    34.6099    26.8841 1.3431e-01     0.1310      0.015    1485.78     62.451     4.0819  42.581646  0.000e+00
    104.591     8.5465    34.6103    26.8845 1.4652e-01     0.1310      0.018    1485.78     62.443     4.0813  42.581647  0.000e+00
    104.613     8.5465    34.6105    26.8846 1.3431e-01     0.1310      0.018    1485.78     62.434     4.0807  42.581647  0.000e+00
    104.638     8.5468    34.6099    26.8841 1.4652e-01     0.1310      0.015    1485.78     62.426     4.0802  42.581648  0.000e+00
    104.674     8.5465    34.6104    26.8845 1.3431e-01     0.1310      0.015    1485.78     62.418     4.0797  42.581648  0.000e+00
    104.698     8.5465    34.6104    26.8846 1.4652e-01     0.1310      0.015    1485.78     62.418     4.0797  42.581649  0.000e+00
    104.711     8.5465    34.6102    26.8844 1.4652e-01     0.1310      0.018    1485.78     62.411     4.0792  42.581649  0.000e+00
    104.747     8.5465    34.6101    26.8843 1.4652e-01     0.1310      0.018    1485.78     62.412     4.0793  42.581650  0.000e+00
    104.759     8.5465    34.6103    26.8845 1.4652e-01     0.1310      0.015    1485.78     62.413     4.0794  42.581650  0.000e+00
    104.796     8.5465    34.6104    26.8846 1.4652e-01     0.1310      0.018    1485.78     62.408     4.0790  42.581651  0.000e+00
    104.821     8.5465    34.6104    26.8845 1.4652e-01     0.1310      0.018    1485.78     62.403     4.0787  42.581651  0.000e+00
    104.857     8.5467    34.6104    26.8845 1.3431e-01     0.1310      0.015    1485.78     62.405     4.0788  42.581652  0.000e+00
    104.857     8.5465    34.6104    26.8846 1.4652e-01     0.1310      0.018    1485.78     62.401     4.0786  42.581652  0.000e+00
    104.891     8.5466    34.6107    26.8848 1.4652e-01     0.1310      0.018    1485.78     62.397     4.0783  42.581653  0.000e+00
    104.917     8.5465    34.6105    26.8846 1.3431e-01     0.1310      0.018    1485.78     62.401     4.0786  42.581653  0.000e+00
    104.942     8.5468    34.6102    26.8844 1.3431e-01     0.1298      0.015    1485.78     62.343     4.0748  42.581654  0.000e+00
    104.955     8.5470    34.6099    26.8841 1.4652e-01     0.1310      0.015    1485.78     62.403     4.0787  42.581654  0.000e+00
    104.989     8.5471    34.6092    26.8835 1.3431e-01     0.1310      0.018    1485.78     62.409     4.0791  42.581655  0.000e+00
    105.015     8.5470    34.6094    26.8837 1.3431e-01     0.1310      0.018    1485.78     62.416     4.0795  42.581655  0.000e+00
    105.040     8.5465    34.6099    26.8842 1.3431e-01     0.1310      0.018    1485.78     62.361     4.0759  42.581656  0.000e+00
    105.051     8.5460    34.6101    26.8844 1.4652e-01     0.1310      0.018    1485.78     62.416     4.0796  42.581656  0.000e+00
    105.085     8.5456    34.6105    26.8847 1.3431e-01     0.1310      0.015    1485.78     62.417     4.0797  42.581657  0.000e+00
    105.100     8.5459    34.6104    26.8847 1.4652e-01     0.1310      0.018    1485.78     62.356     4.0757  42.581657  0.000e+00
    105.111     8.5460    34.6101    26.8844 1.3431e-01     0.1310      0.018    1485.78     62.412     4.0794  42.581658  0.000e+00
    105.147     8.5463    34.6097    26.8841 1.4652e-01     0.1310      0.015    1485.78     62.352     4.0754  42.581658  0.000e+00
    105.170     8.5465    34.6096    26.8839 1.4652e-01     0.1310      0.015    1485.79     62.410     4.0792  42.581658  0.000e+00
    105.185     8.5470    34.6091    26.8835 1.3431e-01     0.1298      0.015    1485.79     62.412     4.0793  42.581659  0.000e+00
    105.209     8.5467    34.6096    26.8839 1.3431e-01     0.1310      0.015    1485.79     62.354     4.0755  42.581659  0.000e+00
    105.231     8.5470    34.6091    26.8835 1.4652e-01     0.1298      0.018    1485.79     62.350     4.0752  42.581660  0.000e+00
    105.257     8.5471    34.6088    26.8833 1.4652e-01     0.1310      0.015    1485.79     62.347     4.0751  42.581660  0.000e+00
    105.270     8.5475    34.6088    26.8831 1.4652e-01     0.1310      0.015    1485.79     62.345     4.0749  42.581661  0.000e+00
    105.281     8.5473    34.6088    26.8832 1.4652e-01     0.1310      0.015    1485.79     62.343     4.0748  42.581661  0.000e+00
    105.315     8.5473    34.6089    26.8833 1.4652e-01     0.1310      0.018    1485.79     62.342     4.0747  42.581662  0.000e+00
    105.330     8.5474    34.6091    26.8834 1.3431e-01     0.1310      0.015    1485.79     62.342     4.0747  42.581662  0.000e+00
    105.366     8.5472    34.6089    26.8833 1.3431e-01     0.1310      0.018    1485.79     62.342     4.0747  42.581663  0.000e+00
    105.364     8.5473    34.6089    26.8832 1.4652e-01     0.1310      0.015    1485.79     62.343     4.0747  42.581663  0.000e+00
    105.391     8.5473    34.6090    26.8833 1.3431e-01     0.1310      0.018    1485.79     62.344     4.0748  42.581664  0.000e+00
    105.415     8.5469    34.6094    26.8837 1.3431e-01     0.1310      0.018    1485.79     62.346     4.0750  42.581664  0.000e+00
    105.427     8.5465    34.6097    26.8841 1.3431e-01     0.1310      0.018    1485.79     62.349     4.0752  42.581665  0.000e+00
    105.449     8.5460    34.6096    26.8840 1.3431e-01     0.1310      0.015    1485.79     62.352     4.0754  42.581665  0.000e+00
    105.475     8.5457    34.6101    26.8845 1.4652e-01     0.1310      0.018    1485.79     62.356     4.0757  42.581666  0.000e+00
    105.500     8.5456    34.6099    26.8843 1.3431e-01     0.1310      0.015    1485.79     62.360     4.0760  42.581666  0.000e+00
    105.510     8.5457    34.6101    26.8844 1.4652e-01     0.1298      0.018    1485.79     62.303     4.0723  42.581667  0.000e+00
    105.536     8.5457    34.6101    26.8845 1.3431e-01     0.1298      0.015    1485.79     62.356     4.0757  42.581667  0.000e+00
    105.536     8.5457    34.6099    26.8843 1.3431e-01     0.1310      0.018    1485.79     62.362     4.0761  42.581668  0.000e+00
    105.573     8.5458    34.6102    26.8845 1.3431e-01     0.1310      0.015    1485.79     62.307     4.0725  42.581668  0.000e+00
    105.583     8.5460    34.6104    26.8846 1.3431e-01     0.1310      0.018    1485.79     62.370     4.0766  42.581669  0.000e+00
    105.609     8.5460    34.6102    26.8845 1.4652e-01     0.1310      0.015    1485.79     62.308     4.0726  42.581669  0.000e+00
    105.621     8.5462    34.6100    26.8843 1.4652e-01     0.1298      0.018    1485.79     62.302     4.0722  42.581670  0.000e+00
    105.644     8.5462    34.6104    26.8847 1.4652e-01     0.1310      0.015    1485.79     62.297     4.0718  42.581670  0.000e+00
    105.670     8.5460    34.6106    26.8848 1.4652e-01     0.1310      0.018    1485.79     62.293     4.0715  42.581671  0.000e+00
    105.681     8.5462    34.6105    26.8847 1.4652e-01     0.1310      0.015    1485.79     62.289     4.0713  42.581671  0.000e+00
    105.691     8.5460    34.6108    26.8849 1.4652e-01     0.1298      0.018    1485.79     62.285     4.0710  42.581671  0.000e+00
    105.719     8.5457    34.6108    26.8850 1.4652e-01     0.1310      0.018    1485.79     62.282     4.0709  42.581672  0.000e+00
    105.743     8.5456    34.6110    26.8852 1.4652e-01     0.1310      0.015    1485.79     62.280     4.0707  42.581672  0.000e+00
    105.753     8.5454    34.6114    26.8855 1.4652e-01     0.1310      0.018    1485.79     62.278     4.0706  42.581673  0.000e+00
    105.779     8.5455    34.6112    26.8854 1.3431e-01     0.1310      0.015    1485.79     62.277     4.0706  42.581673  0.000e+00
    105.804     8.5455    34.6112    26.8854 1.4652e-01     0.1310      0.018    1485.79     62.277     4.0705  42.581674  0.000e+00
    105.813     8.5455    34.6112    26.8854 1.4652e-01     0.1310      0.015    1485.79     62.339     4.0746  42.581674  0.000e+00
    105.828     8.5451    34.6117    26.8858 1.4652e-01     0.1310      0.018    1485.79     62.285     4.0711  42.581675  0.000e+00
    105.864     8.5454    34.6113    26.8855 1.4652e-01     0.1310      0.018    1485.80     62.286     4.0711  42.581675  0.000e+00
    105.874     8.5454    34.6115    26.8856 1.4652e-01     0.1310      0.015    1485.80     62.287     4.0712  42.581676  0.000e+00
    105.889     8.5452    34.6121    26.8861 1.4652e-01     0.1310      0.015    1485.80     62.290     4.0714  42.581676  0.000e+00
    105.924     8.5454    34.6114    26.8855 1.4652e-01     0.1310      0.018    1485.80     62.293     4.0716  42.581677  0.000e+00
    105.934     8.5454    34.6117    26.8858 1.4652e-01     0.1310      0.015    1485.80     62.289     4.0713  42.581677  0.000e+00
    105.938     8.5452    34.6121    26.8861 1.4652e-01     0.1298      0.018    1485.80     62.292     4.0715  42.581678  0.000e+00
    105.985     8.5453    34.6117    26.8858 1.4652e-01     0.1310      0.015    1485.80     62.297     4.0718  42.581678  0.000e+00
    105.995     8.5454    34.6121    26.8861 1.4652e-01     0.1310      0.018    1485.80     62.302     4.0721  42.581679  0.000e+00
    106.009     8.5452    34.6122    26.8862 1.3431e-01     0.1310      0.015    1485.80     62.300     4.0720  42.581679  0.000e+00
    106.045     8.5452    34.6121    26.8861 1.4652e-01     0.1310      0.018    1485.80     62.306     4.0724  42.581680  0.000e+00
    106.068     8.5452    34.6123    26.8863 1.4652e-01     0.1310      0.018    1485.80     62.312     4.0728  42.581680  0.000e+00
    106.083     8.5449    34.6124    26.8864 1.4652e-01     0.1310      0.018    1485.80     62.312     4.0728  42.581681  0.000e+00
    106.094     8.5454    34.6124    26.8863 1.4652e-01     0.1310      0.018    1485.80     62.319     4.0733  42.581681  0.000e+00
    106.129     8.5454    34.6123    26.8862 1.4652e-01     0.1298      0.018    1485.80     62.319     4.0733  42.581682  0.000e+00
    106.155     8.5452    34.6126    26.8865 1.4652e-01     0.1310      0.015    1485.80     62.328     4.0738  42.581682  0.000e+00
    106.143     8.5452    34.6130    26.8868 1.3431e-01     0.1310      0.018    1485.80     62.336     4.0744  42.581683  0.000e+00
    106.213     8.5449    34.6131    26.8869 1.4652e-01     0.1310      0.015    1485.80     62.277     4.0705  42.581683  0.000e+00
    106.204     8.5449    34.6128    26.8867 1.4652e-01     0.1310      0.018    1485.80     62.272     4.0702  42.581684  0.000e+00
    106.238     8.5451    34.6125    26.8865 1.4652e-01     0.1310      0.015    1485.80     62.268     4.0699  42.581684  0.000e+00
    106.277     8.5449    34.6125    26.8864 1.4652e-01     0.1310      0.015    1485.80     62.265     4.0698  42.581685  0.000e+00
    106.277     8.5449    34.6125    26.8865 1.4652e-01     0.1310      0.018    1485.80     62.262     4.0696  42.581685  0.000e+00
    106.298     8.5448    34.6128    26.8867 1.3431e-01     0.1310      0.015    1485.80     62.259     4.0694  42.581685  0.000e+00
    106.324     8.5448    34.6125    26.8865 1.3431e-01     0.1298      0.018    1485.80     62.320     4.0734  42.581686  0.000e+00
    106.349     8.5447    34.6125    26.8865 1.4652e-01     0.1310      0.018    1485.80     62.326     4.0738  42.581686  0.000e+00
    106.383     8.5449    34.6123    26.8863 1.4652e-01     0.1310      0.018    1485.80     62.332     4.0742  42.581687  0.000e+00
    106.398     8.5446    34.6125    26.8865 1.3431e-01     0.1310      0.015    1485.80     62.276     4.0705  42.581687  0.000e+00
    106.419     8.5446    34.6128    26.8867 1.4652e-01     0.1310      0.015    1485.80     62.338     4.0746  42.581688  0.000e+00
    106.447     8.5451    34.6122    26.8862 1.3431e-01     0.1310      0.018    1485.80     62.284     4.0710  42.581688  0.000e+00
    106.471     8.5448    34.6126    26.8866 1.3431e-01     0.1310      0.018    1485.80     62.346     4.0751  42.581689  0.000e+00
    106.504     8.5449    34.6126    26.8865 1.4652e-01     0.1310      0.015    1485.81     62.355     4.0756  42.581689  0.000e+00
    106.507     8.5449    34.6128    26.8867 1.3431e-01     0.1310      0.018    1485.81     62.301     4.0721  42.581690  0.000e+00
    106.553     8.5451    34.6137    26.8874 1.3431e-01     0.1310      0.018    1485.81     62.296     4.0717  42.581690  0.000e+00
    106.568     8.5455    34.6138    26.8874 1.4652e-01     0.1298      0.018    1485.81     62.298     4.0718  42.581691  0.000e+00
    106.592     8.5459    34.6141    26.8875 1.4652e-01     0.1310      0.015    1485.81     62.301     4.0720  42.581691  0.000e+00
    106.625     8.5457    34.6139    26.8874 1.4652e-01     0.1310      0.015    1485.81     62.297     4.0718  42.581692  0.000e+00
    106.666     8.5457    34.6140    26.8875 1.3431e-01     0.1310      0.018    1485.81     62.301     4.0720  42.581692  0.000e+00
    106.649     8.5458    34.6134    26.8870 1.4652e-01     0.1310      0.018    1485.81     62.297     4.0718  42.581693  0.000e+00
    106.702     8.5455    34.6136    26.8872 1.3431e-01     0.1310      0.015    1485.81     62.295     4.0716  42.581693  0.000e+00
    106.734     8.5457    34.6136    26.8872 1.4652e-01     0.1298      0.018    1485.81     62.292     4.0715  42.581694  0.000e+00
    106.738     8.5454    34.6142    26.8877 1.4652e-01     0.1310      0.015    1485.81     62.290     4.0713  42.581694  0.000e+00
    106.787     8.5455    34.6142    26.8877 1.4652e-01     0.1298      0.018    1485.81     62.288     4.0712  42.581695  0.000e+00
    106.795     8.5457    34.6146    26.8880 1.3431e-01     0.1310      0.015    1485.82     62.349     4.0751  42.581695  0.000e+00
