VT2_20190611_down.cnv
* Sea-Bird SBE 9 Data File:
* FileName = C:\CTD Brukere\NIVA\OKOKYST2019\20190611\VT2_20190611.hex
* Software Version Seasave V 7.23.2
* Temperature SN = 5352
* Conductivity SN = 3840
* Number of Bytes Per Scan = 28
* Number of Voltage Words = 4
* Number of Scans Averaged by the Deck Unit = 1
* NMEA baud rate = 4800
** Ship: R/V Trygve Braarud
** Cruise:
** Station:
** Operator:
# nquan = 14
# nvalues = 13148                                 
# units = specified
# name 0 = depSM: Depth [salt water, m], lat = 59.60
# name 1 = t090C: Temperature [ITS-90, deg C]
# name 2 = sal00: Salinity, Practical [PSU]
# name 3 = sigma-t00: Density [sigma-t, kg/m^3 ]
# name 4 = flSP: Fluorescence, Seapoint
# name 5 = wetStar: Fluorescence, WET Labs WETstar [mg/m^3]
# name 6 = seaTurbMtr: Turbidity, Seapoint [FTU]
# name 7 = svCM: Sound Velocity [Chen-Millero, m/s]
# name 8 = sbeox0PS: Oxygen, SBE 43 [% saturation]
# name 9 = sbeox0Mg/L: Oxygen, SBE 43 [mg/l]
# name 10 = timeJ: Julian Days
# name 11 = sbeox0ML/L: Oxygen, SBE 43 [ml/l]
# name 12 = prDM: Pressure, Digiquartz [db]
# name 13 = flag:  0.000e+00
# span 0 =     -0.085,    300.263                 
# span 1 =     6.7813,    14.4676                 
# span 2 =    20.5140,    34.7894                 
# span 3 =    14.9380,    27.2826                 
# span 4 = 1.3431e-01, 4.7497e+00                 
# span 5 =     0.1273,     0.1322                 
# span 6 =      0.007,      0.018                 
# span 7 =    1477.89,    1488.60                 
# span 8 =     59.710,     83.418                 
# span 9 =     5.7243,     7.5451                 
# span 10 = 162.736088, 162.742428                
# span 11 =     4.0055,     5.2796                
# span 12 =     -0.086,    303.334                
# span 13 = 0.0000e+00, 0.0000e+00                
# interval = seconds: 0.0416667
# start_time = Jun 11 2019 17:39:58 [System UpLoad Time]
# bad_flag = -9.990e-29
*END*
[from data line 104]
      0.167    14.4015    20.5808    15.0015 3.6020e+00     0.1298      0.011    1487.96     82.695     7.4423 162.736138     5.2077      0.169  0.000e+00
      0.153    14.3911    20.5878    15.0088 3.5165e+00     0.1310      0.015    1487.93     82.633     7.4380 162.736139     5.2047      0.154  0.000e+00
      0.154    14.3877    20.5939    15.0142 3.4554e+00     0.1298      0.011    1487.93     82.688     7.4432 162.736139     5.2083      0.156  0.000e+00
      0.154    14.3871    20.5979    15.0173 3.3822e+00     0.1310      0.015    1487.93     82.682     7.4425 162.736140     5.2079      0.156  0.000e+00
      0.143    14.3851    20.6004    15.0197 3.3455e+00     0.1298      0.015    1487.93     82.678     7.4424 162.736140     5.2078      0.144  0.000e+00
      0.141    14.3864    20.6005    15.0195 3.2967e+00     0.1298      0.011    1487.93     82.672     7.4417 162.736141     5.2073      0.143  0.000e+00
      0.107    14.3883    20.6000    15.0187 3.2357e+00     0.1298      0.015    1487.94     82.664     7.4407 162.736141     5.2066      0.108  0.000e+00
      0.119    14.3940    20.5964    15.0149 3.1868e+00     0.1310      0.011    1487.95     82.654     7.4391 162.736141     5.2054      0.120  0.000e+00
      0.093    14.3985    20.5920    15.0107 3.1258e+00     0.1310      0.015    1487.96     82.647     7.4380 162.736142     5.2046      0.094  0.000e+00
      0.119    14.4010    20.5876    15.0069 3.1136e+00     0.1310      0.011    1487.96     82.638     7.4370 162.736142     5.2040      0.120  0.000e+00
      0.072    14.4038    20.5836    15.0032 3.1136e+00     0.1298      0.015    1487.97     82.687     7.4411 162.736143     5.2068      0.073  0.000e+00
      0.072    14.4055    20.5801    15.0003 3.1258e+00     0.1298      0.011    1487.97     82.620     7.4350 162.736143     5.2025      0.073  0.000e+00
      0.057    14.4068    20.5767    14.9974 3.1258e+00     0.1298      0.015    1487.97     82.669     7.4394 162.736144     5.2056      0.058  0.000e+00
      0.036    14.4072    20.5741    14.9954 3.1746e+00     0.1310      0.015    1487.97     82.663     7.4389 162.736144     5.2053      0.037  0.000e+00
      0.048    14.4071    20.5716    14.9934 3.2845e+00     0.1310      0.011    1487.96     82.655     7.4383 162.736145     5.2049      0.048  0.000e+00
      0.048    14.4083    20.5692    14.9913 3.4188e+00     0.1310      0.015    1487.97     82.645     7.4373 162.736145     5.2042      0.048  0.000e+00
      0.022    14.4109    20.5672    14.9893 3.5043e+00     0.1298      0.011    1487.97     82.633     7.4359 162.736146     5.2032      0.022  0.000e+00
     -0.001    14.4140    20.5643    14.9866 3.6508e+00     0.1310      0.015    1487.98     82.624     7.4347 162.736146     5.2024     -0.001  0.000e+00
      0.012    14.4167    20.5626    14.9847 3.7851e+00     0.1310      0.015    1487.99     82.614     7.4335 162.736147     5.2015      0.012  0.000e+00
     -0.014    14.4196    20.5610    14.9830 3.8828e+00     0.1298      0.011    1487.99     82.601     7.4320 162.736147     5.2005     -0.014  0.000e+00
      0.012    14.4224    20.5597    14.9814 3.9683e+00     0.1310      0.015    1488.00     82.593     7.4309 162.736148     5.1997      0.012  0.000e+00
     -0.001    14.4199    20.5618    14.9835 3.9927e+00     0.1298      0.011    1488.00     82.643     7.4356 162.736148     5.2030     -0.001  0.000e+00
      0.012    14.4050    20.5705    14.9930 3.9560e+00     0.1298      0.015    1487.96     82.636     7.4370 162.736149     5.2039      0.012  0.000e+00
      0.010    14.3945    20.5799    15.0021 3.9316e+00     0.1298      0.015    1487.93     82.633     7.4379 162.736149     5.2046      0.010  0.000e+00
      0.012    14.3880    20.5922    15.0128 3.8828e+00     0.1298      0.011    1487.92     82.629     7.4379 162.736150     5.2046      0.012  0.000e+00
      0.036    14.3782    20.6054    15.0248 3.8584e+00     0.1322      0.018    1487.91     82.623     7.4383 162.736150     5.2049      0.037  0.000e+00
      0.048    14.3782    20.6155    15.0325 3.8095e+00     0.1310      0.011    1487.92     82.616     7.4372 162.736151     5.2041      0.048  0.000e+00
      0.057    14.3814    20.6178    15.0337 3.7241e+00     0.1310      0.015    1487.93     82.613     7.4363 162.736151     5.2035      0.058  0.000e+00
      0.072    14.3857    20.6116    15.0282 3.6508e+00     0.1298      0.015    1487.94     82.609     7.4356 162.736152     5.2030      0.073  0.000e+00
      0.094    14.3904    20.6011    15.0192 3.6386e+00     0.1298      0.015    1487.94     82.662     7.4402 162.736152     5.2062      0.095  0.000e+00
      0.130    14.3911    20.5941    15.0137 3.6386e+00     0.1310      0.015    1487.94     82.601     7.4349 162.736153     5.2025      0.131  0.000e+00
      0.132    14.3857    20.5901    15.0116 3.6386e+00     0.1298      0.011    1487.92     82.652     7.4404 162.736153     5.2064      0.133  0.000e+00
      0.154    14.3678    20.5948    15.0186 3.6386e+00     0.1310      0.015    1487.86     82.652     7.4430 162.736154     5.2082      0.156  0.000e+00
      0.190    14.3517    20.6009    15.0263 3.6752e+00     0.1310      0.011    1487.82     82.645     7.4446 162.736154     5.2093      0.192  0.000e+00
      0.213    14.3420    20.6049    15.0312 3.7363e+00     0.1310      0.015    1487.79     82.643     7.4457 162.736155     5.2101      0.215  0.000e+00
      0.190    14.3427    20.6053    15.0313 3.7363e+00     0.1310      0.015    1487.79     82.639     7.4453 162.736155     5.2098      0.192  0.000e+00
      0.238    14.3440    20.6054    15.0311 3.7118e+00     0.1310      0.015    1487.80     82.635     7.4446 162.736155     5.2093      0.241  0.000e+00
      0.238    14.3397    20.6077    15.0337 3.7485e+00     0.1310      0.015    1487.78     82.634     7.4451 162.736156     5.2097      0.241  0.000e+00
      0.272    14.3343    20.6093    15.0360 3.8217e+00     0.1298      0.011    1487.77     82.626     7.4452 162.736156     5.2097      0.275  0.000e+00
      0.285    14.3280    20.6123    15.0394 3.8584e+00     0.1298      0.015    1487.75     82.617     7.4453 162.736157     5.2098      0.288  0.000e+00
      0.310    14.3244    20.6136    15.0411 3.8217e+00     0.1298      0.011    1487.74     82.613     7.4454 162.736157     5.2098      0.313  0.000e+00
      0.285    14.3272    20.6122    15.0395 3.7118e+00     0.1298      0.015    1487.75     82.607     7.4445 162.736158     5.2092      0.288  0.000e+00
      0.261    14.3270    20.6133    15.0403 3.6264e+00     0.1298      0.015    1487.75     82.600     7.4438 162.736158     5.2087      0.264  0.000e+00
      0.298    14.3297    20.6128    15.0395 3.5775e+00     0.1298      0.011    1487.76     82.592     7.4427 162.736159     5.2080      0.301  0.000e+00
      0.310    14.3315    20.6126    15.0390 3.6264e+00     0.1298      0.015    1487.76     82.589     7.4422 162.736159     5.2076      0.313  0.000e+00
      0.345    14.3199    20.6221    15.0484 3.8095e+00     0.1310      0.011    1487.74     82.585     7.4431 162.736160     5.2083      0.349  0.000e+00
      0.344    14.2952    20.6465    15.0718 3.9683e+00     0.1310      0.015    1487.68     82.573     7.4448 162.736160     5.2094      0.347  0.000e+00
      0.405    14.2778    20.6789    15.0999 4.0659e+00     0.1310      0.015    1487.66     82.567     7.4454 162.736161     5.2099      0.409  0.000e+00
      0.394    14.2669    20.7101    15.1259 4.0659e+00     0.1298      0.015    1487.66     82.559     7.4450 162.736161     5.2096      0.398  0.000e+00
      0.405    14.2592    20.7290    15.1418 4.0537e+00     0.1298      0.011    1487.66     82.557     7.4451 162.736162     5.2096      0.409  0.000e+00
      0.418    14.2505    20.7449    15.1557 4.0171e+00     0.1298      0.011    1487.65     82.548     7.4449 162.736162     5.2095      0.422  0.000e+00
      0.416    14.2436    20.7549    15.1646 4.0293e+00     0.1310      0.015    1487.63     82.543     7.4451 162.736163     5.2097      0.420  0.000e+00
      0.441    14.2379    20.7649    15.1733 4.1026e+00     0.1298      0.011    1487.63     82.598     7.4505 162.736163     5.2134      0.445  0.000e+00
      0.441    14.2329    20.7746    15.1818 4.0537e+00     0.1310      0.015    1487.62     82.597     7.4507 162.736164     5.2136      0.445  0.000e+00
      0.489    14.2219    20.7879    15.1940 3.9316e+00     0.1310      0.015    1487.60     82.537     7.4464 162.736164     5.2105      0.494  0.000e+00
      0.499    14.2080    20.8054    15.2100 3.9072e+00     0.1310      0.015    1487.58     82.589     7.4524 162.736165     5.2148      0.504  0.000e+00
      0.514    14.1938    20.8247    15.2275 3.9560e+00     0.1310      0.015    1487.55     82.526     7.4481 162.736165     5.2117      0.518  0.000e+00
      0.536    14.1822    20.8439    15.2443 4.0293e+00     0.1298      0.015    1487.53     82.517     7.4482 162.736166     5.2118      0.541  0.000e+00
      0.536    14.1746    20.8551    15.2544 4.1148e+00     0.1310      0.015    1487.52     82.567     7.4533 162.736166     5.2154      0.541  0.000e+00
      0.548    14.1709    20.8635    15.2615 4.2735e+00     0.1310      0.011    1487.52     82.567     7.4536 162.736167     5.2156      0.553  0.000e+00
      0.560    14.1721    20.8658    15.2630 4.3590e+00     0.1310      0.015    1487.53     82.562     7.4528 162.736167     5.2150      0.566  0.000e+00
      0.572    14.1739    20.8642    15.2615 4.3956e+00     0.1310      0.011    1487.53     82.561     7.4525 162.736168     5.2148      0.577  0.000e+00
      0.585    14.1743    20.8629    15.2605 4.4200e+00     0.1310      0.015    1487.53     82.500     7.4470 162.736168     5.2109      0.590  0.000e+00
      0.620    14.1747    20.8620    15.2597 4.4811e+00     0.1310      0.015    1487.53     82.552     7.4517 162.736168     5.2142      0.626  0.000e+00
      0.632    14.1770    20.8601    15.2578 4.5788e+00     0.1310      0.015    1487.54     82.549     7.4511 162.736169     5.2139      0.638  0.000e+00
      0.645    14.1795    20.8579    15.2556 4.7131e+00     0.1310      0.015    1487.54     82.546     7.4506 162.736169     5.2135      0.651  0.000e+00
      0.667    14.1809    20.8559    15.2539 4.6642e+00     0.1298      0.011    1487.55     82.542     7.4501 162.736170     5.2131      0.674  0.000e+00
      0.667    14.1805    20.8557    15.2537 4.4322e+00     0.1298      0.015    1487.54     82.537     7.4497 162.736170     5.2129      0.674  0.000e+00
      0.680    14.1797    20.8565    15.2545 4.2247e+00     0.1310      0.011    1487.54     82.532     7.4493 162.736171     5.2126      0.687  0.000e+00
      0.703    14.1743    20.8606    15.2587 4.0537e+00     0.1310      0.015    1487.53     82.525     7.4494 162.736171     5.2126      0.710  0.000e+00
      0.716    14.1664    20.8670    15.2650 3.9316e+00     0.1298      0.011    1487.51     82.524     7.4502 162.736172     5.2132      0.723  0.000e+00
      0.727    14.1611    20.8737    15.2711 3.9072e+00     0.1310      0.015    1487.50     82.522     7.4506 162.736172     5.2135      0.734  0.000e+00
      0.763    14.1562    20.8802    15.2770 3.8828e+00     0.1310      0.011    1487.49     82.520     7.4508 162.736173     5.2137      0.770  0.000e+00
      0.751    14.1532    20.8855    15.2817 3.8095e+00     0.1310      0.011    1487.49     82.517     7.4508 162.736173     5.2136      0.759  0.000e+00
      0.785    14.1520    20.8880    15.2838 3.7729e+00     0.1310      0.015    1487.49     82.574     7.4560 162.736174     5.2173      0.793  0.000e+00
      0.787    14.1502    20.8892    15.2851 3.7363e+00     0.1310      0.011    1487.48     82.516     7.4510 162.736174     5.2138      0.794  0.000e+00
      0.800    14.1493    20.8905    15.2863 3.7118e+00     0.1310      0.015    1487.48     82.571     7.4560 162.736175     5.2173      0.808  0.000e+00
      0.836    14.1497    20.8914    15.2869 3.6996e+00     0.1298      0.011    1487.48     82.572     7.4560 162.736175     5.2173      0.844  0.000e+00
      0.823    14.1439    20.8960    15.2915 3.6630e+00     0.1298      0.015    1487.47     82.577     7.4572 162.736176     5.2181      0.830  0.000e+00
      0.845    14.1328    20.9045    15.3001 3.6386e+00     0.1310      0.015    1487.44     82.576     7.4584 162.736176     5.2190      0.853  0.000e+00
      0.871    14.1175    20.9191    15.3141 3.6386e+00     0.1310      0.015    1487.41     82.580     7.4605 162.736177     5.2204      0.879  0.000e+00
      0.871    14.1017    20.9388    15.3322 3.6020e+00     0.1310      0.015    1487.38     82.584     7.4624 162.736177     5.2217      0.879  0.000e+00
      0.871    14.0907    20.9589    15.3497 3.5897e+00     0.1298      0.015    1487.36     82.587     7.4634 162.736178     5.2225      0.879  0.000e+00
      0.894    14.0923    20.9724    15.3597 3.5531e+00     0.1310      0.011    1487.39     82.590     7.4628 162.736178     5.2221      0.902  0.000e+00
      0.905    14.1030    20.9713    15.3569 3.5287e+00     0.1310      0.011    1487.42     82.593     7.4615 162.736179     5.2211      0.914  0.000e+00
      0.907    14.1142    20.9619    15.3476 3.5043e+00     0.1310      0.011    1487.45     82.595     7.4604 162.736179     5.2203      0.915  0.000e+00
      0.918    14.1205    20.9511    15.3382 3.5043e+00     0.1310      0.011    1487.46     82.597     7.4601 162.736180     5.2201      0.927  0.000e+00
      0.931    14.1222    20.9457    15.3337 3.5287e+00     0.1298      0.015    1487.46     82.598     7.4602 162.736180     5.2202      0.940  0.000e+00
      0.954    14.1208    20.9461    15.3342 3.4799e+00     0.1298      0.011    1487.45     82.599     7.4604 162.736181     5.2204      0.963  0.000e+00
      0.954    14.1207    20.9483    15.3360 3.4188e+00     0.1298      0.015    1487.46     82.599     7.4604 162.736181     5.2203      0.963  0.000e+00
      0.967    14.1270    20.9479    15.3345 3.4188e+00     0.1298      0.015    1487.48     82.659     7.4648 162.736182     5.2234      0.976  0.000e+00
      0.978    14.1400    20.9391    15.3253 3.4676e+00     0.1298      0.011    1487.51     82.604     7.4582 162.736182     5.2188      0.987  0.000e+00
      1.002    14.1586    20.9204    15.3075 3.5165e+00     0.1298      0.011    1487.55     82.604     7.4562 162.736182     5.2174      1.012  0.000e+00
      1.014    14.1734    20.8988    15.2882 3.4921e+00     0.1310      0.015    1487.58     82.662     7.4601 162.736183     5.2201      1.023  0.000e+00
      1.027    14.1840    20.8776    15.2699 3.4554e+00     0.1310      0.011    1487.59     82.665     7.4597 162.736183     5.2199      1.036  0.000e+00
      1.036    14.1900    20.8624    15.2571 3.5043e+00     0.1310      0.015    1487.59     82.668     7.4597 162.736184     5.2199      1.046  0.000e+00
      1.062    14.1840    20.8599    15.2563 3.5287e+00     0.1298      0.015    1487.57     82.670     7.4609 162.736184     5.2207      1.072  0.000e+00
      1.085    14.1679    20.8708    15.2677 3.5287e+00     0.1298      0.015    1487.53     82.670     7.4630 162.736185     5.2222      1.095  0.000e+00
      1.098    14.1538    20.8872    15.2829 3.5165e+00     0.1310      0.015    1487.50     82.670     7.4644 162.736185     5.2232      1.108  0.000e+00
      1.122    14.1370    20.9094    15.3031 3.5043e+00     0.1298      0.011    1487.47     82.670     7.4660 162.736186     5.2242      1.133  0.000e+00
      1.133    14.1310    20.9257    15.3167 3.5531e+00     0.1298      0.015    1487.47     82.668     7.4660 162.736186     5.2243      1.144  0.000e+00
      1.169    14.1309    20.9368    15.3252 3.6264e+00     0.1310      0.011    1487.48     82.732     7.4713 162.736187     5.2280      1.180  0.000e+00
