VT2_20190611_down.cnv
* Sea-Bird SBE 9 Data File:
* FileName = C:\CTD Brukere\NIVA\OKOKYST2019\20190611\VT2_20190611.hex
* Software Version Seasave V 7.23.2
* Temperature SN = 5352
* Conductivity SN = 3840
* Number of Bytes Per Scan = 28
* Number of Voltage Words = 4
* Number of Scans Averaged by the Deck Unit = 1
* NMEA baud rate = 4800
** Ship: R/V Trygve Braarud
** Cruise:
** Station:
** Operator:
# nquan = 14
# nvalues = 13148                                 
# units = specified
# name 0 = depSM: Depth [salt water, m], lat = 59.60
# name 1 = t090C: Temperature [ITS-90, deg C]
# name 2 = sal00: Salinity, Practical [PSU]
# name 3 = sigma-t00: Density [sigma-t, kg/m^3 ]
# name 4 = flSP: Fluorescence, Seapoint
# name 5 = wetStar: Fluorescence, WET Labs WETstar [mg/m^3]
# name 6 = seaTurbMtr: Turbidity, Seapoint [FTU]
# name 7 = svCM: Sound Velocity [Chen-Millero, m/s]
# name 8 = sbeox0PS: Oxygen, SBE 43 [% saturation]
# name 9 = sbeox0Mg/L: Oxygen, SBE 43 [mg/l]
# name 10 = timeJ: Julian Days
# name 11 = sbeox0ML/L: Oxygen, SBE 43 [ml/l]
# name 12 = prDM: Pressure, Digiquartz [db]
# name 13 = flag:  0.000e+00
# span 0 =     -0.085,    300.263                 
# span 1 =     6.7813,    14.4676                 
# span 2 =    20.5140,    34.7894                 
# span 3 =    14.9380,    27.2826                 
# span 4 = 1.3431e-01, 4.7497e+00                 
# span 5 =     0.1273,     0.1322                 
# span 6 =      0.007,      0.018                 
# span 7 =    1477.89,    1488.60                 
# span 8 =     59.710,     83.418                 
# span 9 =     5.7243,     7.5451                 
# span 10 = 162.736088, 162.742428                
# span 11 =     4.0055,     5.2796                
# span 12 =     -0.086,    303.334                
# span 13 = 0.0000e+00, 0.0000e+00                
# interval = seconds: 0.0416667
# start_time = Jun 11 2019 17:39:58 [System UpLoad Time]
# bad_flag = -9.990e-29
*END*
[from data line 2271]
     50.161     7.7516    32.5636    25.3964 1.8315e-01     0.1298      0.018    1479.34     69.655     6.7125 162.737183     4.6970     50.643  0.000e+00
     50.185     7.7547    32.5612    25.3941 1.8315e-01     0.1285      0.018    1479.35     69.654     6.7120 162.737184     4.6967     50.668  0.000e+00
     50.197     7.7527    32.5641    25.3966 1.8315e-01     0.1298      0.018    1479.34     69.659     6.7127 162.737184     4.6972     50.679  0.000e+00
     50.221     7.7519    32.5662    25.3984 1.8315e-01     0.1285      0.018    1479.34     69.657     6.7126 162.737185     4.6971     50.704  0.000e+00
     50.259     7.7475    32.5719    25.4035 1.8315e-01     0.1285      0.018    1479.34     69.647     6.7120 162.737185     4.6967     50.742  0.000e+00
     50.281     7.7426    32.5752    25.4068 1.8315e-01     0.1285      0.018    1479.32     69.652     6.7130 162.737186     4.6974     50.765  0.000e+00
     50.304     7.7426    32.5726    25.4048 1.9536e-01     0.1298      0.018    1479.32     69.655     6.7135 162.737186     4.6977     50.787  0.000e+00
     50.330     7.7459    32.5681    25.4008 1.8315e-01     0.1298      0.018    1479.33     69.658     6.7135 162.737187     4.6977     50.814  0.000e+00
     50.354     7.7554    32.5543    25.3885 1.8315e-01     0.1298      0.018    1479.35     69.660     6.7128 162.737187     4.6973     50.838  0.000e+00
     50.379     7.7720    32.5392    25.3744 1.8315e-01     0.1298      0.018    1479.39     69.662     6.7111 162.737188     4.6960     50.863  0.000e+00
     50.390     7.7607    32.5645    25.3959 1.9536e-01     0.1298      0.018    1479.38     69.665     6.7120 162.737188     4.6967     50.874  0.000e+00
     50.437     7.7374    32.5969    25.4246 1.9536e-01     0.1298      0.018    1479.33     69.669     6.7146 162.737188     4.6985     50.922  0.000e+00
     50.450     7.7267    32.6079    25.4347 1.8315e-01     0.1298      0.018    1479.30     69.671     6.7159 162.737189     4.6994     50.935  0.000e+00
     50.462     7.7221    32.6111    25.4379 1.8315e-01     0.1298      0.018    1479.29     69.673     6.7167 162.737189     4.6999     50.947  0.000e+00
     50.499     7.7226    32.6094    25.4365 1.8315e-01     0.1298      0.018    1479.29     69.674     6.7168 162.737190     4.7000     50.984  0.000e+00
     50.509     7.7262    32.6042    25.4319 1.9536e-01     0.1298      0.018    1479.30     69.675     6.7165 162.737190     4.6998     50.994  0.000e+00
     50.559     7.7283    32.6034    25.4310 1.8315e-01     0.1298      0.018    1479.31     69.675     6.7163 162.737191     4.6997     51.045  0.000e+00
     50.559     7.7291    32.6045    25.4317 1.9536e-01     0.1298      0.018    1479.31     69.675     6.7161 162.737191     4.6995     51.045  0.000e+00
     50.595     7.7275    32.6072    25.4340 1.8315e-01     0.1298      0.018    1479.31     69.675     6.7162 162.737192     4.6996     51.081  0.000e+00
     50.619     7.7218    32.6137    25.4400 1.8315e-01     0.1298      0.018    1479.30     69.683     6.7176 162.737192     4.7006     51.106  0.000e+00
     50.629     7.7166    32.6191    25.4450 1.8315e-01     0.1298      0.018    1479.28     69.683     6.7181 162.737193     4.7009     51.116  0.000e+00
     50.666     7.7174    32.6161    25.4425 1.8315e-01     0.1298      0.018    1479.28     69.682     6.7181 162.737193     4.7009     51.153  0.000e+00
     50.679     7.7211    32.6106    25.4377 1.8315e-01     0.1298      0.018    1479.29     69.743     6.7236 162.737194     4.7048     51.166  0.000e+00
     50.691     7.7244    32.6047    25.4326 1.8315e-01     0.1298      0.018    1479.30     69.748     6.7238 162.737194     4.7049     51.178  0.000e+00
     50.727     7.7287    32.5974    25.4262 1.8315e-01     0.1298      0.018    1479.30     69.753     6.7240 162.737195     4.7050     51.214  0.000e+00
     50.762     7.7347    32.5893    25.4190 1.8315e-01     0.1298      0.018    1479.32     69.757     6.7238 162.737195     4.7049     51.250  0.000e+00
     50.774     7.7385    32.5859    25.4158 1.8315e-01     0.1285      0.018    1479.33     69.761     6.7237 162.737196     4.7049     51.262  0.000e+00
     50.787     7.7308    32.5955    25.4244 1.9536e-01     0.1298      0.018    1479.31     69.764     6.7248 162.737196     4.7056     51.275  0.000e+00
     50.811     7.7216    32.6076    25.4352 1.8315e-01     0.1298      0.018    1479.29     69.768     6.7260 162.737197     4.7065     51.299  0.000e+00
     50.835     7.7121    32.6196    25.4460 1.9536e-01     0.1298      0.018    1479.27     69.771     6.7272 162.737197     4.7073     51.324  0.000e+00
     50.871     7.7042    32.6285    25.4541 1.8315e-01     0.1298      0.018    1479.25     69.781     6.7290 162.737198     4.7086     51.360  0.000e+00
     50.870     7.6999    32.6330    25.4583 1.8315e-01     0.1298      0.018    1479.24     69.782     6.7296 162.737198     4.7090     51.358  0.000e+00
     50.896     7.6993    32.6321    25.4577 1.8315e-01     0.1298      0.018    1479.24     69.782     6.7298 162.737199     4.7091     51.385  0.000e+00
     50.931     7.7018    32.6283    25.4543 1.8315e-01     0.1298      0.018    1479.24     69.790     6.7303 162.737199     4.7094     51.421  0.000e+00
     50.943     7.7037    32.6257    25.4519 1.8315e-01     0.1298      0.018    1479.25     69.727     6.7241 162.737200     4.7051     51.432  0.000e+00
     50.956     7.7051    32.6240    25.4504 1.8315e-01     0.1298      0.018    1479.25     69.781     6.7291 162.737200     4.7086     51.445  0.000e+00
     50.991     7.7091    32.6192    25.4461 1.9536e-01     0.1298      0.018    1479.26     69.779     6.7285 162.737201     4.7082     51.482  0.000e+00
     51.003     7.7152    32.6116    25.4393 1.8315e-01     0.1298      0.018    1479.27     69.777     6.7277 162.737201     4.7076     51.493  0.000e+00
     51.027     7.7234    32.6022    25.4308 1.8315e-01     0.1298      0.018    1479.29     69.774     6.7266 162.737201     4.7068     51.518  0.000e+00
     51.052     7.7291    32.5950    25.4242 1.8315e-01     0.1298      0.018    1479.31     69.770     6.7256 162.737202     4.7062     51.542  0.000e+00
     51.063     7.7351    32.5863    25.4166 1.8315e-01     0.1298      0.018    1479.32     69.766     6.7247 162.737202     4.7055     51.554  0.000e+00
     51.052     7.7430    32.5762    25.4075 1.8315e-01     0.1298      0.018    1479.34     69.760     6.7234 162.737203     4.7047     51.542  0.000e+00
     51.147     7.7503    32.5687    25.4006 1.8315e-01     0.1298      0.018    1479.36     69.755     6.7222 162.737203     4.7038     51.639  0.000e+00
     51.123     7.7452    32.5747    25.4060 1.8315e-01     0.1298      0.018    1479.34     69.750     6.7221 162.737204     4.7038     51.614  0.000e+00
     51.147     7.7177    32.6035    25.4326 1.8315e-01     0.1285      0.018    1479.28     69.746     6.7247 162.737204     4.7055     51.639  0.000e+00
     51.172     7.6962    32.6256    25.4529 1.8315e-01     0.1298      0.018    1479.22     69.748     6.7273 162.737205     4.7073     51.664  0.000e+00
     51.208     7.6869    32.6348    25.4615 1.7094e-01     0.1298      0.018    1479.20     69.750     6.7284 162.737205     4.7081     51.700  0.000e+00
     51.208     7.6837    32.6381    25.4646 1.8315e-01     0.1298      0.018    1479.19     69.750     6.7288 162.737206     4.7084     51.700  0.000e+00
     51.243     7.6836    32.6398    25.4659 1.8315e-01     0.1285      0.018    1479.19     69.750     6.7287 162.737206     4.7084     51.736  0.000e+00
     51.256     7.6871    32.6390    25.4648 1.8315e-01     0.1298      0.018    1479.20     69.749     6.7281 162.737207     4.7080     51.749  0.000e+00
     51.292     7.6851    32.6437    25.4687 1.9536e-01     0.1285      0.018    1479.20     69.749     6.7282 162.737207     4.7080     51.785  0.000e+00
     51.279     7.6885    32.6375    25.4634 1.9536e-01     0.1298      0.018    1479.21     69.747     6.7278 162.737208     4.7077     51.772  0.000e+00
     51.352     7.6848    32.6346    25.4616 1.9536e-01     0.1298      0.018    1479.19     69.747     6.7284 162.737208     4.7082     51.846  0.000e+00
     51.352     7.6509    32.6614    25.4875 1.8315e-01     0.1298      0.018    1479.10     69.748     6.7325 162.737209     4.7110     51.846  0.000e+00
     51.377     7.6244    32.6843    25.5092 1.8315e-01     0.1298      0.018    1479.02     69.748     6.7356 162.737209     4.7132     51.870  0.000e+00
     51.401     7.6057    32.6995    25.5238 1.8315e-01     0.1298      0.018    1478.97     69.747     6.7377 162.737210     4.7147     51.895  0.000e+00
     51.424     7.5895    32.7136    25.5371 1.8315e-01     0.1298      0.018    1478.93     69.746     6.7395 162.737210     4.7159     51.918  0.000e+00
     51.448     7.5772    32.7238    25.5469 1.8315e-01     0.1298      0.018    1478.89     69.744     6.7408 162.737211     4.7168     51.943  0.000e+00
     51.472     7.5671    32.7321    25.5548 1.8315e-01     0.1298      0.018    1478.86     69.742     6.7417 162.737211     4.7175     51.967  0.000e+00
     51.484     7.5588    32.7395    25.5618 1.8315e-01     0.1285      0.018    1478.84     69.739     6.7424 162.737212     4.7179     51.979  0.000e+00
     51.533     7.5546    32.7428    25.5650 1.7094e-01     0.1298      0.018    1478.83     69.736     6.7426 162.737212     4.7181     52.028  0.000e+00
     51.533     7.5516    32.7449    25.5671 1.7094e-01     0.1285      0.018    1478.82     69.732     6.7426 162.737213     4.7180     52.028  0.000e+00
     51.568     7.5489    32.7468    25.5690 1.7094e-01     0.1298      0.018    1478.81     69.728     6.7425 162.737213     4.7180     52.064  0.000e+00
     51.593     7.5653    32.7294    25.5530 1.8315e-01     0.1298      0.018    1478.86     69.722     6.7402 162.737214     4.7164     52.089  0.000e+00
     51.617     7.5857    32.7085    25.5337 1.8315e-01     0.1285      0.018    1478.91     69.715     6.7373 162.737214     4.7144     52.113  0.000e+00
     51.641     7.5757    32.7176    25.5422 1.8315e-01     0.1298      0.018    1478.88     69.711     6.7380 162.737215     4.7148     52.138  0.000e+00
     51.677     7.5575    32.7341    25.5577 1.8315e-01     0.1298      0.018    1478.83     69.707     6.7397 162.737215     4.7160     52.174  0.000e+00
     51.677     7.5410    32.7487    25.5715 1.8315e-01     0.1285      0.018    1478.79     69.702     6.7411 162.737215     4.7170     52.174  0.000e+00
     51.724     7.5318    32.7572    25.5795 1.8315e-01     0.1298      0.018    1478.76     69.697     6.7416 162.737216     4.7174     52.222  0.000e+00
     51.737     7.5274    32.7617    25.5837 1.8315e-01     0.1298      0.018    1478.75     69.690     6.7415 162.737216     4.7173     52.235  0.000e+00
     51.762     7.5315    32.7583    25.5804 1.8315e-01     0.1298      0.018    1478.76     69.683     6.7403 162.737217     4.7165     52.259  0.000e+00
     51.797     7.5436    32.7467    25.5696 1.8315e-01     0.1298      0.018    1478.80     69.683     6.7389 162.737217     4.7155     52.295  0.000e+00
     51.833     7.5570    32.7342    25.5579 1.8315e-01     0.1298      0.018    1478.83     69.682     6.7374 162.737218     4.7144     52.332  0.000e+00
     51.845     7.5525    32.7390    25.5623 1.8315e-01     0.1298      0.018    1478.82     69.683     6.7379 162.737218     4.7148     52.343  0.000e+00
     51.869     7.5375    32.7545    25.5766 1.8315e-01     0.1298      0.018    1478.78     69.685     6.7397 162.737219     4.7161     52.368  0.000e+00
     51.905     7.5281    32.7641    25.5854 1.8315e-01     0.1298      0.018    1478.76     69.686     6.7409 162.737219     4.7169     52.404  0.000e+00
     51.929     7.5278    32.7647    25.5859 1.8315e-01     0.1298      0.018    1478.76     69.687     6.7410 162.737220     4.7169     52.428  0.000e+00
     51.953     7.5304    32.7620    25.5835 1.8315e-01     0.1298      0.018    1478.77     69.687     6.7407 162.737220     4.7167     52.453  0.000e+00
     51.989     7.5265    32.7668    25.5878 1.8315e-01     0.1285      0.018    1478.76     69.688     6.7412 162.737221     4.7171     52.489  0.000e+00
     52.014     7.5190    32.7744    25.5948 1.8315e-01     0.1298      0.018    1478.74     69.689     6.7421 162.737221     4.7177     52.514  0.000e+00
     52.038     7.5138    32.7797    25.5997 1.7094e-01     0.1285      0.018    1478.73     69.628     6.7368 162.737222     4.7140     52.538  0.000e+00
     52.074     7.5104    32.7826    25.6025 1.8315e-01     0.1285      0.018    1478.72     69.684     6.7426 162.737222     4.7181     52.574  0.000e+00
     52.098     7.5095    32.7832    25.6031 1.7094e-01     0.1285      0.018    1478.72     69.685     6.7428 162.737223     4.7182     52.599  0.000e+00
     52.122     7.5100    32.7823    25.6022 1.8315e-01     0.1298      0.018    1478.72     69.678     6.7421 162.737223     4.7177     52.624  0.000e+00
     52.134     7.5129    32.7794    25.5996 1.8315e-01     0.1285      0.018    1478.73     69.678     6.7418 162.737224     4.7175     52.635  0.000e+00
     52.170     7.5162    32.7760    25.5965 1.8315e-01     0.1298      0.018    1478.73     69.616     6.7355 162.737224     4.7131     52.671  0.000e+00
     52.194     7.5167    32.7754    25.5960 2.0757e-01     0.1298      0.018    1478.74     69.610     6.7348 162.737225     4.7126     52.696  0.000e+00
     52.218     7.5201    32.7726    25.5933 2.0757e-01     0.1285      0.018    1478.75     69.665     6.7397 162.737225     4.7161     52.720  0.000e+00
     52.254     7.5326    32.7610    25.5824 1.9536e-01     0.1298      0.018    1478.78     69.604     6.7324 162.737226     4.7109     52.757  0.000e+00
     52.243     7.5426    32.7521    25.5739 1.8315e-01     0.1298      0.018    1478.81     69.596     6.7305 162.737226     4.7096     52.745  0.000e+00
     52.327     7.5413    32.7532    25.5750 1.8315e-01     0.1298      0.018    1478.81     69.591     6.7302 162.737227     4.7094     52.830  0.000e+00
     52.339     7.5434    32.7524    25.5741 1.8315e-01     0.1298      0.018    1478.81     69.586     6.7294 162.737227     4.7088     52.842  0.000e+00
     52.363     7.5492    32.7473    25.5693 1.8315e-01     0.1298      0.018    1478.83     69.580     6.7282 162.737228     4.7080     52.867  0.000e+00
     52.387     7.5519    32.7448    25.5669 1.8315e-01     0.1298      0.018    1478.84     69.575     6.7274 162.737228     4.7074     52.891  0.000e+00
     52.410     7.5520    32.7447    25.5668 1.8315e-01     0.1285      0.018    1478.84     69.571     6.7269 162.737228     4.7071     52.914  0.000e+00
     52.448     7.5503    32.7463    25.5684 1.8315e-01     0.1298      0.018    1478.83     69.567     6.7268 162.737229     4.7070     52.952  0.000e+00
     52.459     7.5473    32.7492    25.5710 1.8315e-01     0.1285      0.018    1478.83     69.564     6.7268 162.737229     4.7070     52.963  0.000e+00
     52.495     7.5442    32.7522    25.5738 1.8315e-01     0.1298      0.018    1478.82     69.498     6.7208 162.737230     4.7028     52.999  0.000e+00
     52.519     7.5458    32.7510    25.5727 1.8315e-01     0.1298      0.018    1478.82     69.488     6.7196 162.737230     4.7020     53.024  0.000e+00
     52.543     7.5468    32.7504    25.5721 1.8315e-01     0.1298      0.018    1478.83     69.478     6.7185 162.737231     4.7012     53.049  0.000e+00
     52.568     7.5460    32.7508    25.5724 1.7094e-01     0.1298      0.018    1478.82     69.469     6.7178 162.737231     4.7007     53.073  0.000e+00
     52.591     7.5423    32.7538    25.5754 1.8315e-01     0.1285      0.018    1478.81     69.461     6.7174 162.737232     4.7004     53.096  0.000e+00
     52.628     7.5376    32.7576    25.5790 1.8315e-01     0.1285      0.018    1478.80     69.454     6.7173 162.737232     4.7003     53.134  0.000e+00
