VT2_20190611_down.cnv
* Sea-Bird SBE 9 Data File:
* FileName = C:\CTD Brukere\NIVA\OKOKYST2019\20190611\VT2_20190611.hex
* Software Version Seasave V 7.23.2
* Temperature SN = 5352
* Conductivity SN = 3840
* Number of Bytes Per Scan = 28
* Number of Voltage Words = 4
* Number of Scans Averaged by the Deck Unit = 1
* NMEA baud rate = 4800
** Ship: R/V Trygve Braarud
** Cruise:
** Station:
** Operator:
# nquan = 14
# nvalues = 13148                                 
# units = specified
# name 0 = depSM: Depth [salt water, m], lat = 59.60
# name 1 = t090C: Temperature [ITS-90, deg C]
# name 2 = sal00: Salinity, Practical [PSU]
# name 3 = sigma-t00: Density [sigma-t, kg/m^3 ]
# name 4 = flSP: Fluorescence, Seapoint
# name 5 = wetStar: Fluorescence, WET Labs WETstar [mg/m^3]
# name 6 = seaTurbMtr: Turbidity, Seapoint [FTU]
# name 7 = svCM: Sound Velocity [Chen-Millero, m/s]
# name 8 = sbeox0PS: Oxygen, SBE 43 [% saturation]
# name 9 = sbeox0Mg/L: Oxygen, SBE 43 [mg/l]
# name 10 = timeJ: Julian Days
# name 11 = sbeox0ML/L: Oxygen, SBE 43 [ml/l]
# name 12 = prDM: Pressure, Digiquartz [db]
# name 13 = flag:  0.000e+00
# span 0 =     -0.085,    300.263                 
# span 1 =     6.7813,    14.4676                 
# span 2 =    20.5140,    34.7894                 
# span 3 =    14.9380,    27.2826                 
# span 4 = 1.3431e-01, 4.7497e+00                 
# span 5 =     0.1273,     0.1322                 
# span 6 =      0.007,      0.018                 
# span 7 =    1477.89,    1488.60                 
# span 8 =     59.710,     83.418                 
# span 9 =     5.7243,     7.5451                 
# span 10 = 162.736088, 162.742428                
# span 11 =     4.0055,     5.2796                
# span 12 =     -0.086,    303.334                
# span 13 = 0.0000e+00, 0.0000e+00                
# interval = seconds: 0.0416667
# start_time = Jun 11 2019 17:39:58 [System UpLoad Time]
# bad_flag = -9.990e-29
*END*
[from data line 1033]
     20.757    11.6102    28.8649    21.8982 5.0061e-01     0.1298      0.018    1488.49     74.312     6.7357 162.736586     4.7132     20.955  0.000e+00
     20.795    11.6146    28.8690    21.9007 5.0061e-01     0.1298      0.018    1488.51     74.308     6.7345 162.736587     4.7124     20.993  0.000e+00
     20.829    11.6197    28.8716    21.9018 5.0061e-01     0.1298      0.018    1488.53     74.362     6.7386 162.736587     4.7153     21.027  0.000e+00
     20.829    11.6229    28.8737    21.9028 5.1282e-01     0.1310      0.018    1488.54     74.300     6.7325 162.736588     4.7110     21.027  0.000e+00
     20.864    11.6267    28.8751    21.9032 5.2503e-01     0.1298      0.015    1488.56     74.351     6.7365 162.736588     4.7138     21.063  0.000e+00
     20.900    11.6302    28.8791    21.9058 5.2503e-01     0.1310      0.015    1488.58     74.286     6.7298 162.736589     4.7091     21.099  0.000e+00
     20.902    11.6325    28.8821    21.9077 5.2503e-01     0.1298      0.018    1488.59     74.339     6.7342 162.736589     4.7122     21.101  0.000e+00
     20.936    11.6337    28.8832    21.9083 5.2503e-01     0.1298      0.015    1488.59     74.336     6.7338 162.736590     4.7119     21.135  0.000e+00
     20.973    11.6340    28.8849    21.9096 5.2503e-01     0.1298      0.015    1488.60     74.332     6.7333 162.736590     4.7115     21.173  0.000e+00
     20.973    11.6342    28.8863    21.9106 5.1282e-01     0.1298      0.015    1488.60     74.326     6.7326 162.736590     4.7111     21.173  0.000e+00
     21.009    11.6325    28.8879    21.9122 5.1282e-01     0.1298      0.015    1488.60     74.318     6.7321 162.736591     4.7107     21.209  0.000e+00
     21.033    11.6306    28.8899    21.9141 5.1282e-01     0.1298      0.018    1488.59     74.315     6.7320 162.736591     4.7106     21.233  0.000e+00
     21.046    11.6289    28.8935    21.9171 5.2503e-01     0.1310      0.018    1488.59     74.310     6.7316 162.736592     4.7104     21.247  0.000e+00
     21.080    11.6278    28.8955    21.9189 5.2503e-01     0.1310      0.018    1488.59     74.304     6.7311 162.736592     4.7101     21.281  0.000e+00
     21.091    11.6271    28.8964    21.9197 5.1282e-01     0.1310      0.018    1488.59     74.363     6.7365 162.736593     4.7138     21.292  0.000e+00
     21.129    11.6269    28.8966    21.9199 5.1282e-01     0.1298      0.015    1488.59     74.305     6.7314 162.736593     4.7102     21.330  0.000e+00
     21.151    11.6260    28.8978    21.9210 5.0061e-01     0.1310      0.018    1488.59     74.361     6.7365 162.736594     4.7138     21.353  0.000e+00
     21.164    11.6251    28.8993    21.9223 5.0061e-01     0.1298      0.018    1488.59     74.355     6.7360 162.736594     4.7135     21.366  0.000e+00
     21.200    11.6233    28.9011    21.9240 5.1282e-01     0.1310      0.015    1488.58     74.354     6.7361 162.736595     4.7135     21.402  0.000e+00
     21.213    11.6214    28.9025    21.9254 5.0061e-01     0.1298      0.018    1488.58     74.351     6.7360 162.736595     4.7135     21.415  0.000e+00
     21.247    11.6192    28.9041    21.9271 5.0061e-01     0.1310      0.018    1488.57     74.346     6.7359 162.736596     4.7134     21.450  0.000e+00
     21.260    11.6180    28.9045    21.9276 5.0061e-01     0.1298      0.018    1488.57     74.400     6.7409 162.736596     4.7169     21.463  0.000e+00
     21.295    11.6167    28.9054    21.9285 4.8840e-01     0.1310      0.018    1488.57     74.405     6.7415 162.736597     4.7173     21.499  0.000e+00
     21.307    11.6147    28.9052    21.9287 4.7619e-01     0.1298      0.018    1488.56     74.408     6.7420 162.736597     4.7177     21.510  0.000e+00
     21.331    11.6115    28.9056    21.9296 4.7619e-01     0.1310      0.018    1488.55     74.410     6.7426 162.736598     4.7181     21.535  0.000e+00
     21.355    11.6078    28.9061    21.9306 4.7619e-01     0.1298      0.018    1488.54     74.410     6.7431 162.736598     4.7185     21.559  0.000e+00
     21.381    11.6052    28.9063    21.9313 4.7619e-01     0.1298      0.018    1488.53     74.408     6.7434 162.736599     4.7186     21.585  0.000e+00
     21.402    11.6036    28.9062    21.9314 4.8840e-01     0.1298      0.018    1488.52     74.405     6.7433 162.736599     4.7186     21.607  0.000e+00
     21.440    11.6015    28.9081    21.9332 4.6398e-01     0.1298      0.015    1488.52     74.401     6.7432 162.736600     4.7185     21.644  0.000e+00
     21.451    11.5999    28.9104    21.9354 4.6398e-01     0.1310      0.015    1488.52     74.461     6.7488 162.736600     4.7224     21.656  0.000e+00
     21.475    11.5992    28.9121    21.9368 4.5177e-01     0.1298      0.018    1488.52     74.466     6.7492 162.736601     4.7227     21.680  0.000e+00
     21.500    11.5988    28.9135    21.9379 4.5177e-01     0.1298      0.018    1488.52     74.469     6.7495 162.736601     4.7229     21.705  0.000e+00
     21.522    11.5987    28.9149    21.9390 4.6398e-01     0.1298      0.015    1488.52     74.471     6.7496 162.736602     4.7230     21.728  0.000e+00
     21.547    11.5989    28.9172    21.9408 4.6398e-01     0.1310      0.015    1488.52     74.471     6.7495 162.736602     4.7229     21.752  0.000e+00
     21.571    11.5992    28.9206    21.9434 4.6398e-01     0.1298      0.018    1488.53     74.470     6.7492 162.736603     4.7227     21.777  0.000e+00
     21.597    11.5995    28.9238    21.9458 4.6398e-01     0.1310      0.015    1488.53     74.467     6.7488 162.736603     4.7224     21.803  0.000e+00
     21.618    11.5998    28.9267    21.9480 4.6398e-01     0.1298      0.018    1488.54     74.463     6.7482 162.736603     4.7220     21.824  0.000e+00
     21.655    11.5999    28.9293    21.9500 4.7619e-01     0.1310      0.018    1488.54     74.517     6.7530 162.736604     4.7254     21.862  0.000e+00
     21.667    11.5997    28.9313    21.9516 4.7619e-01     0.1298      0.015    1488.54     74.462     6.7480 162.736604     4.7218     21.873  0.000e+00
     21.691    11.5995    28.9336    21.9534 4.7619e-01     0.1310      0.018    1488.55     74.459     6.7477 162.736605     4.7216     21.898  0.000e+00
     21.727    11.5990    28.9358    21.9552 4.7619e-01     0.1298      0.018    1488.55     74.516     6.7528 162.736605     4.7252     21.934  0.000e+00
     21.738    11.5978    28.9382    21.9573 4.6398e-01     0.1298      0.018    1488.55     74.456     6.7474 162.736606     4.7215     21.945  0.000e+00
     21.774    11.5967    28.9403    21.9591 4.6398e-01     0.1298      0.018    1488.55     74.450     6.7469 162.736606     4.7211     21.981  0.000e+00
     21.787    11.5948    28.9430    21.9615 4.5177e-01     0.1310      0.018    1488.54     74.502     6.7518 162.736607     4.7245     21.994  0.000e+00
     21.811    11.5931    28.9448    21.9632 4.5177e-01     0.1298      0.018    1488.54     74.438     6.7462 162.736607     4.7206     22.019  0.000e+00
     21.848    11.5916    28.9468    21.9650 4.5177e-01     0.1298      0.018    1488.54     74.495     6.7515 162.736608     4.7243     22.057  0.000e+00
     21.858    11.5901    28.9483    21.9664 4.7619e-01     0.1310      0.018    1488.53     74.495     6.7516 162.736608     4.7244     22.066  0.000e+00
     21.882    11.5884    28.9495    21.9677 4.8840e-01     0.1298      0.018    1488.53     74.494     6.7518 162.736609     4.7245     22.091  0.000e+00
     21.918    11.5863    28.9512    21.9694 4.8840e-01     0.1310      0.018    1488.53     74.552     6.7573 162.736609     4.7283     22.127  0.000e+00
     21.942    11.5830    28.9535    21.9717 4.6398e-01     0.1298      0.018    1488.52     74.495     6.7524 162.736610     4.7250     22.152  0.000e+00
     21.942    11.5789    28.9557    21.9741 4.6398e-01     0.1298      0.018    1488.50     74.490     6.7525 162.736610     4.7250     22.152  0.000e+00
     21.989    11.5750    28.9573    21.9761 4.5177e-01     0.1298      0.018    1488.49     74.551     6.7585 162.736611     4.7292     22.199  0.000e+00
     22.014    11.5716    28.9591    21.9780 4.5177e-01     0.1298      0.018    1488.48     74.549     6.7588 162.736611     4.7294     22.224  0.000e+00
     22.038    11.5710    28.9594    21.9784 4.3956e-01     0.1310      0.018    1488.48     74.553     6.7592 162.736612     4.7297     22.248  0.000e+00
     22.062    11.5704    28.9595    21.9785 4.3956e-01     0.1298      0.018    1488.48     74.609     6.7644 162.736612     4.7333     22.273  0.000e+00
     22.074    11.5702    28.9599    21.9789 4.5177e-01     0.1298      0.015    1488.48     74.555     6.7595 162.736613     4.7299     22.284  0.000e+00
     22.109    11.5694    28.9606    21.9796 4.3956e-01     0.1310      0.018    1488.48     74.555     6.7595 162.736613     4.7299     22.320  0.000e+00
     22.122    11.5687    28.9616    21.9805 4.3956e-01     0.1310      0.018    1488.48     74.613     6.7648 162.736614     4.7336     22.333  0.000e+00
     22.145    11.5683    28.9621    21.9810 4.3956e-01     0.1298      0.018    1488.48     74.615     6.7651 162.736614     4.7338     22.356  0.000e+00
     22.182    11.5667    28.9627    21.9817 4.3956e-01     0.1298      0.018    1488.47     74.616     6.7654 162.736615     4.7340     22.394  0.000e+00
     22.182    11.5651    28.9631    21.9823 4.3956e-01     0.1310      0.018    1488.47     74.616     6.7656 162.736615     4.7342     22.394  0.000e+00
     22.232    11.5642    28.9631    21.9824 4.2735e-01     0.1298      0.018    1488.47     74.614     6.7655 162.736616     4.7341     22.445  0.000e+00
     22.254    11.5625    28.9636    21.9831 4.2735e-01     0.1310      0.018    1488.46     74.671     6.7709 162.736616     4.7379     22.466  0.000e+00
     22.265    11.5612    28.9639    21.9836 4.2735e-01     0.1298      0.018    1488.46     74.678     6.7717 162.736617     4.7384     22.477  0.000e+00
     22.289    11.5601    28.9644    21.9842 4.1514e-01     0.1298      0.018    1488.46     74.677     6.7718 162.736617     4.7385     22.502  0.000e+00
     22.313    11.5597    28.9649    21.9846 4.2735e-01     0.1310      0.018    1488.45     74.681     6.7722 162.736617     4.7388     22.526  0.000e+00
     22.338    11.5594    28.9649    21.9847 4.2735e-01     0.1298      0.018    1488.45     74.683     6.7724 162.736618     4.7389     22.551  0.000e+00
     22.361    11.5587    28.9650    21.9849 4.2735e-01     0.1310      0.018    1488.45     74.744     6.7780 162.736618     4.7429     22.574  0.000e+00
     22.396    11.5570    28.9657    21.9857 4.2735e-01     0.1310      0.015    1488.45     74.749     6.7787 162.736619     4.7434     22.610  0.000e+00
     22.396    11.5552    28.9659    21.9862 4.2735e-01     0.1298      0.018    1488.44     74.752     6.7793 162.736619     4.7437     22.610  0.000e+00
     22.433    11.5534    28.9667    21.9871 4.3956e-01     0.1298      0.018    1488.44     74.760     6.7802 162.736620     4.7444     22.647  0.000e+00
     22.456    11.5531    28.9662    21.9868 4.3956e-01     0.1310      0.015    1488.44     74.766     6.7808 162.736620     4.7448     22.670  0.000e+00
     22.480    11.5526    28.9662    21.9869 4.3956e-01     0.1298      0.018    1488.43     74.831     6.7868 162.736621     4.7490     22.695  0.000e+00
     22.505    11.5495    28.9658    21.9871 4.3956e-01     0.1310      0.018    1488.42     74.780     6.7826 162.736621     4.7461     22.720  0.000e+00
     22.516    11.5419    28.9653    21.9881 4.3956e-01     0.1310      0.018    1488.40     74.782     6.7839 162.736622     4.7470     22.731  0.000e+00
     22.553    11.5312    28.9661    21.9905 4.3956e-01     0.1310      0.018    1488.36     74.782     6.7855 162.736622     4.7481     22.769  0.000e+00
     22.565    11.5212    28.9661    21.9923 4.3956e-01     0.1298      0.015    1488.33     74.781     6.7868 162.736623     4.7490     22.780  0.000e+00
     22.600    11.5158    28.9645    21.9920 4.2735e-01     0.1298      0.018    1488.30     74.838     6.7929 162.736623     4.7532     22.816  0.000e+00
     22.612    11.5088    28.9647    21.9934 4.2735e-01     0.1298      0.018    1488.28     74.846     6.7946 162.736624     4.7544     22.828  0.000e+00
     22.649    11.5020    28.9653    21.9950 4.1514e-01     0.1298      0.018    1488.26     74.852     6.7961 162.736624     4.7555     22.865  0.000e+00
     22.660    11.4955    28.9656    21.9964 4.1514e-01     0.1298      0.018    1488.24     74.857     6.7975 162.736625     4.7565     22.877  0.000e+00
     22.685    11.4896    28.9675    21.9988 4.1514e-01     0.1298      0.018    1488.22     74.860     6.7985 162.736625     4.7572     22.901  0.000e+00
     22.709    11.4835    28.9687    22.0008 4.3956e-01     0.1310      0.018    1488.20     74.862     6.7995 162.736626     4.7579     22.926  0.000e+00
     22.745    11.4773    28.9692    22.0023 4.2735e-01     0.1298      0.018    1488.18     74.862     6.8004 162.736626     4.7585     22.962  0.000e+00
     22.767    11.4715    28.9695    22.0035 4.0293e-01     0.1298      0.015    1488.16     74.861     6.8011 162.736627     4.7590     22.985  0.000e+00
     22.780    11.4650    28.9701    22.0051 3.9072e-01     0.1298      0.018    1488.14     74.918     6.8072 162.736627     4.7633     22.998  0.000e+00
     22.816    11.4589    28.9706    22.0066 3.9072e-01     0.1310      0.018    1488.12     74.926     6.8088 162.736628     4.7644     23.034  0.000e+00
     22.827    11.4541    28.9707    22.0075 3.7851e-01     0.1298      0.018    1488.10     74.925     6.8095 162.736628     4.7649     23.045  0.000e+00
     22.865    11.4517    28.9708    22.0080 3.7851e-01     0.1298      0.018    1488.09     74.924     6.8097 162.736629     4.7650     23.083  0.000e+00
     22.887    11.4483    28.9710    22.0087 3.6630e-01     0.1298      0.018    1488.08     74.926     6.8104 162.736629     4.7655     23.106  0.000e+00
     22.912    11.4439    28.9709    22.0094 3.7851e-01     0.1310      0.018    1488.06     74.921     6.8106 162.736630     4.7656     23.130  0.000e+00
     22.936    11.4379    28.9708    22.0104 3.9072e-01     0.1298      0.018    1488.04     74.914     6.8108 162.736630     4.7658     23.155  0.000e+00
     22.960    11.4322    28.9712    22.0117 4.0293e-01     0.1310      0.018    1488.02     74.972     6.8169 162.736630     4.7701     23.179  0.000e+00
     22.983    11.4273    28.9717    22.0129 4.0293e-01     0.1298      0.018    1488.01     74.907     6.8117 162.736631     4.7664     23.202  0.000e+00
     23.020    11.4227    28.9725    22.0144 4.0293e-01     0.1298      0.018    1487.99     74.962     6.8173 162.736631     4.7703     23.240  0.000e+00
     23.032    11.4193    28.9722    22.0147 4.1514e-01     0.1298      0.018    1487.98     74.960     6.8176 162.736632     4.7706     23.251  0.000e+00
     23.043    11.4152    28.9713    22.0147 4.1514e-01     0.1298      0.018    1487.97     74.956     6.8180 162.736632     4.7708     23.263  0.000e+00
     23.080    11.4091    28.9708    22.0154 4.1514e-01     0.1298      0.018    1487.94     74.957     6.8190 162.736633     4.7715     23.301  0.000e+00
     23.113    11.4023    28.9703    22.0162 4.0293e-01     0.1310      0.018    1487.92     74.951     6.8194 162.736633     4.7718     23.333  0.000e+00
     23.116    11.3921    28.9706    22.0182 3.9072e-01     0.1298      0.018    1487.88     74.942     6.8201 162.736634     4.7723     23.337  0.000e+00
     23.176    11.3807    28.9716    22.0209 3.9072e-01     0.1298      0.018    1487.85     74.939     6.8214 162.736634     4.7732     23.397  0.000e+00
     23.176    11.3722    28.9728    22.0233 3.9072e-01     0.1298      0.018    1487.82     74.933     6.8221 162.736635     4.7737     23.397  0.000e+00
