VT2_20190211_down.cnv
* Sea-Bird SBE 9 Data File:
* FileName = C:\CTD Brukere\NIVA\OKOKYST2019\20190211\VT2_20190211.hex
* Software Version Seasave V 7.23.2
* Temperature SN = 5352
* Conductivity SN = 3840
* Number of Bytes Per Scan = 28
* Number of Voltage Words = 4
* Number of Scans Averaged by the Deck Unit = 1
* NMEA baud rate = 4800
** Ship: R/V Trygve Braarud
** Cruise:
** Station:
** Operator:
# nquan = 12
# nvalues = 14155                                 
# units = specified
# name 0 = depSM: Depth [salt water, m], lat = 59.60
# name 1 = t090C: Temperature [ITS-90, deg C]
# name 2 = sal00: Salinity, Practical [PSU]
# name 3 = sigma-t00: Density [sigma-t, kg/m^3 ]
# name 4 = flSP: Fluorescence, Seapoint
# name 5 = wetStar: Fluorescence, WET Labs WETstar [mg/m^3]
# name 6 = seaTurbMtr: Turbidity, Seapoint [FTU]
# name 7 = svCM: Sound Velocity [Chen-Millero, m/s]
# name 8 = sbeox0PS: Oxygen, SBE 43 [% saturation]
# name 9 = sbeox0ML/L: Oxygen, SBE 43 [ml/l]
# name 10 = timeJ: Julian Days
# name 11 = flag:  0.000e+00
# span 0 =      0.142,    302.201                 
# span 1 =     2.3305,     8.5983                 
# span 2 =    29.0070,    34.8656                 
# span 3 =    23.1338,    27.2800                 
# span 4 = 1.3431e-01, 6.1050e-01                 
# span 5 =     0.1273,     0.1322                 
# span 6 =      0.011,      0.018                 
# span 7 =    1452.87,    1485.96                 
# span 8 =     55.003,     74.837                 
# span 9 =     3.6975,     5.8463                 
# span 10 =  42.579375,  42.586201                
# span 11 = 0.0000e+00, 0.0000e+00                
# interval = seconds: 0.0416667
# start_time = Feb 11 2019 13:54:18 [System UpLoad Time]
# bad_flag = -9.990e-29
*END*
[from data line 10707]
    233.325     7.2641    34.8596    27.2711 1.4652e-01     0.1310      0.018    1483.37     56.431     3.7903  42.584538  0.000e+00
    233.363     7.2639    34.8600    27.2714 1.3431e-01     0.1310      0.018    1483.37     56.370     3.7862  42.584539  0.000e+00
    233.374     7.2642    34.8597    27.2711 1.4652e-01     0.1310      0.018    1483.37     56.429     3.7901  42.584539  0.000e+00
    233.399     7.2639    34.8593    27.2709 1.4652e-01     0.1310      0.018    1483.37     56.433     3.7904  42.584540  0.000e+00
    233.424     7.2636    34.8603    27.2717 1.4652e-01     0.1310      0.015    1483.37     56.373     3.7864  42.584540  0.000e+00
    233.462     7.2636    34.8602    27.2716 1.4652e-01     0.1310      0.018    1483.37     56.370     3.7862  42.584541  0.000e+00
    233.473     7.2636    34.8602    27.2716 1.4652e-01     0.1298      0.018    1483.37     56.431     3.7903  42.584541  0.000e+00
    233.487     7.2639    34.8595    27.2711 1.4652e-01     0.1298      0.015    1483.37     56.437     3.7907  42.584542  0.000e+00
    233.523     7.2635    34.8602    27.2717 1.4652e-01     0.1298      0.015    1483.37     56.380     3.7869  42.584542  0.000e+00
    233.548     7.2636    34.8595    27.2711 1.4652e-01     0.1310      0.018    1483.37     56.370     3.7862  42.584543  0.000e+00
    233.548     7.2631    34.8600    27.2715 1.4652e-01     0.1310      0.018    1483.37     56.369     3.7862  42.584543  0.000e+00
    233.597     7.2628    34.8601    27.2717 1.4652e-01     0.1298      0.018    1483.37     56.361     3.7857  42.584544  0.000e+00
    233.609     7.2628    34.8601    27.2717 1.4652e-01     0.1310      0.015    1483.37     56.361     3.7857  42.584544  0.000e+00
    233.622     7.2630    34.8601    27.2716 1.4652e-01     0.1322      0.018    1483.37     56.362     3.7857  42.584545  0.000e+00
    233.671     7.2631    34.8601    27.2716 1.4652e-01     0.1310      0.018    1483.37     56.363     3.7858  42.584545  0.000e+00
    233.671     7.2631    34.8600    27.2715 1.4652e-01     0.1310      0.018    1483.37     56.365     3.7860  42.584546  0.000e+00
    233.721     7.2631    34.8603    27.2718 1.4652e-01     0.1310      0.018    1483.37     56.368     3.7862  42.584546  0.000e+00
    233.732     7.2635    34.8597    27.2712 1.4652e-01     0.1310      0.018    1483.38     56.364     3.7858  42.584547  0.000e+00
    233.746     7.2631    34.8603    27.2718 1.4652e-01     0.1310      0.015    1483.38     56.359     3.7855  42.584547  0.000e+00
    233.782     7.2633    34.8598    27.2714 1.4652e-01     0.1310      0.018    1483.38     56.355     3.7852  42.584548  0.000e+00
    233.807     7.2633    34.8601    27.2716 1.4652e-01     0.1310      0.015    1483.38     56.359     3.7855  42.584548  0.000e+00
    233.831     7.2635    34.8602    27.2716 1.4652e-01     0.1310      0.015    1483.38     56.365     3.7859  42.584549  0.000e+00
    233.845     7.2636    34.8597    27.2712 1.4652e-01     0.1310      0.015    1483.38     56.426     3.7900  42.584549  0.000e+00
    233.881     7.2633    34.8597    27.2713 1.4652e-01     0.1310      0.018    1483.38     56.368     3.7861  42.584550  0.000e+00
    233.894     7.2631    34.8602    27.2717 1.4652e-01     0.1310      0.018    1483.38     56.374     3.7865  42.584550  0.000e+00
    233.919     7.2633    34.8600    27.2716 1.4652e-01     0.1310      0.018    1483.38     56.372     3.7864  42.584551  0.000e+00
    233.944     7.2633    34.8604    27.2718 1.4652e-01     0.1310      0.018    1483.38     56.371     3.7863  42.584551  0.000e+00
    233.955     7.2630    34.8602    27.2717 1.4652e-01     0.1310      0.018    1483.38     56.370     3.7863  42.584552  0.000e+00
    234.005     7.2630    34.8600    27.2716 1.4652e-01     0.1310      0.018    1483.38     56.370     3.7863  42.584552  0.000e+00
    234.018     7.2631    34.8601    27.2716 1.3431e-01     0.1310      0.018    1483.38     56.370     3.7862  42.584552  0.000e+00
    234.043     7.2630    34.8604    27.2718 1.3431e-01     0.1298      0.018    1483.38     56.370     3.7863  42.584553  0.000e+00
    234.067     7.2630    34.8600    27.2716 1.4652e-01     0.1310      0.018    1483.38     56.370     3.7863  42.584553  0.000e+00
    234.079     7.2628    34.8599    27.2715 1.3431e-01     0.1310      0.015    1483.38     56.371     3.7864  42.584554  0.000e+00
    234.092     7.2631    34.8600    27.2715 1.3431e-01     0.1310      0.018    1483.38     56.372     3.7864  42.584554  0.000e+00
    234.158     7.2628    34.8597    27.2714 1.3431e-01     0.1310      0.018    1483.38     56.374     3.7866  42.584555  0.000e+00
    234.153     7.2630    34.8594    27.2711 1.4652e-01     0.1310      0.018    1483.38     56.376     3.7867  42.584555  0.000e+00
    234.191     7.2627    34.8599    27.2715 1.4652e-01     0.1310      0.018    1483.38     56.378     3.7868  42.584556  0.000e+00
    234.191     7.2625    34.8599    27.2716 1.4652e-01     0.1310      0.015    1483.38     56.380     3.7870  42.584556  0.000e+00
    234.216     7.2625    34.8601    27.2717 1.4652e-01     0.1310      0.018    1483.38     56.383     3.7872  42.584557  0.000e+00
    234.252     7.2623    34.8604    27.2720 1.4652e-01     0.1310      0.018    1483.38     56.386     3.7874  42.584557  0.000e+00
    234.265     7.2623    34.8603    27.2719 1.3431e-01     0.1310      0.018    1483.38     56.390     3.7877  42.584558  0.000e+00
    234.290     7.2627    34.8597    27.2714 1.4652e-01     0.1310      0.018    1483.38     56.394     3.7879  42.584558  0.000e+00
    234.315     7.2627    34.8603    27.2719 1.4652e-01     0.1310      0.018    1483.38     56.398     3.7882  42.584559  0.000e+00
    234.326     7.2625    34.8603    27.2719 1.4652e-01     0.1310      0.018    1483.38     56.402     3.7885  42.584559  0.000e+00
    234.351     7.2625    34.8603    27.2719 1.4652e-01     0.1310      0.015    1483.38     56.343     3.7845  42.584560  0.000e+00
    234.376     7.2627    34.8601    27.2717 1.3431e-01     0.1310      0.018    1483.38     56.405     3.7886  42.584560  0.000e+00
    234.401     7.2625    34.8596    27.2713 1.4652e-01     0.1310      0.018    1483.38     56.410     3.7890  42.584561  0.000e+00
    234.414     7.2623    34.8602    27.2718 1.4652e-01     0.1298      0.018    1483.38     56.416     3.7895  42.584561  0.000e+00
    234.442     7.2623    34.8602    27.2718 1.4652e-01     0.1310      0.015    1483.38     56.359     3.7856  42.584562  0.000e+00
    234.463     7.2627    34.8600    27.2716 1.4652e-01     0.1310      0.015    1483.38     56.422     3.7898  42.584562  0.000e+00
    234.488     7.2623    34.8605    27.2720 1.4652e-01     0.1322      0.018    1483.38     56.421     3.7898  42.584563  0.000e+00
    234.500     7.2625    34.8603    27.2719 1.4652e-01     0.1298      0.015    1483.39     56.429     3.7903  42.584563  0.000e+00
    234.513     7.2625    34.8599    27.2716 1.4652e-01     0.1298      0.015    1483.38     56.436     3.7908  42.584564  0.000e+00
    234.549     7.2625    34.8602    27.2718 1.3431e-01     0.1310      0.018    1483.39     56.436     3.7908  42.584564  0.000e+00
    234.549     7.2622    34.8602    27.2719 1.4652e-01     0.1310      0.015    1483.38     56.436     3.7908  42.584565  0.000e+00
    234.587     7.2623    34.8603    27.2719 1.4652e-01     0.1310      0.018    1483.39     56.444     3.7913  42.584565  0.000e+00
    234.599     7.2625    34.8601    27.2717 1.4652e-01     0.1310      0.015    1483.39     56.453     3.7919  42.584565  0.000e+00
    234.612     7.2625    34.8602    27.2718 1.4652e-01     0.1322      0.015    1483.39     56.453     3.7919  42.584566  0.000e+00
    234.637     7.2623    34.8603    27.2719 1.4652e-01     0.1310      0.015    1483.39     56.454     3.7919  42.584566  0.000e+00
    234.653     7.2625    34.8597    27.2714 1.4652e-01     0.1310      0.018    1483.39     56.454     3.7920  42.584567  0.000e+00
    234.673     7.2624    34.8603    27.2719 1.4652e-01     0.1310      0.018    1483.39     56.455     3.7920  42.584567  0.000e+00
    234.698     7.2622    34.8606    27.2721 1.4652e-01     0.1310      0.018    1483.39     56.455     3.7920  42.584568  0.000e+00
    234.711     7.2625    34.8601    27.2717 1.4652e-01     0.1310      0.018    1483.39     56.455     3.7921  42.584568  0.000e+00
    234.722     7.2628    34.8598    27.2715 1.4652e-01     0.1310      0.018    1483.39     56.456     3.7921  42.584569  0.000e+00
    234.747     7.2625    34.8601    27.2717 1.4652e-01     0.1310      0.015    1483.39     56.456     3.7921  42.584569  0.000e+00
    234.772     7.2627    34.8600    27.2716 1.4652e-01     0.1310      0.018    1483.39     56.457     3.7921  42.584570  0.000e+00
    234.785     7.2623    34.8605    27.2721 1.4652e-01     0.1310      0.015    1483.39     56.457     3.7922  42.584570  0.000e+00
    234.797     7.2625    34.8604    27.2720 1.4652e-01     0.1310      0.015    1483.39     56.458     3.7922  42.584571  0.000e+00
    234.813     7.2625    34.8604    27.2719 1.4652e-01     0.1310      0.015    1483.39     56.394     3.7879  42.584571  0.000e+00
    234.846     7.2623    34.8604    27.2719 1.3431e-01     0.1298      0.015    1483.39     56.451     3.7918  42.584572  0.000e+00
    234.846     7.2625    34.8600    27.2716 1.4652e-01     0.1310      0.015    1483.39     56.452     3.7918  42.584572  0.000e+00
    234.884     7.2623    34.8603    27.2719 1.4652e-01     0.1310      0.018    1483.39     56.461     3.7924  42.584573  0.000e+00
    234.896     7.2625    34.8600    27.2716 1.4652e-01     0.1298      0.015    1483.39     56.462     3.7925  42.584573  0.000e+00
    234.909     7.2625    34.8601    27.2717 1.4652e-01     0.1310      0.015    1483.39     56.463     3.7926  42.584574  0.000e+00
    234.934     7.2625    34.8600    27.2716 1.4652e-01     0.1298      0.018    1483.39     56.464     3.7927  42.584574  0.000e+00
    234.945     7.2625    34.8603    27.2719 1.4652e-01     0.1310      0.018    1483.39     56.466     3.7927  42.584575  0.000e+00
    234.973     7.2625    34.8600    27.2716 1.4652e-01     0.1310      0.018    1483.39     56.467     3.7928  42.584575  0.000e+00
    234.983     7.2623    34.8602    27.2718 1.4652e-01     0.1310      0.018    1483.39     56.468     3.7929  42.584576  0.000e+00
    235.020     7.2625    34.8599    27.2716 1.4652e-01     0.1310      0.018    1483.39     56.469     3.7930  42.584576  0.000e+00
    235.033     7.2622    34.8606    27.2722 1.4652e-01     0.1298      0.018    1483.39     56.470     3.7931  42.584577  0.000e+00
    235.033     7.2625    34.8605    27.2720 1.4652e-01     0.1310      0.015    1483.39     56.471     3.7931  42.584577  0.000e+00
    235.069     7.2625    34.8602    27.2718 1.4652e-01     0.1310      0.018    1483.39     56.472     3.7932  42.584578  0.000e+00
    235.082     7.2623    34.8604    27.2719 1.3431e-01     0.1310      0.015    1483.39     56.474     3.7933  42.584578  0.000e+00
    235.097     7.2625    34.8600    27.2716 1.4652e-01     0.1310      0.018    1483.39     56.475     3.7933  42.584579  0.000e+00
    235.119     7.2622    34.8602    27.2719 1.4652e-01     0.1310      0.018    1483.39     56.476     3.7934  42.584579  0.000e+00
    235.132     7.2625    34.8602    27.2718 1.4652e-01     0.1310      0.015    1483.40     56.477     3.7935  42.584579  0.000e+00
    235.181     7.2623    34.8604    27.2720 1.4652e-01     0.1310      0.015    1483.40     56.478     3.7936  42.584580  0.000e+00
    235.168     7.2625    34.8598    27.2715 1.4652e-01     0.1310      0.018    1483.40     56.479     3.7937  42.584580  0.000e+00
    235.193     7.2623    34.8602    27.2719 1.4652e-01     0.1310      0.018    1483.40     56.480     3.7937  42.584581  0.000e+00
    235.221     7.2625    34.8598    27.2714 1.4652e-01     0.1310      0.015    1483.40     56.482     3.7938  42.584581  0.000e+00
    235.231     7.2623    34.8604    27.2720 1.4652e-01     0.1310      0.015    1483.40     56.483     3.7939  42.584582  0.000e+00
    235.256     7.2627    34.8601    27.2717 1.4652e-01     0.1310      0.018    1483.40     56.484     3.7939  42.584582  0.000e+00
    235.280     7.2625    34.8605    27.2720 1.4652e-01     0.1310      0.018    1483.40     56.549     3.7983  42.584583  0.000e+00
    235.292     7.2627    34.8600    27.2716 1.4652e-01     0.1310      0.015    1483.40     56.485     3.7941  42.584583  0.000e+00
    235.317     7.2625    34.8605    27.2720 1.4652e-01     0.1310      0.015    1483.40     56.486     3.7941  42.584584  0.000e+00
    235.345     7.2625    34.8602    27.2718 1.4652e-01     0.1310      0.018    1483.40     56.486     3.7941  42.584584  0.000e+00
    235.355     7.2625    34.8602    27.2718 1.4652e-01     0.1310      0.018    1483.40     56.487     3.7942  42.584585  0.000e+00
    235.379     7.2625    34.8604    27.2719 1.4652e-01     0.1310      0.015    1483.40     56.479     3.7936  42.584585  0.000e+00
    235.429     7.2627    34.8600    27.2716 1.4652e-01     0.1310      0.018    1483.40     56.479     3.7937  42.584586  0.000e+00
    235.416     7.2627    34.8605    27.2720 1.4652e-01     0.1310      0.018    1483.40     56.479     3.7936  42.584586  0.000e+00
    235.440     7.2625    34.8609    27.2723 1.4652e-01     0.1310      0.018    1483.40     56.479     3.7937  42.584587  0.000e+00
    235.468     7.2627    34.8606    27.2721 1.4652e-01     0.1310      0.015    1483.40     56.480     3.7937  42.584587  0.000e+00
    235.490     7.2628    34.8605    27.2720 1.4652e-01     0.1310      0.015    1483.40     56.480     3.7937  42.584588  0.000e+00
    235.490     7.2630    34.8605    27.2720 1.4652e-01     0.1310      0.018    1483.40     56.480     3.7936  42.584588  0.000e+00
    235.539     7.2630    34.8607    27.2721 1.4652e-01     0.1298      0.015    1483.40     56.480     3.7937  42.584589  0.000e+00
    235.553     7.2631    34.8602    27.2717 1.4652e-01     0.1310      0.018    1483.40     56.480     3.7937  42.584589  0.000e+00
    235.581     7.2633    34.8597    27.2713 1.3431e-01     0.1310      0.018    1483.41     56.480     3.7937  42.584590  0.000e+00
    235.589     7.2628    34.8603    27.2718 1.4652e-01     0.1310      0.018    1483.40     56.481     3.7937  42.584590  0.000e+00
    235.627     7.2627    34.8603    27.2718 1.3431e-01     0.1298      0.015    1483.40     56.481     3.7937  42.584591  0.000e+00
    235.638     7.2627    34.8601    27.2717 1.3431e-01     0.1310      0.018    1483.40     56.481     3.7938  42.584591  0.000e+00
    235.663     7.2627    34.8605    27.2720 1.4652e-01     0.1310      0.018    1483.41     56.481     3.7938  42.584592  0.000e+00
    235.691     7.2628    34.8601    27.2717 1.4652e-01     0.1298      0.018    1483.41     56.481     3.7938  42.584592  0.000e+00
    235.713     7.2628    34.8604    27.2719 1.4652e-01     0.1310      0.015    1483.41     56.481     3.7938  42.584592  0.000e+00
    235.726     7.2630    34.8601    27.2717 1.4652e-01     0.1310      0.015    1483.41     56.482     3.7938  42.584593  0.000e+00
    235.751     7.2631    34.8604    27.2718 1.4652e-01     0.1310      0.018    1483.41     56.482     3.7938  42.584593  0.000e+00
    235.775     7.2628    34.8606    27.2721 1.4652e-01     0.1310      0.018    1483.41     56.482     3.7938  42.584594  0.000e+00
    235.790     7.2628    34.8602    27.2717 1.4652e-01     0.1310      0.015    1483.41     56.482     3.7938  42.584594  0.000e+00
    235.812     7.2630    34.8598    27.2714 1.4652e-01     0.1310      0.015    1483.41     56.474     3.7933  42.584595  0.000e+00
    235.836     7.2630    34.8604    27.2718 1.3431e-01     0.1310      0.015    1483.41     56.474     3.7932  42.584595  0.000e+00
    235.861     7.2628    34.8604    27.2719 1.4652e-01     0.1310      0.018    1483.41     56.474     3.7932  42.584596  0.000e+00
