VT2_20190211_down.cnv
* Sea-Bird SBE 9 Data File:
* FileName = C:\CTD Brukere\NIVA\OKOKYST2019\20190211\VT2_20190211.hex
* Software Version Seasave V 7.23.2
* Temperature SN = 5352
* Conductivity SN = 3840
* Number of Bytes Per Scan = 28
* Number of Voltage Words = 4
* Number of Scans Averaged by the Deck Unit = 1
* NMEA baud rate = 4800
** Ship: R/V Trygve Braarud
** Cruise:
** Station:
** Operator:
# nquan = 12
# nvalues = 14155                                 
# units = specified
# name 0 = depSM: Depth [salt water, m], lat = 59.60
# name 1 = t090C: Temperature [ITS-90, deg C]
# name 2 = sal00: Salinity, Practical [PSU]
# name 3 = sigma-t00: Density [sigma-t, kg/m^3 ]
# name 4 = flSP: Fluorescence, Seapoint
# name 5 = wetStar: Fluorescence, WET Labs WETstar [mg/m^3]
# name 6 = seaTurbMtr: Turbidity, Seapoint [FTU]
# name 7 = svCM: Sound Velocity [Chen-Millero, m/s]
# name 8 = sbeox0PS: Oxygen, SBE 43 [% saturation]
# name 9 = sbeox0ML/L: Oxygen, SBE 43 [ml/l]
# name 10 = timeJ: Julian Days
# name 11 = flag:  0.000e+00
# span 0 =      0.142,    302.201                 
# span 1 =     2.3305,     8.5983                 
# span 2 =    29.0070,    34.8656                 
# span 3 =    23.1338,    27.2800                 
# span 4 = 1.3431e-01, 6.1050e-01                 
# span 5 =     0.1273,     0.1322                 
# span 6 =      0.011,      0.018                 
# span 7 =    1452.87,    1485.96                 
# span 8 =     55.003,     74.837                 
# span 9 =     3.6975,     5.8463                 
# span 10 =  42.579375,  42.586201                
# span 11 = 0.0000e+00, 0.0000e+00                
# interval = seconds: 0.0416667
# start_time = Feb 11 2019 13:54:18 [System UpLoad Time]
# bad_flag = -9.990e-29
*END*
[from data line 9504]
    207.630     7.4051    34.8515    27.2446 1.4652e-01     0.1310      0.015    1483.48     57.367     3.8410  42.583958  0.000e+00
    207.658     7.4102    34.8506    27.2431 1.4652e-01     0.1310      0.018    1483.49     57.368     3.8407  42.583959  0.000e+00
    207.658     7.4146    34.8470    27.2397 1.4652e-01     0.1310      0.018    1483.51     57.368     3.8404  42.583959  0.000e+00
    207.742     7.4140    34.8464    27.2393 1.4652e-01     0.1310      0.018    1483.50     57.369     3.8405  42.583960  0.000e+00
    207.732     7.4131    34.8464    27.2394 1.4652e-01     0.1310      0.018    1483.50     57.370     3.8407  42.583960  0.000e+00
    207.742     7.4127    34.8464    27.2395 1.4652e-01     0.1310      0.015    1483.50     57.371     3.8407  42.583961  0.000e+00
    207.768     7.4109    34.8465    27.2398 1.4652e-01     0.1310      0.018    1483.49     57.372     3.8410  42.583961  0.000e+00
    207.791     7.4088    34.8473    27.2407 1.4652e-01     0.1310      0.015    1483.49     57.436     3.8454  42.583962  0.000e+00
    207.818     7.4082    34.8477    27.2411 1.4652e-01     0.1310      0.015    1483.49     57.445     3.8461  42.583962  0.000e+00
    207.827     7.4087    34.8472    27.2406 1.4652e-01     0.1310      0.015    1483.49     57.389     3.8423  42.583963  0.000e+00
    207.854     7.4091    34.8475    27.2408 1.4652e-01     0.1322      0.015    1483.49     57.389     3.8423  42.583963  0.000e+00
    207.877     7.4080    34.8486    27.2419 1.4652e-01     0.1310      0.015    1483.49     57.381     3.8418  42.583964  0.000e+00
    207.892     7.4077    34.8486    27.2419 1.4652e-01     0.1310      0.015    1483.49     57.381     3.8418  42.583964  0.000e+00
    207.916     7.4088    34.8473    27.2407 1.4652e-01     0.1310      0.018    1483.49     57.381     3.8417  42.583965  0.000e+00
    207.939     7.4084    34.8475    27.2409 1.4652e-01     0.1310      0.018    1483.49     57.381     3.8418  42.583965  0.000e+00
    207.966     7.4085    34.8478    27.2412 1.4652e-01     0.1310      0.015    1483.49     57.381     3.8417  42.583966  0.000e+00
    207.976     7.4080    34.8485    27.2418 1.4652e-01     0.1310      0.018    1483.49     57.381     3.8417  42.583966  0.000e+00
    208.002     7.4076    34.8497    27.2428 1.4652e-01     0.1298      0.015    1483.49     57.380     3.8418  42.583967  0.000e+00
    208.025     7.4076    34.8507    27.2436 1.4652e-01     0.1310      0.015    1483.49     57.380     3.8417  42.583967  0.000e+00
    208.051     7.4082    34.8501    27.2430 1.4652e-01     0.1310      0.015    1483.49     57.380     3.8417  42.583967  0.000e+00
    208.061     7.4085    34.8497    27.2427 1.4652e-01     0.1310      0.015    1483.49     57.380     3.8416  42.583968  0.000e+00
    208.101     7.4085    34.8489    27.2420 1.4652e-01     0.1310      0.015    1483.49     57.380     3.8416  42.583968  0.000e+00
    208.099     7.4087    34.8455    27.2394 1.4652e-01     0.1310      0.018    1483.49     57.379     3.8417  42.583969  0.000e+00
    208.139     7.4051    34.8457    27.2400 1.4652e-01     0.1310      0.015    1483.48     57.443     3.8463  42.583969  0.000e+00
    208.173     7.4013    34.8480    27.2424 1.4652e-01     0.1310      0.015    1483.47     57.387     3.8428  42.583970  0.000e+00
    208.175     7.3998    34.8509    27.2449 1.4652e-01     0.1310      0.018    1483.46     57.387     3.8428  42.583970  0.000e+00
    208.209     7.4005    34.8507    27.2446 1.4652e-01     0.1310      0.018    1483.47     57.386     3.8427  42.583971  0.000e+00
    208.237     7.4012    34.8479    27.2423 1.4652e-01     0.1310      0.018    1483.47     57.386     3.8427  42.583971  0.000e+00
    208.259     7.3971    34.8473    27.2424 1.4652e-01     0.1310      0.018    1483.45     57.386     3.8431  42.583972  0.000e+00
    208.274     7.3919    34.8502    27.2454 1.4652e-01     0.1310      0.015    1483.43     57.386     3.8434  42.583972  0.000e+00
    208.308     7.3901    34.8509    27.2463 1.3431e-01     0.1310      0.018    1483.43     57.385     3.8436  42.583973  0.000e+00
    208.323     7.3897    34.8518    27.2470 1.4652e-01     0.1310      0.015    1483.43     57.385     3.8436  42.583973  0.000e+00
    208.358     7.3898    34.8517    27.2469 1.3431e-01     0.1310      0.015    1483.43     57.384     3.8435  42.583974  0.000e+00
    208.372     7.3894    34.8498    27.2455 1.4652e-01     0.1310      0.018    1483.43     57.384     3.8436  42.583974  0.000e+00
    208.407     7.3883    34.8490    27.2450 1.4652e-01     0.1310      0.018    1483.42     57.384     3.8437  42.583975  0.000e+00
    208.422     7.3883    34.8491    27.2451 1.4652e-01     0.1310      0.018    1483.42     57.383     3.8436  42.583975  0.000e+00
    208.419     7.3883    34.8505    27.2462 1.4652e-01     0.1310      0.018    1483.42     57.382     3.8435  42.583976  0.000e+00
    208.471     7.3896    34.8507    27.2462 1.4652e-01     0.1310      0.018    1483.43     57.382     3.8434  42.583976  0.000e+00
    208.481     7.3904    34.8505    27.2459 1.4652e-01     0.1310      0.015    1483.43     57.381     3.8433  42.583977  0.000e+00
    208.507     7.3911    34.8499    27.2453 1.4652e-01     0.1310      0.015    1483.43     57.381     3.8432  42.583977  0.000e+00
    208.542     7.3906    34.8499    27.2454 1.4652e-01     0.1310      0.015    1483.43     57.381     3.8432  42.583978  0.000e+00
    208.545     7.3893    34.8488    27.2448 1.4652e-01     0.1310      0.018    1483.43     57.380     3.8433  42.583978  0.000e+00
    208.580     7.3877    34.8490    27.2451 1.4652e-01     0.1310      0.015    1483.42     57.380     3.8435  42.583979  0.000e+00
    208.619     7.3870    34.8495    27.2456 1.4652e-01     0.1310      0.015    1483.42     57.379     3.8435  42.583979  0.000e+00
    208.605     7.3867    34.8502    27.2462 1.4652e-01     0.1310      0.018    1483.42     57.371     3.8429  42.583980  0.000e+00
    208.652     7.3870    34.8495    27.2456 1.4652e-01     0.1310      0.018    1483.42     57.306     3.8386  42.583980  0.000e+00
    208.669     7.3870    34.8507    27.2465 1.4652e-01     0.1310      0.018    1483.42     57.298     3.8380  42.583981  0.000e+00
    208.690     7.3881    34.8516    27.2471 1.3431e-01     0.1310      0.018    1483.43     57.290     3.8373  42.583981  0.000e+00
    208.718     7.3888    34.8522    27.2474 1.4652e-01     0.1310      0.018    1483.43     57.346     3.8410  42.583981  0.000e+00
    208.726     7.3891    34.8525    27.2477 1.3431e-01     0.1310      0.015    1483.43     57.346     3.8410  42.583982  0.000e+00
    208.768     7.3893    34.8511    27.2465 1.3431e-01     0.1310      0.015    1483.43     57.282     3.8368  42.583982  0.000e+00
    208.789     7.3880    34.8505    27.2463 1.3431e-01     0.1310      0.015    1483.43     57.275     3.8364  42.583983  0.000e+00
    208.791     7.3864    34.8504    27.2464 1.4652e-01     0.1310      0.015    1483.42     57.332     3.8403  42.583983  0.000e+00
    208.814     7.3845    34.8510    27.2472 1.4652e-01     0.1310      0.018    1483.42     57.269     3.8363  42.583984  0.000e+00
    208.853     7.3840    34.8513    27.2475 1.4652e-01     0.1310      0.018    1483.41     57.326     3.8401  42.583984  0.000e+00
    208.875     7.3842    34.8514    27.2475 1.3431e-01     0.1310      0.018    1483.42     57.327     3.8402  42.583985  0.000e+00
    208.899     7.3845    34.8522    27.2481 1.4652e-01     0.1310      0.018    1483.42     57.273     3.8365  42.583985  0.000e+00
    208.914     7.3851    34.8515    27.2475 1.4652e-01     0.1310      0.018    1483.42     57.275     3.8366  42.583986  0.000e+00
    208.924     7.3860    34.8512    27.2470 1.4652e-01     0.1310      0.018    1483.42     57.269     3.8362  42.583986  0.000e+00
    208.964     7.3862    34.8513    27.2472 1.4652e-01     0.1310      0.018    1483.42     57.265     3.8358  42.583987  0.000e+00
    208.974     7.3868    34.8513    27.2471 1.4652e-01     0.1310      0.018    1483.43     57.260     3.8354  42.583987  0.000e+00
    209.013     7.3870    34.8510    27.2468 1.3431e-01     0.1310      0.018    1483.43     57.255     3.8351  42.583988  0.000e+00
    209.023     7.3867    34.8512    27.2470 1.3431e-01     0.1310      0.018    1483.43     57.251     3.8349  42.583988  0.000e+00
    209.048     7.3867    34.8507    27.2466 1.4652e-01     0.1310      0.018    1483.43     57.247     3.8346  42.583989  0.000e+00
    209.087     7.3869    34.8509    27.2467 1.4652e-01     0.1310      0.015    1483.43     57.244     3.8344  42.583989  0.000e+00
    209.097     7.3875    34.8507    27.2465 1.4652e-01     0.1310      0.015    1483.43     57.241     3.8341  42.583990  0.000e+00
    209.112     7.3888    34.8499    27.2456 1.4652e-01     0.1310      0.018    1483.44     57.238     3.8338  42.583990  0.000e+00
    209.158     7.3894    34.8503    27.2459 1.3431e-01     0.1310      0.015    1483.44     57.236     3.8336  42.583991  0.000e+00
    209.161     7.3901    34.8501    27.2457 1.4652e-01     0.1310      0.015    1483.44     57.233     3.8334  42.583991  0.000e+00
    209.207     7.3905    34.8503    27.2457 1.4652e-01     0.1310      0.015    1483.44     57.232     3.8333  42.583992  0.000e+00
    209.207     7.3901    34.8506    27.2460 1.4652e-01     0.1310      0.018    1483.44     57.294     3.8374  42.583992  0.000e+00
    209.249     7.3896    34.8508    27.2463 1.4652e-01     0.1310      0.018    1483.44     57.237     3.8337  42.583993  0.000e+00
    209.257     7.3901    34.8502    27.2457 1.4652e-01     0.1310      0.018    1483.44     57.244     3.8341  42.583993  0.000e+00
    209.285     7.3891    34.8502    27.2458 1.4652e-01     0.1310      0.015    1483.44     57.243     3.8342  42.583994  0.000e+00
    209.306     7.3883    34.8502    27.2460 1.4652e-01     0.1298      0.018    1483.44     57.243     3.8342  42.583994  0.000e+00
    209.331     7.3883    34.8500    27.2458 1.4652e-01     0.1310      0.015    1483.44     57.243     3.8342  42.583995  0.000e+00
    209.346     7.3883    34.8499    27.2457 1.3431e-01     0.1310      0.015    1483.44     57.244     3.8343  42.583995  0.000e+00
    209.380     7.3879    34.8499    27.2458 1.3431e-01     0.1310      0.015    1483.44     57.245     3.8344  42.583995  0.000e+00
    209.384     7.3880    34.8503    27.2461 1.3431e-01     0.1310      0.015    1483.44     57.246     3.8344  42.583996  0.000e+00
    209.430     7.3876    34.8497    27.2457 1.3431e-01     0.1310      0.015    1483.44     57.247     3.8346  42.583996  0.000e+00
    209.441     7.3873    34.8494    27.2455 1.3431e-01     0.1310      0.015    1483.43     57.249     3.8347  42.583997  0.000e+00
    209.458     7.3873    34.8502    27.2461 1.3431e-01     0.1310      0.018    1483.44     57.251     3.8348  42.583997  0.000e+00
    209.479     7.3875    34.8507    27.2465 1.4652e-01     0.1310      0.018    1483.44     57.190     3.8307  42.583998  0.000e+00
    209.515     7.3878    34.8500    27.2459 1.3431e-01     0.1310      0.018    1483.44     57.185     3.8304  42.583998  0.000e+00
    209.532     7.3868    34.8498    27.2458 1.4652e-01     0.1310      0.018    1483.43     57.181     3.8302  42.583999  0.000e+00
    209.553     7.3862    34.8501    27.2462 1.4652e-01     0.1310      0.018    1483.43     57.178     3.8300  42.583999  0.000e+00
    209.581     7.3860    34.8503    27.2464 1.4652e-01     0.1310      0.015    1483.43     57.175     3.8299  42.584000  0.000e+00
    209.603     7.3859    34.8500    27.2462 1.4652e-01     0.1310      0.018    1483.43     57.173     3.8297  42.584000  0.000e+00
    209.614     7.3859    34.8498    27.2460 1.4652e-01     0.1322      0.015    1483.43     57.172     3.8296  42.584001  0.000e+00
    209.642     7.3851    34.8500    27.2462 1.4652e-01     0.1310      0.018    1483.43     57.171     3.8297  42.584001  0.000e+00
    209.663     7.3848    34.8502    27.2464 1.4652e-01     0.1310      0.018    1483.43     57.171     3.8297  42.584002  0.000e+00
    209.701     7.3846    34.8502    27.2465 1.4652e-01     0.1310      0.018    1483.43     57.171     3.8297  42.584002  0.000e+00
    209.716     7.3849    34.8505    27.2467 1.4652e-01     0.1310      0.018    1483.43     57.172     3.8298  42.584003  0.000e+00
    209.726     7.3851    34.8507    27.2468 1.4652e-01     0.1310      0.015    1483.43     57.174     3.8299  42.584003  0.000e+00
    209.762     7.3853    34.8511    27.2471 1.4652e-01     0.1310      0.015    1483.43     57.168     3.8295  42.584004  0.000e+00
    209.779     7.3858    34.8507    27.2467 1.4652e-01     0.1310      0.015    1483.44     57.163     3.8291  42.584004  0.000e+00
    209.799     7.3862    34.8509    27.2468 1.4652e-01     0.1310      0.018    1483.44     57.158     3.8287  42.584005  0.000e+00
    209.812     7.3870    34.8504    27.2463 1.4652e-01     0.1310      0.018    1483.44     57.161     3.8288  42.584005  0.000e+00
    209.853     7.3870    34.8508    27.2466 1.3431e-01     0.1310      0.018    1483.44     57.165     3.8291  42.584006  0.000e+00
    209.861     7.3875    34.8504    27.2462 1.4652e-01     0.1310      0.018    1483.44     57.162     3.8288  42.584006  0.000e+00
    209.878     7.3878    34.8500    27.2459 1.4652e-01     0.1322      0.015    1483.44     57.159     3.8286  42.584007  0.000e+00
    209.935     7.3876    34.8500    27.2459 1.4652e-01     0.1310      0.015    1483.44     57.164     3.8290  42.584007  0.000e+00
    209.886     7.3873    34.8500    27.2459 1.4652e-01     0.1310      0.018    1483.44     57.162     3.8289  42.584008  0.000e+00
    209.950     7.3875    34.8498    27.2458 1.4652e-01     0.1310      0.015    1483.44     57.168     3.8293  42.584008  0.000e+00
    209.985     7.3878    34.8493    27.2454 1.4652e-01     0.1310      0.018    1483.45     57.175     3.8298  42.584008  0.000e+00
    209.985     7.3879    34.8497    27.2456 1.4652e-01     0.1310      0.018    1483.45     57.111     3.8254  42.584009  0.000e+00
    209.999     7.3880    34.8501    27.2459 1.4652e-01     0.1310      0.018    1483.45     57.103     3.8249  42.584009  0.000e+00
    210.034     7.3876    34.8500    27.2459 1.4652e-01     0.1310      0.018    1483.45     57.160     3.8287  42.584010  0.000e+00
    210.059     7.3877    34.8505    27.2463 1.4652e-01     0.1310      0.018    1483.45     57.098     3.8245  42.584010  0.000e+00
    210.062     7.3881    34.8503    27.2461 1.4652e-01     0.1310      0.018    1483.45     57.155     3.8283  42.584011  0.000e+00
    210.108     7.3885    34.8505    27.2462 1.4652e-01     0.1310      0.015    1483.45     57.094     3.8242  42.584011  0.000e+00
    210.108     7.3889    34.8505    27.2461 1.4652e-01     0.1310      0.015    1483.45     57.152     3.8281  42.584012  0.000e+00
    210.133     7.3893    34.8499    27.2456 1.4652e-01     0.1310      0.015    1483.45     57.092     3.8240  42.584012  0.000e+00
    210.161     7.3896    34.8501    27.2457 1.4652e-01     0.1310      0.018    1483.46     57.088     3.8237  42.584013  0.000e+00
    210.169     7.3896    34.8497    27.2454 1.4652e-01     0.1310      0.018    1483.46     57.084     3.8235  42.584013  0.000e+00
    210.194     7.3897    34.8497    27.2453 1.4652e-01     0.1310      0.015    1483.46     57.081     3.8233  42.584014  0.000e+00
    210.222     7.3898    34.8497    27.2453 1.4652e-01     0.1310      0.018    1483.46     57.079     3.8231  42.584014  0.000e+00
    210.230     7.3899    34.8493    27.2450 1.4652e-01     0.1298      0.015    1483.46     57.078     3.8230  42.584015  0.000e+00
    210.268     7.3897    34.8496    27.2453 1.4652e-01     0.1310      0.015    1483.46     57.077     3.8230  42.584015  0.000e+00
    210.271     7.3898    34.8499    27.2455 1.4652e-01     0.1310      0.018    1483.46     57.085     3.8235  42.584016  0.000e+00
