VT3_20190213_2_down.cnv
* Sea-Bird SBE 9 Data File:
* FileName = C:\CTD Brukere\NIVA\OKOKYST2019\20190211\VT3_20190213_2.hex
* Software Version Seasave V 7.23.2
* Temperature SN = 5352
* Conductivity SN = 3840
* Number of Bytes Per Scan = 28
* Number of Voltage Words = 4
* Number of Scans Averaged by the Deck Unit = 1
* NMEA baud rate = 4800
** Ship: R/V Trygve Braarud
** Cruise:
** Station:
** Operator:
# nquan = 12
# nvalues = 7838                                  
# units = specified
# name 0 = depSM: Depth [salt water, m], lat = 59.60
# name 1 = t090C: Temperature [ITS-90, deg C]
# name 2 = sal00: Salinity, Practical [PSU]
# name 3 = sigma-t00: Density [sigma-t, kg/m^3 ]
# name 4 = flSP: Fluorescence, Seapoint
# name 5 = wetStar: Fluorescence, WET Labs WETstar [mg/m^3]
# name 6 = seaTurbMtr: Turbidity, Seapoint [FTU]
# name 7 = svCM: Sound Velocity [Chen-Millero, m/s]
# name 8 = sbeox0PS: Oxygen, SBE 43 [% saturation]
# name 9 = sbeox0ML/L: Oxygen, SBE 43 [ml/l]
# name 10 = timeJ: Julian Days
# name 11 = flag:  0.000e+00
# span 0 =      0.078,    249.224                 
# span 1 =     2.4363,     6.8223                 
# span 2 =    24.8044,    34.8643                 
# span 3 =    19.7893,    27.4225                 
# span 4 = 1.5873e-01, 1.0867e+00                 
# span 5 =     0.1273,     0.1298                 
# span 6 =      0.011,      0.018                 
# span 7 =    1446.76,    1479.97                 
# span 8 =     68.816,     74.625                 
# span 9 =     4.7242,     5.8453                 
# span 10 =  44.535764,  44.539543                
# span 11 = 0.0000e+00, 0.0000e+00                
# interval = seconds: 0.0416667
# start_time = Feb 13 2019 12:51:30 [System UpLoad Time]
# bad_flag = -9.990e-29
*END*
[from data line 4572]
    142.755     5.5456    34.6429    27.3272 2.4420e-01     0.1298      0.018    1474.84     72.310     5.0612  44.537969  0.000e+00
    142.780     5.5458    34.6431    27.3273 2.4420e-01     0.1285      0.018    1474.84     72.315     5.0615  44.537969  0.000e+00
    142.829     5.5458    34.6432    27.3274 2.5641e-01     0.1285      0.018    1474.85     72.377     5.0658  44.537970  0.000e+00
    142.865     5.5458    34.6433    27.3275 2.5641e-01     0.1285      0.015    1474.85     72.383     5.0662  44.537970  0.000e+00
    142.901     5.5455    34.6435    27.3277 2.5641e-01     0.1285      0.015    1474.85     72.389     5.0667  44.537971  0.000e+00
    142.962     5.5458    34.6432    27.3274 2.5641e-01     0.1285      0.015    1474.85     72.395     5.0671  44.537971  0.000e+00
    142.986     5.5455    34.6430    27.3273 2.5641e-01     0.1285      0.015    1474.85     72.401     5.0675  44.537972  0.000e+00
    143.024     5.5454    34.6430    27.3273 2.6862e-01     0.1285      0.015    1474.85     72.343     5.0635  44.537972  0.000e+00
    143.116     5.5454    34.6433    27.3275 2.6862e-01     0.1285      0.015    1474.85     72.405     5.0678  44.537973  0.000e+00
    143.134     5.5455    34.6433    27.3276 2.6862e-01     0.1273      0.015    1474.85     72.411     5.0683  44.537973  0.000e+00
    143.158     5.5456    34.6433    27.3275 2.6862e-01     0.1273      0.015    1474.85     72.417     5.0687  44.537974  0.000e+00
    143.194     5.5456    34.6429    27.3272 2.6862e-01     0.1285      0.015    1474.85     72.360     5.0647  44.537974  0.000e+00
    143.230     5.5455    34.6437    27.3279 2.8083e-01     0.1285      0.015    1474.85     72.358     5.0645  44.537975  0.000e+00
    143.255     5.5456    34.6433    27.3275 2.9304e-01     0.1285      0.015    1474.85     72.420     5.0689  44.537975  0.000e+00
    143.293     5.5455    34.6433    27.3276 3.1746e-01     0.1285      0.018    1474.85     72.427     5.0694  44.537976  0.000e+00
    143.304     5.5454    34.6433    27.3275 3.2967e-01     0.1285      0.015    1474.85     72.370     5.0654  44.537976  0.000e+00
    143.353     5.5456    34.6431    27.3274 3.1746e-01     0.1285      0.018    1474.85     72.433     5.0698  44.537976  0.000e+00
    143.378     5.5453    34.6434    27.3277 3.0525e-01     0.1273      0.018    1474.85     72.441     5.0703  44.537977  0.000e+00
    143.427     5.5458    34.6429    27.3272 3.0525e-01     0.1285      0.015    1474.85     72.448     5.0708  44.537977  0.000e+00
    143.414     5.5457    34.6432    27.3275 2.9304e-01     0.1285      0.015    1474.85     72.446     5.0707  44.537978  0.000e+00
    143.451     5.5453    34.6439    27.3281 2.9304e-01     0.1273      0.015    1474.85     72.453     5.0712  44.537978  0.000e+00
    143.463     5.5456    34.6435    27.3277 3.1746e-01     0.1285      0.015    1474.86     72.451     5.0710  44.537979  0.000e+00
    143.487     5.5458    34.6432    27.3274 3.2967e-01     0.1285      0.015    1474.86     72.458     5.0715  44.537979  0.000e+00
    143.499     5.5456    34.6436    27.3278 3.2967e-01     0.1285      0.015    1474.86     72.400     5.0675  44.537980  0.000e+00
    143.532     5.5456    34.6434    27.3276 3.1746e-01     0.1285      0.015    1474.86     72.463     5.0718  44.537980  0.000e+00
    143.537     5.5457    34.6434    27.3276 2.9304e-01     0.1273      0.015    1474.86     72.469     5.0723  44.537981  0.000e+00
    143.537     5.5456    34.6431    27.3274 2.9304e-01     0.1285      0.015    1474.86     72.476     5.0728  44.537981  0.000e+00
    143.573     5.5457    34.6434    27.3276 2.8083e-01     0.1285      0.018    1474.86     72.483     5.0732  44.537982  0.000e+00
    143.561     5.5456    34.6430    27.3273 2.8083e-01     0.1285      0.015    1474.86     72.489     5.0737  44.537982  0.000e+00
    143.584     5.5456    34.6429    27.3272 2.9304e-01     0.1273      0.018    1474.86     72.496     5.0742  44.537983  0.000e+00
    143.597     5.5455    34.6431    27.3274 2.9304e-01     0.1285      0.015    1474.86     72.503     5.0747  44.537983  0.000e+00
    143.597     5.5453    34.6438    27.3280 2.9304e-01     0.1285      0.018    1474.86     72.501     5.0745  44.537984  0.000e+00
    143.622     5.5456    34.6433    27.3275 2.9304e-01     0.1273      0.018    1474.86     72.499     5.0744  44.537984  0.000e+00
    143.622     5.5455    34.6431    27.3274 2.8083e-01     0.1285      0.015    1474.86     72.496     5.0742  44.537985  0.000e+00
    143.633     5.5456    34.6432    27.3274 2.8083e-01     0.1285      0.015    1474.86     72.502     5.0746  44.537985  0.000e+00
    143.641     5.5457    34.6433    27.3275 2.8083e-01     0.1285      0.018    1474.86     72.499     5.0744  44.537986  0.000e+00
    143.646     5.5458    34.6427    27.3271 2.6862e-01     0.1285      0.018    1474.86     72.495     5.0741  44.537986  0.000e+00
    143.658     5.5458    34.6430    27.3273 2.6862e-01     0.1273      0.015    1474.86     72.500     5.0745  44.537987  0.000e+00
    143.658     5.5460    34.6431    27.3274 2.6862e-01     0.1285      0.015    1474.86     72.505     5.0748  44.537987  0.000e+00
    143.682     5.5458    34.6431    27.3273 2.8083e-01     0.1285      0.015    1474.86     72.510     5.0752  44.537988  0.000e+00
    143.695     5.5460    34.6431    27.3273 2.8083e-01     0.1285      0.015    1474.86     72.515     5.0755  44.537988  0.000e+00
    143.695     5.5461    34.6434    27.3275 2.9304e-01     0.1285      0.018    1474.86     72.511     5.0752  44.537989  0.000e+00
    143.707     5.5459    34.6434    27.3275 3.0525e-01     0.1285      0.018    1474.86     72.507     5.0749  44.537989  0.000e+00
    143.718     5.5458    34.6432    27.3274 3.1746e-01     0.1273      0.015    1474.86     72.503     5.0746  44.537989  0.000e+00
    143.731     5.5459    34.6432    27.3274 3.0525e-01     0.1298      0.015    1474.86     72.507     5.0749  44.537990  0.000e+00
    143.738     5.5459    34.6433    27.3275 2.9304e-01     0.1285      0.015    1474.86     72.502     5.0746  44.537990  0.000e+00
    143.743     5.5458    34.6436    27.3277 2.9304e-01     0.1285      0.018    1474.86     72.497     5.0742  44.537991  0.000e+00
    143.756     5.5456    34.6435    27.3277 2.9304e-01     0.1285      0.018    1474.86     72.491     5.0738  44.537991  0.000e+00
    143.768     5.5458    34.6433    27.3275 2.9304e-01     0.1285      0.015    1474.86     72.485     5.0734  44.537992  0.000e+00
    143.768     5.5458    34.6434    27.3276 2.8083e-01     0.1285      0.015    1474.86     72.479     5.0730  44.537992  0.000e+00
    143.792     5.5459    34.6430    27.3272 2.8083e-01     0.1285      0.015    1474.86     72.409     5.0681  44.537993  0.000e+00
    143.792     5.5460    34.6429    27.3272 2.9304e-01     0.1285      0.018    1474.86     72.466     5.0721  44.537993  0.000e+00
    143.817     5.5461    34.6433    27.3275 2.9304e-01     0.1285      0.018    1474.86     72.469     5.0722  44.537994  0.000e+00
    143.817     5.5458    34.6439    27.3280 2.9304e-01     0.1285      0.018    1474.86     72.471     5.0724  44.537994  0.000e+00
    143.841     5.5458    34.6439    27.3280 2.9304e-01     0.1285      0.015    1474.86     72.409     5.0681  44.537995  0.000e+00
    143.848     5.5461    34.6434    27.3276 2.9304e-01     0.1285      0.015    1474.86     72.467     5.0721  44.537995  0.000e+00
    143.853     5.5458    34.6439    27.3280 2.9304e-01     0.1285      0.015    1474.86     72.461     5.0717  44.537996  0.000e+00
    143.866     5.5461    34.6435    27.3276 2.9304e-01     0.1285      0.018    1474.86     72.463     5.0718  44.537996  0.000e+00
    143.877     5.5459    34.6439    27.3280 2.9304e-01     0.1285      0.015    1474.86     72.466     5.0720  44.537997  0.000e+00
    143.902     5.5462    34.6439    27.3279 2.6862e-01     0.1285      0.015    1474.87     72.468     5.0721  44.537997  0.000e+00
    143.902     5.5462    34.6436    27.3277 2.6862e-01     0.1273      0.018    1474.87     72.461     5.0717  44.537998  0.000e+00
    143.939     5.5460    34.6440    27.3281 2.5641e-01     0.1285      0.015    1474.87     72.455     5.0712  44.537998  0.000e+00
    143.939     5.5461    34.6441    27.3281 2.5641e-01     0.1285      0.018    1474.87     72.456     5.0713  44.537999  0.000e+00
    143.958     5.5461    34.6443    27.3283 2.5641e-01     0.1285      0.015    1474.87     72.458     5.0714  44.537999  0.000e+00
    143.976     5.5463    34.6441    27.3281 2.5641e-01     0.1273      0.018    1474.87     72.387     5.0664  44.538000  0.000e+00
    143.987     5.5461    34.6441    27.3281 2.5641e-01     0.1285      0.015    1474.87     72.380     5.0660  44.538000  0.000e+00
    144.012     5.5460    34.6439    27.3280 2.5641e-01     0.1285      0.018    1474.87     72.373     5.0655  44.538001  0.000e+00
    144.036     5.5461    34.6439    27.3280 2.5641e-01     0.1285      0.018    1474.87     72.431     5.0695  44.538001  0.000e+00
    144.036     5.5461    34.6440    27.3280 2.5641e-01     0.1285      0.015    1474.87     72.433     5.0697  44.538002  0.000e+00
    144.061     5.5460    34.6437    27.3278 2.4420e-01     0.1285      0.015    1474.87     72.435     5.0699  44.538002  0.000e+00
    144.074     5.5462    34.6437    27.3278 2.4420e-01     0.1273      0.015    1474.87     72.438     5.0700  44.538003  0.000e+00
    144.092     5.5461    34.6442    27.3282 2.4420e-01     0.1285      0.015    1474.87     72.440     5.0702  44.538003  0.000e+00
    144.121     5.5463    34.6438    27.3278 2.4420e-01     0.1285      0.018    1474.87     72.434     5.0697  44.538003  0.000e+00
    144.121     5.5461    34.6438    27.3278 2.4420e-01     0.1285      0.018    1474.87     72.435     5.0699  44.538004  0.000e+00
    144.146     5.5462    34.6438    27.3278 2.4420e-01     0.1285      0.015    1474.87     72.373     5.0655  44.538004  0.000e+00
    144.170     5.5461    34.6439    27.3280 2.5641e-01     0.1285      0.015    1474.87     72.367     5.0651  44.538005  0.000e+00
    144.184     5.5462    34.6438    27.3278 2.5641e-01     0.1285      0.015    1474.87     72.425     5.0691  44.538005  0.000e+00
    144.220     5.5462    34.6436    27.3277 2.5641e-01     0.1285      0.015    1474.87     72.428     5.0694  44.538006  0.000e+00
    144.226     5.5462    34.6434    27.3275 2.5641e-01     0.1285      0.018    1474.87     72.367     5.0651  44.538006  0.000e+00
    144.244     5.5463    34.6435    27.3276 2.4420e-01     0.1285      0.018    1474.87     72.361     5.0647  44.538007  0.000e+00
    144.269     5.5464    34.6436    27.3276 2.4420e-01     0.1285      0.015    1474.87     72.420     5.0688  44.538007  0.000e+00
    144.293     5.5461    34.6440    27.3280 2.4420e-01     0.1285      0.018    1474.87     72.424     5.0690  44.538008  0.000e+00
    144.305     5.5460    34.6440    27.3280 2.4420e-01     0.1285      0.018    1474.87     72.427     5.0693  44.538008  0.000e+00
    144.329     5.5462    34.6437    27.3278 2.4420e-01     0.1273      0.015    1474.87     72.430     5.0695  44.538009  0.000e+00
    144.347     5.5462    34.6441    27.3281 2.6862e-01     0.1285      0.015    1474.87     72.370     5.0652  44.538009  0.000e+00
    144.378     5.5465    34.6435    27.3276 2.6862e-01     0.1285      0.015    1474.87     72.429     5.0694  44.538010  0.000e+00
    144.390     5.5462    34.6442    27.3281 2.5641e-01     0.1285      0.015    1474.87     72.433     5.0696  44.538010  0.000e+00
    144.414     5.5462    34.6444    27.3283 2.5641e-01     0.1285      0.015    1474.87     72.436     5.0699  44.538011  0.000e+00
    144.439     5.5464    34.6443    27.3282 2.4420e-01     0.1273      0.018    1474.88     72.376     5.0657  44.538011  0.000e+00
    144.452     5.5464    34.6444    27.3283 2.4420e-01     0.1285      0.015    1474.88     72.372     5.0654  44.538012  0.000e+00
    144.482     5.5465    34.6444    27.3283 2.4420e-01     0.1285      0.015    1474.88     72.368     5.0651  44.538012  0.000e+00
    144.513     5.5465    34.6438    27.3278 2.4420e-01     0.1285      0.015    1474.88     72.428     5.0693  44.538013  0.000e+00
    144.549     5.5464    34.6439    27.3279 2.5641e-01     0.1285      0.018    1474.88     72.433     5.0697  44.538013  0.000e+00
    144.573     5.5465    34.6434    27.3275 2.6862e-01     0.1285      0.018    1474.88     72.438     5.0700  44.538014  0.000e+00
    144.586     5.5462    34.6441    27.3280 2.5641e-01     0.1285      0.015    1474.88     72.443     5.0703  44.538014  0.000e+00
    144.616     5.5462    34.6440    27.3280 2.5641e-01     0.1285      0.015    1474.88     72.384     5.0662  44.538015  0.000e+00
    144.647     5.5462    34.6437    27.3277 2.5641e-01     0.1273      0.015    1474.88     72.444     5.0705  44.538015  0.000e+00
    144.683     5.5462    34.6435    27.3276 2.5641e-01     0.1273      0.015    1474.88     72.449     5.0708  44.538016  0.000e+00
    144.683     5.5460    34.6438    27.3279 2.4420e-01     0.1273      0.015    1474.88     72.454     5.0712  44.538016  0.000e+00
    144.732     5.5462    34.6436    27.3277 2.4420e-01     0.1285      0.015    1474.88     72.451     5.0709  44.538016  0.000e+00
    144.750     5.5462    34.6443    27.3282 2.4420e-01     0.1273      0.018    1474.88     72.392     5.0668  44.538017  0.000e+00
    144.806     5.5465    34.6442    27.3281 2.4420e-01     0.1285      0.018    1474.88     72.453     5.0710  44.538017  0.000e+00
    144.831     5.5465    34.6442    27.3281 2.4420e-01     0.1285      0.015    1474.88     72.458     5.0714  44.538018  0.000e+00
    144.867     5.5465    34.6435    27.3276 2.4420e-01     0.1273      0.015    1474.88     72.454     5.0711  44.538018  0.000e+00
    144.903     5.5465    34.6436    27.3277 2.4420e-01     0.1285      0.015    1474.88     72.459     5.0715  44.538019  0.000e+00
    144.921     5.5467    34.6441    27.3280 2.4420e-01     0.1273      0.015    1474.88     72.464     5.0718  44.538019  0.000e+00
    144.976     5.5470    34.6442    27.3281 2.4420e-01     0.1285      0.015    1474.89     72.469     5.0721  44.538020  0.000e+00
    145.037     5.5470    34.6444    27.3282 2.5641e-01     0.1285      0.015    1474.89     72.474     5.0724  44.538020  0.000e+00
    145.061     5.5471    34.6448    27.3285 2.4420e-01     0.1273      0.015    1474.89     72.479     5.0727  44.538021  0.000e+00
    145.104     5.5473    34.6449    27.3286 2.5641e-01     0.1285      0.015    1474.89     72.484     5.0731  44.538021  0.000e+00
    145.135     5.5473    34.6444    27.3282 2.4420e-01     0.1273      0.015    1474.89     72.489     5.0734  44.538022  0.000e+00
    145.147     5.5474    34.6443    27.3281 2.4420e-01     0.1285      0.015    1474.89     72.493     5.0737  44.538022  0.000e+00
    145.209     5.5473    34.6440    27.3279 2.4420e-01     0.1285      0.018    1474.89     72.498     5.0741  44.538023  0.000e+00
    145.256     5.5472    34.6445    27.3283 2.4420e-01     0.1285      0.015    1474.89     72.495     5.0738  44.538023  0.000e+00
    145.299     5.5476    34.6444    27.3281 2.4420e-01     0.1285      0.015    1474.89     72.490     5.0735  44.538024  0.000e+00
    145.355     5.5476    34.6439    27.3278 2.4420e-01     0.1273      0.018    1474.90     72.486     5.0732  44.538024  0.000e+00
    145.391     5.5474    34.6443    27.3281 2.3199e-01     0.1285      0.015    1474.90     72.490     5.0735  44.538025  0.000e+00
    145.422     5.5475    34.6446    27.3283 2.3199e-01     0.1285      0.015    1474.90     72.430     5.0693  44.538025  0.000e+00
    145.489     5.5472    34.6446    27.3283 2.3199e-01     0.1285      0.015    1474.90     72.426     5.0690  44.538026  0.000e+00
