VT3_20190213_2_down.cnv
* Sea-Bird SBE 9 Data File:
* FileName = C:\CTD Brukere\NIVA\OKOKYST2019\20190211\VT3_20190213_2.hex
* Software Version Seasave V 7.23.2
* Temperature SN = 5352
* Conductivity SN = 3840
* Number of Bytes Per Scan = 28
* Number of Voltage Words = 4
* Number of Scans Averaged by the Deck Unit = 1
* NMEA baud rate = 4800
** Ship: R/V Trygve Braarud
** Cruise:
** Station:
** Operator:
# nquan = 12
# nvalues = 7838                                  
# units = specified
# name 0 = depSM: Depth [salt water, m], lat = 59.60
# name 1 = t090C: Temperature [ITS-90, deg C]
# name 2 = sal00: Salinity, Practical [PSU]
# name 3 = sigma-t00: Density [sigma-t, kg/m^3 ]
# name 4 = flSP: Fluorescence, Seapoint
# name 5 = wetStar: Fluorescence, WET Labs WETstar [mg/m^3]
# name 6 = seaTurbMtr: Turbidity, Seapoint [FTU]
# name 7 = svCM: Sound Velocity [Chen-Millero, m/s]
# name 8 = sbeox0PS: Oxygen, SBE 43 [% saturation]
# name 9 = sbeox0ML/L: Oxygen, SBE 43 [ml/l]
# name 10 = timeJ: Julian Days
# name 11 = flag:  0.000e+00
# span 0 =      0.078,    249.224                 
# span 1 =     2.4363,     6.8223                 
# span 2 =    24.8044,    34.8643                 
# span 3 =    19.7893,    27.4225                 
# span 4 = 1.5873e-01, 1.0867e+00                 
# span 5 =     0.1273,     0.1298                 
# span 6 =      0.011,      0.018                 
# span 7 =    1446.76,    1479.97                 
# span 8 =     68.816,     74.625                 
# span 9 =     4.7242,     5.8453                 
# span 10 =  44.535764,  44.539543                
# span 11 = 0.0000e+00, 0.0000e+00                
# interval = seconds: 0.0416667
# start_time = Feb 13 2019 12:51:30 [System UpLoad Time]
# bad_flag = -9.990e-29
*END*
[from data line 7579]
    243.588     6.2672    34.8425    27.3937 2.0757e-01     0.1285      0.015    1479.64     72.050     4.9521  44.539419  0.000e+00
    243.626     6.2638    34.8430    27.3945 2.0757e-01     0.1273      0.015    1479.63     72.044     4.9521  44.539419  0.000e+00
    243.613     6.2609    34.8446    27.3962 2.0757e-01     0.1273      0.018    1479.62     72.102     4.9563  44.539420  0.000e+00
    243.651     6.2595    34.8455    27.3971 2.0757e-01     0.1273      0.018    1479.61     72.105     4.9567  44.539420  0.000e+00
    243.651     6.2586    34.8424    27.3947 2.1978e-01     0.1285      0.018    1479.61     72.107     4.9570  44.539421  0.000e+00
    243.662     6.2549    34.8414    27.3945 2.1978e-01     0.1273      0.015    1479.59     72.110     4.9577  44.539421  0.000e+00
    243.675     6.2546    34.8393    27.3928 2.1978e-01     0.1285      0.015    1479.59     72.112     4.9579  44.539422  0.000e+00
    243.675     6.2445    34.8300    27.3868 2.3199e-01     0.1285      0.018    1479.53     72.115     4.9596  44.539422  0.000e+00
    243.675     6.2204    34.8220    27.3836 2.1978e-01     0.1285      0.018    1479.43     72.056     4.9586  44.539423  0.000e+00
    243.700     6.2003    34.8282    27.3911 2.1978e-01     0.1285      0.015    1479.36     72.117     4.9649  44.539423  0.000e+00
    243.712     6.2026    34.8391    27.3994 2.1978e-01     0.1285      0.018    1479.38     72.119     4.9644  44.539424  0.000e+00
    243.712     6.2118    34.8405    27.3994 2.0757e-01     0.1273      0.018    1479.42     72.121     4.9634  44.539424  0.000e+00
    243.725     6.2120    34.8374    27.3969 2.1978e-01     0.1285      0.015    1479.42     72.123     4.9637  44.539425  0.000e+00
    243.712     6.2089    34.8361    27.3962 2.3199e-01     0.1273      0.018    1479.40     72.126     4.9642  44.539425  0.000e+00
    243.712     6.2057    34.8330    27.3942 2.3199e-01     0.1285      0.015    1479.39     72.129     4.9649  44.539426  0.000e+00
    243.736     6.1984    34.8323    27.3946 2.1978e-01     0.1273      0.015    1479.36     72.132     4.9660  44.539426  0.000e+00
    243.725     6.1957    34.8367    27.3984 2.1978e-01     0.1273      0.018    1479.35     72.135     4.9664  44.539427  0.000e+00
    243.736     6.2007    34.8432    27.4029 2.1978e-01     0.1285      0.015    1479.38     72.137     4.9657  44.539427  0.000e+00
    243.725     6.2096    34.8495    27.4068 2.1978e-01     0.1273      0.015    1479.42     72.138     4.9646  44.539428  0.000e+00
    243.750     6.2224    34.8561    27.4103 2.3199e-01     0.1273      0.018    1479.48     72.139     4.9630  44.539428  0.000e+00
    243.750     6.2375    34.8643    27.4148 2.1978e-01     0.1273      0.015    1479.55     72.140     4.9610  44.539429  0.000e+00
    243.750     6.2557    34.8627    27.4112 2.1978e-01     0.1273      0.015    1479.62     72.140     4.9590  44.539429  0.000e+00
    243.763     6.2667    34.8544    27.4032 2.1978e-01     0.1273      0.015    1479.65     72.141     4.9581  44.539429  0.000e+00
    243.750     6.2704    34.8501    27.3993 2.1978e-01     0.1285      0.018    1479.66     72.143     4.9579  44.539430  0.000e+00
    243.763     6.2714    34.8500    27.3991 2.3199e-01     0.1285      0.015    1479.67     72.210     4.9624  44.539430  0.000e+00
    243.774     6.2713    34.8489    27.3982 2.1978e-01     0.1273      0.018    1479.67     72.221     4.9632  44.539431  0.000e+00
    243.763     6.2701    34.8466    27.3966 2.4420e-01     0.1273      0.015    1479.66     72.166     4.9596  44.539431  0.000e+00
    243.788     6.2673    34.8457    27.3962 2.5641e-01     0.1285      0.015    1479.65     72.233     4.9646  44.539432  0.000e+00
    243.763     6.2652    34.8448    27.3958 2.4420e-01     0.1273      0.018    1479.64     72.243     4.9655  44.539432  0.000e+00
    243.788     6.2640    34.8439    27.3952 2.3199e-01     0.1285      0.015    1479.63     72.253     4.9664  44.539433  0.000e+00
    243.788     6.2638    34.8477    27.3982 2.3199e-01     0.1285      0.015    1479.64     72.197     4.9625  44.539433  0.000e+00
    243.799     6.2679    34.8540    27.4026 2.1978e-01     0.1285      0.015    1479.66     72.262     4.9662  44.539434  0.000e+00
    243.799     6.2736    34.8583    27.4053 2.1978e-01     0.1285      0.015    1479.69     72.270     4.9660  44.539434  0.000e+00
    243.799     6.2806    34.8575    27.4038 2.3199e-01     0.1273      0.015    1479.71     72.278     4.9657  44.539435  0.000e+00
    243.812     6.2849    34.8568    27.4026 2.4420e-01     0.1285      0.015    1479.73     72.285     4.9658  44.539435  0.000e+00
    243.824     6.2874    34.8555    27.4013 2.4420e-01     0.1285      0.015    1479.74     72.228     4.9616  44.539436  0.000e+00
    243.849     6.2886    34.8537    27.3997 2.5641e-01     0.1285      0.015    1479.74     72.284     4.9653  44.539436  0.000e+00
    243.837     6.2878    34.8531    27.3994 2.6862e-01     0.1273      0.015    1479.74     72.291     4.9659  44.539437  0.000e+00
    243.862     6.2871    34.8537    27.3999 2.5641e-01     0.1273      0.015    1479.74     72.297     4.9665  44.539437  0.000e+00
    243.873     6.2887    34.8548    27.4006 2.4420e-01     0.1273      0.015    1479.74     72.304     4.9667  44.539438  0.000e+00
    243.887     6.2909    34.8558    27.4011 2.3199e-01     0.1273      0.018    1479.75     72.309     4.9668  44.539438  0.000e+00
    243.898     6.2931    34.8557    27.4007 2.1978e-01     0.1285      0.015    1479.76     72.315     4.9669  44.539439  0.000e+00
    243.923     6.2949    34.8554    27.4002 2.1978e-01     0.1285      0.015    1479.77     72.311     4.9665  44.539439  0.000e+00
    243.936     6.2963    34.8545    27.3994 2.0757e-01     0.1273      0.018    1479.77     72.307     4.9660  44.539440  0.000e+00
    243.948     6.2972    34.8535    27.3984 2.0757e-01     0.1285      0.015    1479.78     72.302     4.9656  44.539440  0.000e+00
    243.973     6.2975    34.8531    27.3981 2.0757e-01     0.1285      0.015    1479.78     72.306     4.9658  44.539441  0.000e+00
    243.961     6.2972    34.8528    27.3979 2.1978e-01     0.1273      0.015    1479.78     72.308     4.9661  44.539441  0.000e+00
    243.997     6.2975    34.8526    27.3977 2.1978e-01     0.1285      0.015    1479.78     72.247     4.9618  44.539442  0.000e+00
    244.022     6.2975    34.8529    27.3979 2.1978e-01     0.1285      0.015    1479.78     72.305     4.9658  44.539442  0.000e+00
    244.047     6.2976    34.8516    27.3969 2.1978e-01     0.1273      0.018    1479.78     72.235     4.9610  44.539443  0.000e+00
    244.060     6.2962    34.8479    27.3941 2.0757e-01     0.1285      0.015    1479.77     72.219     4.9602  44.539443  0.000e+00
    244.085     6.2905    34.8439    27.3918 2.0757e-01     0.1273      0.015    1479.74     72.213     4.9606  44.539443  0.000e+00
    244.110     6.2849    34.8461    27.3942 2.0757e-01     0.1273      0.015    1479.72     72.207     4.9608  44.539444  0.000e+00
    244.134     6.2832    34.8439    27.3927 1.9536e-01     0.1285      0.015    1479.71     72.201     4.9606  44.539444  0.000e+00
    244.171     6.2784    34.8436    27.3931 2.0757e-01     0.1273      0.018    1479.69     72.195     4.9607  44.539445  0.000e+00
    244.195     6.2758    34.8486    27.3974 2.0757e-01     0.1273      0.018    1479.69     72.124     4.9560  44.539445  0.000e+00
    244.209     6.2779    34.8545    27.4018 2.0757e-01     0.1285      0.015    1479.71     72.109     4.9545  44.539446  0.000e+00
    244.245     6.2840    34.8575    27.4033 1.9536e-01     0.1285      0.015    1479.73     72.085     4.9521  44.539446  0.000e+00
    244.283     6.2892    34.8593    27.4041 1.9536e-01     0.1285      0.018    1479.76     72.070     4.9504  44.539447  0.000e+00
    244.319     6.2947    34.8593    27.4034 1.9536e-01     0.1273      0.015    1479.78     72.055     4.9488  44.539447  0.000e+00
    244.357     6.2998    34.8595    27.4028 1.9536e-01     0.1273      0.018    1479.80     71.977     4.9428  44.539448  0.000e+00
    244.394     6.3041    34.8581    27.4012 1.9536e-01     0.1285      0.018    1479.82     71.955     4.9408  44.539448  0.000e+00
    244.428     6.3063    34.8566    27.3997 1.9536e-01     0.1273      0.015    1479.82     71.934     4.9392  44.539449  0.000e+00
    244.443     6.3066    34.8546    27.3980 1.9536e-01     0.1285      0.018    1479.82     71.914     4.9379  44.539449  0.000e+00
    244.531     6.3059    34.8544    27.3980 1.9536e-01     0.1285      0.015    1479.82     71.896     4.9367  44.539450  0.000e+00
    244.506     6.3070    34.8572    27.4000 1.9536e-01     0.1285      0.015    1479.83     71.876     4.9351  44.539450  0.000e+00
    244.567     6.3108    34.8588    27.4008 1.9536e-01     0.1285      0.018    1479.85     71.794     4.9290  44.539451  0.000e+00
    244.605     6.3132    34.8588    27.4005 1.9536e-01     0.1273      0.015    1479.86     71.769     4.9270  44.539451  0.000e+00
    244.666     6.3156    34.8597    27.4009 1.9536e-01     0.1285      0.018    1479.87     71.745     4.9250  44.539452  0.000e+00
    244.729     6.3189    34.8590    27.3999 1.9536e-01     0.1273      0.018    1479.88     71.657     4.9187  44.539452  0.000e+00
    244.741     6.3198    34.8572    27.3984 1.9536e-01     0.1285      0.015    1479.88     71.627     4.9165  44.539453  0.000e+00
    244.778     6.3197    34.8572    27.3984 1.9536e-01     0.1285      0.018    1479.88     71.598     4.9146  44.539453  0.000e+00
    244.840     6.3203    34.8571    27.3982 1.9536e-01     0.1273      0.015    1479.89     71.571     4.9127  44.539454  0.000e+00
    244.886     6.3200    34.8574    27.3985 1.9536e-01     0.1273      0.015    1479.89     71.490     4.9071  44.539454  0.000e+00
    244.939     6.3208    34.8577    27.3986 1.9536e-01     0.1273      0.015    1479.89     71.466     4.9054  44.539455  0.000e+00
    244.988     6.3223    34.8579    27.3987 1.9536e-01     0.1273      0.015    1479.90     71.436     4.9032  44.539455  0.000e+00
    245.026     6.3226    34.8564    27.3974 1.9536e-01     0.1285      0.015    1479.90     71.417     4.9018  44.539456  0.000e+00
    245.063     6.3216    34.8540    27.3956 1.9536e-01     0.1273      0.018    1479.89     71.335     4.8964  44.539456  0.000e+00
    245.114     6.3195    34.8544    27.3962 1.9536e-01     0.1273      0.015    1479.88     71.312     4.8951  44.539457  0.000e+00
    245.139     6.3175    34.8559    27.3977 1.9536e-01     0.1273      0.015    1479.88     71.283     4.8932  44.539457  0.000e+00
    245.224     6.3165    34.8562    27.3981 1.9536e-01     0.1285      0.015    1479.88     71.264     4.8921  44.539457  0.000e+00
    245.282     6.3168    34.8560    27.3978 1.9536e-01     0.1273      0.018    1479.88     71.184     4.8865  44.539458  0.000e+00
    245.249     6.3165    34.8564    27.3982 1.9536e-01     0.1285      0.015    1479.88     71.161     4.8850  44.539458  0.000e+00
    245.373     6.3167    34.8564    27.3982 1.9536e-01     0.1273      0.018    1479.88     71.078     4.8793  44.539459  0.000e+00
    245.398     6.3167    34.8568    27.3985 1.9536e-01     0.1285      0.018    1479.88     71.109     4.8814  44.539459  0.000e+00
    245.485     6.3171    34.8577    27.3992 1.9536e-01     0.1285      0.018    1479.89     71.032     4.8760  44.539460  0.000e+00
    245.497     6.3181    34.8579    27.3992 1.9536e-01     0.1285      0.018    1479.89     70.948     4.8701  44.539460  0.000e+00
    245.580     6.3189    34.8583    27.3994 1.9536e-01     0.1285      0.015    1479.90     70.925     4.8684  44.539461  0.000e+00
    245.646     6.3198    34.8582    27.3992 1.9536e-01     0.1273      0.018    1479.90     70.905     4.8669  44.539461  0.000e+00
    245.708     6.3207    34.8588    27.3995 1.9536e-01     0.1273      0.018    1479.90     70.888     4.8657  44.539462  0.000e+00
    245.720     6.3219    34.8590    27.3996 1.9536e-01     0.1285      0.015    1479.91     70.810     4.8602  44.539462  0.000e+00
    245.832     6.3230    34.8587    27.3992 1.8315e-01     0.1285      0.015    1479.92     70.793     4.8589  44.539463  0.000e+00
    245.841     6.3233    34.8592    27.3995 1.9536e-01     0.1285      0.015    1479.92     70.779     4.8579  44.539463  0.000e+00
    245.918     6.3236    34.8594    27.3996 1.8315e-01     0.1285      0.015    1479.92     70.769     4.8572  44.539464  0.000e+00
    245.981     6.3246    34.8589    27.3991 1.8315e-01     0.1273      0.015    1479.93     70.698     4.8522  44.539464  0.000e+00
    246.006     6.3251    34.8585    27.3987 1.8315e-01     0.1285      0.015    1479.93     70.688     4.8515  44.539465  0.000e+00
    246.092     6.3252    34.8585    27.3987 1.8315e-01     0.1285      0.018    1479.93     70.673     4.8504  44.539465  0.000e+00
    246.149     6.3251    34.8590    27.3991 1.9536e-01     0.1285      0.015    1479.93     70.671     4.8503  44.539466  0.000e+00
    246.204     6.3251    34.8586    27.3988 1.9536e-01     0.1273      0.018    1479.93     70.600     4.8454  44.539466  0.000e+00
    246.242     6.3251    34.8584    27.3987 1.9536e-01     0.1273      0.015    1479.93     70.589     4.8446  44.539467  0.000e+00
    246.316     6.3253    34.8586    27.3988 1.9536e-01     0.1285      0.018    1479.93     70.517     4.8397  44.539467  0.000e+00
    246.361     6.3254    34.8587    27.3988 1.9536e-01     0.1285      0.018    1479.93     70.507     4.8390  44.539468  0.000e+00
    246.415     6.3254    34.8589    27.3990 1.9536e-01     0.1285      0.015    1479.94     70.500     4.8386  44.539468  0.000e+00
    246.490     6.3256    34.8596    27.3995 1.9536e-01     0.1273      0.015    1479.94     70.499     4.8384  44.539469  0.000e+00
    246.539     6.3264    34.8611    27.4006 1.9536e-01     0.1285      0.015    1479.94     70.493     4.8379  44.539469  0.000e+00
    246.620     6.3279    34.8619    27.4011 1.9536e-01     0.1285      0.015    1479.95     70.427     4.8331  44.539470  0.000e+00
    246.625     6.3295    34.8612    27.4003 1.9536e-01     0.1273      0.018    1479.96     70.421     4.8326  44.539470  0.000e+00
    246.699     6.3308    34.8608    27.3998 1.9536e-01     0.1273      0.018    1479.96     70.356     4.8280  44.539470  0.000e+00
    246.744     6.3313    34.8608    27.3997 1.9536e-01     0.1273      0.018    1479.97     70.351     4.8276  44.539471  0.000e+00
    246.787     6.3313    34.8603    27.3993 1.9536e-01     0.1273      0.015    1479.97     70.343     4.8270  44.539471  0.000e+00
    246.823     6.3311    34.8606    27.3996 1.9536e-01     0.1285      0.015    1479.97     70.339     4.8268  44.539472  0.000e+00
    246.893     6.3313    34.8605    27.3995 1.9536e-01     0.1285      0.018    1479.97     70.276     4.8224  44.539472  0.000e+00
    246.947     6.3316    34.8607    27.3996 1.9536e-01     0.1285      0.018    1479.97     70.273     4.8222  44.539473  0.000e+00
    246.985     6.3313    34.8607    27.3997 1.9536e-01     0.1285      0.015    1479.97     70.275     4.8224  44.539473  0.000e+00
    247.017     6.3316    34.8604    27.3994 1.9536e-01     0.1273      0.015    1479.97     70.218     4.8184  44.539474  0.000e+00
    247.084     6.3313    34.8605    27.3995 1.9536e-01     0.1273      0.018    1479.97     70.213     4.8181  44.539474  0.000e+00
    247.109     6.3307    34.8604    27.3995 1.9536e-01     0.1285      0.018    1479.97     70.213     4.8182  44.539475  0.000e+00
    247.122     6.3298    34.8606    27.3997 2.0757e-01     0.1285      0.015    1479.97     70.153     4.8142  44.539475  0.000e+00
    247.203     6.3294    34.8606    27.3998 2.0757e-01     0.1285      0.015    1479.97     70.147     4.8138  44.539476  0.000e+00
    247.183     6.3289    34.8604    27.3998 2.0757e-01     0.1285      0.015    1479.96     70.144     4.8136  44.539476  0.000e+00
