VT3_20190213_2_down.cnv
* Sea-Bird SBE 9 Data File:
* FileName = C:\CTD Brukere\NIVA\OKOKYST2019\20190211\VT3_20190213_2.hex
* Software Version Seasave V 7.23.2
* Temperature SN = 5352
* Conductivity SN = 3840
* Number of Bytes Per Scan = 28
* Number of Voltage Words = 4
* Number of Scans Averaged by the Deck Unit = 1
* NMEA baud rate = 4800
** Ship: R/V Trygve Braarud
** Cruise:
** Station:
** Operator:
# nquan = 12
# nvalues = 7838                                  
# units = specified
# name 0 = depSM: Depth [salt water, m], lat = 59.60
# name 1 = t090C: Temperature [ITS-90, deg C]
# name 2 = sal00: Salinity, Practical [PSU]
# name 3 = sigma-t00: Density [sigma-t, kg/m^3 ]
# name 4 = flSP: Fluorescence, Seapoint
# name 5 = wetStar: Fluorescence, WET Labs WETstar [mg/m^3]
# name 6 = seaTurbMtr: Turbidity, Seapoint [FTU]
# name 7 = svCM: Sound Velocity [Chen-Millero, m/s]
# name 8 = sbeox0PS: Oxygen, SBE 43 [% saturation]
# name 9 = sbeox0ML/L: Oxygen, SBE 43 [ml/l]
# name 10 = timeJ: Julian Days
# name 11 = flag:  0.000e+00
# span 0 =      0.078,    249.224                 
# span 1 =     2.4363,     6.8223                 
# span 2 =    24.8044,    34.8643                 
# span 3 =    19.7893,    27.4225                 
# span 4 = 1.5873e-01, 1.0867e+00                 
# span 5 =     0.1273,     0.1298                 
# span 6 =      0.011,      0.018                 
# span 7 =    1446.76,    1479.97                 
# span 8 =     68.816,     74.625                 
# span 9 =     4.7242,     5.8453                 
# span 10 =  44.535764,  44.539543                
# span 11 = 0.0000e+00, 0.0000e+00                
# interval = seconds: 0.0416667
# start_time = Feb 13 2019 12:51:30 [System UpLoad Time]
# bad_flag = -9.990e-29
*END*
[from data line 6978]
    224.486     5.9346    34.7735    27.3820 2.3199e-01     0.1285      0.015    1477.92     71.856     4.9794  44.539129  0.000e+00
    224.450     5.9342    34.7737    27.3823 2.1978e-01     0.1273      0.015    1477.92     71.863     4.9799  44.539130  0.000e+00
    224.463     5.9342    34.7732    27.3818 2.3199e-01     0.1285      0.015    1477.92     71.871     4.9805  44.539130  0.000e+00
    224.461     5.9341    34.7734    27.3820 2.3199e-01     0.1273      0.018    1477.91     71.879     4.9811  44.539130  0.000e+00
    224.400     5.9343    34.7735    27.3821 2.1978e-01     0.1285      0.015    1477.92     71.878     4.9810  44.539131  0.000e+00
    224.425     5.9344    34.7737    27.3823 2.3199e-01     0.1285      0.018    1477.92     71.878     4.9810  44.539131  0.000e+00
    224.400     5.9344    34.7739    27.3824 2.1978e-01     0.1273      0.015    1477.92     71.877     4.9809  44.539132  0.000e+00
    224.375     5.9346    34.7743    27.3827 2.1978e-01     0.1285      0.015    1477.92     71.877     4.9808  44.539132  0.000e+00
    224.400     5.9347    34.7741    27.3825 2.1978e-01     0.1285      0.018    1477.92     71.877     4.9808  44.539133  0.000e+00
    224.375     5.9346    34.7742    27.3826 2.1978e-01     0.1285      0.015    1477.92     71.876     4.9808  44.539133  0.000e+00
    224.375     5.9349    34.7740    27.3824 2.1978e-01     0.1273      0.015    1477.92     71.876     4.9807  44.539134  0.000e+00
    224.364     5.9347    34.7738    27.3823 2.3199e-01     0.1285      0.015    1477.92     71.875     4.9807  44.539134  0.000e+00
    224.364     5.9346    34.7738    27.3823 2.3199e-01     0.1285      0.015    1477.92     71.884     4.9813  44.539135  0.000e+00
    224.364     5.9344    34.7734    27.3820 2.1978e-01     0.1273      0.015    1477.91     71.884     4.9814  44.539135  0.000e+00
    224.374     5.9339    34.7735    27.3821 2.1978e-01     0.1285      0.015    1477.91     71.884     4.9814  44.539136  0.000e+00
    224.364     5.9341    34.7733    27.3819 2.3199e-01     0.1273      0.015    1477.91     71.884     4.9814  44.539136  0.000e+00
    224.364     5.9339    34.7737    27.3823 2.3199e-01     0.1285      0.015    1477.91     71.884     4.9814  44.539137  0.000e+00
    224.351     5.9339    34.7738    27.3823 2.3199e-01     0.1273      0.015    1477.91     71.884     4.9814  44.539137  0.000e+00
    224.339     5.9339    34.7736    27.3822 2.3199e-01     0.1285      0.015    1477.91     71.884     4.9814  44.539138  0.000e+00
    224.351     5.9338    34.7739    27.3824 2.3199e-01     0.1273      0.015    1477.91     71.884     4.9814  44.539138  0.000e+00
    224.351     5.9338    34.7734    27.3821 2.3199e-01     0.1285      0.015    1477.91     71.884     4.9814  44.539139  0.000e+00
    224.351     5.9336    34.7734    27.3821 2.3199e-01     0.1273      0.015    1477.91     71.884     4.9815  44.539139  0.000e+00
    224.351     5.9333    34.7729    27.3818 2.1978e-01     0.1273      0.015    1477.91     71.884     4.9815  44.539140  0.000e+00
    224.364     5.9332    34.7733    27.3821 2.1978e-01     0.1285      0.015    1477.91     71.884     4.9815  44.539140  0.000e+00
    224.351     5.9335    34.7734    27.3821 2.3199e-01     0.1285      0.015    1477.91     71.884     4.9815  44.539141  0.000e+00
    224.362     5.9339    34.7738    27.3824 2.3199e-01     0.1273      0.015    1477.91     71.884     4.9814  44.539141  0.000e+00
    224.339     5.9341    34.7737    27.3823 2.6862e-01     0.1273      0.018    1477.91     71.884     4.9814  44.539142  0.000e+00
    224.351     5.9341    34.7738    27.3824 2.6862e-01     0.1285      0.018    1477.91     71.884     4.9814  44.539142  0.000e+00
    224.364     5.9342    34.7740    27.3825 2.5641e-01     0.1285      0.015    1477.91     71.884     4.9814  44.539143  0.000e+00
    224.351     5.9346    34.7735    27.3821 2.5641e-01     0.1285      0.015    1477.92     71.819     4.9769  44.539143  0.000e+00
    224.364     5.9344    34.7738    27.3823 2.5641e-01     0.1273      0.018    1477.92     71.876     4.9808  44.539144  0.000e+00
    224.364     5.9344    34.7731    27.3817 2.5641e-01     0.1285      0.015    1477.91     71.876     4.9809  44.539144  0.000e+00
    224.364     5.9341    34.7737    27.3823 2.5641e-01     0.1273      0.015    1477.91     71.876     4.9809  44.539144  0.000e+00
    224.389     5.9342    34.7740    27.3825 2.6862e-01     0.1273      0.018    1477.92     71.877     4.9809  44.539145  0.000e+00
    224.389     5.9346    34.7738    27.3823 2.6862e-01     0.1285      0.018    1477.92     71.877     4.9809  44.539145  0.000e+00
    224.375     5.9344    34.7740    27.3824 2.5641e-01     0.1273      0.015    1477.92     71.878     4.9809  44.539146  0.000e+00
    224.400     5.9339    34.7742    27.3827 2.5641e-01     0.1273      0.015    1477.91     71.814     4.9766  44.539146  0.000e+00
    224.412     5.9341    34.7736    27.3822 2.5641e-01     0.1285      0.015    1477.91     71.806     4.9760  44.539147  0.000e+00
    224.438     5.9339    34.7734    27.3821 2.5641e-01     0.1273      0.015    1477.91     71.799     4.9756  44.539147  0.000e+00
    224.438     5.9339    34.7736    27.3822 2.5641e-01     0.1273      0.015    1477.91     71.792     4.9751  44.539148  0.000e+00
    224.450     5.9340    34.7738    27.3824 2.4420e-01     0.1285      0.015    1477.92     71.785     4.9746  44.539148  0.000e+00
    224.474     5.9341    34.7741    27.3826 2.3199e-01     0.1273      0.018    1477.92     71.779     4.9741  44.539149  0.000e+00
    224.499     5.9342    34.7741    27.3825 2.3199e-01     0.1285      0.015    1477.92     71.773     4.9737  44.539149  0.000e+00
    224.511     5.9342    34.7741    27.3825 2.3199e-01     0.1285      0.015    1477.92     71.768     4.9733  44.539150  0.000e+00
    224.535     5.9346    34.7742    27.3826 2.3199e-01     0.1285      0.018    1477.92     71.763     4.9730  44.539150  0.000e+00
    224.535     5.9347    34.7738    27.3823 2.3199e-01     0.1273      0.018    1477.92     71.758     4.9726  44.539151  0.000e+00
    224.573     5.9349    34.7739    27.3824 2.3199e-01     0.1273      0.015    1477.92     71.754     4.9723  44.539151  0.000e+00
    224.608     5.9352    34.7742    27.3826 2.3199e-01     0.1273      0.015    1477.92     71.750     4.9720  44.539152  0.000e+00
    224.623     5.9354    34.7739    27.3823 2.3199e-01     0.1285      0.018    1477.92     71.746     4.9717  44.539152  0.000e+00
    224.647     5.9354    34.7739    27.3822 2.4420e-01     0.1273      0.015    1477.92     71.743     4.9715  44.539153  0.000e+00
    224.684     5.9354    34.7733    27.3818 2.4420e-01     0.1285      0.018    1477.92     71.740     4.9713  44.539153  0.000e+00
    224.722     5.9351    34.7734    27.3820 2.4420e-01     0.1285      0.015    1477.92     71.737     4.9712  44.539154  0.000e+00
    224.733     5.9351    34.7734    27.3819 2.4420e-01     0.1285      0.015    1477.92     71.735     4.9710  44.539154  0.000e+00
    224.771     5.9349    34.7738    27.3823 2.4420e-01     0.1273      0.018    1477.92     71.733     4.9709  44.539155  0.000e+00
    224.796     5.9352    34.7736    27.3820 2.4420e-01     0.1285      0.015    1477.93     71.732     4.9707  44.539155  0.000e+00
    224.844     5.9351    34.7735    27.3820 2.4420e-01     0.1285      0.015    1477.93     71.731     4.9707  44.539156  0.000e+00
    224.857     5.9346    34.7736    27.3822 2.5641e-01     0.1285      0.015    1477.92     71.730     4.9707  44.539156  0.000e+00
    224.895     5.9342    34.7732    27.3819 2.4420e-01     0.1273      0.015    1477.92     71.730     4.9707  44.539157  0.000e+00
    224.931     5.9336    34.7730    27.3818 2.3199e-01     0.1285      0.015    1477.92     71.730     4.9708  44.539157  0.000e+00
    224.969     5.9333    34.7731    27.3819 2.3199e-01     0.1273      0.015    1477.92     71.730     4.9709  44.539158  0.000e+00
    224.994     5.9328    34.7729    27.3818 2.3199e-01     0.1285      0.015    1477.92     71.731     4.9710  44.539158  0.000e+00
    225.030     5.9327    34.7729    27.3818 2.3199e-01     0.1273      0.015    1477.92     71.732     4.9711  44.539158  0.000e+00
    225.066     5.9323    34.7733    27.3821 2.3199e-01     0.1285      0.015    1477.92     71.733     4.9712  44.539159  0.000e+00
    225.117     5.9322    34.7736    27.3824 2.3199e-01     0.1285      0.015    1477.92     71.735     4.9713  44.539159  0.000e+00
    225.142     5.9322    34.7732    27.3821 2.3199e-01     0.1285      0.015    1477.92     71.737     4.9715  44.539160  0.000e+00
    225.178     5.9314    34.7730    27.3821 2.3199e-01     0.1273      0.015    1477.92     71.740     4.9718  44.539160  0.000e+00
    225.216     5.9312    34.7724    27.3816 2.3199e-01     0.1273      0.015    1477.91     71.742     4.9720  44.539161  0.000e+00
    225.253     5.9309    34.7727    27.3819 2.3199e-01     0.1285      0.015    1477.91     71.746     4.9722  44.539161  0.000e+00
    225.300     5.9309    34.7730    27.3822 2.3199e-01     0.1285      0.018    1477.92     71.749     4.9725  44.539162  0.000e+00
    225.340     5.9306    34.7737    27.3827 2.3199e-01     0.1273      0.015    1477.92     71.753     4.9728  44.539162  0.000e+00
    225.389     5.9308    34.7734    27.3824 2.1978e-01     0.1273      0.015    1477.92     71.758     4.9731  44.539163  0.000e+00
    225.414     5.9307    34.7734    27.3825 2.3199e-01     0.1285      0.015    1477.92     71.762     4.9734  44.539163  0.000e+00
    225.450     5.9309    34.7738    27.3828 2.1978e-01     0.1273      0.018    1477.92     71.767     4.9737  44.539164  0.000e+00
    225.498     5.9312    34.7737    27.3827 2.1978e-01     0.1285      0.018    1477.92     71.772     4.9740  44.539164  0.000e+00
    225.525     5.9316    34.7740    27.3828 2.1978e-01     0.1285      0.015    1477.92     71.778     4.9743  44.539165  0.000e+00
    225.587     5.9317    34.7740    27.3828 2.3199e-01     0.1285      0.018    1477.92     71.784     4.9748  44.539165  0.000e+00
    225.624     5.9318    34.7736    27.3825 2.3199e-01     0.1273      0.015    1477.93     71.790     4.9752  44.539166  0.000e+00
    225.673     5.9317    34.7733    27.3823 2.1978e-01     0.1273      0.015    1477.93     71.797     4.9757  44.539166  0.000e+00
    225.719     5.9312    34.7734    27.3824 2.3199e-01     0.1285      0.018    1477.92     71.796     4.9756  44.539167  0.000e+00
    225.759     5.9311    34.7737    27.3826 2.1978e-01     0.1273      0.015    1477.92     71.803     4.9761  44.539167  0.000e+00
    225.821     5.9309    34.7731    27.3822 2.1978e-01     0.1285      0.015    1477.92     71.810     4.9767  44.539168  0.000e+00
    225.846     5.9311    34.7730    27.3821 2.1978e-01     0.1273      0.015    1477.93     71.818     4.9772  44.539168  0.000e+00
    225.917     5.9310    34.7733    27.3824 2.1978e-01     0.1285      0.015    1477.93     71.826     4.9778  44.539169  0.000e+00
    225.945     5.9308    34.7732    27.3823 2.3199e-01     0.1285      0.015    1477.93     71.835     4.9784  44.539169  0.000e+00
    225.995     5.9300    34.7730    27.3823 2.3199e-01     0.1285      0.015    1477.92     71.844     4.9791  44.539170  0.000e+00
    226.069     5.9295    34.7724    27.3818 2.4420e-01     0.1285      0.015    1477.92     71.845     4.9793  44.539170  0.000e+00
    226.090     5.9287    34.7726    27.3821 2.3199e-01     0.1285      0.018    1477.92     71.845     4.9794  44.539171  0.000e+00
    226.155     5.9276    34.7716    27.3814 2.3199e-01     0.1273      0.015    1477.91     71.846     4.9796  44.539171  0.000e+00
    226.192     5.9259    34.7713    27.3814 2.3199e-01     0.1273      0.015    1477.91     71.846     4.9798  44.539171  0.000e+00
    226.242     5.9246    34.7730    27.3829 2.3199e-01     0.1273      0.015    1477.91     71.847     4.9800  44.539172  0.000e+00
    226.277     5.9256    34.7735    27.3832 2.3199e-01     0.1285      0.018    1477.91     71.847     4.9799  44.539172  0.000e+00
    226.328     5.9267    34.7718    27.3817 2.3199e-01     0.1285      0.015    1477.91     71.847     4.9798  44.539173  0.000e+00
    226.377     5.9246    34.7706    27.3810 2.1978e-01     0.1285      0.015    1477.91     71.848     4.9801  44.539173  0.000e+00
    226.423     5.9221    34.7714    27.3820 2.3199e-01     0.1285      0.018    1477.90     71.849     4.9805  44.539174  0.000e+00
    226.489     5.9214    34.7731    27.3834 2.1978e-01     0.1273      0.015    1477.90     71.850     4.9805  44.539174  0.000e+00
    226.526     5.9214    34.7738    27.3839 2.1978e-01     0.1285      0.015    1477.90     71.850     4.9805  44.539175  0.000e+00
    226.564     5.9224    34.7745    27.3844 2.1978e-01     0.1273      0.018    1477.90     71.850     4.9804  44.539175  0.000e+00
    226.610     5.9240    34.7746    27.3843 2.1978e-01     0.1285      0.015    1477.91     71.850     4.9802  44.539176  0.000e+00
    226.662     5.9248    34.7734    27.3832 2.3199e-01     0.1273      0.015    1477.91     71.851     4.9802  44.539176  0.000e+00
    226.712     5.9251    34.7734    27.3832 2.3199e-01     0.1273      0.015    1477.92     71.851     4.9802  44.539177  0.000e+00
    226.745     5.9256    34.7731    27.3829 2.3199e-01     0.1285      0.015    1477.92     71.851     4.9802  44.539177  0.000e+00
    226.798     5.9254    34.7734    27.3831 2.1978e-01     0.1273      0.018    1477.92     71.852     4.9802  44.539178  0.000e+00
    226.836     5.9259    34.7735    27.3832 2.1978e-01     0.1273      0.015    1477.92     71.852     4.9802  44.539178  0.000e+00
    226.882     5.9262    34.7733    27.3830 2.3199e-01     0.1273      0.015    1477.92     71.917     4.9846  44.539179  0.000e+00
    226.921     5.9263    34.7732    27.3829 2.1978e-01     0.1273      0.015    1477.92     71.926     4.9852  44.539179  0.000e+00
    226.971     5.9263    34.7728    27.3826 2.1978e-01     0.1285      0.015    1477.93     71.869     4.9813  44.539180  0.000e+00
    227.030     5.9263    34.7733    27.3829 2.3199e-01     0.1285      0.015    1477.93     71.869     4.9813  44.539180  0.000e+00
    227.070     5.9270    34.7728    27.3825 2.3199e-01     0.1285      0.015    1477.93     71.869     4.9812  44.539181  0.000e+00
    227.119     5.9270    34.7720    27.3818 2.3199e-01     0.1273      0.015    1477.93     71.869     4.9812  44.539181  0.000e+00
    227.165     5.9264    34.7718    27.3817 2.4420e-01     0.1273      0.015    1477.93     71.868     4.9813  44.539182  0.000e+00
    227.218     5.9259    34.7722    27.3821 2.4420e-01     0.1285      0.015    1477.93     71.868     4.9813  44.539182  0.000e+00
    227.251     5.9262    34.7726    27.3824 2.3199e-01     0.1285      0.015    1477.93     71.868     4.9813  44.539183  0.000e+00
    227.292     5.9263    34.7727    27.3824 2.3199e-01     0.1285      0.015    1477.93     71.867     4.9812  44.539183  0.000e+00
    227.342     5.9251    34.7718    27.3820 2.3199e-01     0.1273      0.018    1477.92     71.867     4.9814  44.539184  0.000e+00
    227.388     5.9239    34.7718    27.3821 2.3199e-01     0.1273      0.015    1477.92     71.867     4.9815  44.539184  0.000e+00
    227.429     5.9237    34.7708    27.3813 2.4420e-01     0.1285      0.018    1477.92     71.867     4.9815  44.539185  0.000e+00
    227.416     5.9229    34.7713    27.3818 2.3199e-01     0.1273      0.018    1477.92     71.866     4.9816  44.539185  0.000e+00
    227.537     5.9222    34.7713    27.3819 2.3199e-01     0.1273      0.015    1477.92     71.867     4.9817  44.539185  0.000e+00
    227.565     5.9210    34.7701    27.3811 2.3199e-01     0.1285      0.018    1477.91     71.866     4.9819  44.539186  0.000e+00
