VT3_20190213_2_down.cnv
* Sea-Bird SBE 9 Data File:
* FileName = C:\CTD Brukere\NIVA\OKOKYST2019\20190211\VT3_20190213_2.hex
* Software Version Seasave V 7.23.2
* Temperature SN = 5352
* Conductivity SN = 3840
* Number of Bytes Per Scan = 28
* Number of Voltage Words = 4
* Number of Scans Averaged by the Deck Unit = 1
* NMEA baud rate = 4800
** Ship: R/V Trygve Braarud
** Cruise:
** Station:
** Operator:
# nquan = 12
# nvalues = 7838                                  
# units = specified
# name 0 = depSM: Depth [salt water, m], lat = 59.60
# name 1 = t090C: Temperature [ITS-90, deg C]
# name 2 = sal00: Salinity, Practical [PSU]
# name 3 = sigma-t00: Density [sigma-t, kg/m^3 ]
# name 4 = flSP: Fluorescence, Seapoint
# name 5 = wetStar: Fluorescence, WET Labs WETstar [mg/m^3]
# name 6 = seaTurbMtr: Turbidity, Seapoint [FTU]
# name 7 = svCM: Sound Velocity [Chen-Millero, m/s]
# name 8 = sbeox0PS: Oxygen, SBE 43 [% saturation]
# name 9 = sbeox0ML/L: Oxygen, SBE 43 [ml/l]
# name 10 = timeJ: Julian Days
# name 11 = flag:  0.000e+00
# span 0 =      0.078,    249.224                 
# span 1 =     2.4363,     6.8223                 
# span 2 =    24.8044,    34.8643                 
# span 3 =    19.7893,    27.4225                 
# span 4 = 1.5873e-01, 1.0867e+00                 
# span 5 =     0.1273,     0.1298                 
# span 6 =      0.011,      0.018                 
# span 7 =    1446.76,    1479.97                 
# span 8 =     68.816,     74.625                 
# span 9 =     4.7242,     5.8453                 
# span 10 =  44.535764,  44.539543                
# span 11 = 0.0000e+00, 0.0000e+00                
# interval = seconds: 0.0416667
# start_time = Feb 13 2019 12:51:30 [System UpLoad Time]
# bad_flag = -9.990e-29
*END*
[from data line 3730]
    115.436     5.7818    34.6332    27.2904 2.1978e-01     0.1273      0.018    1475.32     71.939     5.0077  44.537563  0.000e+00
    115.510     5.7785    34.6329    27.2905 2.1978e-01     0.1285      0.015    1475.31     71.944     5.0084  44.537563  0.000e+00
    115.546     5.7757    34.6317    27.2899 2.1978e-01     0.1285      0.015    1475.30     71.947     5.0090  44.537564  0.000e+00
    115.573     5.7704    34.6242    27.2847 2.1978e-01     0.1285      0.015    1475.27     71.951     5.0102  44.537564  0.000e+00
    115.644     5.7538    34.6166    27.2807 2.1978e-01     0.1285      0.018    1475.19     71.957     5.0128  44.537565  0.000e+00
    115.668     5.7342    34.6138    27.2809 2.1978e-01     0.1298      0.015    1475.11     71.963     5.0156  44.537565  0.000e+00
    115.730     5.7167    34.6167    27.2854 2.1978e-01     0.1285      0.015    1475.05     71.969     5.0180  44.537566  0.000e+00
    115.802     5.7033    34.6146    27.2854 2.1978e-01     0.1285      0.018    1474.99     72.038     5.0244  44.537566  0.000e+00
    115.802     5.6868    34.6121    27.2855 2.1978e-01     0.1285      0.015    1474.92     72.051     5.0274  44.537567  0.000e+00
    115.877     5.6719    34.6119    27.2871 2.1978e-01     0.1285      0.015    1474.86     72.001     5.0257  44.537567  0.000e+00
    115.923     5.6566    34.6110    27.2884 2.1978e-01     0.1285      0.015    1474.80     71.997     5.0272  44.537568  0.000e+00
    115.935     5.6418    34.6050    27.2854 2.3199e-01     0.1285      0.018    1474.74     72.001     5.0295  44.537568  0.000e+00
    116.023     5.6175    34.5895    27.2762 2.1978e-01     0.1285      0.018    1474.62     72.008     5.0333  44.537568  0.000e+00
    116.044     5.5787    34.5642    27.2609 2.1978e-01     0.1285      0.015    1474.43     72.070     5.0431  44.537569  0.000e+00
    116.105     5.5166    34.5485    27.2561 2.3199e-01     0.1285      0.015    1474.17     72.025     5.0478  44.537569  0.000e+00
    116.132     5.4531    34.5537    27.2678 2.3199e-01     0.1285      0.015    1473.92     72.036     5.0560  44.537570  0.000e+00
    116.214     5.4064    34.5633    27.2811 2.3199e-01     0.1285      0.018    1473.74     72.044     5.0618  44.537570  0.000e+00
    116.227     5.3713    34.5717    27.2919 2.3199e-01     0.1285      0.015    1473.61     72.051     5.0662  44.537571  0.000e+00
    116.314     5.3437    34.5780    27.3003 2.3199e-01     0.1285      0.015    1473.51     72.120     5.0742  44.537571  0.000e+00
    116.348     5.3235    34.5856    27.3087 2.3199e-01     0.1285      0.018    1473.44     72.133     5.0772  44.537572  0.000e+00
    116.387     5.3123    34.5932    27.3161 2.1978e-01     0.1285      0.015    1473.40     72.135     5.0785  44.537572  0.000e+00
    116.433     5.3073    34.5967    27.3194 2.3199e-01     0.1285      0.018    1473.39     72.145     5.0796  44.537573  0.000e+00
    116.507     5.3042    34.5980    27.3208 2.3199e-01     0.1285      0.018    1473.38     72.145     5.0800  44.537573  0.000e+00
    116.533     5.3030    34.5980    27.3210 2.3199e-01     0.1285      0.015    1473.38     72.089     5.0762  44.537574  0.000e+00
    116.591     5.3011    34.5974    27.3207 2.3199e-01     0.1285      0.015    1473.37     72.144     5.0803  44.537574  0.000e+00
    116.606     5.3001    34.6020    27.3245 2.3199e-01     0.1285      0.015    1473.37     72.142     5.0801  44.537575  0.000e+00
    116.665     5.3069    34.6104    27.3303 2.4420e-01     0.1285      0.018    1473.41     72.139     5.0788  44.537575  0.000e+00
    116.712     5.3183    34.6090    27.3279 2.4420e-01     0.1285      0.015    1473.45     72.143     5.0778  44.537576  0.000e+00
    116.752     5.3213    34.6038    27.3234 2.3199e-01     0.1285      0.015    1473.46     72.148     5.0779  44.537576  0.000e+00
    116.786     5.3215    34.6032    27.3228 2.4420e-01     0.1298      0.018    1473.46     72.153     5.0783  44.537577  0.000e+00
    116.837     5.3236    34.6045    27.3237 2.3199e-01     0.1273      0.015    1473.47     72.157     5.0783  44.537577  0.000e+00
    116.884     5.3247    34.5993    27.3194 2.4420e-01     0.1285      0.015    1473.47     72.161     5.0786  44.537578  0.000e+00
    116.909     5.3181    34.5935    27.3156 2.3199e-01     0.1298      0.015    1473.44     72.094     5.0748  44.537578  0.000e+00
    116.956     5.3102    34.5921    27.3154 2.4420e-01     0.1285      0.015    1473.40     72.145     5.0794  44.537579  0.000e+00
    116.993     5.3041    34.5924    27.3164 2.4420e-01     0.1285      0.018    1473.38     72.148     5.0804  44.537579  0.000e+00
    117.018     5.2998    34.5947    27.3187 2.4420e-01     0.1285      0.015    1473.37     72.151     5.0811  44.537580  0.000e+00
    117.065     5.2995    34.6006    27.3234 2.4420e-01     0.1285      0.018    1473.37     72.090     5.0766  44.537580  0.000e+00
    117.103     5.3042    34.6039    27.3255 2.4420e-01     0.1285      0.018    1473.40     72.147     5.0799  44.537581  0.000e+00
    117.126     5.3095    34.6040    27.3249 2.4420e-01     0.1285      0.018    1473.42     72.084     5.0748  44.537581  0.000e+00
    117.177     5.3142    34.6047    27.3249 2.4420e-01     0.1285      0.015    1473.44     72.077     5.0737  44.537582  0.000e+00
    117.199     5.3195    34.6051    27.3246 2.4420e-01     0.1285      0.015    1473.46     72.069     5.0725  44.537582  0.000e+00
    117.226     5.3246    34.6055    27.3243 2.4420e-01     0.1285      0.015    1473.48     72.062     5.0714  44.537582  0.000e+00
    117.248     5.3293    34.6042    27.3227 2.3199e-01     0.1298      0.015    1473.50     72.045     5.0697  44.537583  0.000e+00
    117.286     5.3327    34.6040    27.3222 2.4420e-01     0.1285      0.018    1473.52     72.038     5.0688  44.537583  0.000e+00
    117.309     5.3356    34.6018    27.3200 2.4420e-01     0.1285      0.015    1473.52     71.967     5.0635  44.537584  0.000e+00
    117.360     5.3361    34.6008    27.3192 2.5641e-01     0.1285      0.015    1473.53     72.015     5.0669  44.537584  0.000e+00
    117.382     5.3361    34.6032    27.3211 2.5641e-01     0.1285      0.018    1473.53     72.009     5.0664  44.537585  0.000e+00
    117.405     5.3393    34.6069    27.3236 2.5641e-01     0.1285      0.015    1473.55     72.001     5.0654  44.537585  0.000e+00
    117.445     5.3450    34.6085    27.3242 2.6862e-01     0.1285      0.015    1473.57     72.003     5.0647  44.537586  0.000e+00
    117.467     5.3506    34.6118    27.3262 2.5641e-01     0.1285      0.018    1473.60     71.932     5.0589  44.537586  0.000e+00
    117.492     5.3574    34.6138    27.3269 2.5641e-01     0.1285      0.018    1473.63     71.980     5.0615  44.537587  0.000e+00
    117.515     5.3634    34.6138    27.3262 2.5641e-01     0.1285      0.018    1473.66     71.910     5.0558  44.537587  0.000e+00
    117.554     5.3688    34.6121    27.3242 2.4420e-01     0.1285      0.015    1473.68     71.895     5.0542  44.537588  0.000e+00
    117.577     5.3732    34.6060    27.3189 2.5641e-01     0.1285      0.018    1473.69     71.881     5.0528  44.537588  0.000e+00
    117.590     5.3716    34.5979    27.3126 2.5641e-01     0.1285      0.018    1473.67     71.867     5.0524  44.537589  0.000e+00
    117.624     5.3651    34.5985    27.3139 2.5641e-01     0.1285      0.015    1473.64     71.855     5.0523  44.537589  0.000e+00
    117.662     5.3628    34.6035    27.3181 2.5641e-01     0.1298      0.015    1473.64     71.788     5.0477  44.537590  0.000e+00
    117.673     5.3653    34.6077    27.3212 2.5641e-01     0.1285      0.015    1473.66     71.840     5.0509  44.537590  0.000e+00
    117.700     5.3698    34.6104    27.3228 2.8083e-01     0.1285      0.018    1473.68     71.828     5.0494  44.537591  0.000e+00
    117.709     5.3742    34.6102    27.3221 2.8083e-01     0.1298      0.018    1473.70     71.753     5.0436  44.537591  0.000e+00
    117.760     5.3775    34.6093    27.3210 2.6862e-01     0.1285      0.015    1473.71     71.735     5.0420  44.537592  0.000e+00
    117.771     5.3803    34.6084    27.3199 2.6862e-01     0.1285      0.018    1473.72     71.717     5.0404  44.537592  0.000e+00
    117.796     5.3824    34.6085    27.3197 2.6862e-01     0.1285      0.018    1473.73     71.645     5.0351  44.537593  0.000e+00
    117.820     5.3838    34.6082    27.3193 2.6862e-01     0.1285      0.015    1473.74     71.621     5.0332  44.537593  0.000e+00
    117.843     5.3854    34.6073    27.3185 2.6862e-01     0.1285      0.015    1473.74     71.534     5.0270  44.537594  0.000e+00
    117.869     5.3863    34.6071    27.3182 2.6862e-01     0.1285      0.015    1473.75     71.568     5.0293  44.537594  0.000e+00
    117.892     5.3869    34.6069    27.3180 2.9304e-01     0.1298      0.015    1473.75     71.484     5.0233  44.537595  0.000e+00
    117.919     5.3874    34.6073    27.3182 3.2967e-01     0.1285      0.015    1473.75     71.465     5.0219  44.537595  0.000e+00
    117.941     5.3876    34.6076    27.3184 4.0293e-01     0.1285      0.015    1473.75     71.448     5.0207  44.537595  0.000e+00
    117.954     5.3886    34.6078    27.3184 4.6398e-01     0.1285      0.018    1473.76     71.433     5.0195  44.537596  0.000e+00
    117.977     5.3889    34.6080    27.3186 4.3956e-01     0.1285      0.015    1473.76     71.356     5.0140  44.537596  0.000e+00
    118.003     5.3892    34.6062    27.3171 3.7851e-01     0.1285      0.015    1473.76     71.336     5.0127  44.537597  0.000e+00
    118.038     5.3871    34.6033    27.3151 3.1746e-01     0.1285      0.015    1473.75     71.310     5.0112  44.537597  0.000e+00
    118.051     5.3833    34.6007    27.3135 3.0525e-01     0.1285      0.015    1473.73     71.295     5.0106  44.537598  0.000e+00
    118.062     5.3791    34.6013    27.3145 2.8083e-01     0.1285      0.018    1473.71     71.218     5.0057  44.537598  0.000e+00
    118.124     5.3781    34.6038    27.3166 2.6862e-01     0.1285      0.015    1473.71     71.198     5.0044  44.537599  0.000e+00
    118.124     5.3786    34.6050    27.3174 2.5641e-01     0.1285      0.018    1473.72     71.181     5.0030  44.537599  0.000e+00
    118.136     5.3789    34.6041    27.3167 2.4420e-01     0.1285      0.018    1473.72     71.166     5.0020  44.537600  0.000e+00
    118.173     5.3784    34.6042    27.3168 2.4420e-01     0.1298      0.015    1473.71     71.090     4.9967  44.537600  0.000e+00
    118.196     5.3779    34.6035    27.3163 2.4420e-01     0.1285      0.018    1473.71     71.072     4.9955  44.537601  0.000e+00
    118.209     5.3769    34.6031    27.3161 2.4420e-01     0.1285      0.015    1473.71     71.057     4.9946  44.537601  0.000e+00
    118.245     5.3759    34.6043    27.3172 2.4420e-01     0.1298      0.018    1473.71     71.036     4.9932  44.537602  0.000e+00
    118.245     5.3765    34.6065    27.3189 2.4420e-01     0.1285      0.015    1473.71     70.962     4.9879  44.537602  0.000e+00
    118.306     5.3800    34.6087    27.3202 2.3199e-01     0.1273      0.015    1473.73     70.947     4.9863  44.537603  0.000e+00
    118.317     5.3832    34.6074    27.3188 2.4420e-01     0.1285      0.018    1473.74     70.935     4.9851  44.537603  0.000e+00
    118.343     5.3840    34.6064    27.3179 2.4420e-01     0.1285      0.018    1473.74     70.917     4.9838  44.537604  0.000e+00
    118.355     5.3856    34.6076    27.3187 2.4420e-01     0.1285      0.015    1473.75     70.911     4.9831  44.537604  0.000e+00
    118.392     5.3873    34.6065    27.3176 2.4420e-01     0.1285      0.018    1473.76     70.899     4.9822  44.537605  0.000e+00
    118.415     5.3881    34.6082    27.3188 2.3199e-01     0.1285      0.018    1473.76     70.890     4.9814  44.537605  0.000e+00
    118.440     5.3904    34.6087    27.3189 2.3199e-01     0.1285      0.015    1473.77     70.884     4.9806  44.537606  0.000e+00
    118.477     5.3920    34.6082    27.3184 2.3199e-01     0.1285      0.018    1473.78     70.880     4.9802  44.537606  0.000e+00
    118.489     5.3941    34.6071    27.3173 2.3199e-01     0.1285      0.018    1473.79     70.880     4.9800  44.537607  0.000e+00
    118.525     5.3952    34.6060    27.3162 2.3199e-01     0.1285      0.018    1473.79     70.818     4.9756  44.537607  0.000e+00
    118.549     5.3947    34.6066    27.3168 2.3199e-01     0.1285      0.015    1473.79     70.807     4.9748  44.537608  0.000e+00
    118.587     5.3961    34.6091    27.3186 2.3199e-01     0.1285      0.018    1473.80     70.870     4.9790  44.537608  0.000e+00
    118.598     5.3988    34.6097    27.3188 2.3199e-01     0.1285      0.015    1473.81     70.881     4.9794  44.537609  0.000e+00
    118.634     5.3998    34.6090    27.3180 2.3199e-01     0.1285      0.015    1473.81     70.895     4.9803  44.537609  0.000e+00
    118.659     5.4017    34.6123    27.3204 2.3199e-01     0.1285      0.015    1473.83     70.911     4.9811  44.537609  0.000e+00
    118.708     5.4077    34.6148    27.3217 2.3199e-01     0.1285      0.015    1473.85     70.921     4.9811  44.537610  0.000e+00
    118.719     5.4131    34.6159    27.3219 2.6862e-01     0.1285      0.018    1473.88     70.943     4.9819  44.537610  0.000e+00
    118.757     5.4194    34.6179    27.3227 2.9304e-01     0.1298      0.015    1473.91     70.958     4.9821  44.537611  0.000e+00
    118.793     5.4249    34.6180    27.3222 2.8083e-01     0.1285      0.015    1473.93     70.976     4.9828  44.537611  0.000e+00
    118.842     5.4293    34.6167    27.3206 2.6862e-01     0.1285      0.018    1473.95     70.996     4.9837  44.537612  0.000e+00
    118.866     5.4321    34.6143    27.3184 2.5641e-01     0.1285      0.018    1473.95     71.019     4.9851  44.537612  0.000e+00
    118.902     5.4328    34.6119    27.3164 2.4420e-01     0.1285      0.018    1473.96     71.045     4.9869  44.537613  0.000e+00
    118.938     5.4313    34.6098    27.3149 2.6862e-01     0.1298      0.015    1473.95     71.065     4.9885  44.537613  0.000e+00
    118.974     5.4298    34.6124    27.3171 2.8083e-01     0.1285      0.015    1473.95     71.095     4.9907  44.537614  0.000e+00
    119.012     5.4323    34.6147    27.3186 2.6862e-01     0.1285      0.015    1473.96     71.128     4.9927  44.537614  0.000e+00
    119.036     5.4351    34.6160    27.3194 2.5641e-01     0.1285      0.015    1473.97     71.154     4.9941  44.537615  0.000e+00
    119.072     5.4380    34.6190    27.3214 2.4420e-01     0.1285      0.015    1473.99     71.182     4.9956  44.537615  0.000e+00
    119.108     5.4438    34.6220    27.3231 2.4420e-01     0.1285      0.015    1474.02     71.276     5.0014  44.537616  0.000e+00
    119.146     5.4507    34.6224    27.3225 2.4420e-01     0.1285      0.015    1474.04     71.307     5.0028  44.537616  0.000e+00
    119.206     5.4562    34.6219    27.3214 2.3199e-01     0.1273      0.015    1474.07     71.340     5.0045  44.537617  0.000e+00
    119.242     5.4610    34.6208    27.3200 2.3199e-01     0.1285      0.015    1474.09     71.365     5.0057  44.537617  0.000e+00
    119.303     5.4640    34.6188    27.3180 2.3199e-01     0.1285      0.018    1474.10     71.401     5.0080  44.537618  0.000e+00
    119.316     5.4651    34.6177    27.3170 2.3199e-01     0.1285      0.018    1474.10     71.429     5.0098  44.537618  0.000e+00
    119.363     5.4651    34.6158    27.3155 2.3199e-01     0.1285      0.015    1474.10     71.459     5.0120  44.537619  0.000e+00
    119.412     5.4634    34.6165    27.3163 2.3199e-01     0.1285      0.018    1474.09     71.553     5.0188  44.537619  0.000e+00
    119.437     5.4638    34.6188    27.3180 2.3199e-01     0.1285      0.018    1474.10     71.593     5.0214  44.537620  0.000e+00
