VT65_20190214_down.cnv
* Sea-Bird SBE 9 Data File:
* FileName = C:\CTD Brukere\NIVA\OKOKYST2019\20190211\VT65_20190214.hex
* Software Version Seasave V 7.23.2
* Temperature SN = 5352
* Conductivity SN = 3840
* Number of Bytes Per Scan = 28
* Number of Voltage Words = 4
* Number of Scans Averaged by the Deck Unit = 1
* NMEA baud rate = 4800
** Ship: R/V Trygve Braarud
** Cruise:
** Station:
** Operator:
# nquan = 12
# nvalues = 16445                                 
# units = specified
# name 0 = depSM: Depth [salt water, m], lat = 59.60
# name 1 = t090C: Temperature [ITS-90, deg C]
# name 2 = sal00: Salinity, Practical [PSU]
# name 3 = sigma-t00: Density [sigma-t, kg/m^3 ]
# name 4 = flSP: Fluorescence, Seapoint
# name 5 = wetStar: Fluorescence, WET Labs WETstar [mg/m^3]
# name 6 = seaTurbMtr: Turbidity, Seapoint [FTU]
# name 7 = svCM: Sound Velocity [Chen-Millero, m/s]
# name 8 = sbeox0PS: Oxygen, SBE 43 [% saturation]
# name 9 = sbeox0ML/L: Oxygen, SBE 43 [ml/l]
# name 10 = timeJ: Julian Days
# name 11 = flag:  0.000e+00
# span 0 =      0.247,    347.530                 
# span 1 =     2.0723,     7.2636                 
# span 2 =    28.5116,    34.9129                 
# span 3 =    22.7721,    27.3615                 
# span 4 = 1.3431e-01, 4.7619e-01                 
# span 5 =     0.1261,     0.1298                 
# span 6 =      0.007,      0.018                 
# span 7 =    1449.96,    1484.00                 
# span 8 =     54.570,     74.547                 
# span 9 =     3.6930,     5.9106                 
# span 10 =  45.440463,  45.448393                
# span 11 = 0.0000e+00, 0.0000e+00                
# interval = seconds: 0.0416667
# start_time = Feb 14 2019 10:34:16 [System UpLoad Time]
# bad_flag = -9.990e-29
*END*
[from data line 2407]
     48.974     7.2380    34.2197    26.7710 1.7094e-01     0.1285      0.015    1479.41     68.841     4.6461  45.441624  0.000e+00
     48.977     7.2379    34.2199    26.7712 1.7094e-01     0.1285      0.015    1479.41     68.840     4.6460  45.441624  0.000e+00
     49.013     7.2379    34.2200    26.7713 1.7094e-01     0.1285      0.018    1479.41     68.837     4.6458  45.441625  0.000e+00
     49.010     7.2380    34.2200    26.7712 1.5873e-01     0.1285      0.018    1479.41     68.834     4.6456  45.441625  0.000e+00
     49.024     7.2385    34.2196    26.7709 1.5873e-01     0.1285      0.015    1479.41     68.838     4.6458  45.441626  0.000e+00
     49.024     7.2379    34.2192    26.7707 1.5873e-01     0.1285      0.015    1479.41     68.842     4.6462  45.441626  0.000e+00
     49.047     7.2374    34.2191    26.7707 1.5873e-01     0.1285      0.015    1479.41     68.846     4.6465  45.441627  0.000e+00
     49.060     7.2366    34.2176    26.7695 1.7094e-01     0.1285      0.015    1479.41     68.841     4.6463  45.441627  0.000e+00
     49.060     7.2350    34.2131    26.7663 1.5873e-01     0.1285      0.015    1479.39     68.836     4.6463  45.441628  0.000e+00
     49.094     7.2307    34.2103    26.7647 1.7094e-01     0.1285      0.015    1479.37     68.839     4.6470  45.441628  0.000e+00
     49.097     7.2267    34.2090    26.7642 1.5873e-01     0.1298      0.015    1479.36     68.841     4.6476  45.441629  0.000e+00
     49.094     7.2224    34.2085    26.7644 1.5873e-01     0.1298      0.015    1479.34     68.842     4.6482  45.441629  0.000e+00
     49.120     7.2181    34.2100    26.7662 1.5873e-01     0.1285      0.015    1479.33     68.844     4.6487  45.441630  0.000e+00
     49.144     7.2149    34.2134    26.7693 1.7094e-01     0.1285      0.015    1479.32     68.845     4.6490  45.441630  0.000e+00
     49.154     7.2130    34.2174    26.7727 1.7094e-01     0.1285      0.015    1479.32     68.846     4.6491  45.441630  0.000e+00
     49.169     7.2122    34.2198    26.7747 1.7094e-01     0.1298      0.015    1479.32     68.846     4.6491  45.441631  0.000e+00
     49.193     7.2117    34.2204    26.7752 1.7094e-01     0.1285      0.015    1479.31     68.846     4.6492  45.441631  0.000e+00
     49.190     7.2117    34.2205    26.7753 1.7094e-01     0.1298      0.015    1479.31     68.907     4.6533  45.441632  0.000e+00
     49.229     7.2123    34.2205    26.7752 1.5873e-01     0.1285      0.015    1479.32     68.914     4.6537  45.441632  0.000e+00
     49.229     7.2128    34.2202    26.7749 1.5873e-01     0.1285      0.018    1479.32     68.919     4.6540  45.441633  0.000e+00
     49.253     7.2138    34.2186    26.7735 1.5873e-01     0.1285      0.018    1479.32     68.925     4.6543  45.441633  0.000e+00
     49.274     7.2134    34.2183    26.7733 1.5873e-01     0.1285      0.018    1479.32     68.929     4.6547  45.441634  0.000e+00
     49.289     7.2127    34.2170    26.7724 1.5873e-01     0.1298      0.015    1479.32     68.933     4.6550  45.441634  0.000e+00
     49.300     7.2116    34.2160    26.7718 1.5873e-01     0.1285      0.018    1479.31     68.936     4.6554  45.441635  0.000e+00
     49.323     7.2103    34.2109    26.7680 1.5873e-01     0.1285      0.015    1479.30     68.939     4.6559  45.441635  0.000e+00
     49.349     7.2065    34.1962    26.7569 1.5873e-01     0.1285      0.015    1479.27     68.942     4.6569  45.441636  0.000e+00
     49.374     7.1964    34.1913    26.7545 1.7094e-01     0.1285      0.018    1479.22     68.944     4.6583  45.441636  0.000e+00
     49.395     7.1894    34.1970    26.7600 1.8315e-01     0.1285      0.018    1479.20     69.008     4.6632  45.441637  0.000e+00
     49.421     7.1849    34.2008    26.7636 1.8315e-01     0.1285      0.015    1479.19     68.961     4.6604  45.441637  0.000e+00
     49.445     7.1778    34.2031    26.7663 1.7094e-01     0.1285      0.015    1479.17     68.962     4.6611  45.441638  0.000e+00
     49.468     7.1707    34.2046    26.7685 1.7094e-01     0.1285      0.015    1479.14     68.961     4.6618  45.441638  0.000e+00
     49.505     7.1629    34.2067    26.7713 1.7094e-01     0.1285      0.018    1479.11     69.022     4.6667  45.441639  0.000e+00
     49.518     7.1571    34.2102    26.7749 1.5873e-01     0.1285      0.018    1479.10     69.028     4.6676  45.441639  0.000e+00
     49.528     7.1551    34.2133    26.7776 1.5873e-01     0.1285      0.018    1479.09     69.032     4.6680  45.441640  0.000e+00
     49.565     7.1543    34.2150    26.7790 1.5873e-01     0.1285      0.015    1479.09     69.035     4.6682  45.441640  0.000e+00
     49.601     7.1537    34.2156    26.7796 1.5873e-01     0.1298      0.015    1479.09     68.975     4.6642  45.441641  0.000e+00
     49.625     7.1534    34.2156    26.7796 1.5873e-01     0.1285      0.015    1479.09     68.969     4.6638  45.441641  0.000e+00
     49.648     7.1532    34.2164    26.7803 1.5873e-01     0.1285      0.018    1479.09     69.025     4.6676  45.441642  0.000e+00
     49.686     7.1534    34.2169    26.7806 1.5873e-01     0.1285      0.015    1479.09     69.033     4.6681  45.441642  0.000e+00
     49.710     7.1536    34.2165    26.7803 1.5873e-01     0.1285      0.015    1479.09     69.032     4.6680  45.441643  0.000e+00
     49.733     7.1532    34.2162    26.7801 1.5873e-01     0.1285      0.015    1479.09     69.030     4.6680  45.441643  0.000e+00
     49.781     7.1529    34.2171    26.7808 1.7094e-01     0.1298      0.015    1479.09     69.036     4.6683  45.441644  0.000e+00
     49.794     7.1534    34.2173    26.7810 1.7094e-01     0.1298      0.015    1479.10     69.040     4.6686  45.441644  0.000e+00
     49.830     7.1534    34.2177    26.7813 1.7094e-01     0.1285      0.015    1479.10     69.036     4.6683  45.441644  0.000e+00
     49.864     7.1539    34.2178    26.7813 1.7094e-01     0.1285      0.015    1479.10     68.977     4.6643  45.441645  0.000e+00
     49.902     7.1542    34.2178    26.7812 1.5873e-01     0.1298      0.015    1479.10     69.035     4.6681  45.441645  0.000e+00
     49.915     7.1542    34.2182    26.7815 1.5873e-01     0.1285      0.015    1479.10     69.037     4.6682  45.441646  0.000e+00
     49.975     7.1543    34.2185    26.7818 1.5873e-01     0.1298      0.015    1479.10     69.039     4.6683  45.441646  0.000e+00
     49.985     7.1545    34.2189    26.7821 1.5873e-01     0.1298      0.015    1479.11     69.039     4.6684  45.441647  0.000e+00
     50.022     7.1550    34.2193    26.7823 1.5873e-01     0.1285      0.018    1479.11     68.977     4.6641  45.441647  0.000e+00
     50.059     7.1553    34.2205    26.7832 1.5873e-01     0.1298      0.015    1479.11     69.032     4.6677  45.441648  0.000e+00
     50.095     7.1559    34.2211    26.7836 1.5873e-01     0.1285      0.015    1479.12     69.031     4.6676  45.441648  0.000e+00
     50.118     7.1562    34.2212    26.7837 1.5873e-01     0.1298      0.015    1479.12     69.030     4.6675  45.441649  0.000e+00
     50.155     7.1562    34.2211    26.7835 1.7094e-01     0.1298      0.015    1479.12     69.028     4.6673  45.441649  0.000e+00
     50.191     7.1563    34.2214    26.7838 1.7094e-01     0.1298      0.018    1479.12     69.026     4.6672  45.441650  0.000e+00
     50.215     7.1568    34.2234    26.7853 1.7094e-01     0.1285      0.015    1479.12     69.022     4.6668  45.441650  0.000e+00
     50.262     7.1588    34.2245    26.7859 1.7094e-01     0.1285      0.015    1479.13     69.018     4.6663  45.441651  0.000e+00
     50.276     7.1615    34.2253    26.7861 1.7094e-01     0.1285      0.015    1479.14     69.014     4.6657  45.441651  0.000e+00
     50.323     7.1640    34.2265    26.7867 1.7094e-01     0.1298      0.015    1479.16     69.008     4.6650  45.441652  0.000e+00
     50.360     7.1671    34.2272    26.7869 1.5873e-01     0.1285      0.018    1479.17     69.003     4.6643  45.441652  0.000e+00
     50.383     7.1699    34.2270    26.7863 1.5873e-01     0.1285      0.018    1479.18     68.996     4.6635  45.441653  0.000e+00
     50.430     7.1720    34.2282    26.7869 1.7094e-01     0.1285      0.015    1479.19     68.989     4.6628  45.441653  0.000e+00
     50.456     7.1749    34.2290    26.7872 1.5873e-01     0.1298      0.015    1479.20     68.981     4.6619  45.441654  0.000e+00
     50.492     7.1784    34.2289    26.7866 1.5873e-01     0.1285      0.015    1479.22     68.973     4.6610  45.441654  0.000e+00
     50.540     7.1800    34.2283    26.7859 1.5873e-01     0.1285      0.015    1479.22     68.964     4.6602  45.441655  0.000e+00
     50.552     7.1808    34.2268    26.7846 1.5873e-01     0.1285      0.015    1479.23     68.954     4.6596  45.441655  0.000e+00
     50.599     7.1798    34.2259    26.7840 1.5873e-01     0.1285      0.018    1479.22     68.952     4.6595  45.441656  0.000e+00
     50.636     7.1781    34.2248    26.7834 1.7094e-01     0.1298      0.015    1479.21     68.950     4.6596  45.441656  0.000e+00
     50.672     7.1758    34.2238    26.7830 1.7094e-01     0.1298      0.015    1479.21     68.947     4.6597  45.441657  0.000e+00
     50.696     7.1727    34.2237    26.7833 1.5873e-01     0.1298      0.015    1479.19     68.944     4.6598  45.441657  0.000e+00
     50.744     7.1701    34.2240    26.7839 1.7094e-01     0.1298      0.015    1479.18     68.941     4.6599  45.441658  0.000e+00
     50.768     7.1678    34.2243    26.7845 1.5873e-01     0.1285      0.015    1479.18     68.937     4.6599  45.441658  0.000e+00
     50.815     7.1664    34.2244    26.7848 1.5873e-01     0.1298      0.015    1479.17     68.934     4.6598  45.441658  0.000e+00
     50.841     7.1649    34.2252    26.7856 1.5873e-01     0.1285      0.015    1479.17     68.929     4.6596  45.441659  0.000e+00
     50.877     7.1639    34.2252    26.7857 1.5873e-01     0.1298      0.015    1479.16     68.925     4.6594  45.441659  0.000e+00
     50.913     7.1629    34.2248    26.7856 1.5873e-01     0.1285      0.015    1479.16     68.920     4.6592  45.441660  0.000e+00
     50.948     7.1618    34.2249    26.7857 1.5873e-01     0.1285      0.015    1479.16     68.922     4.6595  45.441660  0.000e+00
     50.973     7.1613    34.2268    26.7873 1.5873e-01     0.1298      0.015    1479.16     68.917     4.6591  45.441661  0.000e+00
     51.020     7.1640    34.2325    26.7914 1.5873e-01     0.1285      0.015    1479.18     68.911     4.6583  45.441661  0.000e+00
     51.044     7.1703    34.2352    26.7927 1.5873e-01     0.1285      0.015    1479.20     68.905     4.6571  45.441662  0.000e+00
     51.069     7.1761    34.2367    26.7931 1.5873e-01     0.1285      0.015    1479.23     68.906     4.6565  45.441662  0.000e+00
     51.104     7.1824    34.2376    26.7929 1.5873e-01     0.1298      0.015    1479.25     68.907     4.6558  45.441663  0.000e+00
     51.153     7.1888    34.2398    26.7938 1.5873e-01     0.1285      0.015    1479.28     68.908     4.6552  45.441663  0.000e+00
     51.177     7.1962    34.2462    26.7977 1.7094e-01     0.1285      0.015    1479.32     68.908     4.6542  45.441664  0.000e+00
     51.213     7.2074    34.2530    26.8015 1.5873e-01     0.1298      0.015    1479.37     68.901     4.6523  45.441664  0.000e+00
     51.249     7.2189    34.2569    26.8030 1.5873e-01     0.1285      0.015    1479.42     68.956     4.6547  45.441665  0.000e+00
     51.273     7.2282    34.2582    26.8027 1.5873e-01     0.1298      0.015    1479.46     68.901     4.6500  45.441665  0.000e+00
     51.309     7.2349    34.2577    26.8014 1.5873e-01     0.1285      0.015    1479.49     68.901     4.6493  45.441666  0.000e+00
     51.345     7.2392    34.2578    26.8008 1.5873e-01     0.1285      0.015    1479.50     68.901     4.6488  45.441666  0.000e+00
     51.382     7.2428    34.2580    26.8005 1.7094e-01     0.1298      0.015    1479.52     68.901     4.6485  45.441667  0.000e+00
     51.405     7.2451    34.2587    26.8008 1.7094e-01     0.1285      0.015    1479.53     68.902     4.6482  45.441667  0.000e+00
     51.429     7.2468    34.2593    26.8009 1.7094e-01     0.1298      0.015    1479.54     68.902     4.6480  45.441668  0.000e+00
     51.465     7.2476    34.2597    26.8012 1.7094e-01     0.1285      0.015    1479.54     68.903     4.6480  45.441668  0.000e+00
     51.514     7.2478    34.2595    26.8010 1.7094e-01     0.1298      0.015    1479.54     68.896     4.6475  45.441669  0.000e+00
     51.538     7.2464    34.2582    26.8002 1.5873e-01     0.1285      0.015    1479.53     68.896     4.6477  45.441669  0.000e+00
     51.574     7.2433    34.2575    26.8001 1.5873e-01     0.1285      0.015    1479.52     68.897     4.6481  45.441670  0.000e+00
     51.598     7.2394    34.2575    26.8006 1.5873e-01     0.1285      0.015    1479.51     68.897     4.6485  45.441670  0.000e+00
     51.623     7.2354    34.2583    26.8018 1.5873e-01     0.1298      0.015    1479.49     68.898     4.6490  45.441671  0.000e+00
     51.659     7.2314    34.2589    26.8028 1.5873e-01     0.1298      0.015    1479.48     68.891     4.6489  45.441671  0.000e+00
     51.694     7.2282    34.2602    26.8043 1.5873e-01     0.1298      0.015    1479.47     68.891     4.6492  45.441671  0.000e+00
     51.719     7.2259    34.2616    26.8057 1.5873e-01     0.1285      0.015    1479.46     68.953     4.6536  45.441672  0.000e+00
     51.754     7.2242    34.2632    26.8072 1.5873e-01     0.1285      0.015    1479.46     68.898     4.6501  45.441672  0.000e+00
     51.766     7.2229    34.2654    26.8091 1.7094e-01     0.1285      0.015    1479.46     68.898     4.6501  45.441673  0.000e+00
     51.815     7.2226    34.2684    26.8116 1.7094e-01     0.1285      0.015    1479.46     68.898     4.6500  45.441673  0.000e+00
     51.826     7.2227    34.2719    26.8143 1.7094e-01     0.1285      0.015    1479.47     68.897     4.6499  45.441674  0.000e+00
     51.863     7.2240    34.2728    26.8148 1.7094e-01     0.1285      0.018    1479.47     68.897     4.6497  45.441674  0.000e+00
     51.886     7.2248    34.2743    26.8159 1.8315e-01     0.1285      0.018    1479.48     68.958     4.6537  45.441675  0.000e+00
     51.911     7.2259    34.2750    26.8162 1.8315e-01     0.1285      0.015    1479.48     68.903     4.6498  45.441675  0.000e+00
     51.935     7.2266    34.2753    26.8164 1.7094e-01     0.1285      0.015    1479.49     68.964     4.6539  45.441676  0.000e+00
     51.959     7.2274    34.2757    26.8166 1.7094e-01     0.1285      0.015    1479.49     68.971     4.6542  45.441676  0.000e+00
     51.984     7.2278    34.2766    26.8173 1.7094e-01     0.1298      0.015    1479.49     68.977     4.6546  45.441677  0.000e+00
     51.995     7.2283    34.2759    26.8166 1.7094e-01     0.1285      0.018    1479.49     68.982     4.6549  45.441677  0.000e+00
     52.044     7.2283    34.2758    26.8165 1.7094e-01     0.1298      0.018    1479.50     68.988     4.6553  45.441678  0.000e+00
     52.044     7.2280    34.2755    26.8164 1.5873e-01     0.1285      0.015    1479.49     68.993     4.6557  45.441678  0.000e+00
     52.068     7.2277    34.2757    26.8166 1.7094e-01     0.1298      0.018    1479.49     68.998     4.6561  45.441679  0.000e+00
     52.091     7.2272    34.2762    26.8170 1.7094e-01     0.1298      0.015    1479.49     69.003     4.6564  45.441679  0.000e+00
     52.115     7.2266    34.2770    26.8178 1.7094e-01     0.1285      0.015    1479.49     69.007     4.6567  45.441680  0.000e+00
     52.140     7.2263    34.2777    26.8183 1.7094e-01     0.1285      0.015    1479.49     69.011     4.6570  45.441680  0.000e+00
     52.151     7.2259    34.2783    26.8188 1.7094e-01     0.1298      0.015    1479.49     69.077     4.6615  45.441681  0.000e+00
