VT65_20190214_down.cnv
* Sea-Bird SBE 9 Data File:
* FileName = C:\CTD Brukere\NIVA\OKOKYST2019\20190211\VT65_20190214.hex
* Software Version Seasave V 7.23.2
* Temperature SN = 5352
* Conductivity SN = 3840
* Number of Bytes Per Scan = 28
* Number of Voltage Words = 4
* Number of Scans Averaged by the Deck Unit = 1
* NMEA baud rate = 4800
** Ship: R/V Trygve Braarud
** Cruise:
** Station:
** Operator:
# nquan = 12
# nvalues = 16445                                 
# units = specified
# name 0 = depSM: Depth [salt water, m], lat = 59.60
# name 1 = t090C: Temperature [ITS-90, deg C]
# name 2 = sal00: Salinity, Practical [PSU]
# name 3 = sigma-t00: Density [sigma-t, kg/m^3 ]
# name 4 = flSP: Fluorescence, Seapoint
# name 5 = wetStar: Fluorescence, WET Labs WETstar [mg/m^3]
# name 6 = seaTurbMtr: Turbidity, Seapoint [FTU]
# name 7 = svCM: Sound Velocity [Chen-Millero, m/s]
# name 8 = sbeox0PS: Oxygen, SBE 43 [% saturation]
# name 9 = sbeox0ML/L: Oxygen, SBE 43 [ml/l]
# name 10 = timeJ: Julian Days
# name 11 = flag:  0.000e+00
# span 0 =      0.247,    347.530                 
# span 1 =     2.0723,     7.2636                 
# span 2 =    28.5116,    34.9129                 
# span 3 =    22.7721,    27.3615                 
# span 4 = 1.3431e-01, 4.7619e-01                 
# span 5 =     0.1261,     0.1298                 
# span 6 =      0.007,      0.018                 
# span 7 =    1449.96,    1484.00                 
# span 8 =     54.570,     74.547                 
# span 9 =     3.6930,     5.9106                 
# span 10 =  45.440463,  45.448393                
# span 11 = 0.0000e+00, 0.0000e+00                
# interval = seconds: 0.0416667
# start_time = Feb 14 2019 10:34:16 [System UpLoad Time]
# bad_flag = -9.990e-29
*END*
[from data line 11309]
    242.453     7.1098    34.8920    27.3184 1.3431e-01     0.1285      0.015    1482.97     57.259     3.8586  45.445917  0.000e+00
    242.453     7.1096    34.8920    27.3184 1.3431e-01     0.1285      0.015    1482.97     57.265     3.8590  45.445917  0.000e+00
    242.480     7.1098    34.8923    27.3186 1.3431e-01     0.1285      0.018    1482.97     57.199     3.8546  45.445918  0.000e+00
    242.528     7.1102    34.8923    27.3185 1.3431e-01     0.1285      0.015    1482.97     57.263     3.8589  45.445918  0.000e+00
    242.564     7.1104    34.8920    27.3183 1.3431e-01     0.1285      0.018    1482.97     57.263     3.8588  45.445919  0.000e+00
    242.589     7.1104    34.8920    27.3183 1.3431e-01     0.1285      0.018    1482.97     57.263     3.8588  45.445919  0.000e+00
    242.602     7.1102    34.8924    27.3186 1.3431e-01     0.1285      0.015    1482.97     57.199     3.8546  45.445920  0.000e+00
    242.663     7.1103    34.8919    27.3183 1.3431e-01     0.1285      0.015    1482.97     57.257     3.8584  45.445920  0.000e+00
    242.688     7.1102    34.8919    27.3183 1.3431e-01     0.1273      0.015    1482.97     57.258     3.8586  45.445921  0.000e+00
    242.701     7.1101    34.8921    27.3184 1.3431e-01     0.1285      0.015    1482.97     57.196     3.8544  45.445921  0.000e+00
    242.762     7.1099    34.8920    27.3184 1.3431e-01     0.1285      0.015    1482.97     57.255     3.8584  45.445922  0.000e+00
    242.802     7.1097    34.8920    27.3184 1.3431e-01     0.1285      0.015    1482.97     57.194     3.8543  45.445922  0.000e+00
    242.825     7.1095    34.8920    27.3184 1.3431e-01     0.1285      0.015    1482.97     57.253     3.8583  45.445923  0.000e+00
    242.874     7.1093    34.8921    27.3186 1.3431e-01     0.1285      0.015    1482.97     57.257     3.8586  45.445923  0.000e+00
    242.911     7.1095    34.8916    27.3181 1.4652e-01     0.1285      0.018    1482.97     57.198     3.8545  45.445924  0.000e+00
    242.936     7.1091    34.8921    27.3186 1.3431e-01     0.1285      0.018    1482.97     57.259     3.8587  45.445924  0.000e+00
    242.974     7.1093    34.8922    27.3186 1.3431e-01     0.1273      0.015    1482.98     57.264     3.8590  45.445924  0.000e+00
    243.048     7.1093    34.8918    27.3183 1.4652e-01     0.1285      0.015    1482.98     57.270     3.8594  45.445925  0.000e+00
    243.059     7.1091    34.8923    27.3187 1.3431e-01     0.1285      0.015    1482.98     57.276     3.8598  45.445925  0.000e+00
    243.084     7.1093    34.8926    27.3189 1.3431e-01     0.1285      0.018    1482.98     57.218     3.8559  45.445926  0.000e+00
    243.158     7.1096    34.8926    27.3189 1.3431e-01     0.1285      0.015    1482.98     57.281     3.8601  45.445926  0.000e+00
    243.221     7.1095    34.8928    27.3190 1.3431e-01     0.1285      0.015    1482.98     57.288     3.8606  45.445927  0.000e+00
    243.246     7.1099    34.8924    27.3187 1.3431e-01     0.1273      0.015    1482.98     57.232     3.8568  45.445927  0.000e+00
    243.271     7.1097    34.8926    27.3188 1.3431e-01     0.1273      0.015    1482.98     57.232     3.8568  45.445928  0.000e+00
    243.320     7.1100    34.8923    27.3186 1.3431e-01     0.1285      0.018    1482.98     57.297     3.8612  45.445928  0.000e+00
    243.385     7.1099    34.8923    27.3186 1.3431e-01     0.1273      0.015    1482.98     57.307     3.8618  45.445929  0.000e+00
    243.444     7.1098    34.8921    27.3185 1.3431e-01     0.1285      0.015    1482.99     57.244     3.8576  45.445929  0.000e+00
    243.480     7.1097    34.8918    27.3182 1.3431e-01     0.1285      0.015    1482.99     57.310     3.8621  45.445930  0.000e+00
    243.494     7.1097    34.8920    27.3184 1.3431e-01     0.1285      0.015    1482.99     57.248     3.8579  45.445930  0.000e+00
    243.568     7.1091    34.8921    27.3185 1.4652e-01     0.1285      0.018    1482.98     57.251     3.8582  45.445931  0.000e+00
    243.642     7.1088    34.8917    27.3183 1.3431e-01     0.1285      0.015    1482.98     57.254     3.8584  45.445931  0.000e+00
    243.667     7.1078    34.8923    27.3189 1.3431e-01     0.1285      0.018    1482.98     57.314     3.8625  45.445932  0.000e+00
    243.703     7.1072    34.8920    27.3187 1.3431e-01     0.1285      0.015    1482.98     57.262     3.8591  45.445932  0.000e+00
    243.766     7.1066    34.8926    27.3193 1.3431e-01     0.1285      0.015    1482.98     57.323     3.8632  45.445933  0.000e+00
    243.804     7.1061    34.8926    27.3194 1.3431e-01     0.1285      0.015    1482.98     57.271     3.8598  45.445933  0.000e+00
    243.878     7.1064    34.8923    27.3191 1.3431e-01     0.1285      0.018    1482.98     57.268     3.8596  45.445934  0.000e+00
    243.928     7.1061    34.8922    27.3191 1.3431e-01     0.1285      0.015    1482.98     57.266     3.8594  45.445934  0.000e+00
    243.964     7.1059    34.8924    27.3192 1.3431e-01     0.1285      0.015    1482.98     57.263     3.8593  45.445935  0.000e+00
    244.052     7.1057    34.8925    27.3193 1.3431e-01     0.1285      0.015    1482.98     57.326     3.8635  45.445935  0.000e+00
    244.113     7.1051    34.8924    27.3194 1.3431e-01     0.1285      0.018    1482.98     57.276     3.8602  45.445936  0.000e+00
    244.063     7.1049    34.8930    27.3199 1.3431e-01     0.1285      0.015    1482.98     57.274     3.8601  45.445936  0.000e+00
    244.222     7.1048    34.8929    27.3198 1.3431e-01     0.1285      0.015    1482.98     57.274     3.8601  45.445937  0.000e+00
    244.250     7.1049    34.8928    27.3197 1.3431e-01     0.1273      0.015    1482.98     57.273     3.8600  45.445937  0.000e+00
    244.275     7.1050    34.8923    27.3193 1.3431e-01     0.1285      0.015    1482.98     57.273     3.8600  45.445937  0.000e+00
    244.361     7.1050    34.8924    27.3194 1.3431e-01     0.1285      0.018    1482.98     57.273     3.8600  45.445938  0.000e+00
    244.399     7.1047    34.8929    27.3198 1.3431e-01     0.1285      0.015    1482.98     57.273     3.8600  45.445938  0.000e+00
    244.473     7.1045    34.8930    27.3199 1.3431e-01     0.1285      0.015    1482.98     57.274     3.8601  45.445939  0.000e+00
    244.509     7.1045    34.8924    27.3194 1.3431e-01     0.1273      0.015    1482.98     57.267     3.8596  45.445939  0.000e+00
    244.584     7.1043    34.8924    27.3195 1.3431e-01     0.1285      0.015    1482.98     57.268     3.8597  45.445940  0.000e+00
    244.597     7.1041    34.8925    27.3196 1.4652e-01     0.1285      0.015    1482.98     57.269     3.8598  45.445940  0.000e+00
    244.658     7.1039    34.8928    27.3198 1.3431e-01     0.1285      0.015    1482.98     57.271     3.8600  45.445941  0.000e+00
    244.746     7.1034    34.8927    27.3199 1.3431e-01     0.1285      0.015    1482.98     57.265     3.8596  45.445941  0.000e+00
    244.795     7.1030    34.8929    27.3201 1.3431e-01     0.1273      0.015    1482.98     57.267     3.8598  45.445942  0.000e+00
    244.831     7.1028    34.8929    27.3201 1.3431e-01     0.1285      0.015    1482.98     57.269     3.8599  45.445942  0.000e+00
    244.916     7.1026    34.8930    27.3202 1.3431e-01     0.1285      0.015    1482.98     57.272     3.8602  45.445943  0.000e+00
    244.969     7.1026    34.8930    27.3202 1.3431e-01     0.1285      0.015    1482.98     57.267     3.8598  45.445943  0.000e+00
    245.005     7.1021    34.8929    27.3202 1.3431e-01     0.1285      0.015    1482.98     57.270     3.8600  45.445944  0.000e+00
    245.030     7.1018    34.8931    27.3204 1.3431e-01     0.1285      0.018    1482.98     57.273     3.8603  45.445944  0.000e+00
    245.117     7.1017    34.8931    27.3204 1.4652e-01     0.1285      0.015    1482.98     57.333     3.8643  45.445945  0.000e+00
    245.180     7.1016    34.8932    27.3204 1.3431e-01     0.1273      0.015    1482.98     57.281     3.8608  45.445945  0.000e+00
    245.241     7.1012    34.8933    27.3206 1.3431e-01     0.1273      0.015    1482.98     57.276     3.8605  45.445946  0.000e+00
    245.299     7.1016    34.8932    27.3205 1.3431e-01     0.1285      0.018    1482.99     57.280     3.8607  45.445946  0.000e+00
    245.353     7.1018    34.8932    27.3205 1.3431e-01     0.1298      0.018    1482.99     57.284     3.8610  45.445947  0.000e+00
    245.378     7.1018    34.8930    27.3203 1.3431e-01     0.1285      0.015    1482.99     57.280     3.8607  45.445947  0.000e+00
    245.414     7.1016    34.8932    27.3205 1.3431e-01     0.1273      0.015    1482.99     57.284     3.8610  45.445948  0.000e+00
    245.477     7.1018    34.8936    27.3208 1.3431e-01     0.1285      0.015    1482.99     57.289     3.8613  45.445948  0.000e+00
    245.538     7.1018    34.8933    27.3205 1.3431e-01     0.1285      0.015    1482.99     57.294     3.8617  45.445949  0.000e+00
    245.609     7.1020    34.8929    27.3202 1.3431e-01     0.1273      0.018    1482.99     57.300     3.8620  45.445949  0.000e+00
    245.637     7.1021    34.8936    27.3207 1.3431e-01     0.1285      0.018    1482.99     57.297     3.8618  45.445950  0.000e+00
    245.675     7.1023    34.8933    27.3205 1.3431e-01     0.1298      0.015    1482.99     57.302     3.8622  45.445950  0.000e+00
    245.712     7.1029    34.8928    27.3200 1.3431e-01     0.1285      0.015    1483.00     57.308     3.8626  45.445951  0.000e+00
    245.651     7.1028    34.8928    27.3200 1.3431e-01     0.1285      0.015    1483.00     57.305     3.8624  45.445951  0.000e+00
    245.662     7.1034    34.8937    27.3206 1.3431e-01     0.1285      0.015    1483.00     57.303     3.8621  45.445951  0.000e+00
    245.670     7.1043    34.8935    27.3204 1.3431e-01     0.1273      0.015    1483.00     57.309     3.8625  45.445952  0.000e+00
    245.637     7.1053    34.8935    27.3202 1.3431e-01     0.1273      0.018    1483.01     57.315     3.8628  45.445952  0.000e+00
    245.651     7.1058    34.8929    27.3197 1.3431e-01     0.1273      0.015    1483.01     57.314     3.8627  45.445953  0.000e+00
    245.662     7.1058    34.8926    27.3194 1.3431e-01     0.1285      0.015    1483.01     57.320     3.8631  45.445953  0.000e+00
    245.687     7.1058    34.8922    27.3191 1.3431e-01     0.1285      0.015    1483.01     57.319     3.8631  45.445954  0.000e+00
    245.695     7.1052    34.8925    27.3194 1.3431e-01     0.1285      0.015    1483.01     57.318     3.8630  45.445954  0.000e+00
    245.700     7.1053    34.8925    27.3194 1.3431e-01     0.1285      0.015    1483.01     57.317     3.8629  45.445955  0.000e+00
    245.675     7.1053    34.8926    27.3195 1.3431e-01     0.1285      0.018    1483.01     57.324     3.8634  45.445955  0.000e+00
    245.687     7.1051    34.8923    27.3193 1.4652e-01     0.1285      0.018    1483.00     57.387     3.8677  45.445956  0.000e+00
    245.712     7.1048    34.8926    27.3196 1.4652e-01     0.1285      0.015    1483.00     57.338     3.8644  45.445956  0.000e+00
    245.708     7.1052    34.8924    27.3194 1.3431e-01     0.1285      0.015    1483.01     57.337     3.8643  45.445957  0.000e+00
    245.712     7.1047    34.8921    27.3192 1.3431e-01     0.1285      0.018    1483.00     57.336     3.8643  45.445957  0.000e+00
    245.712     7.1037    34.8923    27.3195 1.3431e-01     0.1285      0.015    1483.00     57.335     3.8643  45.445958  0.000e+00
    245.700     7.1029    34.8927    27.3199 1.3431e-01     0.1285      0.015    1483.00     57.334     3.8643  45.445958  0.000e+00
    245.712     7.1026    34.8927    27.3199 1.3431e-01     0.1285      0.018    1483.00     57.342     3.8648  45.445959  0.000e+00
    245.712     7.1024    34.8929    27.3202 1.3431e-01     0.1285      0.015    1483.00     57.341     3.8648  45.445959  0.000e+00
    245.720     7.1026    34.8932    27.3204 1.3431e-01     0.1273      0.015    1483.00     57.340     3.8647  45.445960  0.000e+00
    245.737     7.1026    34.8927    27.3200 1.4652e-01     0.1285      0.015    1483.00     57.340     3.8647  45.445960  0.000e+00
    245.712     7.1018    34.8926    27.3200 1.3431e-01     0.1273      0.015    1482.99     57.339     3.8647  45.445961  0.000e+00
    245.725     7.1013    34.8928    27.3203 1.3431e-01     0.1285      0.015    1482.99     57.338     3.8647  45.445961  0.000e+00
    245.725     7.1007    34.8935    27.3209 1.3431e-01     0.1273      0.015    1482.99     57.338     3.8647  45.445962  0.000e+00
    245.708     7.1009    34.8930    27.3205 1.3431e-01     0.1285      0.015    1482.99     57.337     3.8647  45.445962  0.000e+00
    245.712     7.1008    34.8930    27.3205 1.4652e-01     0.1285      0.015    1482.99     57.336     3.8646  45.445963  0.000e+00
    245.712     7.1004    34.8931    27.3206 1.3431e-01     0.1285      0.018    1482.99     57.336     3.8646  45.445963  0.000e+00
    245.725     7.0997    34.8935    27.3210 1.4652e-01     0.1285      0.015    1482.99     57.335     3.8646  45.445964  0.000e+00
    245.712     7.0999    34.8932    27.3207 1.3431e-01     0.1285      0.015    1482.99     57.334     3.8646  45.445964  0.000e+00
    245.708     7.0994    34.8932    27.3208 1.3431e-01     0.1285      0.015    1482.98     57.334     3.8646  45.445965  0.000e+00
    245.725     7.0994    34.8935    27.3210 1.3431e-01     0.1285      0.015    1482.98     57.333     3.8645  45.445965  0.000e+00
    245.700     7.0992    34.8933    27.3209 1.3431e-01     0.1285      0.015    1482.98     57.332     3.8645  45.445965  0.000e+00
    245.725     7.0997    34.8935    27.3210 1.4652e-01     0.1285      0.015    1482.99     57.332     3.8644  45.445966  0.000e+00
    245.725     7.1002    34.8932    27.3207 1.3431e-01     0.1285      0.015    1482.99     57.331     3.8643  45.445966  0.000e+00
    245.720     7.1002    34.8932    27.3207 1.3431e-01     0.1285      0.015    1482.99     57.266     3.8600  45.445967  0.000e+00
    245.725     7.1005    34.8932    27.3206 1.3431e-01     0.1273      0.015    1482.99     57.322     3.8637  45.445967  0.000e+00
    245.725     7.1004    34.8935    27.3209 1.3431e-01     0.1285      0.015    1482.99     57.258     3.8593  45.445968  0.000e+00
    245.712     7.1005    34.8927    27.3203 1.3431e-01     0.1285      0.015    1482.99     57.322     3.8637  45.445968  0.000e+00
    245.725     7.1004    34.8929    27.3205 1.3431e-01     0.1285      0.015    1482.99     57.322     3.8637  45.445969  0.000e+00
    245.733     7.1000    34.8931    27.3206 1.3431e-01     0.1285      0.018    1482.99     57.323     3.8638  45.445969  0.000e+00
    245.712     7.1000    34.8931    27.3206 1.3431e-01     0.1285      0.015    1482.99     57.259     3.8595  45.445970  0.000e+00
    245.712     7.0999    34.8929    27.3205 1.3431e-01     0.1285      0.015    1482.99     57.252     3.8590  45.445970  0.000e+00
    245.725     7.0995    34.8932    27.3208 1.4652e-01     0.1285      0.015    1482.99     57.245     3.8586  45.445971  0.000e+00
    245.725     7.0992    34.8935    27.3211 1.3431e-01     0.1285      0.018    1482.98     57.302     3.8624  45.445971  0.000e+00
    245.712     7.0995    34.8932    27.3208 1.3431e-01     0.1285      0.015    1482.98     57.303     3.8625  45.445972  0.000e+00
    245.720     7.0991    34.8937    27.3212 1.3431e-01     0.1285      0.018    1482.98     57.241     3.8583  45.445972  0.000e+00
    245.712     7.0991    34.8937    27.3212 1.3431e-01     0.1285      0.015    1482.98     57.234     3.8579  45.445973  0.000e+00
    245.700     7.0992    34.8935    27.3211 1.4652e-01     0.1285      0.015    1482.98     57.228     3.8575  45.445973  0.000e+00
    245.725     7.0989    34.8938    27.3214 1.4652e-01     0.1285      0.018    1482.98     57.223     3.8571  45.445974  0.000e+00
