VT65_20190214_down.cnv
* Sea-Bird SBE 9 Data File:
* FileName = C:\CTD Brukere\NIVA\OKOKYST2019\20190211\VT65_20190214.hex
* Software Version Seasave V 7.23.2
* Temperature SN = 5352
* Conductivity SN = 3840
* Number of Bytes Per Scan = 28
* Number of Voltage Words = 4
* Number of Scans Averaged by the Deck Unit = 1
* NMEA baud rate = 4800
** Ship: R/V Trygve Braarud
** Cruise:
** Station:
** Operator:
# nquan = 12
# nvalues = 16445                                 
# units = specified
# name 0 = depSM: Depth [salt water, m], lat = 59.60
# name 1 = t090C: Temperature [ITS-90, deg C]
# name 2 = sal00: Salinity, Practical [PSU]
# name 3 = sigma-t00: Density [sigma-t, kg/m^3 ]
# name 4 = flSP: Fluorescence, Seapoint
# name 5 = wetStar: Fluorescence, WET Labs WETstar [mg/m^3]
# name 6 = seaTurbMtr: Turbidity, Seapoint [FTU]
# name 7 = svCM: Sound Velocity [Chen-Millero, m/s]
# name 8 = sbeox0PS: Oxygen, SBE 43 [% saturation]
# name 9 = sbeox0ML/L: Oxygen, SBE 43 [ml/l]
# name 10 = timeJ: Julian Days
# name 11 = flag:  0.000e+00
# span 0 =      0.247,    347.530                 
# span 1 =     2.0723,     7.2636                 
# span 2 =    28.5116,    34.9129                 
# span 3 =    22.7721,    27.3615                 
# span 4 = 1.3431e-01, 4.7619e-01                 
# span 5 =     0.1261,     0.1298                 
# span 6 =      0.007,      0.018                 
# span 7 =    1449.96,    1484.00                 
# span 8 =     54.570,     74.547                 
# span 9 =     3.6930,     5.9106                 
# span 10 =  45.440463,  45.448393                
# span 11 = 0.0000e+00, 0.0000e+00                
# interval = seconds: 0.0416667
# start_time = Feb 14 2019 10:34:16 [System UpLoad Time]
# bad_flag = -9.990e-29
*END*
[from data line 6376]
    138.245     6.9707    34.6187    27.1225 1.7094e-01     0.1285      0.018    1480.36     69.926     4.7358  45.443538  0.000e+00
    138.284     6.9704    34.6186    27.1224 1.7094e-01     0.1285      0.018    1480.36     69.918     4.7353  45.443538  0.000e+00
    138.269     6.9699    34.6188    27.1227 1.7094e-01     0.1285      0.018    1480.36     69.912     4.7349  45.443539  0.000e+00
    138.320     6.9697    34.6191    27.1229 1.7094e-01     0.1285      0.018    1480.36     69.906     4.7345  45.443539  0.000e+00
    138.318     6.9696    34.6191    27.1229 1.7094e-01     0.1285      0.015    1480.36     69.900     4.7342  45.443540  0.000e+00
    138.369     6.9691    34.6196    27.1234 1.7094e-01     0.1285      0.015    1480.36     69.896     4.7339  45.443540  0.000e+00
    138.367     6.9692    34.6194    27.1233 1.7094e-01     0.1285      0.018    1480.36     69.883     4.7330  45.443541  0.000e+00
    138.381     6.9691    34.6194    27.1233 1.7094e-01     0.1298      0.015    1480.36     69.880     4.7328  45.443541  0.000e+00
    138.441     6.9686    34.6199    27.1237 1.7094e-01     0.1285      0.015    1480.35     69.877     4.7327  45.443542  0.000e+00
    138.453     6.9686    34.6196    27.1234 1.7094e-01     0.1285      0.015    1480.35     69.875     4.7325  45.443542  0.000e+00
    138.443     6.9683    34.6195    27.1235 1.7094e-01     0.1298      0.015    1480.35     69.873     4.7324  45.443543  0.000e+00
    138.502     6.9682    34.6196    27.1235 1.7094e-01     0.1285      0.015    1480.35     69.872     4.7324  45.443543  0.000e+00
    138.515     6.9685    34.6197    27.1235 1.7094e-01     0.1298      0.015    1480.36     69.871     4.7323  45.443544  0.000e+00
    138.526     6.9683    34.6201    27.1239 1.7094e-01     0.1285      0.015    1480.36     69.871     4.7323  45.443544  0.000e+00
    138.562     6.9683    34.6209    27.1246 1.7094e-01     0.1285      0.015    1480.36     69.872     4.7323  45.443545  0.000e+00
    138.588     6.9688    34.6204    27.1240 1.7094e-01     0.1298      0.015    1480.36     69.874     4.7324  45.443545  0.000e+00
    138.636     6.9693    34.6210    27.1245 1.7094e-01     0.1285      0.015    1480.36     69.813     4.7282  45.443546  0.000e+00
    138.662     6.9699    34.6209    27.1243 1.7094e-01     0.1285      0.015    1480.36     69.808     4.7278  45.443546  0.000e+00
    138.672     6.9704    34.6209    27.1243 1.7094e-01     0.1298      0.015    1480.37     69.805     4.7275  45.443546  0.000e+00
    138.708     6.9709    34.6211    27.1243 1.7094e-01     0.1285      0.015    1480.37     69.802     4.7273  45.443547  0.000e+00
    138.747     6.9710    34.6215    27.1246 1.7094e-01     0.1285      0.015    1480.37     69.800     4.7272  45.443547  0.000e+00
    138.770     6.9716    34.6209    27.1241 1.7094e-01     0.1285      0.015    1480.37     69.799     4.7271  45.443548  0.000e+00
    138.796     6.9714    34.6213    27.1244 1.7094e-01     0.1298      0.015    1480.37     69.792     4.7265  45.443548  0.000e+00
    138.842     6.9714    34.6209    27.1241 1.7094e-01     0.1285      0.015    1480.37     69.784     4.7261  45.443549  0.000e+00
    138.855     6.9714    34.6207    27.1240 1.7094e-01     0.1298      0.018    1480.37     69.786     4.7262  45.443549  0.000e+00
    138.893     6.9709    34.6210    27.1242 1.7094e-01     0.1285      0.015    1480.37     69.852     4.7307  45.443550  0.000e+00
    138.940     6.9710    34.6202    27.1236 1.7094e-01     0.1285      0.018    1480.37     69.800     4.7272  45.443550  0.000e+00
    138.967     6.9704    34.6206    27.1240 1.7094e-01     0.1285      0.015    1480.37     69.804     4.7275  45.443551  0.000e+00
    139.001     6.9699    34.6205    27.1240 1.7094e-01     0.1285      0.015    1480.37     69.801     4.7274  45.443551  0.000e+00
    139.037     6.9692    34.6201    27.1238 1.7094e-01     0.1298      0.015    1480.37     69.799     4.7273  45.443552  0.000e+00
    139.076     6.9686    34.6203    27.1240 1.7094e-01     0.1285      0.015    1480.37     69.797     4.7272  45.443552  0.000e+00
    139.099     6.9685    34.6206    27.1243 1.7094e-01     0.1298      0.018    1480.37     69.804     4.7277  45.443553  0.000e+00
    139.148     6.9682    34.6208    27.1244 1.7094e-01     0.1298      0.015    1480.37     69.750     4.7240  45.443553  0.000e+00
    139.186     6.9677    34.6206    27.1244 1.7094e-01     0.1285      0.015    1480.36     69.806     4.7279  45.443554  0.000e+00
    139.209     6.9672    34.6206    27.1245 1.7094e-01     0.1298      0.018    1480.36     69.745     4.7238  45.443554  0.000e+00
    139.270     6.9670    34.6201    27.1241 1.7094e-01     0.1285      0.015    1480.36     69.740     4.7236  45.443555  0.000e+00
    139.309     6.9666    34.6202    27.1242 1.7094e-01     0.1285      0.018    1480.36     69.736     4.7234  45.443555  0.000e+00
    139.319     6.9663    34.6203    27.1244 1.7094e-01     0.1298      0.015    1480.36     69.733     4.7232  45.443556  0.000e+00
    139.391     6.9659    34.6203    27.1244 1.8315e-01     0.1285      0.015    1480.36     69.732     4.7231  45.443556  0.000e+00
    139.419     6.9655    34.6208    27.1248 1.8315e-01     0.1285      0.018    1480.36     69.731     4.7231  45.443557  0.000e+00
    139.464     6.9653    34.6210    27.1250 1.8315e-01     0.1285      0.018    1480.36     69.731     4.7231  45.443557  0.000e+00
    139.500     6.9653    34.6210    27.1250 1.8315e-01     0.1285      0.015    1480.36     69.732     4.7232  45.443558  0.000e+00
    139.553     6.9650    34.6210    27.1251 1.7094e-01     0.1298      0.015    1480.36     69.734     4.7233  45.443558  0.000e+00
    139.574     6.9648    34.6208    27.1249 1.7094e-01     0.1285      0.015    1480.36     69.674     4.7193  45.443559  0.000e+00
    139.635     6.9644    34.6206    27.1248 1.7094e-01     0.1298      0.018    1480.36     69.670     4.7191  45.443559  0.000e+00
    139.674     6.9637    34.6208    27.1251 1.7094e-01     0.1285      0.015    1480.36     69.731     4.7233  45.443560  0.000e+00
    139.721     6.9632    34.6209    27.1253 1.7094e-01     0.1298      0.015    1480.36     69.738     4.7238  45.443560  0.000e+00
    139.757     6.9624    34.6208    27.1253 1.7094e-01     0.1285      0.018    1480.35     69.674     4.7196  45.443560  0.000e+00
    139.772     6.9618    34.6221    27.1264 1.7094e-01     0.1285      0.015    1480.35     69.738     4.7239  45.443561  0.000e+00
    139.867     6.9623    34.6225    27.1267 1.7094e-01     0.1285      0.015    1480.36     69.677     4.7197  45.443561  0.000e+00
    139.892     6.9629    34.6229    27.1269 1.7094e-01     0.1285      0.015    1480.36     69.671     4.7192  45.443562  0.000e+00
    139.941     6.9634    34.6239    27.1276 1.7094e-01     0.1285      0.015    1480.36     69.666     4.7188  45.443562  0.000e+00
    139.967     6.9638    34.6233    27.1271 1.7094e-01     0.1285      0.015    1480.37     69.663     4.7185  45.443563  0.000e+00
    140.026     6.9638    34.6237    27.1274 1.7094e-01     0.1285      0.015    1480.37     69.660     4.7184  45.443563  0.000e+00
    140.087     6.9637    34.6237    27.1274 1.7094e-01     0.1285      0.015    1480.37     69.659     4.7183  45.443564  0.000e+00
    140.111     6.9636    34.6237    27.1274 1.7094e-01     0.1285      0.015    1480.37     69.658     4.7183  45.443564  0.000e+00
    140.162     6.9632    34.6238    27.1275 1.7094e-01     0.1298      0.015    1480.37     69.659     4.7183  45.443565  0.000e+00
    140.196     6.9629    34.6242    27.1279 1.7094e-01     0.1285      0.015    1480.37     69.660     4.7184  45.443565  0.000e+00
    140.257     6.9629    34.6240    27.1277 1.7094e-01     0.1285      0.015    1480.37     69.662     4.7186  45.443566  0.000e+00
    140.295     6.9623    34.6241    27.1279 1.7094e-01     0.1285      0.015    1480.37     69.603     4.7146  45.443566  0.000e+00
    140.321     6.9618    34.6242    27.1280 1.7094e-01     0.1285      0.015    1480.36     69.662     4.7187  45.443567  0.000e+00
    140.391     6.9608    34.6242    27.1282 1.7094e-01     0.1298      0.018    1480.36     69.668     4.7192  45.443567  0.000e+00
    140.429     6.9602    34.6240    27.1281 1.7094e-01     0.1285      0.018    1480.36     69.675     4.7198  45.443568  0.000e+00
    140.465     6.9589    34.6241    27.1284 1.7094e-01     0.1285      0.015    1480.36     69.683     4.7204  45.443568  0.000e+00
    140.504     6.9576    34.6240    27.1284 1.7094e-01     0.1285      0.018    1480.35     69.691     4.7211  45.443569  0.000e+00
    140.539     6.9565    34.6239    27.1285 1.7094e-01     0.1298      0.015    1480.35     69.630     4.7171  45.443569  0.000e+00
    140.586     6.9554    34.6245    27.1292 1.7094e-01     0.1298      0.015    1480.34     69.624     4.7168  45.443570  0.000e+00
    140.635     6.9549    34.6245    27.1293 1.7094e-01     0.1285      0.015    1480.34     69.620     4.7166  45.443570  0.000e+00
    140.635     6.9543    34.6241    27.1290 1.7094e-01     0.1285      0.015    1480.34     69.679     4.7207  45.443571  0.000e+00
    140.699     6.9535    34.6248    27.1296 1.7094e-01     0.1298      0.015    1480.34     69.621     4.7168  45.443571  0.000e+00
    140.720     6.9525    34.6249    27.1298 1.7094e-01     0.1285      0.018    1480.34     69.619     4.7168  45.443572  0.000e+00
    140.758     6.9514    34.6246    27.1297 1.7094e-01     0.1298      0.015    1480.33     69.555     4.7126  45.443572  0.000e+00
    140.783     6.9503    34.6243    27.1297 1.7094e-01     0.1298      0.015    1480.33     69.611     4.7165  45.443573  0.000e+00
    140.805     6.9490    34.6252    27.1306 1.7094e-01     0.1285      0.015    1480.32     69.612     4.7167  45.443573  0.000e+00
    140.846     6.9479    34.6263    27.1316 1.7094e-01     0.1285      0.018    1480.32     69.623     4.7175  45.443573  0.000e+00
    140.868     6.9474    34.6260    27.1314 1.7094e-01     0.1285      0.018    1480.32     69.626     4.7178  45.443574  0.000e+00
    140.892     6.9471    34.6266    27.1320 1.7094e-01     0.1298      0.015    1480.32     69.631     4.7181  45.443574  0.000e+00
    140.904     6.9473    34.6266    27.1319 1.7094e-01     0.1285      0.015    1480.32     69.636     4.7184  45.443575  0.000e+00
    140.928     6.9473    34.6263    27.1317 1.7094e-01     0.1285      0.015    1480.32     69.642     4.7189  45.443575  0.000e+00
    140.953     6.9466    34.6269    27.1322 1.7094e-01     0.1285      0.018    1480.32     69.587     4.7152  45.443576  0.000e+00
    140.956     6.9462    34.6269    27.1324 1.7094e-01     0.1285      0.015    1480.32     69.587     4.7153  45.443576  0.000e+00
    140.989     6.9458    34.6268    27.1323 1.8315e-01     0.1285      0.018    1480.32     69.645     4.7192  45.443577  0.000e+00
    140.977     6.9452    34.6272    27.1327 1.8315e-01     0.1285      0.018    1480.32     69.655     4.7199  45.443577  0.000e+00
    141.002     6.9449    34.6273    27.1328 1.7094e-01     0.1298      0.015    1480.31     69.596     4.7159  45.443578  0.000e+00
    141.013     6.9447    34.6276    27.1331 1.8315e-01     0.1285      0.015    1480.31     69.529     4.7114  45.443578  0.000e+00
    141.013     6.9445    34.6279    27.1333 1.7094e-01     0.1285      0.015    1480.31     69.582     4.7150  45.443579  0.000e+00
    141.030     6.9447    34.6277    27.1332 1.7094e-01     0.1285      0.015    1480.31     69.581     4.7149  45.443579  0.000e+00
    141.013     6.9452    34.6274    27.1329 1.7094e-01     0.1285      0.015    1480.32     69.580     4.7149  45.443580  0.000e+00
    141.025     6.9452    34.6278    27.1332 1.7094e-01     0.1285      0.015    1480.32     69.518     4.7106  45.443580  0.000e+00
    141.038     6.9460    34.6273    27.1327 1.7094e-01     0.1285      0.015    1480.32     69.575     4.7144  45.443581  0.000e+00
    141.013     6.9460    34.6275    27.1328 1.7094e-01     0.1298      0.015    1480.32     69.578     4.7146  45.443581  0.000e+00
    140.981     6.9460    34.6280    27.1332 1.7094e-01     0.1285      0.018    1480.32     69.582     4.7148  45.443582  0.000e+00
    141.063     6.9466    34.6272    27.1325 1.7094e-01     0.1285      0.015    1480.32     69.579     4.7146  45.443582  0.000e+00
    141.013     6.9466    34.6271    27.1324 1.5873e-01     0.1298      0.018    1480.32     69.576     4.7144  45.443583  0.000e+00
    141.013     6.9468    34.6270    27.1323 1.7094e-01     0.1285      0.018    1480.32     69.519     4.7105  45.443583  0.000e+00
    141.002     6.9466    34.6269    27.1323 1.7094e-01     0.1285      0.015    1480.32     69.582     4.7148  45.443584  0.000e+00
    141.002     6.9463    34.6272    27.1325 1.5873e-01     0.1285      0.015    1480.32     69.519     4.7106  45.443584  0.000e+00
    140.981     6.9457    34.6270    27.1325 1.7094e-01     0.1285      0.015    1480.32     69.520     4.7108  45.443585  0.000e+00
    140.989     6.9455    34.6271    27.1326 1.7094e-01     0.1285      0.015    1480.32     69.515     4.7104  45.443585  0.000e+00
    140.953     6.9453    34.6269    27.1324 1.7094e-01     0.1285      0.015    1480.31     69.511     4.7101  45.443586  0.000e+00
    140.940     6.9450    34.6271    27.1326 1.5873e-01     0.1285      0.015    1480.31     69.507     4.7099  45.443586  0.000e+00
    140.928     6.9449    34.6272    27.1327 1.7094e-01     0.1285      0.018    1480.31     69.505     4.7098  45.443587  0.000e+00
    140.928     6.9450    34.6273    27.1328 1.7094e-01     0.1285      0.018    1480.31     69.504     4.7097  45.443587  0.000e+00
    140.907     6.9449    34.6273    27.1328 1.5873e-01     0.1285      0.018    1480.31     69.503     4.7097  45.443587  0.000e+00
    140.904     6.9449    34.6272    27.1328 1.7094e-01     0.1285      0.015    1480.31     69.504     4.7097  45.443588  0.000e+00
    140.892     6.9449    34.6272    27.1328 1.5873e-01     0.1298      0.015    1480.31     69.505     4.7098  45.443588  0.000e+00
    140.879     6.9447    34.6277    27.1331 1.5873e-01     0.1285      0.018    1480.31     69.508     4.7100  45.443589  0.000e+00
    140.830     6.9445    34.6278    27.1333 1.7094e-01     0.1285      0.018    1480.31     69.511     4.7102  45.443589  0.000e+00
    140.822     6.9447    34.6275    27.1330 1.7094e-01     0.1285      0.015    1480.31     69.444     4.7057  45.443590  0.000e+00
    140.843     6.9449    34.6273    27.1328 1.7094e-01     0.1285      0.015    1480.31     69.505     4.7098  45.443590  0.000e+00
    140.805     6.9447    34.6275    27.1330 1.7094e-01     0.1298      0.015    1480.31     69.511     4.7102  45.443591  0.000e+00
    140.783     6.9449    34.6270    27.1326 1.7094e-01     0.1285      0.015    1480.31     69.519     4.7107  45.443591  0.000e+00
    140.783     6.9447    34.6272    27.1327 1.7094e-01     0.1285      0.015    1480.31     69.527     4.7113  45.443592  0.000e+00
    140.758     6.9445    34.6271    27.1327 1.7094e-01     0.1285      0.015    1480.31     69.537     4.7120  45.443592  0.000e+00
    140.748     6.9445    34.6275    27.1330 1.7094e-01     0.1285      0.018    1480.31     69.476     4.7078  45.443593  0.000e+00
    140.709     6.9449    34.6271    27.1326 1.7094e-01     0.1285      0.015    1480.31     69.471     4.7075  45.443593  0.000e+00
    140.684     6.9447    34.6272    27.1328 1.7094e-01     0.1285      0.015    1480.31     69.467     4.7072  45.443594  0.000e+00
    140.684     6.9449    34.6270    27.1326 1.7094e-01     0.1285      0.018    1480.31     69.536     4.7119  45.443594  0.000e+00
    140.671     6.9447    34.6272    27.1328 1.7094e-01     0.1285      0.015    1480.31     69.479     4.7080  45.443595  0.000e+00
    140.674     6.9453    34.6270    27.1325 1.7094e-01     0.1285      0.018    1480.31     69.541     4.7122  45.443595  0.000e+00
