VT65_20190214_down.cnv
* Sea-Bird SBE 9 Data File:
* FileName = C:\CTD Brukere\NIVA\OKOKYST2019\20190211\VT65_20190214.hex
* Software Version Seasave V 7.23.2
* Temperature SN = 5352
* Conductivity SN = 3840
* Number of Bytes Per Scan = 28
* Number of Voltage Words = 4
* Number of Scans Averaged by the Deck Unit = 1
* NMEA baud rate = 4800
** Ship: R/V Trygve Braarud
** Cruise:
** Station:
** Operator:
# nquan = 12
# nvalues = 16445                                 
# units = specified
# name 0 = depSM: Depth [salt water, m], lat = 59.60
# name 1 = t090C: Temperature [ITS-90, deg C]
# name 2 = sal00: Salinity, Practical [PSU]
# name 3 = sigma-t00: Density [sigma-t, kg/m^3 ]
# name 4 = flSP: Fluorescence, Seapoint
# name 5 = wetStar: Fluorescence, WET Labs WETstar [mg/m^3]
# name 6 = seaTurbMtr: Turbidity, Seapoint [FTU]
# name 7 = svCM: Sound Velocity [Chen-Millero, m/s]
# name 8 = sbeox0PS: Oxygen, SBE 43 [% saturation]
# name 9 = sbeox0ML/L: Oxygen, SBE 43 [ml/l]
# name 10 = timeJ: Julian Days
# name 11 = flag:  0.000e+00
# span 0 =      0.247,    347.530                 
# span 1 =     2.0723,     7.2636                 
# span 2 =    28.5116,    34.9129                 
# span 3 =    22.7721,    27.3615                 
# span 4 = 1.3431e-01, 4.7619e-01                 
# span 5 =     0.1261,     0.1298                 
# span 6 =      0.007,      0.018                 
# span 7 =    1449.96,    1484.00                 
# span 8 =     54.570,     74.547                 
# span 9 =     3.6930,     5.9106                 
# span 10 =  45.440463,  45.448393                
# span 11 = 0.0000e+00, 0.0000e+00                
# interval = seconds: 0.0416667
# start_time = Feb 14 2019 10:34:16 [System UpLoad Time]
# bad_flag = -9.990e-29
*END*
[from data line 3249]
     67.905     7.2257    34.3981    26.9132 1.5873e-01     0.1298      0.018    1479.90     70.125     4.7285  45.442030  0.000e+00
     67.931     7.2256    34.3983    26.9134 1.7094e-01     0.1298      0.015    1479.90     70.125     4.7285  45.442030  0.000e+00
     67.954     7.2251    34.3969    26.9123 1.7094e-01     0.1285      0.015    1479.90     70.062     4.7244  45.442031  0.000e+00
     67.967     7.2234    34.3947    26.9108 1.5873e-01     0.1285      0.015    1479.89     70.055     4.7242  45.442031  0.000e+00
     67.978     7.2197    34.3942    26.9110 1.7094e-01     0.1285      0.015    1479.87     70.111     4.7283  45.442032  0.000e+00
     68.016     7.2152    34.3937    26.9112 1.5873e-01     0.1298      0.015    1479.86     70.049     4.7247  45.442032  0.000e+00
     68.039     7.2108    34.3931    26.9114 1.5873e-01     0.1285      0.015    1479.84     70.105     4.7289  45.442033  0.000e+00
     68.050     7.2065    34.3950    26.9134 1.5873e-01     0.1285      0.018    1479.83     70.106     4.7294  45.442033  0.000e+00
     68.076     7.2047    34.3965    26.9149 1.5873e-01     0.1285      0.015    1479.82     70.108     4.7296  45.442034  0.000e+00
     68.112     7.2044    34.3977    26.9159 1.5873e-01     0.1285      0.018    1479.82     70.046     4.7255  45.442034  0.000e+00
     68.123     7.2040    34.3970    26.9154 1.5873e-01     0.1298      0.018    1479.82     70.040     4.7251  45.442035  0.000e+00
     68.148     7.2008    34.3969    26.9157 1.5873e-01     0.1285      0.018    1479.81     70.034     4.7251  45.442035  0.000e+00
     68.172     7.1969    34.3975    26.9168 1.5873e-01     0.1285      0.018    1479.79     70.029     4.7251  45.442036  0.000e+00
     68.172     7.1931    34.3983    26.9179 1.7094e-01     0.1285      0.015    1479.78     70.023     4.7252  45.442036  0.000e+00
     68.281     7.1900    34.3995    26.9193 1.5873e-01     0.1298      0.015    1479.77     70.019     4.7252  45.442037  0.000e+00
     68.257     7.1879    34.3999    26.9199 1.5873e-01     0.1285      0.018    1479.76     70.014     4.7250  45.442037  0.000e+00
     68.304     7.1857    34.4001    26.9203 1.5873e-01     0.1298      0.015    1479.76     70.010     4.7250  45.442038  0.000e+00
     68.328     7.1833    34.4007    26.9212 1.5873e-01     0.1298      0.015    1479.75     70.006     4.7250  45.442038  0.000e+00
     68.353     7.1812    34.4011    26.9218 1.5873e-01     0.1298      0.015    1479.74     70.010     4.7255  45.442038  0.000e+00
     68.402     7.1796    34.4012    26.9221 1.7094e-01     0.1298      0.015    1479.74     70.007     4.7254  45.442039  0.000e+00
     68.424     7.1784    34.4013    26.9223 1.7094e-01     0.1298      0.015    1479.73     70.004     4.7254  45.442039  0.000e+00
     68.449     7.1773    34.4011    26.9223 1.7094e-01     0.1298      0.015    1479.73     70.002     4.7253  45.442040  0.000e+00
     68.498     7.1760    34.4014    26.9227 1.7094e-01     0.1285      0.015    1479.72     69.938     4.7211  45.442040  0.000e+00
     68.522     7.1751    34.4009    26.9225 1.7094e-01     0.1285      0.015    1479.72     69.991     4.7248  45.442041  0.000e+00
     68.558     7.1736    34.4003    26.9222 1.7094e-01     0.1285      0.018    1479.71     69.927     4.7207  45.442041  0.000e+00
     68.594     7.1718    34.4008    26.9228 1.5873e-01     0.1298      0.018    1479.71     69.919     4.7204  45.442042  0.000e+00
     68.618     7.1704    34.4011    26.9233 1.7094e-01     0.1298      0.018    1479.70     69.912     4.7200  45.442042  0.000e+00
     68.667     7.1690    34.4015    26.9238 1.7094e-01     0.1285      0.015    1479.70     69.905     4.7197  45.442043  0.000e+00
     68.690     7.1675    34.4006    26.9233 1.7094e-01     0.1285      0.018    1479.69     69.899     4.7194  45.442043  0.000e+00
     68.727     7.1658    34.4000    26.9231 1.7094e-01     0.1285      0.015    1479.69     69.893     4.7193  45.442044  0.000e+00
     68.763     7.1639    34.4006    26.9239 1.7094e-01     0.1298      0.018    1479.68     69.888     4.7191  45.442044  0.000e+00
     68.787     7.1629    34.4004    26.9238 1.7094e-01     0.1285      0.018    1479.68     69.884     4.7189  45.442045  0.000e+00
     68.848     7.1612    34.4002    26.9239 1.5873e-01     0.1298      0.018    1479.67     69.881     4.7189  45.442045  0.000e+00
     68.872     7.1600    34.4003    26.9241 1.7094e-01     0.1298      0.015    1479.67     69.877     4.7188  45.442046  0.000e+00
     68.919     7.1591    34.4007    26.9246 1.7094e-01     0.1285      0.015    1479.66     69.875     4.7187  45.442046  0.000e+00
     68.944     7.1589    34.4008    26.9247 1.7094e-01     0.1285      0.015    1479.66     69.873     4.7186  45.442047  0.000e+00
     68.979     7.1583    34.4008    26.9248 1.7094e-01     0.1285      0.015    1479.66     69.872     4.7186  45.442047  0.000e+00
     69.028     7.1577    34.4008    26.9248 1.5873e-01     0.1298      0.015    1479.66     69.809     4.7144  45.442048  0.000e+00
     69.064     7.1568    34.4006    26.9248 1.7094e-01     0.1298      0.018    1479.66     69.864     4.7183  45.442048  0.000e+00
     69.088     7.1563    34.4009    26.9251 1.5873e-01     0.1285      0.015    1479.66     69.865     4.7184  45.442049  0.000e+00
     69.137     7.1559    34.4006    26.9249 1.5873e-01     0.1298      0.018    1479.66     69.805     4.7143  45.442049  0.000e+00
     69.160     7.1550    34.3996    26.9243 1.7094e-01     0.1298      0.015    1479.65     69.862     4.7183  45.442050  0.000e+00
     69.209     7.1542    34.4001    26.9248 1.5873e-01     0.1285      0.018    1479.65     69.803     4.7144  45.442050  0.000e+00
     69.222     7.1540    34.3998    26.9246 1.7094e-01     0.1298      0.015    1479.65     69.799     4.7142  45.442051  0.000e+00
     69.282     7.1527    34.3994    26.9244 1.5873e-01     0.1298      0.015    1479.64     69.797     4.7142  45.442051  0.000e+00
     69.305     7.1514    34.3991    26.9244 1.5873e-01     0.1298      0.015    1479.64     69.796     4.7142  45.442052  0.000e+00
     69.342     7.1496    34.3977    26.9236 1.5873e-01     0.1285      0.015    1479.63     69.795     4.7145  45.442052  0.000e+00
     69.378     7.1465    34.3975    26.9238 1.5873e-01     0.1298      0.018    1479.62     69.733     4.7106  45.442052  0.000e+00
     69.414     7.1438    34.3964    26.9233 1.7094e-01     0.1298      0.015    1479.61     69.790     4.7148  45.442053  0.000e+00
     69.427     7.1390    34.3952    26.9230 1.7094e-01     0.1285      0.015    1479.59     69.793     4.7155  45.442053  0.000e+00
     69.463     7.1351    34.3962    26.9243 1.8315e-01     0.1298      0.015    1479.57     69.734     4.7119  45.442054  0.000e+00
     69.486     7.1331    34.3966    26.9249 1.8315e-01     0.1298      0.015    1479.57     69.786     4.7156  45.442054  0.000e+00
     69.523     7.1307    34.3957    26.9246 1.8315e-01     0.1285      0.018    1479.56     69.783     4.7158  45.442055  0.000e+00
     69.559     7.1277    34.3957    26.9250 1.7094e-01     0.1285      0.018    1479.55     69.790     4.7165  45.442055  0.000e+00
     69.583     7.1253    34.3962    26.9257 1.7094e-01     0.1298      0.018    1479.54     69.727     4.7125  45.442056  0.000e+00
     69.608     7.1234    34.3971    26.9267 1.7094e-01     0.1285      0.018    1479.53     69.727     4.7127  45.442056  0.000e+00
     69.632     7.1225    34.3981    26.9276 1.7094e-01     0.1285      0.015    1479.53     69.728     4.7129  45.442057  0.000e+00
     69.643     7.1223    34.3981    26.9276 1.7094e-01     0.1298      0.015    1479.53     69.731     4.7131  45.442057  0.000e+00
     69.691     7.1217    34.3957    26.9259 1.7094e-01     0.1285      0.018    1479.53     69.727     4.7130  45.442058  0.000e+00
     69.704     7.1182    34.3934    26.9245 1.7094e-01     0.1285      0.018    1479.51     69.725     4.7132  45.442058  0.000e+00
     69.728     7.1148    34.3925    26.9243 1.7094e-01     0.1285      0.018    1479.50     69.723     4.7135  45.442059  0.000e+00
     69.753     7.1123    34.3944    26.9262 1.7094e-01     0.1285      0.015    1479.49     69.722     4.7136  45.442059  0.000e+00
     69.775     7.1109    34.3961    26.9276 1.8315e-01     0.1298      0.018    1479.49     69.722     4.7137  45.442060  0.000e+00
     69.801     7.1097    34.3953    26.9272 1.8315e-01     0.1285      0.018    1479.48     69.723     4.7140  45.442060  0.000e+00
     69.800     7.1079    34.3952    26.9274 1.7094e-01     0.1285      0.015    1479.47     69.725     4.7143  45.442061  0.000e+00
     69.836     7.1069    34.3949    26.9273 1.7094e-01     0.1285      0.018    1479.47     69.728     4.7146  45.442061  0.000e+00
     69.849     7.1058    34.3945    26.9271 1.7094e-01     0.1285      0.015    1479.47     69.731     4.7150  45.442062  0.000e+00
     69.873     7.1049    34.3950    26.9276 1.7094e-01     0.1285      0.015    1479.46     69.736     4.7154  45.442062  0.000e+00
     69.884     7.1042    34.3959    26.9285 1.8315e-01     0.1298      0.015    1479.46     69.742     4.7158  45.442063  0.000e+00
     69.909     7.1035    34.3932    26.9264 1.9536e-01     0.1298      0.015    1479.46     69.748     4.7164  45.442063  0.000e+00
     69.933     7.0997    34.3894    26.9240 1.9536e-01     0.1298      0.015    1479.44     69.756     4.7175  45.442064  0.000e+00
     69.945     7.0925    34.3883    26.9241 1.9536e-01     0.1285      0.015    1479.41     69.757     4.7183  45.442064  0.000e+00
     69.956     7.0859    34.3881    26.9249 1.8315e-01     0.1285      0.015    1479.38     69.767     4.7197  45.442065  0.000e+00
     69.980     7.0800    34.3888    26.9262 1.8315e-01     0.1285      0.015    1479.36     69.769     4.7205  45.442065  0.000e+00
     69.993     7.0744    34.3887    26.9269 1.8315e-01     0.1298      0.018    1479.34     69.710     4.7171  45.442065  0.000e+00
     70.005     7.0693    34.3875    26.9267 1.8315e-01     0.1285      0.015    1479.32     69.769     4.7217  45.442066  0.000e+00
     70.029     7.0625    34.3839    26.9248 1.7094e-01     0.1298      0.015    1479.29     69.774     4.7228  45.442066  0.000e+00
     70.041     7.0546    34.3793    26.9223 1.7094e-01     0.1298      0.015    1479.25     69.717     4.7200  45.442067  0.000e+00
     70.031     7.0454    34.3779    26.9224 1.8315e-01     0.1285      0.015    1479.21     69.778     4.7252  45.442067  0.000e+00
     70.114     7.0360    34.3781    26.9239 1.7094e-01     0.1285      0.018    1479.18     69.786     4.7267  45.442068  0.000e+00
     70.090     7.0288    34.3770    26.9240 1.7094e-01     0.1285      0.018    1479.15     69.793     4.7280  45.442068  0.000e+00
     70.114     7.0215    34.3738    26.9225 1.7094e-01     0.1285      0.018    1479.12     69.802     4.7295  45.442069  0.000e+00
     70.114     7.0146    34.3716    26.9217 1.7094e-01     0.1285      0.018    1479.09     69.748     4.7267  45.442069  0.000e+00
     70.151     7.0099    34.3698    26.9210 1.7094e-01     0.1285      0.015    1479.07     69.813     4.7316  45.442070  0.000e+00
     70.150     7.0042    34.3705    26.9223 1.8315e-01     0.1285      0.018    1479.05     69.823     4.7329  45.442070  0.000e+00
     70.186     6.9974    34.3730    26.9252 1.8315e-01     0.1285      0.015    1479.03     69.835     4.7344  45.442071  0.000e+00
     70.186     6.9916    34.3757    26.9282 1.8315e-01     0.1285      0.015    1479.01     69.839     4.7352  45.442071  0.000e+00
     70.212     6.9865    34.3775    26.9302 1.8315e-01     0.1298      0.015    1478.99     69.851     4.7365  45.442072  0.000e+00
     70.234     6.9825    34.3803    26.9330 1.7094e-01     0.1285      0.015    1478.98     69.863     4.7377  45.442072  0.000e+00
     70.259     6.9798    34.3825    26.9351 1.7094e-01     0.1298      0.015    1478.97     69.869     4.7383  45.442073  0.000e+00
     70.270     6.9784    34.3843    26.9367 1.7094e-01     0.1285      0.018    1478.97     69.820     4.7350  45.442073  0.000e+00
     70.272     6.9776    34.3844    26.9369 1.7094e-01     0.1285      0.018    1478.96     69.880     4.7393  45.442074  0.000e+00
     70.343     6.9766    34.3836    26.9364 1.7094e-01     0.1285      0.018    1478.96     69.888     4.7399  45.442074  0.000e+00
     70.343     6.9760    34.3836    26.9365 1.7094e-01     0.1285      0.015    1478.96     69.894     4.7404  45.442075  0.000e+00
     70.355     6.9753    34.3833    26.9364 1.7094e-01     0.1298      0.015    1478.96     69.839     4.7367  45.442075  0.000e+00
     70.379     6.9741    34.3839    26.9370 1.7094e-01     0.1285      0.015    1478.95     69.839     4.7369  45.442076  0.000e+00
     70.404     6.9741    34.3856    26.9384 1.7094e-01     0.1298      0.015    1478.95     69.832     4.7363  45.442076  0.000e+00
     70.428     6.9755    34.3847    26.9375 1.7094e-01     0.1285      0.015    1478.96     69.833     4.7363  45.442077  0.000e+00
     70.439     6.9751    34.3834    26.9365 1.7094e-01     0.1298      0.015    1478.96     69.835     4.7365  45.442077  0.000e+00
     70.488     6.9736    34.3840    26.9371 1.7094e-01     0.1285      0.015    1478.95     69.892     4.7405  45.442078  0.000e+00
     70.488     6.9732    34.3845    26.9376 1.7094e-01     0.1298      0.018    1478.95     69.840     4.7370  45.442078  0.000e+00
     70.526     6.9736    34.3845    26.9376 1.8315e-01     0.1285      0.018    1478.95     69.905     4.7414  45.442079  0.000e+00
     70.560     6.9729    34.3834    26.9367 1.8315e-01     0.1285      0.018    1478.95     69.854     4.7380  45.442079  0.000e+00
     70.560     6.9714    34.3826    26.9363 1.7094e-01     0.1298      0.015    1478.94     69.850     4.7379  45.442079  0.000e+00
     70.596     6.9701    34.3821    26.9362 1.7094e-01     0.1298      0.018    1478.94     69.847     4.7379  45.442080  0.000e+00
     70.632     6.9691    34.3827    26.9368 1.8315e-01     0.1285      0.018    1478.94     69.844     4.7377  45.442080  0.000e+00
     70.646     6.9686    34.3833    26.9373 1.7094e-01     0.1298      0.015    1478.93     69.841     4.7376  45.442081  0.000e+00
     70.680     6.9690    34.3835    26.9374 1.7094e-01     0.1298      0.015    1478.94     69.838     4.7374  45.442081  0.000e+00
     70.705     6.9690    34.3835    26.9374 1.7094e-01     0.1285      0.018    1478.94     69.836     4.7372  45.442082  0.000e+00
     70.741     6.9686    34.3839    26.9378 1.7094e-01     0.1285      0.015    1478.94     69.834     4.7371  45.442082  0.000e+00
     70.765     6.9691    34.3839    26.9377 1.7094e-01     0.1285      0.018    1478.94     69.832     4.7369  45.442083  0.000e+00
     70.776     6.9694    34.3843    26.9380 1.7094e-01     0.1298      0.018    1478.94     69.831     4.7368  45.442083  0.000e+00
     70.827     6.9697    34.3836    26.9374 1.7094e-01     0.1298      0.018    1478.94     69.830     4.7367  45.442084  0.000e+00
     70.850     6.9697    34.3827    26.9367 1.7094e-01     0.1298      0.015    1478.94     69.829     4.7367  45.442084  0.000e+00
     70.861     6.9692    34.3830    26.9370 1.7094e-01     0.1298      0.015    1478.94     69.829     4.7367  45.442085  0.000e+00
     70.899     6.9690    34.3831    26.9371 1.7094e-01     0.1298      0.018    1478.94     69.829     4.7367  45.442085  0.000e+00
     70.934     6.9688    34.3830    26.9370 1.7094e-01     0.1285      0.015    1478.94     69.829     4.7368  45.442086  0.000e+00
     70.970     6.9686    34.3817    26.9360 1.7094e-01     0.1285      0.015    1478.94     69.830     4.7369  45.442086  0.000e+00
     70.996     6.9669    34.3816    26.9361 1.7094e-01     0.1285      0.018    1478.93     69.831     4.7371  45.442087  0.000e+00
