VT67_20190212_down.cnv
* Sea-Bird SBE 9 Data File:
* FileName = C:\CTD Brukere\NIVA\OKOKYST2019\20190211\VT67_20190212.hex
* Software Version Seasave V 7.23.2
* Temperature SN = 5352
* Conductivity SN = 3840
* Number of Bytes Per Scan = 28
* Number of Voltage Words = 4
* Number of Scans Averaged by the Deck Unit = 1
* NMEA baud rate = 4800
** Ship: R/V Trygve Braarud
** Cruise:
** Station:
** Operator:
# nquan = 12
# nvalues = 5124                                  
# units = specified
# name 0 = depSM: Depth [salt water, m], lat = 59.60
# name 1 = t090C: Temperature [ITS-90, deg C]
# name 2 = sal00: Salinity, Practical [PSU]
# name 3 = sigma-t00: Density [sigma-t, kg/m^3 ]
# name 4 = flSP: Fluorescence, Seapoint
# name 5 = wetStar: Fluorescence, WET Labs WETstar [mg/m^3]
# name 6 = seaTurbMtr: Turbidity, Seapoint [FTU]
# name 7 = svCM: Sound Velocity [Chen-Millero, m/s]
# name 8 = sbeox0PS: Oxygen, SBE 43 [% saturation]
# name 9 = sbeox0ML/L: Oxygen, SBE 43 [ml/l]
# name 10 = timeJ: Julian Days
# name 11 = flag:  0.000e+00
# span 0 =      0.333,    101.608                 
# span 1 =     2.1177,     8.8645                 
# span 2 =    18.4186,    34.5538                 
# span 3 =    14.7069,    26.8474                 
# span 4 = 1.3431e-01, 1.0745e+00                 
# span 5 =     0.1261,     0.1310                 
# span 6 =      0.007,      0.018                 
# span 7 =    1436.97,    1486.34                 
# span 8 =     62.402,     74.151                 
# span 9 =     4.0577,     6.2869                 
# span 10 =  43.661771,  43.664241                
# span 11 = 0.0000e+00, 0.0000e+00                
# interval = seconds: 0.0416667
# start_time = Feb 12 2019 15:52:57 [System UpLoad Time]
# bad_flag = -9.990e-29
*END*
[from data line 241]
      0.417     2.1357    18.4685    14.7465 3.2967e-01     0.1273      0.011    1437.11     69.344     5.8917  43.661887  0.000e+00
      0.417     2.1350    18.4690    14.7469 3.2967e-01     0.1273      0.007    1437.11     69.350     5.8922  43.661888  0.000e+00
      0.417     2.1345    18.4696    14.7473 3.4188e-01     0.1273      0.015    1437.11     69.351     5.8924  43.661888  0.000e+00
      0.427     2.1345    18.4696    14.7473 3.4188e-01     0.1273      0.015    1437.11     69.293     5.8875  43.661889  0.000e+00
      0.429     2.1343    18.4696    14.7473 3.2967e-01     0.1273      0.011    1437.11     69.296     5.8877  43.661889  0.000e+00
      0.429     2.1343    18.4695    14.7473 3.2967e-01     0.1273      0.011    1437.11     69.294     5.8875  43.661889  0.000e+00
      0.441     2.1341    18.4693    14.7472 3.1746e-01     0.1273      0.011    1437.10     69.297     5.8879  43.661890  0.000e+00
      0.427     2.1349    18.4684    14.7464 3.1746e-01     0.1273      0.011    1437.11     69.305     5.8885  43.661890  0.000e+00
      0.428     2.1356    18.4677    14.7458 3.2967e-01     0.1273      0.011    1437.11     69.254     5.8840  43.661891  0.000e+00
      0.441     2.1366    18.4671    14.7453 3.2967e-01     0.1273      0.011    1437.11     69.264     5.8847  43.661891  0.000e+00
      0.441     2.1367    18.4669    14.7451 3.2967e-01     0.1273      0.011    1437.11     69.269     5.8851  43.661892  0.000e+00
      0.428     2.1369    18.4657    14.7442 3.4188e-01     0.1285      0.011    1437.11     69.279     5.8860  43.661892  0.000e+00
      0.440     2.1369    18.4655    14.7440 3.4188e-01     0.1273      0.011    1437.11     69.230     5.8819  43.661893  0.000e+00
      0.441     2.1366    18.4658    14.7442 3.5409e-01     0.1273      0.007    1437.11     69.232     5.8821  43.661893  0.000e+00
      0.428     2.1361    18.4659    14.7443 3.7851e-01     0.1273      0.011    1437.11     69.174     5.8772  43.661894  0.000e+00
      0.428     2.1360    18.4657    14.7442 3.7851e-01     0.1273      0.011    1437.11     69.167     5.8767  43.661894  0.000e+00
      0.440     2.1356    18.4664    14.7447 3.5409e-01     0.1273      0.007    1437.11     69.165     5.8765  43.661895  0.000e+00
      0.441     2.1356    18.4662    14.7446 3.4188e-01     0.1273      0.011    1437.11     69.159     5.8760  43.661895  0.000e+00
      0.417     2.1358    18.4662    14.7446 3.4188e-01     0.1273      0.011    1437.11     69.176     5.8774  43.661896  0.000e+00
      0.428     2.1357    18.4665    14.7448 3.2967e-01     0.1273      0.015    1437.11     69.125     5.8731  43.661896  0.000e+00
      0.427     2.1356    18.4664    14.7447 3.1746e-01     0.1273      0.011    1437.11     69.189     5.8786  43.661897  0.000e+00
      0.428     2.1360    18.4661    14.7445 3.1746e-01     0.1261      0.007    1437.11     69.139     5.8742  43.661897  0.000e+00
      0.417     2.1360    18.4665    14.7448 3.4188e-01     0.1273      0.015    1437.11     69.148     5.8750  43.661898  0.000e+00
      0.417     2.1358    18.4663    14.7447 3.6630e-01     0.1273      0.011    1437.11     69.098     5.8708  43.661898  0.000e+00
      0.417     2.1356    18.4665    14.7448 3.5409e-01     0.1261      0.011    1437.11     69.154     5.8756  43.661899  0.000e+00
      0.416     2.1358    18.4665    14.7448 3.5409e-01     0.1261      0.011    1437.11     69.104     5.8713  43.661899  0.000e+00
      0.404     2.1355    18.4667    14.7450 3.4188e-01     0.1273      0.011    1437.11     69.104     5.8714  43.661900  0.000e+00
      0.417     2.1358    18.4673    14.7455 3.2967e-01     0.1273      0.011    1437.11     69.045     5.8663  43.661900  0.000e+00
      0.393     2.1366    18.4676    14.7457 3.4188e-01     0.1273      0.015    1437.11     69.046     5.8662  43.661901  0.000e+00
      0.391     2.1372    18.4675    14.7456 3.4188e-01     0.1273      0.011    1437.12     69.051     5.8666  43.661901  0.000e+00
      0.404     2.1375    18.4676    14.7457 3.2967e-01     0.1273      0.007    1437.12     69.053     5.8666  43.661902  0.000e+00
      0.382     2.1373    18.4676    14.7457 3.1746e-01     0.1273      0.011    1437.12     68.994     5.8617  43.661902  0.000e+00
      0.382     2.1372    18.4673    14.7454 3.2967e-01     0.1273      0.011    1437.12     68.996     5.8619  43.661902  0.000e+00
      0.380     2.1373    18.4675    14.7456 3.4188e-01     0.1273      0.011    1437.12     69.002     5.8624  43.661903  0.000e+00
      0.369     2.1372    18.4675    14.7456 3.2967e-01     0.1285      0.011    1437.12     68.950     5.8580  43.661903  0.000e+00
      0.382     2.1373    18.4672    14.7453 3.2967e-01     0.1273      0.011    1437.12     68.948     5.8578  43.661904  0.000e+00
      0.369     2.1375    18.4675    14.7456 3.2967e-01     0.1273      0.011    1437.12     68.951     5.8580  43.661904  0.000e+00
      0.369     2.1377    18.4675    14.7455 3.1746e-01     0.1273      0.011    1437.12     68.949     5.8579  43.661905  0.000e+00
      0.356     2.1375    18.4675    14.7456 3.1746e-01     0.1273      0.007    1437.12     68.953     5.8581  43.661905  0.000e+00
      0.369     2.1373    18.4679    14.7459 3.1746e-01     0.1273      0.011    1437.12     68.896     5.8534  43.661906  0.000e+00
      0.369     2.1372    18.4680    14.7460 3.2967e-01     0.1273      0.011    1437.12     68.900     5.8537  43.661906  0.000e+00
      0.357     2.1375    18.4678    14.7458 3.4188e-01     0.1261      0.007    1437.12     68.899     5.8535  43.661907  0.000e+00
      0.367     2.1372    18.4681    14.7461 3.6630e-01     0.1273      0.011    1437.12     68.838     5.8484  43.661907  0.000e+00
      0.369     2.1371    18.4680    14.7460 3.5409e-01     0.1273      0.011    1437.12     68.837     5.8484  43.661908  0.000e+00
      0.369     2.1371    18.4683    14.7462 3.4188e-01     0.1261      0.011    1437.12     68.842     5.8488  43.661908  0.000e+00
      0.357     2.1371    18.4684    14.7463 3.2967e-01     0.1273      0.011    1437.12     68.841     5.8487  43.661909  0.000e+00
      0.367     2.1369    18.4682    14.7461 3.2967e-01     0.1273      0.011    1437.11     68.781     5.8437  43.661909  0.000e+00
      0.382     2.1372    18.4687    14.7466 3.2967e-01     0.1273      0.011    1437.12     68.781     5.8436  43.661910  0.000e+00
      0.369     2.1375    18.4684    14.7463 3.2967e-01     0.1273      0.015    1437.12     68.777     5.8432  43.661910  0.000e+00
      0.382     2.1377    18.4684    14.7463 3.2967e-01     0.1285      0.011    1437.12     68.712     5.8377  43.661911  0.000e+00
      0.382     2.1378    18.4689    14.7467 3.1746e-01     0.1273      0.011    1437.12     68.708     5.8373  43.661911  0.000e+00
      0.404     2.1381    18.4685    14.7464 3.1746e-01     0.1273      0.011    1437.12     68.709     5.8373  43.661912  0.000e+00
      0.382     2.1380    18.4690    14.7468 3.1746e-01     0.1273      0.011    1437.12     68.705     5.8370  43.661912  0.000e+00
      0.404     2.1383    18.4700    14.7475 3.2967e-01     0.1273      0.011    1437.12     68.642     5.8315  43.661913  0.000e+00
      0.393     2.1381    18.4689    14.7467 3.2967e-01     0.1273      0.011    1437.12     68.702     5.8367  43.661913  0.000e+00
      0.404     2.1380    18.4692    14.7469 3.4188e-01     0.1273      0.011    1437.12     68.649     5.8322  43.661914  0.000e+00
      0.417     2.1383    18.4709    14.7483 3.4188e-01     0.1273      0.011    1437.13     68.655     5.8326  43.661914  0.000e+00
      0.417     2.1381    18.4712    14.7485 3.2967e-01     0.1273      0.015    1437.13     68.592     5.8273  43.661915  0.000e+00
      0.417     2.1381    18.4721    14.7492 3.2967e-01     0.1273      0.011    1437.13     68.590     5.8270  43.661915  0.000e+00
      0.427     2.1381    18.4736    14.7504 3.4188e-01     0.1273      0.011    1437.13     68.592     5.8272  43.661916  0.000e+00
      0.428     2.1383    18.4736    14.7504 3.4188e-01     0.1273      0.011    1437.13     68.535     5.8223  43.661916  0.000e+00
      0.428     2.1386    18.4748    14.7513 3.2967e-01     0.1273      0.011    1437.13     68.529     5.8217  43.661916  0.000e+00
      0.428     2.1388    18.4756    14.7520 3.1746e-01     0.1285      0.015    1437.13     68.528     5.8216  43.661917  0.000e+00
      0.441     2.1388    18.4751    14.7516 3.2967e-01     0.1273      0.011    1437.13     68.522     5.8211  43.661917  0.000e+00
      0.440     2.1381    18.4769    14.7531 3.2967e-01     0.1273      0.007    1437.13     68.521     5.8210  43.661918  0.000e+00
      0.453     2.1377    18.4771    14.7532 3.2967e-01     0.1285      0.011    1437.13     68.460     5.8159  43.661918  0.000e+00
      0.441     2.1367    18.4767    14.7529 3.2967e-01     0.1273      0.011    1437.13     68.460     5.8160  43.661919  0.000e+00
      0.464     2.1360    18.4772    14.7534 3.2967e-01     0.1261      0.007    1437.12     68.464     5.8165  43.661919  0.000e+00
      0.451     2.1352    18.4775    14.7537 3.1746e-01     0.1273      0.011    1437.12     68.400     5.8111  43.661920  0.000e+00
      0.453     2.1349    18.4779    14.7540 3.1746e-01     0.1273      0.011    1437.12     68.405     5.8116  43.661920  0.000e+00
      0.464     2.1349    18.4796    14.7553 3.2967e-01     0.1273      0.011    1437.12     68.406     5.8116  43.661921  0.000e+00
      0.453     2.1347    18.4798    14.7555 3.4188e-01     0.1273      0.011    1437.12     68.347     5.8067  43.661921  0.000e+00
      0.464     2.1349    18.4803    14.7559 3.2967e-01     0.1261      0.011    1437.12     68.340     5.8060  43.661922  0.000e+00
      0.464     2.1347    18.4819    14.7571 3.1746e-01     0.1285      0.015    1437.12     68.347     5.8065  43.661922  0.000e+00
      0.464     2.1349    18.4817    14.7570 3.1746e-01     0.1273      0.015    1437.12     68.350     5.8067  43.661923  0.000e+00
      0.464     2.1349    18.4830    14.7580 3.0525e-01     0.1261      0.007    1437.13     68.357     5.8074  43.661923  0.000e+00
      0.464     2.1349    18.4835    14.7585 3.0525e-01     0.1273      0.011    1437.13     68.296     5.8022  43.661924  0.000e+00
      0.464     2.1349    18.4823    14.7575 3.1746e-01     0.1273      0.011    1437.13     68.295     5.8021  43.661924  0.000e+00
      0.464     2.1345    18.4825    14.7576 3.1746e-01     0.1273      0.007    1437.12     68.299     5.8025  43.661925  0.000e+00
      0.464     2.1349    18.4817    14.7570 3.2967e-01     0.1273      0.011    1437.12     68.308     5.8032  43.661925  0.000e+00
      0.453     2.1347    18.4808    14.7563 3.2967e-01     0.1273      0.011    1437.12     68.248     5.7982  43.661926  0.000e+00
      0.464     2.1347    18.4816    14.7569 3.4188e-01     0.1273      0.011    1437.12     68.248     5.7982  43.661926  0.000e+00
      0.464     2.1346    18.4818    14.7571 3.4188e-01     0.1273      0.015    1437.12     68.253     5.7986  43.661927  0.000e+00
      0.453     2.1345    18.4828    14.7579 3.2967e-01     0.1273      0.011    1437.12     68.254     5.7986  43.661927  0.000e+00
      0.453     2.1350    18.4841    14.7589 3.1746e-01     0.1273      0.011    1437.13     68.195     5.7935  43.661928  0.000e+00
      0.441     2.1352    18.4846    14.7593 3.1746e-01     0.1285      0.011    1437.13     68.195     5.7935  43.661928  0.000e+00
      0.451     2.1352    18.4859    14.7604 3.1746e-01     0.1273      0.011    1437.13     68.201     5.7939  43.661929  0.000e+00
      0.428     2.1349    18.4870    14.7612 3.2967e-01     0.1273      0.011    1437.13     68.148     5.7894  43.661929  0.000e+00
      0.428     2.1345    18.4864    14.7607 3.4188e-01     0.1273      0.011    1437.13     68.145     5.7892  43.661929  0.000e+00
      0.428     2.1345    18.4865    14.7609 3.4188e-01     0.1273      0.011    1437.13     68.148     5.7894  43.661930  0.000e+00
      0.391     2.1350    18.4866    14.7609 3.4188e-01     0.1285      0.011    1437.13     68.155     5.7900  43.661930  0.000e+00
      0.453     2.1354    18.4854    14.7600 3.4188e-01     0.1273      0.011    1437.13     68.094     5.7848  43.661931  0.000e+00
      0.404     2.1355    18.4855    14.7601 3.4188e-01     0.1273      0.011    1437.13     68.092     5.7846  43.661931  0.000e+00
      0.404     2.1356    18.4858    14.7602 3.2967e-01     0.1273      0.015    1437.13     68.095     5.7849  43.661932  0.000e+00
      0.404     2.1356    18.4845    14.7592 3.2967e-01     0.1273      0.011    1437.13     68.104     5.7856  43.661932  0.000e+00
      0.404     2.1356    18.4852    14.7598 3.2967e-01     0.1273      0.007    1437.13     68.108     5.7859  43.661933  0.000e+00
      0.382     2.1355    18.4850    14.7596 3.2967e-01     0.1273      0.015    1437.13     68.052     5.7812  43.661933  0.000e+00
      0.393     2.1354    18.4843    14.7590 3.2967e-01     0.1273      0.011    1437.13     68.056     5.7817  43.661934  0.000e+00
      0.382     2.1355    18.4848    14.7594 3.1746e-01     0.1273      0.011    1437.13     68.056     5.7816  43.661934  0.000e+00
      0.356     2.1352    18.4839    14.7588 3.1746e-01     0.1273      0.011    1437.13     67.996     5.7766  43.661935  0.000e+00
      0.382     2.1354    18.4828    14.7579 3.1746e-01     0.1273      0.011    1437.13     67.996     5.7766  43.661935  0.000e+00
      0.357     2.1355    18.4828    14.7578 3.1746e-01     0.1273      0.011    1437.13     68.001     5.7770  43.661936  0.000e+00
      0.369     2.1355    18.4820    14.7573 3.2967e-01     0.1273      0.011    1437.13     68.001     5.7771  43.661936  0.000e+00
      0.344     2.1355    18.4822    14.7574 3.2967e-01     0.1273      0.011    1437.13     67.952     5.7729  43.661937  0.000e+00
      0.369     2.1355    18.4829    14.7580 3.1746e-01     0.1273      0.011    1437.13     67.953     5.7730  43.661937  0.000e+00
      0.333     2.1355    18.4829    14.7579 3.1746e-01     0.1273      0.011    1437.13     67.959     5.7735  43.661938  0.000e+00
      0.357     2.1355    18.4835    14.7585 3.0525e-01     0.1273      0.011    1437.13     67.961     5.7736  43.661938  0.000e+00
      0.333     2.1356    18.4845    14.7592 3.0525e-01     0.1273      0.011    1437.13     67.967     5.7740  43.661939  0.000e+00
      0.356     2.1355    18.4844    14.7591 3.0525e-01     0.1285      0.011    1437.13     67.978     5.7750  43.661939  0.000e+00
      0.333     2.1357    18.4857    14.7602 3.0525e-01     0.1261      0.007    1437.13     67.920     5.7700  43.661940  0.000e+00
      0.333     2.1367    18.4852    14.7597 3.1746e-01     0.1273      0.011    1437.14     67.921     5.7699  43.661940  0.000e+00
      0.346     2.1372    18.4843    14.7590 3.1746e-01     0.1273      0.011    1437.14     67.927     5.7704  43.661941  0.000e+00
      0.344     2.1386    18.4847    14.7593 3.2967e-01     0.1273      0.007    1437.14     67.937     5.7710  43.661941  0.000e+00
      0.357     2.1398    18.4831    14.7580 3.2967e-01     0.1273      0.011    1437.15     67.888     5.7668  43.661942  0.000e+00
      0.333     2.1407    18.4815    14.7566 3.2967e-01     0.1273      0.011    1437.15     67.889     5.7668  43.661942  0.000e+00
      0.357     2.1412    18.4816    14.7567 3.2967e-01     0.1273      0.011    1437.15     67.895     5.7672  43.661943  0.000e+00
      0.344     2.1423    18.4801    14.7555 3.2967e-01     0.1273      0.011    1437.15     67.841     5.7625  43.661943  0.000e+00
      0.357     2.1431    18.4790    14.7546 3.4188e-01     0.1273      0.007    1437.16     67.902     5.7676  43.661943  0.000e+00
      0.357     2.1434    18.4792    14.7547 3.2967e-01     0.1285      0.011    1437.16     67.848     5.7630  43.661944  0.000e+00
