VT67_20190212_down.cnv
* Sea-Bird SBE 9 Data File:
* FileName = C:\CTD Brukere\NIVA\OKOKYST2019\20190211\VT67_20190212.hex
* Software Version Seasave V 7.23.2
* Temperature SN = 5352
* Conductivity SN = 3840
* Number of Bytes Per Scan = 28
* Number of Voltage Words = 4
* Number of Scans Averaged by the Deck Unit = 1
* NMEA baud rate = 4800
** Ship: R/V Trygve Braarud
** Cruise:
** Station:
** Operator:
# nquan = 12
# nvalues = 5124                                  
# units = specified
# name 0 = depSM: Depth [salt water, m], lat = 59.60
# name 1 = t090C: Temperature [ITS-90, deg C]
# name 2 = sal00: Salinity, Practical [PSU]
# name 3 = sigma-t00: Density [sigma-t, kg/m^3 ]
# name 4 = flSP: Fluorescence, Seapoint
# name 5 = wetStar: Fluorescence, WET Labs WETstar [mg/m^3]
# name 6 = seaTurbMtr: Turbidity, Seapoint [FTU]
# name 7 = svCM: Sound Velocity [Chen-Millero, m/s]
# name 8 = sbeox0PS: Oxygen, SBE 43 [% saturation]
# name 9 = sbeox0ML/L: Oxygen, SBE 43 [ml/l]
# name 10 = timeJ: Julian Days
# name 11 = flag:  0.000e+00
# span 0 =      0.333,    101.608                 
# span 1 =     2.1177,     8.8645                 
# span 2 =    18.4186,    34.5538                 
# span 3 =    14.7069,    26.8474                 
# span 4 = 1.3431e-01, 1.0745e+00                 
# span 5 =     0.1261,     0.1310                 
# span 6 =      0.007,      0.018                 
# span 7 =    1436.97,    1486.34                 
# span 8 =     62.402,     74.151                 
# span 9 =     4.0577,     6.2869                 
# span 10 =  43.661771,  43.664241                
# span 11 = 0.0000e+00, 0.0000e+00                
# interval = seconds: 0.0416667
# start_time = Feb 12 2019 15:52:57 [System UpLoad Time]
# bad_flag = -9.990e-29
*END*
[from data line 3489]
     64.617     8.3041    34.2637    26.6498 1.4652e-01     0.1298      0.018    1483.78     65.426     4.3092  43.663453  0.000e+00
     64.638     8.3047    34.2645    26.6504 1.4652e-01     0.1298      0.015    1483.78     65.430     4.3094  43.663454  0.000e+00
     64.651     8.3052    34.2643    26.6501 1.5873e-01     0.1298      0.015    1483.78     65.436     4.3098  43.663454  0.000e+00
     64.698     8.3060    34.2651    26.6507 1.4652e-01     0.1285      0.015    1483.79     65.437     4.3097  43.663455  0.000e+00
     64.711     8.3075    34.2668    26.6517 1.4652e-01     0.1298      0.015    1483.80     65.439     4.3096  43.663455  0.000e+00
     64.726     8.3092    34.2688    26.6530 1.4652e-01     0.1298      0.018    1483.81     65.442     4.3096  43.663456  0.000e+00
     64.760     8.3119    34.2697    26.6534 1.5873e-01     0.1298      0.018    1483.82     65.385     4.3056  43.663456  0.000e+00
     64.783     8.3143    34.2702    26.6534 1.5873e-01     0.1298      0.018    1483.83     65.385     4.3053  43.663457  0.000e+00
     64.796     8.3164    34.2707    26.6535 1.4652e-01     0.1298      0.015    1483.84     65.386     4.3052  43.663457  0.000e+00
     64.822     8.3183    34.2707    26.6531 1.7094e-01     0.1298      0.015    1483.84     65.389     4.3052  43.663458  0.000e+00
     64.843     8.3196    34.2706    26.6529 1.5873e-01     0.1298      0.015    1483.85     65.387     4.3049  43.663458  0.000e+00
     64.881     8.3205    34.2717    26.6537 1.5873e-01     0.1298      0.018    1483.85     65.386     4.3047  43.663459  0.000e+00
     64.892     8.3223    34.2726    26.6541 1.5873e-01     0.1298      0.018    1483.86     65.386     4.3046  43.663459  0.000e+00
     64.907     8.3238    34.2734    26.6545 1.4652e-01     0.1298      0.018    1483.87     65.326     4.3005  43.663460  0.000e+00
     64.941     8.3249    34.2738    26.6547 1.4652e-01     0.1298      0.018    1483.87     65.323     4.3001  43.663460  0.000e+00
     64.977     8.3257    34.2736    26.6543 1.4652e-01     0.1298      0.018    1483.88     65.321     4.2999  43.663461  0.000e+00
     64.988     8.3263    34.2739    26.6545 1.4652e-01     0.1285      0.015    1483.88     65.314     4.2994  43.663461  0.000e+00
     65.016     8.3260    34.2734    26.6541 1.4652e-01     0.1298      0.015    1483.88     65.316     4.2995  43.663462  0.000e+00
     65.037     8.3254    34.2749    26.6554 1.4652e-01     0.1298      0.018    1483.88     65.312     4.2993  43.663462  0.000e+00
     65.061     8.3265    34.2756    26.6558 1.5873e-01     0.1298      0.015    1483.88     65.309     4.2990  43.663463  0.000e+00
     65.086     8.3279    34.2759    26.6558 1.5873e-01     0.1285      0.015    1483.89     65.261     4.2957  43.663463  0.000e+00
     65.100     8.3287    34.2755    26.6554 1.5873e-01     0.1298      0.015    1483.89     65.255     4.2953  43.663464  0.000e+00
     65.133     8.3292    34.2755    26.6553 1.5873e-01     0.1298      0.015    1483.90     65.251     4.2950  43.663464  0.000e+00
     65.169     8.3293    34.2758    26.6555 1.4652e-01     0.1298      0.015    1483.90     65.249     4.2948  43.663465  0.000e+00
     65.182     8.3288    34.2762    26.6559 1.4652e-01     0.1298      0.018    1483.90     65.249     4.2948  43.663465  0.000e+00
     65.196     8.3287    34.2759    26.6557 1.4652e-01     0.1298      0.015    1483.90     65.250     4.2949  43.663465  0.000e+00
     65.231     8.3283    34.2767    26.6564 1.4652e-01     0.1298      0.015    1483.90     65.192     4.2911  43.663466  0.000e+00
     65.253     8.3280    34.2773    26.6569 1.4652e-01     0.1298      0.018    1483.90     65.190     4.2910  43.663466  0.000e+00
     65.291     8.3279    34.2778    26.6573 1.4652e-01     0.1298      0.018    1483.90     65.183     4.2905  43.663467  0.000e+00
     65.292     8.3279    34.2787    26.6580 1.4652e-01     0.1298      0.018    1483.90     65.177     4.2901  43.663467  0.000e+00
     65.327     8.3279    34.2792    26.6584 1.4652e-01     0.1298      0.015    1483.90     65.166     4.2894  43.663468  0.000e+00
     65.351     8.3279    34.2797    26.6588 1.4652e-01     0.1298      0.015    1483.90     65.164     4.2892  43.663468  0.000e+00
     65.377     8.3284    34.2797    26.6587 1.5873e-01     0.1298      0.015    1483.90     65.163     4.2891  43.663469  0.000e+00
     65.411     8.3282    34.2810    26.6597 1.5873e-01     0.1298      0.015    1483.90     65.157     4.2887  43.663469  0.000e+00
     65.423     8.3286    34.2812    26.6599 1.5873e-01     0.1298      0.018    1483.91     65.160     4.2889  43.663470  0.000e+00
     65.436     8.3289    34.2813    26.6599 1.5873e-01     0.1298      0.015    1483.91     65.157     4.2886  43.663470  0.000e+00
     65.473     8.3291    34.2811    26.6597 1.4652e-01     0.1298      0.015    1483.91     65.102     4.2850  43.663471  0.000e+00
     65.496     8.3284    34.2820    26.6605 1.4652e-01     0.1298      0.018    1483.91     65.157     4.2887  43.663471  0.000e+00
     65.507     8.3288    34.2828    26.6611 1.4652e-01     0.1285      0.015    1483.91     65.159     4.2887  43.663472  0.000e+00
     65.546     8.3295    34.2842    26.6621 1.4652e-01     0.1298      0.018    1483.91     65.163     4.2889  43.663472  0.000e+00
     65.556     8.3308    34.2842    26.6619 1.4652e-01     0.1298      0.015    1483.92     65.168     4.2891  43.663473  0.000e+00
     65.592     8.3315    34.2853    26.6627 1.4652e-01     0.1298      0.015    1483.92     65.113     4.2854  43.663473  0.000e+00
     65.618     8.3326    34.2858    26.6629 1.4652e-01     0.1298      0.015    1483.93     65.115     4.2854  43.663474  0.000e+00
     65.628     8.3330    34.2864    26.6632 1.4652e-01     0.1298      0.015    1483.93     65.118     4.2855  43.663474  0.000e+00
     65.652     8.3330    34.2861    26.6630 1.4652e-01     0.1298      0.015    1483.93     65.123     4.2858  43.663475  0.000e+00
     65.678     8.3331    34.2875    26.6641 1.4652e-01     0.1298      0.015    1483.93     65.130     4.2862  43.663475  0.000e+00
     65.701     8.3343    34.2904    26.6662 1.4652e-01     0.1298      0.015    1483.94     65.138     4.2866  43.663476  0.000e+00
     65.737     8.3370    34.2955    26.6698 1.4652e-01     0.1298      0.018    1483.96     65.148     4.2869  43.663476  0.000e+00
     65.738     8.3415    34.3005    26.6730 1.4652e-01     0.1285      0.015    1483.98     65.153     4.2866  43.663477  0.000e+00
     65.772     8.3473    34.3040    26.6749 1.4652e-01     0.1298      0.015    1484.01     65.097     4.2823  43.663477  0.000e+00
     65.797     8.3528    34.3064    26.6759 1.4652e-01     0.1298      0.018    1484.03     65.159     4.2858  43.663478  0.000e+00
     65.823     8.3587    34.3074    26.6758 1.4652e-01     0.1298      0.015    1484.06     65.107     4.2817  43.663478  0.000e+00
     65.857     8.3628    34.3080    26.6757 1.4652e-01     0.1298      0.018    1484.07     65.111     4.2816  43.663478  0.000e+00
     65.857     8.3669    34.3079    26.6750 1.4652e-01     0.1298      0.015    1484.09     65.116     4.2815  43.663479  0.000e+00
     65.894     8.3704    34.3082    26.6747 1.4652e-01     0.1298      0.015    1484.10     65.124     4.2817  43.663479  0.000e+00
     65.917     8.3727    34.3101    26.6758 1.4652e-01     0.1298      0.015    1484.11     65.126     4.2815  43.663480  0.000e+00
     65.929     8.3752    34.3114    26.6765 1.4652e-01     0.1298      0.015    1484.13     65.129     4.2815  43.663480  0.000e+00
     65.979     8.3784    34.3136    26.6777 1.4652e-01     0.1298      0.018    1484.14     65.134     4.2814  43.663481  0.000e+00
     65.977     8.3827    34.3163    26.6792 1.4652e-01     0.1285      0.015    1484.16     65.140     4.2814  43.663481  0.000e+00
     66.013     8.3884    34.3238    26.6842 1.4652e-01     0.1298      0.015    1484.19     65.148     4.2811  43.663482  0.000e+00
     66.028     8.3996    34.3338    26.6903 1.4652e-01     0.1298      0.018    1484.25     65.156     4.2803  43.663482  0.000e+00
     66.051     8.4126    34.3399    26.6930 1.4652e-01     0.1298      0.015    1484.30     65.167     4.2796  43.663483  0.000e+00
     66.086     8.4231    34.3451    26.6955 1.4652e-01     0.1285      0.018    1484.35     65.233     4.2828  43.663483  0.000e+00
     66.100     8.4334    34.3469    26.6954 1.4652e-01     0.1298      0.018    1484.39     65.184     4.2785  43.663484  0.000e+00
     66.134     8.4424    34.3469    26.6940 1.4652e-01     0.1298      0.015    1484.42     65.190     4.2781  43.663484  0.000e+00
     66.147     8.4496    34.3469    26.6929 1.4652e-01     0.1298      0.015    1484.45     65.198     4.2779  43.663485  0.000e+00
     66.184     8.4550    34.3462    26.6915 1.4652e-01     0.1298      0.015    1484.47     65.207     4.2780  43.663485  0.000e+00
     66.207     8.4599    34.3451    26.6899 1.4652e-01     0.1298      0.015    1484.49     65.218     4.2783  43.663486  0.000e+00
     66.233     8.4633    34.3452    26.6895 1.4652e-01     0.1298      0.018    1484.50     65.229     4.2787  43.663486  0.000e+00
     66.243     8.4658    34.3448    26.6887 1.4652e-01     0.1298      0.015    1484.51     65.235     4.2788  43.663487  0.000e+00
     66.279     8.4676    34.3453    26.6889 1.5873e-01     0.1298      0.015    1484.52     65.241     4.2791  43.663487  0.000e+00
     66.293     8.4699    34.3463    26.6893 1.4652e-01     0.1285      0.015    1484.53     65.248     4.2793  43.663488  0.000e+00
     66.327     8.4724    34.3484    26.6905 1.4652e-01     0.1298      0.018    1484.54     65.256     4.2795  43.663488  0.000e+00
     66.339     8.4755    34.3490    26.6906 1.4652e-01     0.1298      0.015    1484.55     65.265     4.2798  43.663489  0.000e+00
     66.378     8.4781    34.3481    26.6894 1.4652e-01     0.1298      0.015    1484.56     65.213     4.2762  43.663489  0.000e+00
     66.399     8.4798    34.3478    26.6889 1.4652e-01     0.1298      0.015    1484.57     65.210     4.2758  43.663490  0.000e+00
     66.425     8.4814    34.3464    26.6876 1.4652e-01     0.1298      0.015    1484.57     65.207     4.2755  43.663490  0.000e+00
     66.448     8.4790    34.3389    26.6821 1.4652e-01     0.1298      0.018    1484.56     65.206     4.2759  43.663491  0.000e+00
     66.484     8.4707    34.3425    26.6862 1.4652e-01     0.1298      0.018    1484.53     65.206     4.2765  43.663491  0.000e+00
     66.498     8.4721    34.3510    26.6926 1.4652e-01     0.1298      0.018    1484.55     65.206     4.2762  43.663492  0.000e+00
     66.521     8.4782    34.3559    26.6955 1.4652e-01     0.1298      0.015    1484.58     65.207     4.2755  43.663492  0.000e+00
     66.558     8.4845    34.3568    26.6953 1.4652e-01     0.1298      0.015    1484.60     65.208     4.2750  43.663492  0.000e+00
     66.568     8.4897    34.3564    26.6942 1.4652e-01     0.1298      0.015    1484.62     65.149     4.2706  43.663493  0.000e+00
     66.617     8.4938    34.3556    26.6929 1.4652e-01     0.1298      0.015    1484.64     65.208     4.2741  43.663493  0.000e+00
     66.630     8.4967    34.3554    26.6923 1.4652e-01     0.1298      0.015    1484.65     65.151     4.2701  43.663494  0.000e+00
     66.641     8.4989    34.3554    26.6920 1.4652e-01     0.1298      0.015    1484.65     65.142     4.2693  43.663494  0.000e+00
     66.679     8.5014    34.3557    26.6918 1.4652e-01     0.1298      0.015    1484.66     65.142     4.2691  43.663495  0.000e+00
     66.713     8.5038    34.3580    26.6933 1.4652e-01     0.1298      0.015    1484.68     65.143     4.2688  43.663495  0.000e+00
     66.726     8.5074    34.3602    26.6944 1.4652e-01     0.1298      0.015    1484.69     65.207     4.2726  43.663496  0.000e+00
     66.750     8.5114    34.3618    26.6951 1.4652e-01     0.1298      0.015    1484.71     65.155     4.2688  43.663496  0.000e+00
     66.798     8.5156    34.3630    26.6953 1.4652e-01     0.1285      0.015    1484.73     65.152     4.2682  43.663497  0.000e+00
     66.811     8.5196    34.3629    26.6946 1.4652e-01     0.1298      0.015    1484.74     65.150     4.2676  43.663497  0.000e+00
     66.833     8.5209    34.3544    26.6878 1.4652e-01     0.1298      0.018    1484.74     65.148     4.2677  43.663498  0.000e+00
     66.871     8.5145    34.3532    26.6879 1.4652e-01     0.1298      0.015    1484.71     65.148     4.2683  43.663498  0.000e+00
     66.882     8.5154    34.3618    26.6944 1.4652e-01     0.1298      0.015    1484.73     65.149     4.2680  43.663499  0.000e+00
     66.920     8.5219    34.3679    26.6982 1.4652e-01     0.1298      0.015    1484.76     65.150     4.2673  43.663499  0.000e+00
     66.943     8.5281    34.3696    26.6986 1.4652e-01     0.1298      0.015    1484.79     65.152     4.2668  43.663500  0.000e+00
     66.967     8.5330    34.3698    26.6980 1.4652e-01     0.1285      0.018    1484.80     65.093     4.2625  43.663500  0.000e+00
     67.004     8.5365    34.3697    26.6974 1.4652e-01     0.1298      0.015    1484.82     65.144     4.2655  43.663501  0.000e+00
     67.014     8.5391    34.3700    26.6972 1.4652e-01     0.1298      0.015    1484.83     65.087     4.2615  43.663501  0.000e+00
     67.040     8.5417    34.3702    26.6970 1.4652e-01     0.1298      0.018    1484.84     65.141     4.2647  43.663502  0.000e+00
     67.076     8.5431    34.3659    26.6934 1.4652e-01     0.1298      0.015    1484.84     65.078     4.2606  43.663502  0.000e+00
     67.100     8.5397    34.3618    26.6907 1.4652e-01     0.1285      0.015    1484.82     65.133     4.2647  43.663503  0.000e+00
     67.123     8.5390    34.3664    26.6944 1.4652e-01     0.1298      0.018    1484.83     65.134     4.2647  43.663503  0.000e+00
     67.149     8.5422    34.3706    26.6972 1.4652e-01     0.1298      0.015    1484.84     65.074     4.2603  43.663504  0.000e+00
     67.172     8.5451    34.3719    26.6978 1.4652e-01     0.1298      0.018    1484.86     65.069     4.2597  43.663504  0.000e+00
     67.196     8.5472    34.3720    26.6975 1.4652e-01     0.1298      0.015    1484.86     65.126     4.2632  43.663505  0.000e+00
     67.221     8.5489    34.3722    26.6974 1.4652e-01     0.1298      0.018    1484.87     65.068     4.2593  43.663505  0.000e+00
     67.244     8.5510    34.3740    26.6985 1.4652e-01     0.1298      0.018    1484.88     65.127     4.2629  43.663505  0.000e+00
     67.281     8.5536    34.3759    26.6996 1.4652e-01     0.1298      0.015    1484.89     65.071     4.2589  43.663506  0.000e+00
     67.292     8.5567    34.3758    26.6990 1.4652e-01     0.1285      0.015    1484.91     65.070     4.2585  43.663506  0.000e+00
     67.330     8.5586    34.3765    26.6993 1.4652e-01     0.1298      0.015    1484.91     65.077     4.2588  43.663507  0.000e+00
     67.353     8.5604    34.3761    26.6987 1.4652e-01     0.1298      0.018    1484.92     65.078     4.2587  43.663507  0.000e+00
     67.377     8.5614    34.3737    26.6967 1.4652e-01     0.1298      0.018    1484.92     65.142     4.2628  43.663508  0.000e+00
     67.413     8.5598    34.3655    26.6904 1.4652e-01     0.1298      0.015    1484.91     65.090     4.2598  43.663508  0.000e+00
     67.426     8.5528    34.3663    26.6922 1.4652e-01     0.1298      0.018    1484.88     65.093     4.2607  43.663509  0.000e+00
     67.449     8.5533    34.3734    26.6977 1.4652e-01     0.1298      0.015    1484.89     65.098     4.2607  43.663509  0.000e+00
     67.475     8.5575    34.3780    26.7006 1.4652e-01     0.1298      0.015    1484.91     65.103     4.2605  43.663510  0.000e+00
     67.486     8.5614    34.3780    26.7000 1.4652e-01     0.1298      0.018    1484.93     65.170     4.2646  43.663510  0.000e+00
     67.535     8.5636    34.3780    26.6997 1.4652e-01     0.1310      0.018    1484.94     65.122     4.2613  43.663511  0.000e+00
