VT67_20190212_down.cnv
* Sea-Bird SBE 9 Data File:
* FileName = C:\CTD Brukere\NIVA\OKOKYST2019\20190211\VT67_20190212.hex
* Software Version Seasave V 7.23.2
* Temperature SN = 5352
* Conductivity SN = 3840
* Number of Bytes Per Scan = 28
* Number of Voltage Words = 4
* Number of Scans Averaged by the Deck Unit = 1
* NMEA baud rate = 4800
** Ship: R/V Trygve Braarud
** Cruise:
** Station:
** Operator:
# nquan = 12
# nvalues = 5124                                  
# units = specified
# name 0 = depSM: Depth [salt water, m], lat = 59.60
# name 1 = t090C: Temperature [ITS-90, deg C]
# name 2 = sal00: Salinity, Practical [PSU]
# name 3 = sigma-t00: Density [sigma-t, kg/m^3 ]
# name 4 = flSP: Fluorescence, Seapoint
# name 5 = wetStar: Fluorescence, WET Labs WETstar [mg/m^3]
# name 6 = seaTurbMtr: Turbidity, Seapoint [FTU]
# name 7 = svCM: Sound Velocity [Chen-Millero, m/s]
# name 8 = sbeox0PS: Oxygen, SBE 43 [% saturation]
# name 9 = sbeox0ML/L: Oxygen, SBE 43 [ml/l]
# name 10 = timeJ: Julian Days
# name 11 = flag:  0.000e+00
# span 0 =      0.333,    101.608                 
# span 1 =     2.1177,     8.8645                 
# span 2 =    18.4186,    34.5538                 
# span 3 =    14.7069,    26.8474                 
# span 4 = 1.3431e-01, 1.0745e+00                 
# span 5 =     0.1261,     0.1310                 
# span 6 =      0.007,      0.018                 
# span 7 =    1436.97,    1486.34                 
# span 8 =     62.402,     74.151                 
# span 9 =     4.0577,     6.2869                 
# span 10 =  43.661771,  43.664241                
# span 11 = 0.0000e+00, 0.0000e+00                
# interval = seconds: 0.0416667
# start_time = Feb 12 2019 15:52:57 [System UpLoad Time]
# bad_flag = -9.990e-29
*END*
[from data line 2767]
     47.668     7.5588    33.6652    26.2895 1.7094e-01     0.1285      0.015    1479.93     66.710     4.4857  43.663105  0.000e+00
     47.689     7.5591    33.6659    26.2900 1.7094e-01     0.1298      0.015    1479.93     66.763     4.4893  43.663106  0.000e+00
     47.704     7.5596    33.6659    26.2899 1.7094e-01     0.1298      0.018    1479.93     66.699     4.4849  43.663106  0.000e+00
     47.725     7.5589    33.6661    26.2902 1.7094e-01     0.1285      0.018    1479.93     66.697     4.4848  43.663107  0.000e+00
     47.753     7.5586    33.6665    26.2905 1.7094e-01     0.1285      0.015    1479.93     66.688     4.4842  43.663107  0.000e+00
     47.772     7.5577    33.6665    26.2906 1.7094e-01     0.1285      0.018    1479.93     66.678     4.4836  43.663108  0.000e+00
     47.800     7.5562    33.6667    26.2911 1.7094e-01     0.1285      0.015    1479.92     66.668     4.4831  43.663108  0.000e+00
     47.821     7.5550    33.6668    26.2912 1.7094e-01     0.1298      0.015    1479.92     66.657     4.4825  43.663109  0.000e+00
     47.835     7.5532    33.6665    26.2913 1.7094e-01     0.1298      0.015    1479.91     66.654     4.4825  43.663109  0.000e+00
     47.873     7.5513    33.6669    26.2919 1.7094e-01     0.1285      0.015    1479.91     66.651     4.4825  43.663110  0.000e+00
     47.881     7.5500    33.6676    26.2926 1.7094e-01     0.1285      0.018    1479.90     66.648     4.4824  43.663110  0.000e+00
     47.909     7.5492    33.6676    26.2927 1.7094e-01     0.1298      0.015    1479.90     66.645     4.4823  43.663111  0.000e+00
     47.930     7.5481    33.6683    26.2934 1.7094e-01     0.1298      0.015    1479.90     66.642     4.4822  43.663111  0.000e+00
     47.944     7.5473    33.6685    26.2937 1.7094e-01     0.1298      0.015    1479.89     66.639     4.4820  43.663111  0.000e+00
     47.977     7.5460    33.6693    26.2945 1.7094e-01     0.1298      0.015    1479.89     66.636     4.4819  43.663112  0.000e+00
     47.993     7.5454    33.6706    26.2957 1.7094e-01     0.1285      0.018    1479.89     66.632     4.4817  43.663112  0.000e+00
     48.014     7.5448    33.6719    26.2967 1.7094e-01     0.1298      0.015    1479.89     66.629     4.4815  43.663113  0.000e+00
     48.040     7.5447    33.6732    26.2978 1.7094e-01     0.1298      0.015    1479.89     66.564     4.4771  43.663113  0.000e+00
     48.061     7.5447    33.6743    26.2986 1.7094e-01     0.1298      0.015    1479.89     66.616     4.4806  43.663114  0.000e+00
     48.089     7.5447    33.6747    26.2990 1.7094e-01     0.1298      0.015    1479.90     66.551     4.4762  43.663114  0.000e+00
     48.112     7.5450    33.6753    26.2994 1.7094e-01     0.1285      0.018    1479.90     66.541     4.4755  43.663115  0.000e+00
     48.121     7.5452    33.6759    26.2998 1.7094e-01     0.1298      0.015    1479.90     66.531     4.4748  43.663115  0.000e+00
     48.160     7.5457    33.6760    26.2999 1.7094e-01     0.1285      0.018    1479.90     66.584     4.4783  43.663116  0.000e+00
     48.170     7.5455    33.6774    26.3009 1.7094e-01     0.1285      0.015    1479.90     66.520     4.4740  43.663116  0.000e+00
     48.209     7.5462    33.6784    26.3016 1.7094e-01     0.1285      0.015    1479.91     66.519     4.4738  43.663117  0.000e+00
     48.217     7.5466    33.6796    26.3025 1.7094e-01     0.1298      0.015    1479.91     66.510     4.4731  43.663117  0.000e+00
     48.256     7.5473    33.6804    26.3031 1.7094e-01     0.1285      0.015    1479.91     66.502     4.4725  43.663118  0.000e+00
     48.269     7.5476    33.6815    26.3039 1.7094e-01     0.1298      0.018    1479.92     66.502     4.4724  43.663118  0.000e+00
     48.302     7.5485    33.6814    26.3037 1.7094e-01     0.1298      0.015    1479.92     66.495     4.4718  43.663119  0.000e+00
     48.316     7.5489    33.6817    26.3039 1.7094e-01     0.1298      0.015    1479.92     66.495     4.4718  43.663119  0.000e+00
     48.338     7.5495    33.6820    26.3040 1.7094e-01     0.1298      0.018    1479.93     66.489     4.4713  43.663120  0.000e+00
     48.365     7.5498    33.6820    26.3040 1.7094e-01     0.1285      0.018    1479.93     66.491     4.4714  43.663120  0.000e+00
     48.386     7.5503    33.6822    26.3041 1.5873e-01     0.1285      0.015    1479.93     66.485     4.4710  43.663121  0.000e+00
     48.412     7.5506    33.6823    26.3041 1.7094e-01     0.1298      0.018    1479.93     66.488     4.4711  43.663121  0.000e+00
     48.437     7.5508    33.6826    26.3043 1.7094e-01     0.1298      0.015    1479.93     66.484     4.4708  43.663122  0.000e+00
     48.458     7.5511    33.6824    26.3041 1.5873e-01     0.1285      0.015    1479.94     66.480     4.4705  43.663122  0.000e+00
     48.472     7.5511    33.6824    26.3041 1.7094e-01     0.1285      0.018    1479.94     66.476     4.4703  43.663123  0.000e+00
     48.518     7.5513    33.6819    26.3036 1.7094e-01     0.1285      0.015    1479.94     66.480     4.4706  43.663123  0.000e+00
     48.521     7.5511    33.6832    26.3048 1.7094e-01     0.1298      0.015    1479.94     66.485     4.4708  43.663124  0.000e+00
     48.570     7.5509    33.6848    26.3060 1.7094e-01     0.1298      0.015    1479.94     66.490     4.4712  43.663124  0.000e+00
     48.578     7.5508    33.6867    26.3075 1.7094e-01     0.1285      0.015    1479.94     66.496     4.4716  43.663125  0.000e+00
     48.606     7.5514    33.6876    26.3082 1.5873e-01     0.1298      0.015    1479.95     66.495     4.4714  43.663125  0.000e+00
     48.627     7.5516    33.6889    26.3091 1.5873e-01     0.1285      0.015    1479.95     66.495     4.4713  43.663125  0.000e+00
     48.666     7.5519    33.6899    26.3099 1.7094e-01     0.1298      0.018    1479.95     66.502     4.4717  43.663126  0.000e+00
     48.666     7.5520    33.6911    26.3108 1.5873e-01     0.1285      0.015    1479.95     66.502     4.4717  43.663126  0.000e+00
     48.711     7.5524    33.6919    26.3114 1.5873e-01     0.1298      0.015    1479.96     66.503     4.4717  43.663127  0.000e+00
     48.726     7.5529    33.6930    26.3122 1.5873e-01     0.1298      0.015    1479.96     66.503     4.4716  43.663127  0.000e+00
     48.750     7.5534    33.6949    26.3136 1.7094e-01     0.1298      0.015    1479.96     66.504     4.4716  43.663128  0.000e+00
     48.771     7.5543    33.6964    26.3147 1.7094e-01     0.1298      0.015    1479.97     66.506     4.4715  43.663128  0.000e+00
     48.810     7.5551    33.6975    26.3154 1.7094e-01     0.1285      0.015    1479.98     66.508     4.4716  43.663129  0.000e+00
     48.832     7.5559    33.6982    26.3158 1.7094e-01     0.1285      0.018    1479.98     66.517     4.4721  43.663129  0.000e+00
     48.822     7.5564    33.6991    26.3164 1.5873e-01     0.1298      0.015    1479.98     66.520     4.4722  43.663130  0.000e+00
     48.893     7.5567    33.6990    26.3163 1.7094e-01     0.1298      0.018    1479.98     66.523     4.4724  43.663130  0.000e+00
     48.903     7.5573    33.6997    26.3168 1.5873e-01     0.1285      0.015    1479.99     66.526     4.4725  43.663131  0.000e+00
     48.918     7.5580    33.7000    26.3169 1.7094e-01     0.1298      0.015    1479.99     66.530     4.4727  43.663131  0.000e+00
     48.953     7.5585    33.7001    26.3170 1.5873e-01     0.1285      0.018    1479.99     66.533     4.4729  43.663132  0.000e+00
     48.976     7.5586    33.7007    26.3174 1.7094e-01     0.1285      0.015    1480.00     66.538     4.4731  43.663132  0.000e+00
     49.002     7.5592    33.7008    26.3174 1.7094e-01     0.1285      0.015    1480.00     66.542     4.4734  43.663133  0.000e+00
     49.027     7.5597    33.7012    26.3176 1.7094e-01     0.1285      0.015    1480.00     66.547     4.4736  43.663133  0.000e+00
     49.048     7.5599    33.7015    26.3178 1.7094e-01     0.1285      0.018    1480.00     66.490     4.4698  43.663134  0.000e+00
     49.074     7.5603    33.7018    26.3180 1.5873e-01     0.1298      0.015    1480.00     66.488     4.4696  43.663134  0.000e+00
     49.098     7.5604    33.7023    26.3184 1.7094e-01     0.1298      0.015    1480.01     66.549     4.4737  43.663135  0.000e+00
     49.132     7.5606    33.7023    26.3184 1.7094e-01     0.1285      0.018    1480.01     66.556     4.4741  43.663135  0.000e+00
     49.147     7.5606    33.7028    26.3188 1.7094e-01     0.1285      0.015    1480.01     66.563     4.4746  43.663136  0.000e+00
     49.157     7.5604    33.7021    26.3183 1.8315e-01     0.1285      0.015    1480.01     66.570     4.4751  43.663136  0.000e+00
     49.218     7.5591    33.6972    26.3146 1.7094e-01     0.1298      0.015    1480.00     66.516     4.4717  43.663137  0.000e+00
     49.218     7.5565    33.6975    26.3152 1.7094e-01     0.1298      0.015    1479.99     66.571     4.4757  43.663137  0.000e+00
     49.243     7.5567    33.7012    26.3181 1.7094e-01     0.1298      0.015    1479.99     66.579     4.4761  43.663138  0.000e+00
     49.277     7.5583    33.7049    26.3207 1.7094e-01     0.1285      0.018    1480.00     66.580     4.4759  43.663138  0.000e+00
     49.291     7.5606    33.7052    26.3207 1.7094e-01     0.1285      0.015    1480.01     66.581     4.4757  43.663139  0.000e+00
     49.314     7.5618    33.7056    26.3208 1.7094e-01     0.1285      0.015    1480.02     66.520     4.4714  43.663139  0.000e+00
     49.361     7.5625    33.7059    26.3210 1.7094e-01     0.1285      0.018    1480.02     66.583     4.4756  43.663139  0.000e+00
     49.352     7.5631    33.7065    26.3213 1.7094e-01     0.1298      0.018    1480.03     66.584     4.4756  43.663140  0.000e+00
     49.399     7.5639    33.7060    26.3208 1.7094e-01     0.1285      0.015    1480.03     66.586     4.4757  43.663140  0.000e+00
     49.421     7.5645    33.7062    26.3209 1.7094e-01     0.1298      0.015    1480.03     66.525     4.4715  43.663141  0.000e+00
     49.423     7.5654    33.7074    26.3217 1.7094e-01     0.1285      0.015    1480.04     66.581     4.4752  43.663141  0.000e+00
     49.472     7.5668    33.7091    26.3229 1.7094e-01     0.1285      0.015    1480.05     66.521     4.4709  43.663142  0.000e+00
     49.482     7.5681    33.7100    26.3234 1.7094e-01     0.1285      0.018    1480.05     66.516     4.4704  43.663142  0.000e+00
     49.508     7.5694    33.7104    26.3235 1.7094e-01     0.1285      0.018    1480.06     66.572     4.4741  43.663143  0.000e+00
     49.532     7.5706    33.7111    26.3239 1.7094e-01     0.1298      0.015    1480.06     66.575     4.4741  43.663143  0.000e+00
     49.553     7.5721    33.7125    26.3248 1.7094e-01     0.1285      0.015    1480.07     66.515     4.4699  43.663144  0.000e+00
     49.579     7.5737    33.7132    26.3251 1.7094e-01     0.1285      0.015    1480.08     66.510     4.4694  43.663144  0.000e+00
     49.615     7.5749    33.7139    26.3255 1.7094e-01     0.1285      0.018    1480.09     66.568     4.4731  43.663145  0.000e+00
     49.639     7.5763    33.7152    26.3263 1.5873e-01     0.1285      0.015    1480.09     66.571     4.4731  43.663145  0.000e+00
     49.649     7.5777    33.7168    26.3274 1.7094e-01     0.1298      0.018    1480.10     66.511     4.4690  43.663146  0.000e+00
     49.675     7.5791    33.7176    26.3278 1.5873e-01     0.1298      0.015    1480.11     66.507     4.4685  43.663146  0.000e+00
     49.699     7.5807    33.7184    26.3281 1.5873e-01     0.1298      0.015    1480.11     66.503     4.4681  43.663147  0.000e+00
     49.733     7.5823    33.7197    26.3290 1.7094e-01     0.1285      0.015    1480.12     66.562     4.4718  43.663147  0.000e+00
     49.748     7.5840    33.7209    26.3296 1.7094e-01     0.1285      0.015    1480.13     66.504     4.4677  43.663148  0.000e+00
     49.772     7.5855    33.7218    26.3301 1.7094e-01     0.1298      0.015    1480.14     66.500     4.4673  43.663148  0.000e+00
     49.795     7.5871    33.7226    26.3306 1.7094e-01     0.1298      0.015    1480.15     66.559     4.4710  43.663149  0.000e+00
     49.831     7.5886    33.7241    26.3316 1.7094e-01     0.1285      0.018    1480.15     66.564     4.4711  43.663149  0.000e+00
     49.844     7.5905    33.7245    26.3315 1.7094e-01     0.1298      0.018    1480.16     66.568     4.4712  43.663150  0.000e+00
     49.868     7.5924    33.7267    26.3330 1.7094e-01     0.1298      0.015    1480.17     66.510     4.4671  43.663150  0.000e+00
     49.893     7.5953    33.7294    26.3348 1.7094e-01     0.1298      0.015    1480.19     66.508     4.4665  43.663151  0.000e+00
     49.914     7.5988    33.7323    26.3365 1.7094e-01     0.1298      0.015    1480.20     66.505     4.4659  43.663151  0.000e+00
     49.940     7.6028    33.7352    26.3382 1.7094e-01     0.1298      0.018    1480.22     66.503     4.4653  43.663152  0.000e+00
     49.976     7.6071    33.7387    26.3403 1.7094e-01     0.1285      0.015    1480.24     66.563     4.4688  43.663152  0.000e+00
     49.976     7.6116    33.7404    26.3411 1.7094e-01     0.1285      0.018    1480.26     66.506     4.4645  43.663152  0.000e+00
     50.023     7.6160    33.7406    26.3406 1.8315e-01     0.1298      0.018    1480.28     66.567     4.4681  43.663153  0.000e+00
     50.036     7.6190    33.7404    26.3400 1.8315e-01     0.1298      0.015    1480.29     66.510     4.4640  43.663153  0.000e+00
     50.060     7.6209    33.7407    26.3399 1.7094e-01     0.1285      0.015    1480.30     66.509     4.4637  43.663154  0.000e+00
     50.084     7.6227    33.7410    26.3399 1.7094e-01     0.1298      0.018    1480.31     66.508     4.4635  43.663154  0.000e+00
     50.107     7.6243    33.7417    26.3403 1.7094e-01     0.1298      0.015    1480.32     66.570     4.4674  43.663155  0.000e+00
     50.133     7.6260    33.7426    26.3407 1.5873e-01     0.1298      0.015    1480.32     66.515     4.4635  43.663155  0.000e+00
     50.169     7.6275    33.7434    26.3412 1.7094e-01     0.1285      0.015    1480.33     66.577     4.4675  43.663156  0.000e+00
     50.169     7.6283    33.7433    26.3410 1.7094e-01     0.1298      0.015    1480.33     66.584     4.4679  43.663156  0.000e+00
     50.216     7.6274    33.7428    26.3407 1.7094e-01     0.1298      0.018    1480.33     66.529     4.4644  43.663157  0.000e+00
     50.229     7.6256    33.7415    26.3399 1.7094e-01     0.1298      0.018    1480.32     66.584     4.4682  43.663157  0.000e+00
     50.253     7.6224    33.7417    26.3405 1.7094e-01     0.1298      0.015    1480.31     66.522     4.4644  43.663158  0.000e+00
     50.276     7.6179    33.7433    26.3424 1.7094e-01     0.1298      0.015    1480.30     66.584     4.4690  43.663158  0.000e+00
     50.299     7.6140    33.7451    26.3444 1.7094e-01     0.1285      0.018    1480.28     66.591     4.4698  43.663159  0.000e+00
     50.325     7.6112    33.7474    26.3467 1.7094e-01     0.1298      0.018    1480.28     66.599     4.4705  43.663159  0.000e+00
     50.349     7.6096    33.7508    26.3495 1.7094e-01     0.1285      0.015    1480.28     66.606     4.4711  43.663160  0.000e+00
     50.374     7.6079    33.7462    26.3461 1.7094e-01     0.1298      0.015    1480.26     66.606     4.4714  43.663160  0.000e+00
     50.385     7.6043    33.7456    26.3462 1.7094e-01     0.1298      0.018    1480.25     66.613     4.4722  43.663161  0.000e+00
     50.432     7.6055    33.7555    26.3538 1.7094e-01     0.1298      0.015    1480.27     66.620     4.4723  43.663161  0.000e+00
     50.434     7.6112    33.7669    26.3619 1.7094e-01     0.1285      0.018    1480.30     66.626     4.4718  43.663162  0.000e+00
     50.457     7.6178    33.7753    26.3676 1.7094e-01     0.1298      0.015    1480.34     66.633     4.4713  43.663162  0.000e+00
     50.481     7.6254    33.7800    26.3702 1.5873e-01     0.1298      0.015    1480.37     66.632     4.4703  43.663163  0.000e+00
