VT67_20190212_down.cnv
* Sea-Bird SBE 9 Data File:
* FileName = C:\CTD Brukere\NIVA\OKOKYST2019\20190211\VT67_20190212.hex
* Software Version Seasave V 7.23.2
* Temperature SN = 5352
* Conductivity SN = 3840
* Number of Bytes Per Scan = 28
* Number of Voltage Words = 4
* Number of Scans Averaged by the Deck Unit = 1
* NMEA baud rate = 4800
** Ship: R/V Trygve Braarud
** Cruise:
** Station:
** Operator:
# nquan = 12
# nvalues = 5124                                  
# units = specified
# name 0 = depSM: Depth [salt water, m], lat = 59.60
# name 1 = t090C: Temperature [ITS-90, deg C]
# name 2 = sal00: Salinity, Practical [PSU]
# name 3 = sigma-t00: Density [sigma-t, kg/m^3 ]
# name 4 = flSP: Fluorescence, Seapoint
# name 5 = wetStar: Fluorescence, WET Labs WETstar [mg/m^3]
# name 6 = seaTurbMtr: Turbidity, Seapoint [FTU]
# name 7 = svCM: Sound Velocity [Chen-Millero, m/s]
# name 8 = sbeox0PS: Oxygen, SBE 43 [% saturation]
# name 9 = sbeox0ML/L: Oxygen, SBE 43 [ml/l]
# name 10 = timeJ: Julian Days
# name 11 = flag:  0.000e+00
# span 0 =      0.333,    101.608                 
# span 1 =     2.1177,     8.8645                 
# span 2 =    18.4186,    34.5538                 
# span 3 =    14.7069,    26.8474                 
# span 4 = 1.3431e-01, 1.0745e+00                 
# span 5 =     0.1261,     0.1310                 
# span 6 =      0.007,      0.018                 
# span 7 =    1436.97,    1486.34                 
# span 8 =     62.402,     74.151                 
# span 9 =     4.0577,     6.2869                 
# span 10 =  43.661771,  43.664241                
# span 11 = 0.0000e+00, 0.0000e+00                
# interval = seconds: 0.0416667
# start_time = Feb 12 2019 15:52:57 [System UpLoad Time]
# bad_flag = -9.990e-29
*END*
[from data line 121]
      0.404     2.1274    18.4548    14.7358 3.6630e-01     0.1273      0.011    1437.05     71.457     6.0730  43.661829  0.000e+00
      0.417     2.1272    18.4544    14.7354 4.3956e-01     0.1273      0.011    1437.05     71.397     6.0680  43.661830  0.000e+00
      0.417     2.1274    18.4553    14.7362 5.8608e-01     0.1273      0.007    1437.06     71.387     6.0671  43.661830  0.000e+00
      0.417     2.1276    18.4559    14.7367 7.5702e-01     0.1273      0.011    1437.06     71.328     6.0620  43.661831  0.000e+00
      0.417     2.1273    18.4562    14.7369 9.2796e-01     0.1273      0.011    1437.06     71.319     6.0613  43.661831  0.000e+00
      0.416     2.1273    18.4562    14.7369 1.0501e+00     0.1261      0.007    1437.06     71.317     6.0611  43.661832  0.000e+00
      0.417     2.1275    18.4562    14.7369 1.0745e+00     0.1273      0.011    1437.06     71.245     6.0550  43.661832  0.000e+00
      0.404     2.1273    18.4563    14.7369 9.7680e-01     0.1273      0.011    1437.06     71.234     6.0541  43.661833  0.000e+00
      0.417     2.1274    18.4561    14.7368 8.1807e-01     0.1261      0.007    1437.06     71.229     6.0536  43.661833  0.000e+00
      0.404     2.1274    18.4565    14.7371 6.7155e-01     0.1261      0.011    1437.06     71.164     6.0481  43.661834  0.000e+00
      0.417     2.1274    18.4561    14.7368 5.6166e-01     0.1273      0.007    1437.06     71.151     6.0470  43.661834  0.000e+00
      0.404     2.1273    18.4565    14.7371 4.7619e-01     0.1261      0.007    1437.06     71.143     6.0463  43.661834  0.000e+00
      0.404     2.1276    18.4560    14.7367 4.3956e-01     0.1273      0.011    1437.06     71.141     6.0461  43.661835  0.000e+00
      0.380     2.1274    18.4563    14.7369 4.0293e-01     0.1273      0.011    1437.06     71.079     6.0409  43.661835  0.000e+00
      0.417     2.1276    18.4564    14.7371 3.6630e-01     0.1273      0.007    1437.06     71.070     6.0400  43.661836  0.000e+00
      0.404     2.1276    18.4563    14.7370 3.5409e-01     0.1273      0.011    1437.06     71.065     6.0396  43.661836  0.000e+00
      0.382     2.1277    18.4561    14.7368 3.5409e-01     0.1261      0.011    1437.06     71.001     6.0342  43.661837  0.000e+00
      0.404     2.1276    18.4564    14.7370 3.4188e-01     0.1261      0.011    1437.06     70.998     6.0340  43.661837  0.000e+00
      0.391     2.1277    18.4564    14.7370 3.5409e-01     0.1273      0.011    1437.06     70.937     6.0288  43.661838  0.000e+00
      0.393     2.1277    18.4561    14.7368 3.5409e-01     0.1273      0.011    1437.06     70.937     6.0288  43.661838  0.000e+00
      0.369     2.1274    18.4558    14.7366 3.5409e-01     0.1273      0.007    1437.06     70.934     6.0285  43.661839  0.000e+00
      0.393     2.1277    18.4557    14.7365 3.5409e-01     0.1273      0.011    1437.06     70.936     6.0287  43.661839  0.000e+00
      0.380     2.1279    18.4555    14.7363 3.6630e-01     0.1273      0.011    1437.06     70.870     6.0231  43.661840  0.000e+00
      0.393     2.1277    18.4550    14.7359 3.7851e-01     0.1273      0.011    1437.06     70.865     6.0227  43.661840  0.000e+00
      0.382     2.1279    18.4548    14.7357 3.9072e-01     0.1273      0.011    1437.06     70.866     6.0227  43.661841  0.000e+00
      0.393     2.1274    18.4544    14.7354 3.9072e-01     0.1273      0.007    1437.05     70.799     6.0171  43.661841  0.000e+00
      0.367     2.1272    18.4542    14.7353 3.9072e-01     0.1273      0.011    1437.05     70.792     6.0166  43.661842  0.000e+00
      0.404     2.1271    18.4538    14.7350 3.6630e-01     0.1273      0.015    1437.05     70.727     6.0111  43.661842  0.000e+00
      0.382     2.1279    18.4534    14.7346 3.6630e-01     0.1273      0.011    1437.05     70.713     6.0098  43.661843  0.000e+00
      0.393     2.1304    18.4521    14.7335 3.6630e-01     0.1273      0.011    1437.06     70.715     6.0096  43.661843  0.000e+00
      0.393     2.1319    18.4510    14.7326 3.5409e-01     0.1273      0.011    1437.07     70.713     6.0093  43.661844  0.000e+00
      0.380     2.1329    18.4504    14.7321 3.4188e-01     0.1273      0.007    1437.07     70.653     6.0040  43.661844  0.000e+00
      0.393     2.1333    18.4501    14.7318 3.2967e-01     0.1261      0.011    1437.08     70.654     6.0041  43.661845  0.000e+00
      0.393     2.1333    18.4495    14.7314 3.2967e-01     0.1273      0.011    1437.07     70.661     6.0047  43.661845  0.000e+00
      0.404     2.1338    18.4493    14.7311 3.4188e-01     0.1261      0.011    1437.08     70.601     5.9995  43.661846  0.000e+00
      0.391     2.1341    18.4490    14.7309 3.4188e-01     0.1273      0.011    1437.08     70.602     5.9996  43.661846  0.000e+00
      0.393     2.1343    18.4489    14.7309 3.2967e-01     0.1273      0.011    1437.08     70.599     5.9993  43.661847  0.000e+00
      0.404     2.1344    18.4489    14.7309 3.2967e-01     0.1261      0.007    1437.08     70.602     5.9995  43.661847  0.000e+00
      0.404     2.1349    18.4488    14.7308 3.1746e-01     0.1273      0.011    1437.08     70.547     5.9948  43.661848  0.000e+00
      0.367     2.1350    18.4490    14.7309 3.1746e-01     0.1273      0.011    1437.08     70.552     5.9952  43.661848  0.000e+00
      0.453     2.1352    18.4487    14.7307 3.1746e-01     0.1273      0.011    1437.08     70.491     5.9900  43.661848  0.000e+00
      0.404     2.1351    18.4494    14.7312 3.4188e-01     0.1273      0.011    1437.08     70.490     5.9899  43.661849  0.000e+00
      0.404     2.1349    18.4496    14.7314 3.6630e-01     0.1273      0.011    1437.08     70.496     5.9904  43.661849  0.000e+00
      0.417     2.1352    18.4494    14.7312 3.5409e-01     0.1261      0.007    1437.08     70.434     5.9851  43.661850  0.000e+00
      0.404     2.1350    18.4493    14.7311 3.4188e-01     0.1285      0.015    1437.08     70.432     5.9850  43.661850  0.000e+00
      0.429     2.1343    18.4495    14.7313 3.2967e-01     0.1273      0.011    1437.08     70.438     5.9856  43.661851  0.000e+00
      0.417     2.1330    18.4504    14.7320 3.4188e-01     0.1261      0.007    1437.07     70.375     5.9804  43.661851  0.000e+00
      0.429     2.1322    18.4505    14.7322 3.2967e-01     0.1273      0.011    1437.07     70.374     5.9804  43.661852  0.000e+00
      0.427     2.1313    18.4513    14.7328 3.4188e-01     0.1273      0.011    1437.07     70.379     5.9809  43.661852  0.000e+00
      0.429     2.1309    18.4517    14.7332 3.4188e-01     0.1273      0.011    1437.07     70.326     5.9765  43.661853  0.000e+00
      0.429     2.1307    18.4517    14.7332 3.1746e-01     0.1273      0.011    1437.07     70.324     5.9764  43.661853  0.000e+00
      0.429     2.1307    18.4523    14.7336 3.2967e-01     0.1273      0.011    1437.07     70.329     5.9767  43.661854  0.000e+00
      0.429     2.1302    18.4532    14.7344 3.2967e-01     0.1261      0.007    1437.07     70.330     5.9769  43.661854  0.000e+00
      0.440     2.1300    18.4538    14.7349 3.2967e-01     0.1273      0.011    1437.07     70.273     5.9721  43.661855  0.000e+00
      0.441     2.1299    18.4537    14.7348 3.4188e-01     0.1273      0.011    1437.07     70.277     5.9724  43.661855  0.000e+00
      0.441     2.1300    18.4545    14.7355 3.2967e-01     0.1261      0.007    1437.07     70.213     5.9669  43.661856  0.000e+00
      0.429     2.1296    18.4548    14.7357 3.2967e-01     0.1273      0.011    1437.06     70.146     5.9613  43.661856  0.000e+00
      0.440     2.1298    18.4544    14.7353 3.2967e-01     0.1261      0.011    1437.07     70.141     5.9608  43.661857  0.000e+00
      0.441     2.1296    18.4549    14.7358 3.2967e-01     0.1273      0.011    1437.07     70.132     5.9601  43.661857  0.000e+00
      0.441     2.1291    18.4552    14.7360 3.4188e-01     0.1273      0.011    1437.06     70.130     5.9600  43.661858  0.000e+00
      0.441     2.1290    18.4555    14.7363 3.2967e-01     0.1273      0.011    1437.06     70.069     5.9548  43.661858  0.000e+00
      0.441     2.1290    18.4562    14.7368 3.4188e-01     0.1273      0.011    1437.06     70.071     5.9549  43.661859  0.000e+00
      0.440     2.1288    18.4564    14.7370 3.7851e-01     0.1273      0.011    1437.06     70.069     5.9548  43.661859  0.000e+00
      0.441     2.1287    18.4564    14.7370 4.0293e-01     0.1273      0.007    1437.06     70.073     5.9552  43.661860  0.000e+00
      0.453     2.1291    18.4568    14.7373 4.3956e-01     0.1273      0.011    1437.07     70.019     5.9505  43.661860  0.000e+00
      0.441     2.1294    18.4567    14.7372 4.6398e-01     0.1273      0.011    1437.07     70.017     5.9503  43.661861  0.000e+00
      0.440     2.1298    18.4567    14.7372 4.7619e-01     0.1273      0.007    1437.07     69.957     5.9452  43.661861  0.000e+00
      0.453     2.1300    18.4578    14.7381 4.2735e-01     0.1261      0.011    1437.07     70.013     5.9498  43.661861  0.000e+00
      0.441     2.1300    18.4577    14.7380 4.0293e-01     0.1273      0.011    1437.07     69.956     5.9450  43.661862  0.000e+00
      0.453     2.1307    18.4580    14.7382 3.9072e-01     0.1261      0.007    1437.07     69.960     5.9452  43.661862  0.000e+00
      0.440     2.1307    18.4589    14.7389 3.6630e-01     0.1273      0.011    1437.08     69.906     5.9405  43.661863  0.000e+00
      0.453     2.1309    18.4590    14.7390 3.4188e-01     0.1273      0.011    1437.08     69.904     5.9403  43.661863  0.000e+00
      0.441     2.1304    18.4602    14.7400 3.2967e-01     0.1261      0.007    1437.08     69.908     5.9407  43.661864  0.000e+00
      0.429     2.1298    18.4611    14.7407 3.2967e-01     0.1273      0.011    1437.07     69.854     5.9362  43.661864  0.000e+00
      0.441     2.1298    18.4609    14.7406 3.4188e-01     0.1273      0.011    1437.07     69.851     5.9360  43.661865  0.000e+00
      0.440     2.1292    18.4620    14.7414 3.2967e-01     0.1273      0.007    1437.07     69.855     5.9364  43.661865  0.000e+00
      0.429     2.1293    18.4625    14.7419 3.4188e-01     0.1273      0.011    1437.07     69.791     5.9309  43.661866  0.000e+00
      0.429     2.1294    18.4616    14.7411 3.2967e-01     0.1273      0.011    1437.07     69.789     5.9307  43.661866  0.000e+00
      0.417     2.1298    18.4620    14.7415 3.1746e-01     0.1261      0.011    1437.07     69.792     5.9309  43.661867  0.000e+00
      0.427     2.1305    18.4626    14.7419 3.1746e-01     0.1273      0.011    1437.08     69.802     5.9316  43.661867  0.000e+00
      0.417     2.1315    18.4619    14.7413 3.1746e-01     0.1273      0.011    1437.08     69.808     5.9320  43.661868  0.000e+00
      0.404     2.1321    18.4628    14.7420 3.2967e-01     0.1273      0.011    1437.09     69.756     5.9274  43.661868  0.000e+00
      0.404     2.1326    18.4630    14.7421 3.4188e-01     0.1273      0.011    1437.09     69.765     5.9281  43.661869  0.000e+00
      0.393     2.1327    18.4628    14.7419 3.7851e-01     0.1273      0.011    1437.09     69.770     5.9285  43.661869  0.000e+00
      0.404     2.1328    18.4636    14.7426 4.1514e-01     0.1273      0.007    1437.09     69.717     5.9240  43.661870  0.000e+00
      0.393     2.1341    18.4632    14.7422 4.0293e-01     0.1285      0.011    1437.10     69.725     5.9245  43.661870  0.000e+00
      0.382     2.1347    18.4624    14.7416 3.9072e-01     0.1273      0.011    1437.10     69.676     5.9202  43.661871  0.000e+00
      0.393     2.1352    18.4631    14.7421 3.6630e-01     0.1261      0.011    1437.10     69.678     5.9203  43.661871  0.000e+00
      0.380     2.1352    18.4633    14.7423 3.5409e-01     0.1273      0.011    1437.10     69.621     5.9155  43.661872  0.000e+00
      0.393     2.1354    18.4626    14.7418 3.4188e-01     0.1273      0.011    1437.10     69.746     5.9261  43.661872  0.000e+00
      0.393     2.1356    18.4637    14.7426 3.2967e-01     0.1273      0.011    1437.10     69.702     5.9222  43.661873  0.000e+00
      0.382     2.1358    18.4635    14.7424 3.1746e-01     0.1273      0.011    1437.10     69.654     5.9181  43.661873  0.000e+00
      0.380     2.1356    18.4638    14.7427 3.1746e-01     0.1273      0.011    1437.10     69.657     5.9185  43.661874  0.000e+00
      0.393     2.1360    18.4645    14.7433 3.1746e-01     0.1273      0.011    1437.11     69.667     5.9192  43.661874  0.000e+00
      0.369     2.1357    18.4643    14.7431 3.1746e-01     0.1273      0.011    1437.10     69.682     5.9205  43.661875  0.000e+00
      0.382     2.1356    18.4643    14.7431 3.1746e-01     0.1261      0.007    1437.10     69.565     5.9106  43.661875  0.000e+00
      0.382     2.1358    18.4647    14.7434 3.2967e-01     0.1273      0.011    1437.11     69.628     5.9159  43.661875  0.000e+00
      0.380     2.1356    18.4638    14.7427 3.2967e-01     0.1273      0.011    1437.10     69.578     5.9117  43.661876  0.000e+00
      0.393     2.1363    18.4635    14.7425 3.2967e-01     0.1261      0.007    1437.11     69.579     5.9117  43.661876  0.000e+00
      0.382     2.1371    18.4638    14.7426 3.2967e-01     0.1273      0.011    1437.11     69.586     5.9122  43.661877  0.000e+00
      0.369     2.1380    18.4627    14.7418 3.1746e-01     0.1273      0.011    1437.11     69.599     5.9132  43.661877  0.000e+00
      0.391     2.1381    18.4634    14.7423 3.1746e-01     0.1273      0.011    1437.11     69.554     5.9093  43.661878  0.000e+00
      0.382     2.1380    18.4645    14.7432 3.1746e-01     0.1273      0.011    1437.12     69.560     5.9098  43.661878  0.000e+00
      0.382     2.1381    18.4638    14.7426 3.2967e-01     0.1273      0.011    1437.12     69.571     5.9108  43.661879  0.000e+00
      0.393     2.1384    18.4644    14.7431 3.5409e-01     0.1261      0.011    1437.12     69.579     5.9114  43.661879  0.000e+00
      0.391     2.1383    18.4648    14.7434 3.6630e-01     0.1273      0.011    1437.12     69.583     5.9117  43.661880  0.000e+00
      0.393     2.1390    18.4642    14.7429 3.5409e-01     0.1273      0.011    1437.12     69.527     5.9069  43.661880  0.000e+00
      0.393     2.1397    18.4644    14.7431 3.4188e-01     0.1273      0.011    1437.12     69.532     5.9071  43.661881  0.000e+00
      0.404     2.1400    18.4645    14.7431 3.2967e-01     0.1285      0.011    1437.12     69.478     5.9025  43.661881  0.000e+00
      0.393     2.1409    18.4639    14.7426 3.2967e-01     0.1261      0.011    1437.13     69.474     5.9021  43.661882  0.000e+00
      0.404     2.1414    18.4640    14.7426 3.2967e-01     0.1261      0.007    1437.13     69.477     5.9022  43.661882  0.000e+00
      0.393     2.1416    18.4642    14.7428 3.4188e-01     0.1273      0.011    1437.13     69.485     5.9029  43.661883  0.000e+00
      0.404     2.1418    18.4642    14.7428 3.4188e-01     0.1273      0.011    1437.13     69.434     5.8985  43.661883  0.000e+00
      0.404     2.1417    18.4649    14.7434 3.2967e-01     0.1273      0.011    1437.13     69.434     5.8985  43.661884  0.000e+00
      0.391     2.1417    18.4647    14.7432 3.2967e-01     0.1273      0.011    1437.13     69.439     5.8990  43.661884  0.000e+00
      0.417     2.1403    18.4656    14.7439 3.1746e-01     0.1273      0.007    1437.13     69.441     5.8993  43.661885  0.000e+00
      0.393     2.1392    18.4667    14.7449 3.1746e-01     0.1273      0.011    1437.12     69.393     5.8953  43.661885  0.000e+00
      0.417     2.1381    18.4672    14.7453 3.1746e-01     0.1273      0.011    1437.12     69.396     5.8957  43.661886  0.000e+00
      0.416     2.1371    18.4680    14.7460 3.2967e-01     0.1273      0.011    1437.12     69.404     5.8966  43.661886  0.000e+00
