VT68_20190212_down.cnv
* Sea-Bird SBE 9 Data File:
* FileName = C:\CTD Brukere\NIVA\OKOKYST2019\20190211\VT68_20190212.hex
* Software Version Seasave V 7.23.2
* Temperature SN = 5352
* Conductivity SN = 3840
* Number of Bytes Per Scan = 28
* Number of Voltage Words = 4
* Number of Scans Averaged by the Deck Unit = 1
* NMEA baud rate = 4800
** Ship: R/V Trygve Braarud
** Cruise:
** Station:
** Operator:
# nquan = 12
# nvalues = 2083                                  
# units = specified
# name 0 = depSM: Depth [salt water, m], lat = 59.60
# name 1 = t090C: Temperature [ITS-90, deg C]
# name 2 = sal00: Salinity, Practical [PSU]
# name 3 = sigma-t00: Density [sigma-t, kg/m^3 ]
# name 4 = flSP: Fluorescence, Seapoint
# name 5 = wetStar: Fluorescence, WET Labs WETstar [mg/m^3]
# name 6 = seaTurbMtr: Turbidity, Seapoint [FTU]
# name 7 = svCM: Sound Velocity [Chen-Millero, m/s]
# name 8 = sbeox0PS: Oxygen, SBE 43 [% saturation]
# name 9 = sbeox0ML/L: Oxygen, SBE 43 [ml/l]
# name 10 = timeJ: Julian Days
# name 11 = flag:  0.000e+00
# span 0 =      0.229,     23.800                 
# span 1 =     1.7276,     5.6079                 
# span 2 =    26.9376,    32.5760                 
# span 3 =    21.5323,    25.6865                 
# span 4 = 2.3199e-01, 6.8376e-01                 
# span 5 =     0.1261,     0.1298                 
# span 6 =      0.007,      0.018                 
# span 7 =    1446.39,    1470.50                 
# span 8 =     63.913,     77.970                 
# span 9 =     4.5289,     6.3066                 
# span 10 =  43.554097,  43.555101                
# span 11 = 0.0000e+00, 0.0000e+00                
# interval = seconds: 0.0416667
# start_time = Feb 12 2019 13:17:54 [System UpLoad Time]
# bad_flag = -9.990e-29
*END*
[from data line 843]
     11.417     2.8920    30.0808    23.9688 3.9072e-01     0.1285      0.015    1455.74     73.334     5.6449  43.554504  0.000e+00
     11.447     2.8896    30.0743    23.9638 3.7851e-01     0.1285      0.015    1455.72     73.329     5.6451  43.554504  0.000e+00
     11.452     2.8881    30.0655    23.9569 3.6630e-01     0.1285      0.015    1455.71     73.326     5.6455  43.554505  0.000e+00
     11.476     2.8878    30.0593    23.9520 3.6630e-01     0.1298      0.015    1455.70     73.325     5.6456  43.554505  0.000e+00
     11.512     2.8869    30.0575    23.9506 3.6630e-01     0.1285      0.015    1455.69     73.326     5.6459  43.554506  0.000e+00
     11.512     2.8861    30.0568    23.9501 3.7851e-01     0.1285      0.015    1455.69     73.328     5.6462  43.554506  0.000e+00
     11.525     2.8853    30.0564    23.9498 3.6630e-01     0.1298      0.015    1455.68     73.269     5.6418  43.554507  0.000e+00
     11.561     2.8814    30.0571    23.9507 3.6630e-01     0.1285      0.015    1455.67     73.267     5.6422  43.554507  0.000e+00
     11.572     2.8782    30.0528    23.9475 3.5409e-01     0.1285      0.015    1455.65     73.322     5.6470  43.554508  0.000e+00
     11.596     2.8777    30.0440    23.9406 3.4188e-01     0.1298      0.015    1455.64     73.269     5.6433  43.554508  0.000e+00
     11.603     2.8791    30.0382    23.9358 3.1746e-01     0.1285      0.015    1455.63     73.272     5.6436  43.554509  0.000e+00
     11.632     2.8784    30.0405    23.9377 3.1746e-01     0.1285      0.015    1455.63     73.278     5.6441  43.554509  0.000e+00
     11.656     2.8715    30.0461    23.9427 3.1746e-01     0.1285      0.015    1455.61     73.287     5.6456  43.554510  0.000e+00
     11.656     2.8611    30.0386    23.9375 3.1746e-01     0.1298      0.015    1455.56     73.290     5.6475  43.554510  0.000e+00
     11.692     2.8551    30.0157    23.9197 3.2967e-01     0.1285      0.015    1455.50     73.294     5.6496  43.554511  0.000e+00
     11.703     2.8517    29.9987    23.9064 3.1746e-01     0.1285      0.015    1455.47     73.309     5.6519  43.554511  0.000e+00
     11.703     2.8541    29.9914    23.9004 3.1746e-01     0.1285      0.015    1455.47     73.315     5.6523  43.554511  0.000e+00
     11.739     2.8583    29.9926    23.9010 3.1746e-01     0.1298      0.015    1455.49     73.260     5.6474  43.554512  0.000e+00
     11.752     2.8625    29.9985    23.9054 3.1746e-01     0.1285      0.015    1455.51     73.325     5.6516  43.554512  0.000e+00
     11.787     2.8657    30.0089    23.9134 3.2967e-01     0.1285      0.015    1455.54     73.274     5.6468  43.554513  0.000e+00
     11.787     2.8725    30.0159    23.9185 3.2967e-01     0.1298      0.015    1455.58     73.333     5.6501  43.554513  0.000e+00
     11.807     2.8778    30.0254    23.9257 3.4188e-01     0.1285      0.015    1455.62     73.340     5.6495  43.554514  0.000e+00
     11.834     2.8846    30.0339    23.9319 3.4188e-01     0.1285      0.015    1455.66     73.347     5.6488  43.554514  0.000e+00
     11.847     2.8932    30.0434    23.9389 3.2967e-01     0.1285      0.015    1455.71     73.366     5.6486  43.554515  0.000e+00
     11.872     2.9011    30.0579    23.9498 3.4188e-01     0.1285      0.015    1455.76     73.313     5.6429  43.554515  0.000e+00
     11.883     2.9061    30.0780    23.9654 3.5409e-01     0.1285      0.015    1455.81     73.381     5.6467  43.554516  0.000e+00
     11.894     2.9092    30.0956    23.9792 3.4188e-01     0.1285      0.015    1455.84     73.396     5.6467  43.554516  0.000e+00
     11.919     2.9119    30.1080    23.9889 3.2967e-01     0.1285      0.015    1455.87     73.413     5.6471  43.554517  0.000e+00
     11.943     2.9129    30.1177    23.9966 3.2967e-01     0.1285      0.015    1455.89     73.431     5.6481  43.554517  0.000e+00
     11.967     2.9119    30.1235    24.0013 3.2967e-01     0.1285      0.015    1455.89     73.442     5.6488  43.554518  0.000e+00
     11.979     2.9126    30.1244    24.0019 3.2967e-01     0.1273      0.015    1455.90     73.390     5.6447  43.554518  0.000e+00
     11.990     2.9159    30.1245    24.0018 3.1746e-01     0.1285      0.015    1455.91     73.394     5.6445  43.554519  0.000e+00
     12.027     2.9225    30.1297    24.0054 3.1746e-01     0.1285      0.015    1455.95     73.399     5.6437  43.554519  0.000e+00
     12.027     2.9275    30.1424    24.0152 3.1746e-01     0.1285      0.015    1455.99     73.405     5.6430  43.554520  0.000e+00
     12.050     2.9287    30.1576    24.0272 3.1746e-01     0.1285      0.015    1456.01     73.414     5.6429  43.554520  0.000e+00
     12.063     2.9295    30.1654    24.0333 3.1746e-01     0.1285      0.015    1456.02     73.424     5.6433  43.554521  0.000e+00
     12.094     2.9323    30.1661    24.0336 3.5409e-01     0.1285      0.015    1456.04     73.426     5.6431  43.554521  0.000e+00
     12.123     2.9368    30.1667    24.0338 3.5409e-01     0.1285      0.015    1456.06     73.429     5.6426  43.554522  0.000e+00
     12.134     2.9412    30.1715    24.0373 3.4188e-01     0.1298      0.015    1456.08     73.433     5.6421  43.554522  0.000e+00
     12.145     2.9475    30.1785    24.0424 3.2967e-01     0.1285      0.015    1456.12     73.437     5.6413  43.554523  0.000e+00
     12.170     2.9514    30.1907    24.0518 3.1746e-01     0.1285      0.015    1456.15     73.444     5.6408  43.554523  0.000e+00
     12.205     2.9534    30.2029    24.0614 3.2967e-01     0.1285      0.015    1456.18     73.452     5.6406  43.554524  0.000e+00
     12.205     2.9557    30.2119    24.0684 3.2967e-01     0.1298      0.015    1456.20     73.460     5.6406  43.554524  0.000e+00
     12.230     2.9594    30.2172    24.0723 3.1746e-01     0.1285      0.015    1456.22     73.470     5.6406  43.554524  0.000e+00
     12.265     2.9640    30.2245    24.0777 3.0525e-01     0.1285      0.015    1456.25     73.471     5.6398  43.554525  0.000e+00
     12.278     2.9697    30.2341    24.0850 3.0525e-01     0.1298      0.015    1456.29     73.483     5.6395  43.554525  0.000e+00
     12.301     2.9759    30.2474    24.0951 3.2967e-01     0.1285      0.015    1456.34     73.485     5.6384  43.554526  0.000e+00
     12.314     2.9807    30.2637    24.1077 3.2967e-01     0.1298      0.015    1456.38     73.489     5.6373  43.554526  0.000e+00
     12.350     2.9844    30.2803    24.1207 3.4188e-01     0.1285      0.015    1456.42     73.494     5.6366  43.554527  0.000e+00
     12.350     2.9897    30.2928    24.1302 3.1746e-01     0.1285      0.015    1456.46     73.499     5.6357  43.554527  0.000e+00
     12.397     2.9984    30.3040    24.1384 3.0525e-01     0.1298      0.015    1456.51     73.505     5.6345  43.554528  0.000e+00
     12.410     3.0068    30.3201    24.1506 3.0525e-01     0.1285      0.015    1456.57     73.511     5.6332  43.554528  0.000e+00
     12.421     3.0147    30.3404    24.1662 3.0525e-01     0.1298      0.015    1456.63     73.518     5.6318  43.554529  0.000e+00
     12.469     3.0195    30.3592    24.1808 3.1746e-01     0.1285      0.015    1456.67     73.526     5.6311  43.554529  0.000e+00
     12.481     3.0239    30.3712    24.1900 3.1746e-01     0.1285      0.015    1456.71     73.536     5.6307  43.554530  0.000e+00
     12.492     3.0287    30.3801    24.1967 3.1746e-01     0.1285      0.015    1456.74     73.536     5.6297  43.554530  0.000e+00
     12.529     3.0324    30.3905    24.2047 3.0525e-01     0.1285      0.015    1456.77     73.537     5.6289  43.554531  0.000e+00
     12.552     3.0351    30.4012    24.2130 3.0525e-01     0.1285      0.015    1456.80     73.548     5.6289  43.554531  0.000e+00
     12.565     3.0314    30.4124    24.2222 3.0525e-01     0.1285      0.015    1456.79     73.552     5.6293  43.554532  0.000e+00
     12.588     3.0211    30.4157    24.2257 3.0525e-01     0.1285      0.015    1456.75     73.557     5.6310  43.554532  0.000e+00
     12.625     3.0189    30.4001    24.2134 3.0525e-01     0.1285      0.015    1456.73     73.561     5.6322  43.554533  0.000e+00
     12.625     3.0224    30.3860    24.2019 2.9304e-01     0.1285      0.015    1456.72     73.564     5.6325  43.554533  0.000e+00
     12.672     3.0290    30.3842    24.2000 2.9304e-01     0.1285      0.015    1456.75     73.567     5.6319  43.554534  0.000e+00
     12.685     3.0315    30.3966    24.2096 2.9304e-01     0.1285      0.015    1456.78     73.572     5.6314  43.554534  0.000e+00
     12.708     3.0284    30.4051    24.2166 3.0525e-01     0.1285      0.015    1456.77     73.577     5.6320  43.554535  0.000e+00
     12.721     3.0287    30.3986    24.2114 2.9304e-01     0.1285      0.015    1456.77     73.519     5.6277  43.554535  0.000e+00
     12.756     3.0315    30.3934    24.2071 3.0525e-01     0.1285      0.015    1456.77     73.570     5.6314  43.554536  0.000e+00
     12.781     3.0332    30.3991    24.2115 3.0525e-01     0.1285      0.015    1456.79     73.576     5.6314  43.554536  0.000e+00
     12.803     3.0370    30.4029    24.2142 3.0525e-01     0.1285      0.015    1456.81     73.509     5.6256  43.554537  0.000e+00
     12.816     3.0454    30.4075    24.2172 3.1746e-01     0.1285      0.015    1456.85     73.569     5.6288  43.554537  0.000e+00
     12.852     3.0511    30.4241    24.2300 3.6630e-01     0.1285      0.015    1456.90     73.575     5.6279  43.554538  0.000e+00
     12.863     3.0527    30.4409    24.2432 4.0293e-01     0.1285      0.015    1456.93     73.582     5.6276  43.554538  0.000e+00
     12.887     3.0535    30.4473    24.2483 3.7851e-01     0.1285      0.015    1456.94     73.590     5.6278  43.554538  0.000e+00
     12.923     3.0551    30.4480    24.2487 3.5409e-01     0.1285      0.015    1456.95     73.526     5.6226  43.554539  0.000e+00
     12.947     3.0613    30.4467    24.2472 3.4188e-01     0.1298      0.015    1456.97     73.524     5.6217  43.554539  0.000e+00
     12.972     3.0684    30.4529    24.2515 3.1746e-01     0.1298      0.015    1457.01     73.587     5.6253  43.554540  0.000e+00
     12.994     3.0716    30.4641    24.2602 3.1746e-01     0.1285      0.015    1457.04     73.533     5.6202  43.554540  0.000e+00
     13.019     3.0732    30.4688    24.2638 3.1746e-01     0.1285      0.015    1457.06     73.534     5.6199  43.554541  0.000e+00
     13.043     3.0748    30.4675    24.2626 3.1746e-01     0.1285      0.015    1457.06     73.536     5.6199  43.554541  0.000e+00
     13.079     3.0758    30.4666    24.2619 3.0525e-01     0.1298      0.015    1457.06     73.530     5.6194  43.554542  0.000e+00
     13.079     3.0773    30.4643    24.2599 2.9304e-01     0.1285      0.015    1457.07     73.524     5.6188  43.554542  0.000e+00
     13.127     3.0804    30.4624    24.2581 2.9304e-01     0.1285      0.015    1457.08     73.518     5.6180  43.554543  0.000e+00
     13.127     3.0848    30.4661    24.2607 2.9304e-01     0.1285      0.015    1457.10     73.512     5.6167  43.554543  0.000e+00
     13.150     3.0882    30.4752    24.2677 2.9304e-01     0.1285      0.015    1457.13     73.507     5.6155  43.554544  0.000e+00
     13.187     3.0907    30.4852    24.2755 2.9304e-01     0.1285      0.015    1457.15     73.502     5.6144  43.554544  0.000e+00
     13.210     3.0924    30.4914    24.2803 2.9304e-01     0.1285      0.015    1457.17     73.498     5.6136  43.554545  0.000e+00
     13.239     3.0925    30.4952    24.2833 2.9304e-01     0.1285      0.015    1457.18     73.494     5.6132  43.554545  0.000e+00
     13.258     3.0933    30.4958    24.2837 2.9304e-01     0.1298      0.015    1457.18     73.491     5.6128  43.554546  0.000e+00
     13.270     3.0994    30.4929    24.2809 2.8083e-01     0.1285      0.015    1457.20     73.487     5.6117  43.554546  0.000e+00
     13.318     3.1097    30.4977    24.2839 2.8083e-01     0.1298      0.015    1457.25     73.483     5.6098  43.554547  0.000e+00
     13.330     3.1209    30.5103    24.2930 3.0525e-01     0.1285      0.015    1457.32     73.478     5.6074  43.554547  0.000e+00
     13.354     3.1294    30.5282    24.3066 3.1746e-01     0.1285      0.015    1457.38     73.475     5.6053  43.554548  0.000e+00
     13.378     3.1352    30.5452    24.3196 3.0525e-01     0.1285      0.015    1457.43     73.473     5.6037  43.554548  0.000e+00
     13.401     3.1363    30.5556    24.3279 3.0525e-01     0.1285      0.015    1457.45     73.408     5.5982  43.554549  0.000e+00
     13.425     3.1394    30.5562    24.3281 3.0525e-01     0.1298      0.015    1457.46     73.398     5.5970  43.554549  0.000e+00
     13.450     3.1412    30.5572    24.3287 3.0525e-01     0.1285      0.015    1457.47     73.389     5.5960  43.554550  0.000e+00
     13.474     3.1389    30.5598    24.3310 3.0525e-01     0.1285      0.015    1457.46     73.446     5.6005  43.554550  0.000e+00
     13.497     3.1393    30.5552    24.3273 3.0525e-01     0.1298      0.015    1457.46     73.384     5.5959  43.554551  0.000e+00
     13.521     3.1401    30.5526    24.3252 3.1746e-01     0.1285      0.015    1457.46     73.377     5.5954  43.554551  0.000e+00
     13.526     3.1401    30.5525    24.3251 3.0525e-01     0.1298      0.015    1457.46     73.371     5.5950  43.554552  0.000e+00
     13.581     3.1444    30.5505    24.3231 3.0525e-01     0.1298      0.015    1457.48     73.365     5.5940  43.554552  0.000e+00
     13.594     3.1534    30.5553    24.3263 3.0525e-01     0.1285      0.015    1457.52     73.423     5.5970  43.554552  0.000e+00
     13.605     3.1586    30.5735    24.3403 3.1746e-01     0.1285      0.015    1457.57     73.363     5.5910  43.554553  0.000e+00
     13.629     3.1593    30.5860    24.3502 3.1746e-01     0.1285      0.015    1457.59     73.360     5.5902  43.554553  0.000e+00
     13.652     3.1585    30.5875    24.3515 3.0525e-01     0.1285      0.015    1457.59     73.358     5.5901  43.554554  0.000e+00
     13.689     3.1583    30.5857    24.3501 3.1746e-01     0.1285      0.015    1457.58     73.356     5.5900  43.554554  0.000e+00
     13.701     3.1591    30.5869    24.3510 3.0525e-01     0.1285      0.015    1457.59     73.355     5.5898  43.554555  0.000e+00
     13.712     3.1603    30.5895    24.3529 3.0525e-01     0.1285      0.015    1457.60     73.355     5.5895  43.554555  0.000e+00
     13.749     3.1630    30.5943    24.3565 3.0525e-01     0.1285      0.015    1457.62     73.355     5.5890  43.554556  0.000e+00
     13.753     3.1675    30.6025    24.3627 3.0525e-01     0.1285      0.015    1457.65     73.355     5.5880  43.554556  0.000e+00
     13.785     3.1722    30.6139    24.3714 3.0525e-01     0.1285      0.015    1457.68     73.356     5.5871  43.554557  0.000e+00
     13.821     3.1755    30.6226    24.3781 3.0525e-01     0.1285      0.018    1457.71     73.359     5.5864  43.554557  0.000e+00
     13.821     3.1746    30.6265    24.3813 2.9304e-01     0.1285      0.015    1457.71     73.362     5.5867  43.554558  0.000e+00
     13.845     3.1722    30.6243    24.3797 3.0525e-01     0.1285      0.015    1457.70     73.367     5.5875  43.554558  0.000e+00
     13.892     3.1731    30.6251    24.3803 3.0525e-01     0.1298      0.015    1457.70     73.363     5.5870  43.554559  0.000e+00
     13.881     3.1758    30.6352    24.3880 3.2967e-01     0.1285      0.015    1457.73     73.368     5.5866  43.554559  0.000e+00
     13.916     3.1807    30.6445    24.3951 3.4188e-01     0.1298      0.015    1457.76     73.373     5.5860  43.554560  0.000e+00
     13.944     3.1862    30.6498    24.3988 3.2967e-01     0.1285      0.015    1457.79     73.370     5.5848  43.554560  0.000e+00
     13.952     3.1915    30.6557    24.4031 3.1746e-01     0.1285      0.015    1457.82     73.376     5.5843  43.554561  0.000e+00
