VT68_20190212_down.cnv
* Sea-Bird SBE 9 Data File:
* FileName = C:\CTD Brukere\NIVA\OKOKYST2019\20190211\VT68_20190212.hex
* Software Version Seasave V 7.23.2
* Temperature SN = 5352
* Conductivity SN = 3840
* Number of Bytes Per Scan = 28
* Number of Voltage Words = 4
* Number of Scans Averaged by the Deck Unit = 1
* NMEA baud rate = 4800
** Ship: R/V Trygve Braarud
** Cruise:
** Station:
** Operator:
# nquan = 12
# nvalues = 2083                                  
# units = specified
# name 0 = depSM: Depth [salt water, m], lat = 59.60
# name 1 = t090C: Temperature [ITS-90, deg C]
# name 2 = sal00: Salinity, Practical [PSU]
# name 3 = sigma-t00: Density [sigma-t, kg/m^3 ]
# name 4 = flSP: Fluorescence, Seapoint
# name 5 = wetStar: Fluorescence, WET Labs WETstar [mg/m^3]
# name 6 = seaTurbMtr: Turbidity, Seapoint [FTU]
# name 7 = svCM: Sound Velocity [Chen-Millero, m/s]
# name 8 = sbeox0PS: Oxygen, SBE 43 [% saturation]
# name 9 = sbeox0ML/L: Oxygen, SBE 43 [ml/l]
# name 10 = timeJ: Julian Days
# name 11 = flag:  0.000e+00
# span 0 =      0.229,     23.800                 
# span 1 =     1.7276,     5.6079                 
# span 2 =    26.9376,    32.5760                 
# span 3 =    21.5323,    25.6865                 
# span 4 = 2.3199e-01, 6.8376e-01                 
# span 5 =     0.1261,     0.1298                 
# span 6 =      0.007,      0.018                 
# span 7 =    1446.39,    1470.50                 
# span 8 =     63.913,     77.970                 
# span 9 =     4.5289,     6.3066                 
# span 10 =  43.554097,  43.555101                
# span 11 = 0.0000e+00, 0.0000e+00                
# interval = seconds: 0.0416667
# start_time = Feb 12 2019 13:17:54 [System UpLoad Time]
# bad_flag = -9.990e-29
*END*
[from data line 1564]
     20.942     4.7438    31.9935    25.3199 2.5641e-01     0.1298      0.015    1466.19     68.305     4.9600  43.554851  0.000e+00
     20.929     4.7451    31.9952    25.3210 2.4420e-01     0.1298      0.015    1466.20     68.246     4.9554  43.554852  0.000e+00
     20.977     4.7607    32.0039    25.3263 2.4420e-01     0.1298      0.015    1466.28     68.243     4.9531  43.554852  0.000e+00
     20.977     4.7906    32.0253    25.3401 2.4420e-01     0.1285      0.015    1466.43     68.241     4.9487  43.554853  0.000e+00
     20.968     4.8155    32.0485    25.3559 2.4420e-01     0.1285      0.015    1466.56     68.243     4.9451  43.554853  0.000e+00
     21.049     4.8360    32.0582    25.3613 2.4420e-01     0.1298      0.015    1466.66     68.241     4.9422  43.554854  0.000e+00
     21.062     4.8501    32.0624    25.3631 2.4420e-01     0.1298      0.015    1466.72     68.242     4.9404  43.554854  0.000e+00
     21.084     4.8553    32.0642    25.3640 2.5641e-01     0.1285      0.015    1466.75     68.183     4.9355  43.554855  0.000e+00
     21.073     4.8598    32.0666    25.3655 2.5641e-01     0.1298      0.015    1466.77     68.182     4.9348  43.554855  0.000e+00
     21.097     4.8702    32.0700    25.3670 2.5641e-01     0.1285      0.015    1466.81     68.175     4.9330  43.554856  0.000e+00
     21.122     4.8814    32.0761    25.3706 2.5641e-01     0.1285      0.015    1466.87     68.171     4.9312  43.554856  0.000e+00
     21.135     4.8891    32.0806    25.3734 2.4420e-01     0.1285      0.015    1466.91     68.170     4.9301  43.554857  0.000e+00
     21.133     4.8946    32.0860    25.3771 2.5641e-01     0.1285      0.015    1466.94     68.172     4.9293  43.554857  0.000e+00
     21.169     4.9033    32.0914    25.3804 2.5641e-01     0.1285      0.015    1466.98     68.114     4.9239  43.554858  0.000e+00
     21.169     4.9115    32.0977    25.3845 2.5641e-01     0.1285      0.015    1467.02     68.113     4.9227  43.554858  0.000e+00
     21.180     4.9174    32.1018    25.3872 2.4420e-01     0.1285      0.015    1467.05     68.115     4.9221  43.554859  0.000e+00
     21.204     4.9205    32.1037    25.3883 2.3199e-01     0.1298      0.015    1467.07     68.113     4.9214  43.554859  0.000e+00
     21.217     4.9225    32.1046    25.3888 2.4420e-01     0.1285      0.015    1467.07     68.113     4.9212  43.554860  0.000e+00
     21.206     4.9239    32.1044    25.3885 2.5641e-01     0.1298      0.015    1467.08     68.053     4.9167  43.554860  0.000e+00
     21.240     4.9211    32.1026    25.3874 2.5641e-01     0.1298      0.015    1467.07     68.052     4.9170  43.554861  0.000e+00
     21.240     4.9122    32.1024    25.3882 2.4420e-01     0.1285      0.015    1467.03     68.054     4.9182  43.554861  0.000e+00
     21.253     4.9087    32.0987    25.3856 2.4420e-01     0.1298      0.015    1467.01     68.050     4.9184  43.554862  0.000e+00
     21.264     4.9079    32.0965    25.3839 2.4420e-01     0.1298      0.015    1467.01     68.048     4.9185  43.554862  0.000e+00
     21.277     4.9104    32.0994    25.3860 2.4420e-01     0.1285      0.015    1467.02     67.986     4.9136  43.554863  0.000e+00
     21.289     4.9173    32.1066    25.3910 2.4420e-01     0.1285      0.015    1467.06     67.981     4.9122  43.554863  0.000e+00
     21.300     4.9216    32.1194    25.4006 2.4420e-01     0.1285      0.015    1467.09     67.980     4.9112  43.554864  0.000e+00
     21.315     4.9283    32.1245    25.4040 2.5641e-01     0.1298      0.015    1467.13     67.981     4.9103  43.554864  0.000e+00
     21.313     4.9310    32.1197    25.3998 2.5641e-01     0.1285      0.015    1467.13     67.986     4.9105  43.554864  0.000e+00
     21.336     4.9245    32.1159    25.3976 2.5641e-01     0.1298      0.015    1467.10     67.995     4.9121  43.554865  0.000e+00
     21.349     4.9207    32.1103    25.3935 2.5641e-01     0.1298      0.015    1467.08     67.999     4.9130  43.554865  0.000e+00
     21.373     4.9145    32.1076    25.3920 2.5641e-01     0.1285      0.015    1467.05     68.005     4.9142  43.554866  0.000e+00
     21.373     4.9033    32.1118    25.3966 2.5641e-01     0.1285      0.015    1467.01     67.952     4.9116  43.554866  0.000e+00
     21.396     4.9000    32.1130    25.3979 2.5641e-01     0.1285      0.015    1467.00     68.018     4.9167  43.554867  0.000e+00
     21.396     4.9011    32.1136    25.3982 2.4420e-01     0.1285      0.015    1467.00     67.961     4.9124  43.554867  0.000e+00
     21.410     4.9075    32.1115    25.3959 2.4420e-01     0.1298      0.015    1467.03     67.960     4.9117  43.554868  0.000e+00
     21.433     4.9147    32.1110    25.3947 2.4420e-01     0.1298      0.015    1467.05     67.963     4.9110  43.554868  0.000e+00
     21.444     4.9212    32.1175    25.3992 2.4420e-01     0.1298      0.018    1467.09     67.967     4.9104  43.554869  0.000e+00
     21.469     4.9324    32.1250    25.4039 2.4420e-01     0.1298      0.015    1467.15     67.975     4.9094  43.554869  0.000e+00
     21.491     4.9447    32.1294    25.4061 2.3199e-01     0.1285      0.015    1467.20     67.985     4.9085  43.554870  0.000e+00
     21.491     4.9509    32.1392    25.4132 2.3199e-01     0.1285      0.015    1467.24     67.998     4.9084  43.554870  0.000e+00
     21.504     4.9619    32.1461    25.4174 2.5641e-01     0.1298      0.015    1467.29     68.013     4.9080  43.554871  0.000e+00
     21.516     4.9733    32.1503    25.4195 2.5641e-01     0.1285      0.015    1467.35     68.023     4.9072  43.554871  0.000e+00
     21.540     4.9854    32.1533    25.4205 2.5641e-01     0.1285      0.015    1467.40     68.035     4.9065  43.554872  0.000e+00
     21.542     4.9943    32.1577    25.4231 2.4420e-01     0.1285      0.015    1467.44     67.978     4.9012  43.554872  0.000e+00
     21.564     4.9986    32.1623    25.4262 2.4420e-01     0.1298      0.015    1467.47     67.987     4.9013  43.554873  0.000e+00
     21.576     4.9970    32.1672    25.4303 2.4420e-01     0.1298      0.015    1467.47     67.991     4.9016  43.554873  0.000e+00
     21.589     4.9983    32.1679    25.4307 2.4420e-01     0.1298      0.015    1467.47     67.997     4.9019  43.554874  0.000e+00
     21.600     5.0040    32.1663    25.4288 2.4420e-01     0.1285      0.015    1467.49     68.006     4.9018  43.554874  0.000e+00
     21.600     5.0085    32.1675    25.4293 2.4420e-01     0.1285      0.015    1467.51     68.007     4.9014  43.554875  0.000e+00
     21.636     5.0120    32.1716    25.4321 2.4420e-01     0.1285      0.015    1467.53     68.020     4.9018  43.554875  0.000e+00
     21.636     5.0153    32.1751    25.4346 2.4420e-01     0.1298      0.015    1467.55     68.027     4.9018  43.554876  0.000e+00
     21.647     5.0186    32.1784    25.4368 2.3199e-01     0.1285      0.015    1467.57     68.036     4.9019  43.554876  0.000e+00
     21.660     5.0238    32.1813    25.4385 2.3199e-01     0.1285      0.015    1467.60     68.046     4.9019  43.554877  0.000e+00
     21.697     5.0257    32.1827    25.4395 2.3199e-01     0.1285      0.015    1467.61     68.059     4.9026  43.554877  0.000e+00
     21.696     5.0232    32.1804    25.4379 2.4420e-01     0.1285      0.015    1467.59     68.075     4.9041  43.554878  0.000e+00
     21.696     5.0164    32.1772    25.4361 2.5641e-01     0.1285      0.015    1467.56     68.030     4.9018  43.554878  0.000e+00
     21.731     5.0115    32.1736    25.4338 2.5641e-01     0.1285      0.015    1467.54     68.096     4.9073  43.554878  0.000e+00
     21.744     5.0134    32.1761    25.4355 2.9304e-01     0.1285      0.015    1467.55     68.046     4.9033  43.554879  0.000e+00
     21.767     5.0202    32.1830    25.4403 2.8083e-01     0.1298      0.018    1467.58     68.052     4.9027  43.554879  0.000e+00
     21.791     5.0273    32.1893    25.4445 2.6862e-01     0.1285      0.015    1467.62     68.060     4.9023  43.554880  0.000e+00
     21.804     5.0341    32.1943    25.4477 2.5641e-01     0.1285      0.015    1467.66     68.070     4.9020  43.554880  0.000e+00
     21.827     5.0407    32.1987    25.4504 2.4420e-01     0.1298      0.015    1467.69     68.082     4.9020  43.554881  0.000e+00
     21.840     5.0473    32.2055    25.4551 2.4420e-01     0.1285      0.015    1467.73     68.088     4.9014  43.554881  0.000e+00
     21.863     5.0534    32.2117    25.4593 2.4420e-01     0.1285      0.015    1467.76     68.095     4.9010  43.554882  0.000e+00
     21.887     5.0588    32.2168    25.4628 2.4420e-01     0.1285      0.015    1467.79     68.104     4.9009  43.554882  0.000e+00
     21.890     5.0651    32.2194    25.4642 2.4420e-01     0.1285      0.015    1467.82     68.115     4.9008  43.554883  0.000e+00
     21.900     5.0704    32.2231    25.4665 2.4420e-01     0.1298      0.015    1467.84     68.128     4.9010  43.554883  0.000e+00
     21.936     5.0751    32.2247    25.4672 2.4420e-01     0.1285      0.015    1467.86     68.134     4.9008  43.554884  0.000e+00
     21.947     5.0782    32.2268    25.4686 2.4420e-01     0.1285      0.015    1467.88     68.141     4.9009  43.554884  0.000e+00
     21.960     5.0809    32.2303    25.4711 2.5641e-01     0.1285      0.015    1467.90     68.150     4.9011  43.554885  0.000e+00
     21.996     5.0875    32.2358    25.4747 2.4420e-01     0.1285      0.015    1467.93     68.097     4.8963  43.554885  0.000e+00
     21.983     5.0970    32.2453    25.4812 2.4420e-01     0.1285      0.015    1467.98     68.162     4.8996  43.554886  0.000e+00
     22.031     5.1071    32.2537    25.4867 2.4420e-01     0.1285      0.015    1468.03     68.166     4.8984  43.554886  0.000e+00
     22.031     5.1168    32.2601    25.4907 2.4420e-01     0.1298      0.015    1468.08     68.171     4.8974  43.554887  0.000e+00
     22.056     5.1251    32.2668    25.4951 2.5641e-01     0.1285      0.015    1468.12     68.177     4.8967  43.554887  0.000e+00
     22.067     5.1355    32.2744    25.5000 2.6862e-01     0.1285      0.015    1468.18     68.183     4.8957  43.554888  0.000e+00
     22.091     5.1482    32.2816    25.5042 2.5641e-01     0.1285      0.015    1468.24     68.191     4.8945  43.554888  0.000e+00
     22.127     5.1589    32.2885    25.5085 2.5641e-01     0.1285      0.015    1468.29     68.200     4.8937  43.554889  0.000e+00
     22.127     5.1683    32.2935    25.5114 2.5641e-01     0.1285      0.015    1468.34     68.210     4.8931  43.554889  0.000e+00
     22.163     5.1774    32.3008    25.5161 2.5641e-01     0.1298      0.015    1468.38     68.158     4.8881  43.554890  0.000e+00
     22.174     5.1892    32.3094    25.5216 2.5641e-01     0.1285      0.015    1468.44     68.216     4.8906  43.554890  0.000e+00
     22.187     5.2034    32.3215    25.5296 2.5641e-01     0.1298      0.015    1468.52     68.228     4.8895  43.554891  0.000e+00
     22.211     5.2167    32.3354    25.5392 2.5641e-01     0.1298      0.015    1468.59     68.233     4.8878  43.554891  0.000e+00
     22.211     5.2306    32.3460    25.5460 2.4420e-01     0.1298      0.015    1468.66     68.239     4.8863  43.554891  0.000e+00
     22.248     5.2457    32.3528    25.5497 2.4420e-01     0.1285      0.015    1468.73     68.245     4.8847  43.554892  0.000e+00
     22.271     5.2581    32.3587    25.5530 2.4420e-01     0.1298      0.015    1468.79     68.252     4.8836  43.554892  0.000e+00
     22.282     5.2684    32.3633    25.5554 2.4420e-01     0.1285      0.015    1468.83     68.260     4.8829  43.554893  0.000e+00
     22.318     5.2752    32.3680    25.5583 2.4420e-01     0.1285      0.015    1468.87     68.270     4.8826  43.554893  0.000e+00
     22.330     5.2838    32.3766    25.5642 2.3199e-01     0.1298      0.015    1468.91     68.279     4.8820  43.554894  0.000e+00
     22.354     5.2953    32.3851    25.5696 2.4420e-01     0.1285      0.018    1468.97     68.289     4.8811  43.554894  0.000e+00
     22.367     5.3081    32.3915    25.5733 2.3199e-01     0.1285      0.018    1469.03     68.300     4.8801  43.554895  0.000e+00
     22.378     5.3189    32.3981    25.5772 2.3199e-01     0.1298      0.015    1469.09     68.311     4.8795  43.554895  0.000e+00
     22.402     5.3273    32.4029    25.5801 2.4420e-01     0.1285      0.015    1469.13     68.315     4.8786  43.554896  0.000e+00
     22.414     5.3334    32.4061    25.5820 2.4420e-01     0.1285      0.015    1469.16     68.320     4.8781  43.554896  0.000e+00
     22.414     5.3385    32.4076    25.5825 2.4420e-01     0.1285      0.015    1469.18     68.324     4.8778  43.554897  0.000e+00
     22.449     5.3419    32.4081    25.5825 2.5641e-01     0.1298      0.015    1469.19     68.330     4.8778  43.554897  0.000e+00
     22.474     5.3445    32.4097    25.5835 2.5641e-01     0.1285      0.015    1469.21     68.336     4.8779  43.554898  0.000e+00
     22.487     5.3464    32.4107    25.5841 2.5641e-01     0.1298      0.015    1469.22     68.342     4.8781  43.554898  0.000e+00
     22.498     5.3489    32.4115    25.5844 2.4420e-01     0.1285      0.015    1469.23     68.349     4.8783  43.554899  0.000e+00
     22.522     5.3513    32.4139    25.5860 2.4420e-01     0.1285      0.015    1469.24     68.356     4.8784  43.554899  0.000e+00
     22.534     5.3536    32.4151    25.5868 2.4420e-01     0.1285      0.015    1469.25     68.363     4.8786  43.554900  0.000e+00
     22.569     5.3551    32.4164    25.5876 2.4420e-01     0.1298      0.015    1469.26     68.308     4.8745  43.554900  0.000e+00
     22.569     5.3566    32.4174    25.5882 2.4420e-01     0.1298      0.015    1469.27     68.371     4.8788  43.554901  0.000e+00
     22.605     5.3579    32.4189    25.5893 2.3199e-01     0.1285      0.015    1469.27     68.380     4.8792  43.554901  0.000e+00
     22.605     5.3588    32.4197    25.5898 2.4420e-01     0.1285      0.015    1469.28     68.381     4.8791  43.554902  0.000e+00
     22.629     5.3585    32.4210    25.5909 2.4420e-01     0.1285      0.015    1469.28     68.390     4.8798  43.554902  0.000e+00
     22.629     5.3580    32.4215    25.5913 2.4420e-01     0.1298      0.015    1469.28     68.391     4.8799  43.554903  0.000e+00
     22.665     5.3574    32.4213    25.5912 2.3199e-01     0.1298      0.015    1469.28     68.393     4.8801  43.554903  0.000e+00
     22.678     5.3579    32.4216    25.5914 2.4420e-01     0.1285      0.015    1469.28     68.394     4.8801  43.554904  0.000e+00
     22.701     5.3588    32.4225    25.5920 2.5641e-01     0.1285      0.015    1469.28     68.332     4.8756  43.554904  0.000e+00
     22.701     5.3598    32.4230    25.5923 2.4420e-01     0.1285      0.015    1469.29     68.325     4.8749  43.554905  0.000e+00
     22.714     5.3611    32.4241    25.5930 2.4420e-01     0.1298      0.015    1469.30     68.381     4.8788  43.554905  0.000e+00
     22.689     5.3628    32.4239    25.5926 2.3199e-01     0.1285      0.015    1469.30     68.383     4.8787  43.554905  0.000e+00
     22.701     5.3639    32.4245    25.5930 2.4420e-01     0.1285      0.015    1469.31     68.384     4.8786  43.554906  0.000e+00
     22.738     5.3652    32.4245    25.5928 2.3199e-01     0.1285      0.015    1469.31     68.386     4.8786  43.554906  0.000e+00
     22.738     5.3661    32.4245    25.5927 2.3199e-01     0.1285      0.015    1469.32     68.325     4.8742  43.554907  0.000e+00
     22.749     5.3652    32.4234    25.5920 2.3199e-01     0.1298      0.015    1469.31     68.319     4.8739  43.554907  0.000e+00
     22.774     5.3629    32.4212    25.5905 2.3199e-01     0.1285      0.015    1469.30     68.314     4.8738  43.554908  0.000e+00
     22.761     5.3606    32.4192    25.5892 2.4420e-01     0.1298      0.015    1469.29     68.309     4.8738  43.554908  0.000e+00
     22.761     5.3585    32.4195    25.5897 2.5641e-01     0.1285      0.018    1469.28     68.233     4.8686  43.554909  0.000e+00
