VT68_20190212_down.cnv
* Sea-Bird SBE 9 Data File:
* FileName = C:\CTD Brukere\NIVA\OKOKYST2019\20190211\VT68_20190212.hex
* Software Version Seasave V 7.23.2
* Temperature SN = 5352
* Conductivity SN = 3840
* Number of Bytes Per Scan = 28
* Number of Voltage Words = 4
* Number of Scans Averaged by the Deck Unit = 1
* NMEA baud rate = 4800
** Ship: R/V Trygve Braarud
** Cruise:
** Station:
** Operator:
# nquan = 12
# nvalues = 2083                                  
# units = specified
# name 0 = depSM: Depth [salt water, m], lat = 59.60
# name 1 = t090C: Temperature [ITS-90, deg C]
# name 2 = sal00: Salinity, Practical [PSU]
# name 3 = sigma-t00: Density [sigma-t, kg/m^3 ]
# name 4 = flSP: Fluorescence, Seapoint
# name 5 = wetStar: Fluorescence, WET Labs WETstar [mg/m^3]
# name 6 = seaTurbMtr: Turbidity, Seapoint [FTU]
# name 7 = svCM: Sound Velocity [Chen-Millero, m/s]
# name 8 = sbeox0PS: Oxygen, SBE 43 [% saturation]
# name 9 = sbeox0ML/L: Oxygen, SBE 43 [ml/l]
# name 10 = timeJ: Julian Days
# name 11 = flag:  0.000e+00
# span 0 =      0.229,     23.800                 
# span 1 =     1.7276,     5.6079                 
# span 2 =    26.9376,    32.5760                 
# span 3 =    21.5323,    25.6865                 
# span 4 = 2.3199e-01, 6.8376e-01                 
# span 5 =     0.1261,     0.1298                 
# span 6 =      0.007,      0.018                 
# span 7 =    1446.39,    1470.50                 
# span 8 =     63.913,     77.970                 
# span 9 =     4.5289,     6.3066                 
# span 10 =  43.554097,  43.555101                
# span 11 = 0.0000e+00, 0.0000e+00                
# interval = seconds: 0.0416667
# start_time = Feb 12 2019 13:17:54 [System UpLoad Time]
# bad_flag = -9.990e-29
*END*
[from data line 241]
      0.229     1.7400    27.0602    21.6306 3.4188e-01     0.1273      0.011    1446.53     70.434     5.6993  43.554213  0.000e+00
      0.238     1.7402    27.0585    21.6292 3.4188e-01     0.1273      0.011    1446.53     70.440     5.6997  43.554214  0.000e+00
      0.240     1.7401    27.0604    21.6307 3.4188e-01     0.1273      0.011    1446.53     70.452     5.7006  43.554214  0.000e+00
      0.253     1.7400    27.0640    21.6336 3.2967e-01     0.1273      0.007    1446.54     70.470     5.7020  43.554215  0.000e+00
      0.253     1.7400    27.0642    21.6338 3.1746e-01     0.1285      0.011    1446.54     70.419     5.6978  43.554215  0.000e+00
      0.238     1.7398    27.0665    21.6356 3.1746e-01     0.1273      0.011    1446.54     70.419     5.6978  43.554216  0.000e+00
      0.253     1.7402    27.0692    21.6378 3.0525e-01     0.1273      0.007    1446.54     70.424     5.6981  43.554216  0.000e+00
      0.264     1.7401    27.0698    21.6383 2.9304e-01     0.1273      0.011    1446.54     70.436     5.6990  43.554217  0.000e+00
      0.264     1.7402    27.0720    21.6400 2.9304e-01     0.1285      0.011    1446.55     70.388     5.6950  43.554217  0.000e+00
      0.263     1.7401    27.0726    21.6405 3.0525e-01     0.1285      0.011    1446.55     70.391     5.6953  43.554218  0.000e+00
      0.276     1.7402    27.0687    21.6374 3.1746e-01     0.1273      0.011    1446.54     70.336     5.6909  43.554218  0.000e+00
      0.253     1.7404    27.0670    21.6360 4.0293e-01     0.1273      0.011    1446.54     70.331     5.6905  43.554219  0.000e+00
      0.289     1.7401    27.0718    21.6398 4.8840e-01     0.1285      0.011    1446.55     70.332     5.6905  43.554219  0.000e+00
      0.263     1.7404    27.0655    21.6348 4.5177e-01     0.1273      0.015    1446.54     70.338     5.6912  43.554220  0.000e+00
      0.300     1.7404    27.0636    21.6333 3.9072e-01     0.1273      0.011    1446.54     70.276     5.6862  43.554220  0.000e+00
      0.276     1.7401    27.0591    21.6297 3.5409e-01     0.1273      0.011    1446.53     70.274     5.6863  43.554221  0.000e+00
      0.276     1.7400    27.0519    21.6239 3.4188e-01     0.1285      0.015    1446.52     70.277     5.6869  43.554221  0.000e+00
      0.287     1.7404    27.0503    21.6227 3.2967e-01     0.1285      0.011    1446.52     70.222     5.6824  43.554222  0.000e+00
      0.276     1.7402    27.0459    21.6191 3.6630e-01     0.1273      0.007    1446.51     70.218     5.6822  43.554222  0.000e+00
      0.276     1.7404    27.0432    21.6170 4.0293e-01     0.1273      0.011    1446.51     70.154     5.6772  43.554223  0.000e+00
      0.276     1.7404    27.0471    21.6201 4.2735e-01     0.1273      0.011    1446.52     70.152     5.6769  43.554223  0.000e+00
      0.276     1.7406    27.0460    21.6192 4.2735e-01     0.1273      0.007    1446.52     70.156     5.6772  43.554224  0.000e+00
      0.274     1.7408    27.0485    21.6211 4.3956e-01     0.1285      0.011    1446.52     70.091     5.6718  43.554224  0.000e+00
      0.276     1.7408    27.0552    21.6265 5.2503e-01     0.1273      0.011    1446.53     70.087     5.6712  43.554225  0.000e+00
      0.264     1.7406    27.0561    21.6273 5.2503e-01     0.1273      0.007    1446.53     70.078     5.6705  43.554225  0.000e+00
      0.276     1.7407    27.0550    21.6264 4.5177e-01     0.1273      0.011    1446.53     70.012     5.6651  43.554226  0.000e+00
      0.274     1.7408    27.0542    21.6257 3.9072e-01     0.1273      0.011    1446.53     70.006     5.6647  43.554226  0.000e+00
      0.264     1.7407    27.0461    21.6193 3.4188e-01     0.1273      0.011    1446.52     69.996     5.6642  43.554226  0.000e+00
      0.276     1.7410    27.0409    21.6151 3.2967e-01     0.1285      0.011    1446.51     69.927     5.6588  43.554227  0.000e+00
      0.276     1.7412    27.0373    21.6122 3.2967e-01     0.1273      0.011    1446.51     69.919     5.6582  43.554227  0.000e+00
      0.274     1.7415    27.0283    21.6050 3.2967e-01     0.1273      0.011    1446.50     69.917     5.6584  43.554228  0.000e+00
      0.276     1.7426    27.0251    21.6024 3.2967e-01     0.1273      0.015    1446.50     69.910     5.6578  43.554228  0.000e+00
      0.289     1.7435    27.0241    21.6015 3.2967e-01     0.1273      0.011    1446.50     69.845     5.6525  43.554229  0.000e+00
      0.276     1.7444    27.0198    21.5980 3.4188e-01     0.1273      0.007    1446.50     69.841     5.6522  43.554229  0.000e+00
      0.287     1.7446    27.0222    21.5999 3.4188e-01     0.1285      0.011    1446.50     69.769     5.6462  43.554230  0.000e+00
      0.289     1.7445    27.0242    21.6016 3.4188e-01     0.1273      0.011    1446.50     69.757     5.6452  43.554230  0.000e+00
      0.300     1.7449    27.0225    21.6002 3.4188e-01     0.1285      0.011    1446.50     69.687     5.6395  43.554231  0.000e+00
      0.300     1.7450    27.0278    21.6044 3.2967e-01     0.1273      0.011    1446.51     69.614     5.6334  43.554231  0.000e+00
      0.298     1.7454    27.0316    21.6074 3.1746e-01     0.1273      0.011    1446.52     69.666     5.6374  43.554232  0.000e+00
      0.311     1.7456    27.0326    21.6082 3.0525e-01     0.1273      0.011    1446.52     69.661     5.6369  43.554232  0.000e+00
      0.300     1.7455    27.0306    21.6066 2.9304e-01     0.1273      0.011    1446.52     69.661     5.6370  43.554233  0.000e+00
      0.324     1.7456    27.0300    21.6061 2.9304e-01     0.1273      0.007    1446.52     69.603     5.6324  43.554233  0.000e+00
      0.311     1.7460    27.0314    21.6072 3.0525e-01     0.1273      0.011    1446.52     69.542     5.6273  43.554234  0.000e+00
      0.324     1.7458    27.0354    21.6104 3.2967e-01     0.1273      0.011    1446.53     69.532     5.6264  43.554234  0.000e+00
      0.324     1.7461    27.0358    21.6107 3.5409e-01     0.1273      0.011    1446.53     69.465     5.6208  43.554235  0.000e+00
      0.336     1.7461    27.0376    21.6122 3.5409e-01     0.1273      0.011    1446.53     69.459     5.6203  43.554235  0.000e+00
      0.311     1.7461    27.0381    21.6126 3.4188e-01     0.1285      0.011    1446.53     69.449     5.6195  43.554236  0.000e+00
      0.371     1.7461    27.0424    21.6160 3.1746e-01     0.1273      0.011    1446.54     69.383     5.6139  43.554236  0.000e+00
      0.348     1.7463    27.0373    21.6119 3.1746e-01     0.1285      0.011    1446.53     69.377     5.6137  43.554237  0.000e+00
      0.360     1.7464    27.0307    21.6066 3.0525e-01     0.1285      0.011    1446.52     69.304     5.6080  43.554237  0.000e+00
      0.348     1.7465    27.0203    21.5983 3.0525e-01     0.1273      0.011    1446.51     69.292     5.6074  43.554238  0.000e+00
      0.370     1.7464    27.0139    21.5931 2.9304e-01     0.1285      0.015    1446.50     69.287     5.6073  43.554238  0.000e+00
      0.371     1.7468    27.0098    21.5899 3.0525e-01     0.1273      0.011    1446.50     69.289     5.6076  43.554239  0.000e+00
      0.371     1.7460    27.0040    21.5853 3.1746e-01     0.1273      0.011    1446.49     69.224     5.6026  43.554239  0.000e+00
      0.371     1.7454    27.0046    21.5858 3.1746e-01     0.1285      0.011    1446.48     69.155     5.5971  43.554239  0.000e+00
      0.394     1.7447    27.0049    21.5861 3.1746e-01     0.1273      0.011    1446.48     69.149     5.5967  43.554240  0.000e+00
      0.384     1.7444    27.0026    21.5842 3.1746e-01     0.1285      0.011    1446.48     69.150     5.5969  43.554240  0.000e+00
      0.395     1.7439    26.9970    21.5798 3.2967e-01     0.1273      0.011    1446.47     69.083     5.5918  43.554241  0.000e+00
      0.407     1.7439    27.0019    21.5837 3.2967e-01     0.1273      0.011    1446.48     69.079     5.5913  43.554241  0.000e+00
      0.407     1.7438    27.0013    21.5832 3.2967e-01     0.1273      0.011    1446.47     69.007     5.5855  43.554242  0.000e+00
      0.420     1.7441    26.9977    21.5803 3.2967e-01     0.1273      0.011    1446.47     68.998     5.5848  43.554242  0.000e+00
      0.420     1.7441    26.9969    21.5797 3.4188e-01     0.1273      0.007    1446.47     68.996     5.5847  43.554243  0.000e+00
      0.420     1.7441    27.0004    21.5825 3.4188e-01     0.1273      0.011    1446.47     68.936     5.5797  43.554243  0.000e+00
      0.431     1.7439    27.0084    21.5889 3.1746e-01     0.1285      0.011    1446.48     68.929     5.5788  43.554244  0.000e+00
      0.429     1.7443    27.0113    21.5912 3.2967e-01     0.1273      0.007    1446.49     68.929     5.5787  43.554244  0.000e+00
      0.444     1.7443    27.0130    21.5926 3.2967e-01     0.1273      0.011    1446.49     68.872     5.5740  43.554245  0.000e+00
      0.431     1.7445    27.0155    21.5946 3.1746e-01     0.1273      0.011    1446.50     68.867     5.5735  43.554245  0.000e+00
      0.444     1.7446    27.0113    21.5912 3.1746e-01     0.1273      0.011    1446.49     68.869     5.5738  43.554246  0.000e+00
      0.442     1.7446    27.0097    21.5899 3.1746e-01     0.1273      0.015    1446.49     68.869     5.5738  43.554246  0.000e+00
      0.444     1.7443    27.0117    21.5915 3.1746e-01     0.1285      0.011    1446.49     68.811     5.5691  43.554247  0.000e+00
      0.444     1.7443    27.0151    21.5943 3.0525e-01     0.1273      0.011    1446.49     68.815     5.5693  43.554247  0.000e+00
      0.444     1.7443    27.0184    21.5969 3.0525e-01     0.1273      0.015    1446.50     68.816     5.5693  43.554248  0.000e+00
      0.444     1.7444    27.0176    21.5962 3.1746e-01     0.1273      0.011    1446.50     68.759     5.5647  43.554248  0.000e+00
      0.454     1.7441    27.0132    21.5928 3.1746e-01     0.1273      0.011    1446.49     68.765     5.5654  43.554249  0.000e+00
      0.455     1.7439    27.0135    21.5930 3.0525e-01     0.1285      0.015    1446.49     68.704     5.5604  43.554249  0.000e+00
      0.444     1.7441    27.0109    21.5909 3.1746e-01     0.1273      0.011    1446.49     68.704     5.5605  43.554250  0.000e+00
      0.455     1.7437    27.0072    21.5880 3.0525e-01     0.1285      0.011    1446.48     68.712     5.5614  43.554250  0.000e+00
      0.429     1.7438    27.0030    21.5846 3.0525e-01     0.1273      0.015    1446.48     68.716     5.5619  43.554251  0.000e+00
      0.420     1.7433    27.0069    21.5877 3.0525e-01     0.1273      0.011    1446.48     68.663     5.5575  43.554251  0.000e+00
      0.467     1.7435    27.0034    21.5849 3.0525e-01     0.1285      0.015    1446.48     68.673     5.5584  43.554252  0.000e+00
      0.431     1.7433    27.0006    21.5827 3.0525e-01     0.1273      0.011    1446.47     68.689     5.5598  43.554252  0.000e+00
      0.407     1.7435    27.0032    21.5848 2.9304e-01     0.1273      0.007    1446.47     68.703     5.5608  43.554253  0.000e+00
      0.480     1.7433    27.0063    21.5872 2.9304e-01     0.1285      0.011    1446.48     68.659     5.5572  43.554253  0.000e+00
      0.431     1.7434    27.0098    21.5901 2.9304e-01     0.1285      0.011    1446.48     68.602     5.5525  43.554253  0.000e+00
      0.444     1.7433    27.0107    21.5908 2.9304e-01     0.1273      0.007    1446.48     68.673     5.5581  43.554254  0.000e+00
      0.444     1.7432    27.0152    21.5944 2.9304e-01     0.1273      0.011    1446.49     68.685     5.5589  43.554254  0.000e+00
      0.442     1.7437    27.0195    21.5978 2.9304e-01     0.1273      0.011    1446.50     68.629     5.5542  43.554255  0.000e+00
      0.467     1.7433    27.0216    21.5995 2.9304e-01     0.1273      0.011    1446.50     68.644     5.5554  43.554255  0.000e+00
      0.455     1.7435    27.0274    21.6041 2.9304e-01     0.1285      0.011    1446.51     68.602     5.5517  43.554256  0.000e+00
      0.467     1.7438    27.0419    21.6157 3.0525e-01     0.1285      0.011    1446.53     68.621     5.5527  43.554256  0.000e+00
      0.467     1.7439    27.0466    21.6195 3.2967e-01     0.1273      0.007    1446.53     68.638     5.5539  43.554257  0.000e+00
      0.480     1.7441    27.0498    21.6221 3.2967e-01     0.1285      0.011    1446.54     68.652     5.5548  43.554257  0.000e+00
      0.491     1.7441    27.0467    21.6195 3.1746e-01     0.1273      0.011    1446.54     68.672     5.5566  43.554258  0.000e+00
      0.502     1.7447    27.0296    21.6058 3.1746e-01     0.1285      0.015    1446.52     68.624     5.5533  43.554258  0.000e+00
      0.502     1.7446    27.0213    21.5992 3.0525e-01     0.1273      0.015    1446.51     68.702     5.5599  43.554259  0.000e+00
      0.514     1.7447    27.0166    21.5955 3.0525e-01     0.1273      0.011    1446.50     68.666     5.5572  43.554259  0.000e+00
      0.526     1.7444    27.0207    21.5987 3.1746e-01     0.1273      0.015    1446.50     68.682     5.5584  43.554260  0.000e+00
      0.526     1.7437    27.0196    21.5979 3.1746e-01     0.1273      0.011    1446.50     68.704     5.5603  43.554260  0.000e+00
      0.539     1.7427    27.0112    21.5912 3.0525e-01     0.1273      0.011    1446.48     68.657     5.5570  43.554261  0.000e+00
      0.539     1.7418    27.0094    21.5898 3.1746e-01     0.1285      0.015    1446.48     68.672     5.5583  43.554261  0.000e+00
      0.573     1.7414    27.0057    21.5869 3.0525e-01     0.1273      0.011    1446.47     68.692     5.5602  43.554262  0.000e+00
      0.598     1.7407    26.9985    21.5812 3.0525e-01     0.1285      0.011    1446.46     68.719     5.5627  43.554262  0.000e+00
      0.598     1.7404    26.9963    21.5794 3.1746e-01     0.1285      0.015    1446.45     68.741     5.5646  43.554263  0.000e+00
      0.611     1.7400    26.9912    21.5753 3.1746e-01     0.1285      0.011    1446.45     68.694     5.5611  43.554263  0.000e+00
      0.598     1.7395    26.9885    21.5732 3.0525e-01     0.1273      0.015    1446.44     68.708     5.5624  43.554264  0.000e+00
      0.611     1.7390    26.9973    21.5803 3.0525e-01     0.1273      0.011    1446.45     68.727     5.5637  43.554264  0.000e+00
      0.502     1.7382    26.9968    21.5799 3.0525e-01     0.1273      0.007    1446.44     68.741     5.5649  43.554265  0.000e+00
      0.693     1.7375    26.9966    21.5798 3.0525e-01     0.1285      0.015    1446.44     68.763     5.5668  43.554265  0.000e+00
      0.717     1.7367    27.0019    21.5841 2.9304e-01     0.1285      0.011    1446.45     68.779     5.5680  43.554266  0.000e+00
      0.645     1.7365    26.9976    21.5806 2.9304e-01     0.1273      0.007    1446.44     68.798     5.5698  43.554266  0.000e+00
      0.730     1.7365    26.9991    21.5819 2.9304e-01     0.1285      0.011    1446.44     68.824     5.5718  43.554266  0.000e+00
      0.693     1.7363    27.0069    21.5881 2.9304e-01     0.1285      0.011    1446.45     68.843     5.5731  43.554267  0.000e+00
      0.693     1.7363    27.0038    21.5856 3.0525e-01     0.1273      0.011    1446.45     68.803     5.5699  43.554267  0.000e+00
      0.742     1.7359    27.0067    21.5880 3.0525e-01     0.1273      0.015    1446.45     68.823     5.5715  43.554268  0.000e+00
      0.764     1.7359    27.0057    21.5872 3.0525e-01     0.1285      0.011    1446.45     68.837     5.5727  43.554268  0.000e+00
      0.766     1.7364    26.9994    21.5821 3.0525e-01     0.1285      0.011    1446.44     68.855     5.5743  43.554269  0.000e+00
      0.789     1.7365    26.9985    21.5814 3.0525e-01     0.1273      0.011    1446.44     68.878     5.5762  43.554269  0.000e+00
      0.813     1.7371    26.9943    21.5780 3.1746e-01     0.1273      0.011    1446.44     68.906     5.5785  43.554270  0.000e+00
      0.813     1.7373    26.9904    21.5748 3.1746e-01     0.1285      0.015    1446.44     68.863     5.5752  43.554270  0.000e+00
