VT68_20190212_down.cnv
* Sea-Bird SBE 9 Data File:
* FileName = C:\CTD Brukere\NIVA\OKOKYST2019\20190211\VT68_20190212.hex
* Software Version Seasave V 7.23.2
* Temperature SN = 5352
* Conductivity SN = 3840
* Number of Bytes Per Scan = 28
* Number of Voltage Words = 4
* Number of Scans Averaged by the Deck Unit = 1
* NMEA baud rate = 4800
** Ship: R/V Trygve Braarud
** Cruise:
** Station:
** Operator:
# nquan = 12
# nvalues = 2083                                  
# units = specified
# name 0 = depSM: Depth [salt water, m], lat = 59.60
# name 1 = t090C: Temperature [ITS-90, deg C]
# name 2 = sal00: Salinity, Practical [PSU]
# name 3 = sigma-t00: Density [sigma-t, kg/m^3 ]
# name 4 = flSP: Fluorescence, Seapoint
# name 5 = wetStar: Fluorescence, WET Labs WETstar [mg/m^3]
# name 6 = seaTurbMtr: Turbidity, Seapoint [FTU]
# name 7 = svCM: Sound Velocity [Chen-Millero, m/s]
# name 8 = sbeox0PS: Oxygen, SBE 43 [% saturation]
# name 9 = sbeox0ML/L: Oxygen, SBE 43 [ml/l]
# name 10 = timeJ: Julian Days
# name 11 = flag:  0.000e+00
# span 0 =      0.229,     23.800                 
# span 1 =     1.7276,     5.6079                 
# span 2 =    26.9376,    32.5760                 
# span 3 =    21.5323,    25.6865                 
# span 4 = 2.3199e-01, 6.8376e-01                 
# span 5 =     0.1261,     0.1298                 
# span 6 =      0.007,      0.018                 
# span 7 =    1446.39,    1470.50                 
# span 8 =     63.913,     77.970                 
# span 9 =     4.5289,     6.3066                 
# span 10 =  43.554097,  43.555101                
# span 11 = 0.0000e+00, 0.0000e+00                
# interval = seconds: 0.0416667
# start_time = Feb 12 2019 13:17:54 [System UpLoad Time]
# bad_flag = -9.990e-29
*END*
[from data line 1083]
     16.574     3.5677    31.1111    24.7334 2.6862e-01     0.1298      0.015    1460.06     73.711     5.5407  43.554620  0.000e+00
     16.596     3.5605    31.0988    24.7243 2.6862e-01     0.1298      0.015    1460.02     73.702     5.5415  43.554620  0.000e+00
     16.621     3.5568    31.0915    24.7189 2.6862e-01     0.1298      0.015    1459.99     73.756     5.5463  43.554620  0.000e+00
     16.645     3.5721    31.0966    24.7215 2.6862e-01     0.1285      0.015    1460.06     73.761     5.5444  43.554621  0.000e+00
     16.668     3.5960    31.1249    24.7419 2.6862e-01     0.1285      0.015    1460.20     73.701     5.5356  43.554621  0.000e+00
     16.694     3.6157    31.1521    24.7618 2.6862e-01     0.1298      0.015    1460.32     73.751     5.5356  43.554622  0.000e+00
     16.703     3.6324    31.1641    24.7699 2.6862e-01     0.1285      0.015    1460.41     73.682     5.5277  43.554622  0.000e+00
     16.741     3.6408    31.1689    24.7729 2.5641e-01     0.1298      0.015    1460.45     73.670     5.5255  43.554623  0.000e+00
     16.765     3.6364    31.1727    24.7763 2.6862e-01     0.1285      0.015    1460.44     73.724     5.5300  43.554623  0.000e+00
     16.763     3.6205    31.1690    24.7748 2.6862e-01     0.1298      0.015    1460.37     73.734     5.5331  43.554624  0.000e+00
     16.789     3.6064    31.1539    24.7641 2.6862e-01     0.1285      0.015    1460.29     73.680     5.5315  43.554624  0.000e+00
     16.812     3.6007    31.1396    24.7532 2.6862e-01     0.1298      0.015    1460.24     73.680     5.5328  43.554625  0.000e+00
     16.823     3.6077    31.1322    24.7467 2.6862e-01     0.1298      0.015    1460.26     73.669     5.5313  43.554625  0.000e+00
     16.860     3.6353    31.1378    24.7487 2.6862e-01     0.1298      0.015    1460.39     73.654     5.5262  43.554626  0.000e+00
     16.883     3.6541    31.1617    24.7660 2.6862e-01     0.1298      0.015    1460.50     73.640     5.5217  43.554626  0.000e+00
     16.896     3.6594    31.1766    24.7773 2.8083e-01     0.1285      0.015    1460.54     73.638     5.5203  43.554627  0.000e+00
     16.919     3.6663    31.1760    24.7763 2.9304e-01     0.1285      0.015    1460.57     73.627     5.5186  43.554627  0.000e+00
     16.933     3.6725    31.1773    24.7768 2.8083e-01     0.1285      0.015    1460.60     73.617     5.5169  43.554628  0.000e+00
     16.954     3.6725    31.1794    24.7784 2.6862e-01     0.1285      0.015    1460.60     73.616     5.5168  43.554628  0.000e+00
     16.980     3.6658    31.1725    24.7735 2.8083e-01     0.1298      0.015    1460.57     73.608     5.5173  43.554629  0.000e+00
     16.992     3.6510    31.1554    24.7612 2.8083e-01     0.1285      0.015    1460.48     73.610     5.5201  43.554629  0.000e+00
     17.014     3.6468    31.1440    24.7525 2.6862e-01     0.1285      0.015    1460.45     73.548     5.5165  43.554630  0.000e+00
     17.016     3.6613    31.1568    24.7614 2.6862e-01     0.1298      0.015    1460.53     73.601     5.5180  43.554630  0.000e+00
     17.063     3.6830    31.1808    24.7786 2.6862e-01     0.1285      0.015    1460.65     73.598     5.5140  43.554631  0.000e+00
     17.076     3.6942    31.2017    24.7942 2.6862e-01     0.1298      0.015    1460.73     73.525     5.5062  43.554631  0.000e+00
     17.087     3.6995    31.2113    24.8013 2.5641e-01     0.1285      0.015    1460.76     73.581     5.5093  43.554632  0.000e+00
     17.112     3.6966    31.2145    24.8041 2.5641e-01     0.1285      0.015    1460.75     73.520     5.5050  43.554632  0.000e+00
     17.123     3.6902    31.2104    24.8015 2.6862e-01     0.1285      0.015    1460.72     73.570     5.5098  43.554633  0.000e+00
     17.147     3.6814    31.2063    24.7990 2.9304e-01     0.1285      0.015    1460.68     73.511     5.5067  43.554633  0.000e+00
     17.159     3.6808    31.1981    24.7925 2.9304e-01     0.1298      0.015    1460.67     73.506     5.5067  43.554633  0.000e+00
     17.183     3.6916    31.1960    24.7899 2.8083e-01     0.1298      0.015    1460.71     73.500     5.5049  43.554634  0.000e+00
     17.196     3.7055    31.2073    24.7976 2.8083e-01     0.1285      0.015    1460.78     73.494     5.5022  43.554634  0.000e+00
     17.219     3.7194    31.2223    24.8083 2.8083e-01     0.1298      0.015    1460.86     73.489     5.4993  43.554635  0.000e+00
     17.232     3.7302    31.2358    24.8181 2.6862e-01     0.1285      0.015    1460.92     73.485     5.4971  43.554635  0.000e+00
     17.254     3.7373    31.2438    24.8237 2.6862e-01     0.1285      0.015    1460.97     73.483     5.4956  43.554636  0.000e+00
     17.267     3.7439    31.2474    24.8260 2.8083e-01     0.1298      0.015    1461.00     73.472     5.4938  43.554636  0.000e+00
     17.279     3.7515    31.2512    24.8284 2.8083e-01     0.1285      0.015    1461.03     73.470     5.4925  43.554637  0.000e+00
     17.303     3.7601    31.2563    24.8316 2.6862e-01     0.1285      0.015    1461.08     73.469     5.4911  43.554637  0.000e+00
     17.326     3.7682    31.2654    24.8381 2.8083e-01     0.1298      0.015    1461.12     73.406     5.4849  43.554638  0.000e+00
     17.327     3.7761    31.2751    24.8451 2.9304e-01     0.1285      0.015    1461.17     73.461     5.4876  43.554638  0.000e+00
     17.363     3.7846    31.2827    24.8504 2.9304e-01     0.1285      0.015    1461.22     73.454     5.4857  43.554639  0.000e+00
     17.376     3.7904    31.2870    24.8533 2.8083e-01     0.1298      0.015    1461.25     73.384     5.4795  43.554639  0.000e+00
     17.386     3.7924    31.2881    24.8539 2.6862e-01     0.1298      0.015    1461.26     73.370     5.4781  43.554640  0.000e+00
     17.411     3.7921    31.2865    24.8527 2.6862e-01     0.1285      0.015    1461.25     73.430     5.4827  43.554640  0.000e+00
     17.434     3.7940    31.2871    24.8530 2.6862e-01     0.1285      0.015    1461.26     73.362     5.4774  43.554641  0.000e+00
     17.434     3.7962    31.2915    24.8563 2.9304e-01     0.1285      0.015    1461.28     73.359     5.4767  43.554641  0.000e+00
     17.471     3.7967    31.2949    24.8590 2.9304e-01     0.1285      0.015    1461.29     73.358     5.4764  43.554642  0.000e+00
     17.481     3.8026    31.2956    24.8590 2.8083e-01     0.1298      0.015    1461.31     73.357     5.4755  43.554642  0.000e+00
     17.494     3.8166    31.3004    24.8615 2.8083e-01     0.1285      0.015    1461.38     73.346     5.4727  43.554643  0.000e+00
     17.530     3.8313    31.3112    24.8687 2.6862e-01     0.1285      0.015    1461.45     73.337     5.4696  43.554643  0.000e+00
     17.531     3.8421    31.3209    24.8754 2.6862e-01     0.1298      0.015    1461.51     73.391     5.4719  43.554644  0.000e+00
     17.554     3.8496    31.3268    24.8794 2.5641e-01     0.1298      0.015    1461.55     73.338     5.4667  43.554644  0.000e+00
     17.578     3.8564    31.3317    24.8827 2.5641e-01     0.1298      0.015    1461.59     73.341     5.4658  43.554645  0.000e+00
     17.590     3.8623    31.3366    24.8860 2.5641e-01     0.1285      0.015    1461.62     73.336     5.4644  43.554645  0.000e+00
     17.614     3.8681    31.3407    24.8887 2.5641e-01     0.1298      0.015    1461.65     73.340     5.4639  43.554646  0.000e+00
     17.638     3.8740    31.3469    24.8931 2.5641e-01     0.1285      0.015    1461.68     73.337     5.4626  43.554646  0.000e+00
     17.650     3.8823    31.3511    24.8957 2.6862e-01     0.1285      0.015    1461.72     73.334     5.4611  43.554647  0.000e+00
     17.674     3.8893    31.3550    24.8981 2.9304e-01     0.1298      0.015    1461.76     73.341     5.4605  43.554647  0.000e+00
     17.687     3.8965    31.3577    24.8996 3.0525e-01     0.1285      0.015    1461.79     73.349     5.4601  43.554647  0.000e+00
     17.710     3.9018    31.3596    24.9006 2.9304e-01     0.1285      0.015    1461.82     73.350     5.4593  43.554648  0.000e+00
     17.723     3.9066    31.3621    24.9022 2.8083e-01     0.1298      0.015    1461.84     73.351     5.4587  43.554648  0.000e+00
     17.757     3.9123    31.3668    24.9054 2.8083e-01     0.1298      0.015    1461.87     73.353     5.4579  43.554649  0.000e+00
     17.770     3.9183    31.3714    24.9085 2.8083e-01     0.1298      0.015    1461.90     73.355     5.4571  43.554649  0.000e+00
     17.805     3.9242    31.3746    24.9104 2.8083e-01     0.1298      0.015    1461.93     73.358     5.4564  43.554650  0.000e+00
     17.817     3.9287    31.3780    24.9127 2.6862e-01     0.1298      0.015    1461.96     73.299     5.4513  43.554650  0.000e+00
     17.843     3.9320    31.3816    24.9152 2.6862e-01     0.1285      0.015    1461.97     73.359     5.4552  43.554651  0.000e+00
     17.865     3.9348    31.3842    24.9171 2.5641e-01     0.1285      0.015    1461.99     73.365     5.4552  43.554651  0.000e+00
     17.878     3.9383    31.3855    24.9177 2.5641e-01     0.1285      0.015    1462.01     73.372     5.4552  43.554652  0.000e+00
     17.901     3.9413    31.3881    24.9195 2.5641e-01     0.1285      0.015    1462.02     73.317     5.4506  43.554652  0.000e+00
     17.925     3.9448    31.3903    24.9209 2.6862e-01     0.1285      0.015    1462.04     73.317     5.4500  43.554653  0.000e+00
     17.961     3.9500    31.3931    24.9227 2.6862e-01     0.1285      0.015    1462.07     73.372     5.4533  43.554653  0.000e+00
     17.961     3.9558    31.3969    24.9252 2.6862e-01     0.1298      0.015    1462.10     73.318     5.4484  43.554654  0.000e+00
     17.997     3.9618    31.4019    24.9286 2.6862e-01     0.1285      0.015    1462.13     73.384     5.4523  43.554654  0.000e+00
     18.021     3.9687    31.4052    24.9305 2.5641e-01     0.1298      0.015    1462.16     73.323     5.4467  43.554655  0.000e+00
     18.045     3.9748    31.4097    24.9336 2.5641e-01     0.1298      0.015    1462.19     73.326     5.4460  43.554655  0.000e+00
     18.069     3.9798    31.4152    24.9375 2.6862e-01     0.1285      0.015    1462.22     73.322     5.4448  43.554656  0.000e+00
     18.105     3.9837    31.4198    24.9407 2.6862e-01     0.1298      0.015    1462.25     73.328     5.4446  43.554656  0.000e+00
     18.105     3.9864    31.4221    24.9423 2.8083e-01     0.1285      0.015    1462.26     73.389     5.4487  43.554657  0.000e+00
     18.141     3.9884    31.4241    24.9437 2.6862e-01     0.1298      0.015    1462.27     73.333     5.4442  43.554657  0.000e+00
     18.165     3.9914    31.4259    24.9449 2.6862e-01     0.1285      0.015    1462.29     73.332     5.4436  43.554658  0.000e+00
     18.176     3.9942    31.4277    24.9460 2.6862e-01     0.1285      0.015    1462.30     73.331     5.4432  43.554658  0.000e+00
     18.212     3.9976    31.4286    24.9464 2.6862e-01     0.1285      0.015    1462.32     73.332     5.4427  43.554659  0.000e+00
     18.248     4.0008    31.4309    24.9480 2.5641e-01     0.1285      0.015    1462.33     73.333     5.4423  43.554659  0.000e+00
     18.261     4.0033    31.4329    24.9493 2.5641e-01     0.1298      0.015    1462.35     73.335     5.4421  43.554660  0.000e+00
     18.296     4.0055    31.4345    24.9504 2.5641e-01     0.1285      0.015    1462.36     73.338     5.4419  43.554660  0.000e+00
     18.308     4.0073    31.4368    24.9520 2.5641e-01     0.1285      0.015    1462.37     73.341     5.4418  43.554660  0.000e+00
     18.332     4.0106    31.4374    24.9521 2.6862e-01     0.1285      0.015    1462.39     73.345     5.4417  43.554661  0.000e+00
     18.356     4.0142    31.4394    24.9534 2.6862e-01     0.1285      0.015    1462.40     73.341     5.4408  43.554661  0.000e+00
     18.368     4.0186    31.4418    24.9549 2.5641e-01     0.1285      0.015    1462.43     73.346     5.4405  43.554662  0.000e+00
     18.416     4.0252    31.4451    24.9569 2.6862e-01     0.1285      0.015    1462.46     73.351     5.4399  43.554662  0.000e+00
     18.439     4.0335    31.4494    24.9595 2.6862e-01     0.1285      0.015    1462.50     73.348     5.4384  43.554663  0.000e+00
     18.463     4.0426    31.4544    24.9626 2.8083e-01     0.1298      0.015    1462.54     73.282     5.4321  43.554663  0.000e+00
     18.488     4.0520    31.4577    24.9643 2.8083e-01     0.1285      0.015    1462.59     73.343     5.4353  43.554664  0.000e+00
     18.499     4.0595    31.4632    24.9680 2.5641e-01     0.1285      0.015    1462.63     73.278     5.4293  43.554664  0.000e+00
     18.536     4.0670    31.4710    24.9735 2.5641e-01     0.1285      0.015    1462.67     73.332     5.4320  43.554665  0.000e+00
     18.536     4.0751    31.4793    24.9793 2.5641e-01     0.1285      0.015    1462.71     73.268     5.4259  43.554665  0.000e+00
     18.583     4.0832    31.4862    24.9840 2.5641e-01     0.1298      0.015    1462.76     73.260     5.4240  43.554666  0.000e+00
     18.596     4.0906    31.4930    24.9887 2.5641e-01     0.1298      0.015    1462.80     73.253     5.4222  43.554666  0.000e+00
     18.632     4.0987    31.5002    24.9936 2.6862e-01     0.1285      0.015    1462.84     73.246     5.4204  43.554667  0.000e+00
     18.655     4.1054    31.5071    24.9984 2.5641e-01     0.1285      0.015    1462.88     73.249     5.4194  43.554667  0.000e+00
     18.679     4.1121    31.5121    25.0018 2.5641e-01     0.1298      0.015    1462.91     73.244     5.4180  43.554668  0.000e+00
     18.703     4.1192    31.5157    25.0039 2.5641e-01     0.1285      0.015    1462.95     73.240     5.4167  43.554668  0.000e+00
     18.715     4.1259    31.5203    25.0069 2.6862e-01     0.1285      0.015    1462.98     73.237     5.4153  43.554669  0.000e+00
     18.752     4.1335    31.5268    25.0114 2.6862e-01     0.1285      0.015    1463.02     73.234     5.4139  43.554669  0.000e+00
     18.752     4.1434    31.5328    25.0152 2.6862e-01     0.1285      0.015    1463.07     73.231     5.4122  43.554670  0.000e+00
     18.787     4.1529    31.5393    25.0194 2.8083e-01     0.1298      0.015    1463.12     73.230     5.4106  43.554670  0.000e+00
     18.823     4.1632    31.5448    25.0228 3.0525e-01     0.1285      0.015    1463.17     73.229     5.4090  43.554671  0.000e+00
     18.834     4.1721    31.5523    25.0279 3.1746e-01     0.1298      0.015    1463.22     73.229     5.4075  43.554671  0.000e+00
     18.859     4.1787    31.5600    25.0334 3.1746e-01     0.1285      0.015    1463.26     73.166     5.4017  43.554672  0.000e+00
     18.870     4.1864    31.5678    25.0388 3.0525e-01     0.1298      0.015    1463.30     73.160     5.4000  43.554672  0.000e+00
     18.894     4.1968    31.5729    25.0419 2.8083e-01     0.1298      0.015    1463.35     73.153     5.3980  43.554673  0.000e+00
     18.930     4.2067    31.5787    25.0455 2.6862e-01     0.1298      0.015    1463.40     73.149     5.3961  43.554673  0.000e+00
     18.943     4.2162    31.5850    25.0495 2.6862e-01     0.1285      0.015    1463.45     73.145     5.3943  43.554674  0.000e+00
     18.967     4.2233    31.5903    25.0531 2.6862e-01     0.1298      0.015    1463.48     73.133     5.3924  43.554674  0.000e+00
     18.979     4.2286    31.5944    25.0558 2.6862e-01     0.1298      0.015    1463.51     73.132     5.3914  43.554674  0.000e+00
     19.003     4.2323    31.5976    25.0579 2.5641e-01     0.1285      0.015    1463.53     73.132     5.3908  43.554675  0.000e+00
     19.026     4.2346    31.6011    25.0605 2.5641e-01     0.1285      0.015    1463.55     73.133     5.3905  43.554675  0.000e+00
     19.026     4.2368    31.6038    25.0624 2.5641e-01     0.1285      0.015    1463.56     73.127     5.3896  43.554676  0.000e+00
     19.074     4.2398    31.6050    25.0631 2.5641e-01     0.1298      0.015    1463.57     73.121     5.3888  43.554676  0.000e+00
     19.074     4.2431    31.6059    25.0635 2.5641e-01     0.1285      0.015    1463.59     73.124     5.3885  43.554677  0.000e+00
