Ø-1_20190214_down.cnv
* Sea-Bird SBE 9 Data File:
* FileName = C:\CTD Brukere\NIVA\OKOKYST2019\20190211\Ø-1_20190214.hex
* Software Version Seasave V 7.23.2
* Temperature SN = 5352
* Conductivity SN = 3840
* Number of Bytes Per Scan = 28
* Number of Voltage Words = 4
* Number of Scans Averaged by the Deck Unit = 1
* NMEA baud rate = 4800
** Ship: R/V Trygve Braarud
** Cruise:
** Station:
** Operator:
# nquan = 12
# nvalues = 3733                                  
# units = specified
# name 0 = depSM: Depth [salt water, m], lat = 59.60
# name 1 = t090C: Temperature [ITS-90, deg C]
# name 2 = sal00: Salinity, Practical [PSU]
# name 3 = sigma-t00: Density [sigma-t, kg/m^3 ]
# name 4 = flSP: Fluorescence, Seapoint
# name 5 = wetStar: Fluorescence, WET Labs WETstar [mg/m^3]
# name 6 = seaTurbMtr: Turbidity, Seapoint [FTU]
# name 7 = svCM: Sound Velocity [Chen-Millero, m/s]
# name 8 = sbeox0PS: Oxygen, SBE 43 [% saturation]
# name 9 = sbeox0ML/L: Oxygen, SBE 43 [ml/l]
# name 10 = timeJ: Julian Days
# name 11 = flag:  0.000e+00
# span 0 =     -0.077,     48.155                 
# span 1 =     2.3030,     7.3904                 
# span 2 =    26.0877,    34.3956                 
# span 3 =    20.8216,    26.8880                 
# span 4 = 1.5873e-01, 5.6166e-01                 
# span 5 =     0.1261,     0.1298                 
# span 6 =      0.007,      0.018                 
# span 7 =    1447.81,    1480.20                 
# span 8 =     67.752,     80.134                 
# span 9 =     4.5569,     6.4297                 
# span 10 =  45.405625,  45.407425                
# span 11 = 0.0000e+00, 0.0000e+00                
# interval = seconds: 0.0416667
# start_time = Feb 14 2019 09:44:06 [System UpLoad Time]
# bad_flag = -9.990e-29
*END*
[from data line 241]
     -0.042     2.3523    26.1673    20.8826 3.1746e-01     0.1273      0.007    1448.10     72.123     5.7805  45.405741  0.000e+00
     -0.040     2.3558    26.1650    20.8806 3.2967e-01     0.1273      0.007    1448.11     72.077     5.7763  45.405742  0.000e+00
     -0.040     2.3569    26.1632    20.8791 3.4188e-01     0.1273      0.011    1448.11     72.091     5.7773  45.405742  0.000e+00
     -0.077     2.3564    26.1641    20.8799 3.4188e-01     0.1273      0.007    1448.11     72.109     5.7788  45.405743  0.000e+00
     -0.065     2.3541    26.1666    20.8819 3.5409e-01     0.1285      0.011    1448.10     72.122     5.7802  45.405743  0.000e+00
     -0.065     2.3511    26.1678    20.8831 3.6630e-01     0.1273      0.011    1448.09     72.140     5.7820  45.405744  0.000e+00
     -0.065     2.3507    26.1699    20.8848 3.6630e-01     0.1273      0.007    1448.09     72.089     5.7778  45.405744  0.000e+00
     -0.018     2.3505    26.1709    20.8856 3.6630e-01     0.1285      0.011    1448.10     72.096     5.7784  45.405745  0.000e+00
     -0.029     2.3537    26.1694    20.8843 3.5409e-01     0.1273      0.011    1448.11     72.043     5.7737  45.405745  0.000e+00
      0.007     2.3592    26.1685    20.8832 3.5409e-01     0.1285      0.011    1448.13     72.049     5.7734  45.405746  0.000e+00
      0.020     2.3592    26.1719    20.8859 3.4188e-01     0.1285      0.011    1448.14     72.050     5.7734  45.405746  0.000e+00
      0.029     2.3570    26.1757    20.8891 3.4188e-01     0.1285      0.011    1448.13     72.057     5.7741  45.405747  0.000e+00
      0.055     2.3504    26.1779    20.8912 3.2967e-01     0.1273      0.011    1448.10     72.058     5.7751  45.405747  0.000e+00
      0.091     2.3437    26.1831    20.8958 3.1746e-01     0.1285      0.015    1448.08     72.064     5.7764  45.405747  0.000e+00
      0.102     2.3397    26.1877    20.8997 3.1746e-01     0.1273      0.011    1448.07     72.009     5.7724  45.405748  0.000e+00
      0.126     2.3359    26.1925    20.9037 3.1746e-01     0.1273      0.011    1448.06     72.013     5.7730  45.405748  0.000e+00
      0.126     2.3323    26.1964    20.9070 3.2967e-01     0.1285      0.011    1448.05     71.947     5.7682  45.405749  0.000e+00
      0.186     2.3298    26.2000    20.9100 3.4188e-01     0.1273      0.011    1448.04     72.005     5.7730  45.405749  0.000e+00
      0.209     2.3270    26.2043    20.9136 3.4188e-01     0.1285      0.011    1448.04     71.938     5.7678  45.405750  0.000e+00
      0.222     2.3245    26.2072    20.9161 3.4188e-01     0.1273      0.011    1448.03     71.939     5.7682  45.405750  0.000e+00
      0.282     2.3213    26.2081    20.9170 3.2967e-01     0.1273      0.007    1448.02     71.935     5.7683  45.405751  0.000e+00
      0.282     2.3192    26.2079    20.9170 3.4188e-01     0.1273      0.011    1448.01     71.870     5.7634  45.405751  0.000e+00
      0.306     2.3185    26.2082    20.9173 3.5409e-01     0.1273      0.011    1448.01     71.864     5.7630  45.405752  0.000e+00
      0.329     2.3199    26.2074    20.9165 3.4188e-01     0.1285      0.007    1448.01     71.798     5.7575  45.405752  0.000e+00
      0.330     2.3247    26.2051    20.9144 3.1746e-01     0.1273      0.015    1448.03     71.781     5.7556  45.405753  0.000e+00
      0.353     2.3327    26.2002    20.9100 3.1746e-01     0.1273      0.011    1448.06     71.777     5.7543  45.405753  0.000e+00
      0.377     2.3440    26.1942    20.9046 3.1746e-01     0.1273      0.011    1448.10     71.704     5.7470  45.405754  0.000e+00
      0.424     2.3548    26.1898    20.9005 3.6630e-01     0.1285      0.011    1448.15     71.690     5.7445  45.405754  0.000e+00
      0.426     2.3623    26.1872    20.8980 4.0293e-01     0.1273      0.011    1448.18     71.672     5.7420  45.405755  0.000e+00
      0.437     2.3721    26.1829    20.8939 4.6398e-01     0.1273      0.011    1448.21     71.657     5.7396  45.405755  0.000e+00
      0.484     2.3809    26.1781    20.8896 4.3956e-01     0.1273      0.011    1448.25     71.584     5.7326  45.405756  0.000e+00
      0.484     2.3886    26.1744    20.8862 3.9072e-01     0.1273      0.007    1448.28     71.505     5.7253  45.405756  0.000e+00
      0.533     2.3964    26.1710    20.8830 3.6630e-01     0.1273      0.011    1448.31     71.487     5.7229  45.405757  0.000e+00
      0.544     2.4027    26.1679    20.8802 3.4188e-01     0.1285      0.011    1448.33     71.473     5.7210  45.405757  0.000e+00
      0.557     2.4075    26.1665    20.8788 3.5409e-01     0.1273      0.011    1448.35     71.456     5.7189  45.405758  0.000e+00
      0.580     2.4110    26.1672    20.8791 3.6630e-01     0.1273      0.011    1448.37     71.379     5.7123  45.405758  0.000e+00
      0.615     2.4139    26.1674    20.8791 3.5409e-01     0.1285      0.011    1448.38     71.362     5.7105  45.405759  0.000e+00
      0.617     2.4166    26.1703    20.8812 3.2967e-01     0.1273      0.011    1448.40     71.350     5.7090  45.405759  0.000e+00
      0.639     2.4195    26.1705    20.8812 3.1746e-01     0.1285      0.011    1448.41     71.279     5.7029  45.405760  0.000e+00
      0.652     2.4221    26.1708    20.8813 3.0525e-01     0.1273      0.011    1448.42     71.268     5.7016  45.405760  0.000e+00
      0.664     2.4238    26.1772    20.8863 3.0525e-01     0.1273      0.011    1448.44     71.263     5.7007  45.405761  0.000e+00
      0.675     2.4256    26.1790    20.8876 3.1746e-01     0.1273      0.015    1448.45     71.189     5.6945  45.405761  0.000e+00
      0.664     2.4269    26.1846    20.8920 3.4188e-01     0.1273      0.011    1448.46     71.176     5.6930  45.405761  0.000e+00
      0.699     2.4286    26.2004    20.9045 3.4188e-01     0.1285      0.011    1448.49     71.168     5.6916  45.405762  0.000e+00
      0.688     2.4297    26.2158    20.9168 3.5409e-01     0.1273      0.015    1448.52     71.092     5.6847  45.405762  0.000e+00
      0.688     2.4302    26.2556    20.9485 3.4188e-01     0.1273      0.011    1448.57     71.076     5.6818  45.405763  0.000e+00
      0.698     2.4306    26.3000    20.9839 3.4188e-01     0.1285      0.015    1448.63     71.001     5.6740  45.405763  0.000e+00
      0.699     2.4311    26.3407    21.0164 3.2967e-01     0.1273      0.011    1448.69     70.987     5.6713  45.405764  0.000e+00
      0.712     2.4321    26.4262    21.0846 3.1746e-01     0.1273      0.007    1448.80     70.979     5.6672  45.405764  0.000e+00
      0.712     2.4324    26.4555    21.1079 3.1746e-01     0.1285      0.011    1448.84     70.977     5.6658  45.405765  0.000e+00
      0.724     2.4328    26.4806    21.1280 3.1746e-01     0.1285      0.011    1448.88     70.907     5.6592  45.405765  0.000e+00
      0.698     2.4327    26.5095    21.1510 3.1746e-01     0.1273      0.011    1448.91     70.897     5.6573  45.405766  0.000e+00
      0.724     2.4328    26.4722    21.1213 3.1746e-01     0.1273      0.011    1448.86     70.829     5.6533  45.405766  0.000e+00
      0.724     2.4328    26.4564    21.1087 3.4188e-01     0.1273      0.011    1448.84     70.822     5.6533  45.405767  0.000e+00
      0.724     2.4330    26.4700    21.1195 3.4188e-01     0.1273      0.011    1448.86     70.821     5.6527  45.405767  0.000e+00
      0.735     2.4324    26.4591    21.1108 3.4188e-01     0.1285      0.011    1448.85     70.817     5.6529  45.405768  0.000e+00
      0.722     2.4320    26.5032    21.1461 3.4188e-01     0.1273      0.011    1448.90     70.819     5.6514  45.405768  0.000e+00
      0.735     2.4322    26.5303    21.1677 3.4188e-01     0.1273      0.011    1448.94     70.752     5.6450  45.405769  0.000e+00
      0.735     2.4316    26.5474    21.1814 3.2967e-01     0.1273      0.011    1448.96     70.747     5.6440  45.405769  0.000e+00
      0.748     2.4317    26.5939    21.2184 3.2967e-01     0.1273      0.011    1449.02     70.747     5.6422  45.405770  0.000e+00
      0.748     2.4314    26.6010    21.2242 3.4188e-01     0.1285      0.015    1449.03     70.689     5.6373  45.405770  0.000e+00
      0.758     2.4314    26.6321    21.2489 3.4188e-01     0.1273      0.011    1449.07     70.691     5.6363  45.405771  0.000e+00
      0.748     2.4311    26.6696    21.2789 3.2967e-01     0.1285      0.011    1449.11     70.700     5.6356  45.405771  0.000e+00
      0.759     2.4313    26.6479    21.2616 3.1746e-01     0.1285      0.011    1449.09     70.706     5.6369  45.405772  0.000e+00
      0.759     2.4311    26.6695    21.2788 3.1746e-01     0.1273      0.011    1449.11     70.717     5.6370  45.405772  0.000e+00
      0.748     2.4308    26.6688    21.2783 3.0525e-01     0.1285      0.011    1449.11     70.660     5.6325  45.405773  0.000e+00
      0.735     2.4308    26.6498    21.2631 3.1746e-01     0.1273      0.011    1449.09     70.674     5.6343  45.405773  0.000e+00
      0.746     2.4306    26.7086    21.3101 3.4188e-01     0.1273      0.011    1449.16     70.684     5.6329  45.405774  0.000e+00
      0.735     2.4306    26.7294    21.3267 3.4188e-01     0.1285      0.015    1449.19     70.700     5.6334  45.405774  0.000e+00
      0.724     2.4306    26.7785    21.3659 3.5409e-01     0.1273      0.011    1449.25     70.721     5.6332  45.405774  0.000e+00
      0.724     2.4305    26.8478    21.4212 3.7851e-01     0.1285      0.011    1449.34     70.675     5.6269  45.405775  0.000e+00
      0.699     2.4304    26.8704    21.4393 4.1514e-01     0.1273      0.011    1449.37     70.689     5.6271  45.405775  0.000e+00
      0.698     2.4300    26.9341    21.4902 3.9072e-01     0.1273      0.011    1449.45     70.700     5.6256  45.405776  0.000e+00
      0.699     2.4300    26.9622    21.5126 3.7851e-01     0.1273      0.015    1449.49     70.716     5.6258  45.405776  0.000e+00
      0.688     2.4304    26.9591    21.5101 3.6630e-01     0.1273      0.011    1449.49     70.737     5.6275  45.405777  0.000e+00
      0.675     2.4296    26.9992    21.5422 3.5409e-01     0.1285      0.011    1449.54     70.754     5.6274  45.405777  0.000e+00
      0.675     2.4286    26.9478    21.5011 3.4188e-01     0.1273      0.011    1449.46     70.776     5.6313  45.405778  0.000e+00
      0.675     2.4274    26.8879    21.4534 3.2967e-01     0.1285      0.007    1449.38     70.804     5.6360  45.405778  0.000e+00
      0.675     2.4271    26.8688    21.4382 3.1746e-01     0.1273      0.011    1449.35     70.772     5.6342  45.405779  0.000e+00
      0.688     2.4265    26.8055    21.3877 3.2967e-01     0.1273      0.011    1449.27     70.791     5.6383  45.405779  0.000e+00
      0.675     2.4263    26.7676    21.3575 3.4188e-01     0.1273      0.011    1449.22     70.741     5.6358  45.405780  0.000e+00
      0.688     2.4265    26.7384    21.3341 3.4188e-01     0.1273      0.011    1449.18     70.815     5.6428  45.405780  0.000e+00
      0.686     2.4266    26.7056    21.3079 3.1746e-01     0.1273      0.011    1449.14     70.774     5.6408  45.405781  0.000e+00
      0.699     2.4268    26.7164    21.3166 3.1746e-01     0.1273      0.011    1449.16     70.794     5.6419  45.405781  0.000e+00
      0.688     2.4274    26.6829    21.2897 3.0525e-01     0.1285      0.011    1449.11     70.808     5.6443  45.405782  0.000e+00
      0.675     2.4275    26.6633    21.2741 3.0525e-01     0.1273      0.011    1449.09     70.828     5.6465  45.405782  0.000e+00
      0.688     2.4279    26.6960    21.3002 3.0525e-01     0.1273      0.011    1449.13     70.852     5.6472  45.405783  0.000e+00
      0.675     2.4277    26.6877    21.2936 3.0525e-01     0.1273      0.015    1449.12     70.807     5.6439  45.405783  0.000e+00
      0.664     2.4280    26.7205    21.3197 3.0525e-01     0.1273      0.011    1449.17     70.821     5.6437  45.405784  0.000e+00
      0.652     2.4290    26.7645    21.3548 3.0525e-01     0.1285      0.011    1449.23     70.840     5.6434  45.405784  0.000e+00
      0.652     2.4296    26.7431    21.3377 2.9304e-01     0.1285      0.011    1449.20     70.853     5.6452  45.405785  0.000e+00
      0.628     2.4310    26.7556    21.3476 2.9304e-01     0.1273      0.011    1449.22     70.871     5.6460  45.405785  0.000e+00
      0.580     2.4328    26.7341    21.3303 2.9304e-01     0.1273      0.011    1449.20     70.829     5.6432  45.405786  0.000e+00
      0.568     2.4342    26.6602    21.2712 2.9304e-01     0.1273      0.011    1449.11     70.837     5.6464  45.405786  0.000e+00
      0.533     2.4350    26.6324    21.2490 2.9304e-01     0.1273      0.011    1449.08     70.849     5.6483  45.405787  0.000e+00
      0.508     2.4361    26.5948    21.2189 2.9304e-01     0.1273      0.011    1449.04     70.855     5.6502  45.405787  0.000e+00
      0.484     2.4369    26.5513    21.1841 2.9304e-01     0.1273      0.011    1448.98     70.866     5.6526  45.405788  0.000e+00
      0.448     2.4375    26.5218    21.1605 2.9304e-01     0.1285      0.011    1448.95     70.880     5.6548  45.405788  0.000e+00
      0.377     2.4376    26.4781    21.1257 3.0525e-01     0.1285      0.011    1448.89     70.834     5.6528  45.405788  0.000e+00
      0.342     2.4367    26.4591    21.1106 2.9304e-01     0.1273      0.011    1448.86     70.838     5.6539  45.405789  0.000e+00
      0.306     2.4358    26.4562    21.1083 2.9304e-01     0.1285      0.011    1448.85     70.909     5.6599  45.405789  0.000e+00
      0.293     2.4344    26.4339    21.0906 2.9304e-01     0.1273      0.011    1448.81     70.920     5.6618  45.405790  0.000e+00
      0.258     2.4332    26.4568    21.1090 2.8083e-01     0.1273      0.007    1448.84     70.934     5.6622  45.405790  0.000e+00
      0.222     2.4327    26.4685    21.1183 2.9304e-01     0.1273      0.011    1448.85     70.887     5.6581  45.405791  0.000e+00
      0.211     2.4321    26.4410    21.0964 2.9304e-01     0.1285      0.011    1448.81     70.898     5.6601  45.405791  0.000e+00
      0.185     2.4302    26.4426    21.0977 3.0525e-01     0.1273      0.011    1448.81     70.913     5.6615  45.405792  0.000e+00
      0.162     2.4277    26.4219    21.0814 3.0525e-01     0.1273      0.011    1448.77     70.922     5.6634  45.405792  0.000e+00
      0.162     2.4246    26.4084    21.0708 3.0525e-01     0.1273      0.011    1448.74     70.934     5.6653  45.405793  0.000e+00
      0.126     2.4229    26.4136    21.0750 3.1746e-01     0.1273      0.011    1448.73     70.949     5.6665  45.405793  0.000e+00
      0.125     2.4223    26.3947    21.0600 3.1746e-01     0.1273      0.011    1448.71     70.957     5.6680  45.405794  0.000e+00
      0.126     2.4223    26.3900    21.0563 3.2967e-01     0.1273      0.011    1448.70     70.968     5.6691  45.405794  0.000e+00
      0.115     2.4231    26.3965    21.0614 3.2967e-01     0.1285      0.011    1448.71     70.981     5.6698  45.405795  0.000e+00
      0.102     2.4246    26.3754    21.0445 3.1746e-01     0.1273      0.011    1448.69     70.997     5.6717  45.405795  0.000e+00
      0.114     2.4266    26.3753    21.0442 3.0525e-01     0.1273      0.011    1448.70     70.952     5.6678  45.405796  0.000e+00
      0.102     2.4286    26.3805    21.0483 2.9304e-01     0.1285      0.011    1448.72     70.955     5.6675  45.405796  0.000e+00
      0.115     2.4302    26.3606    21.0323 3.0525e-01     0.1285      0.011    1448.70     71.024     5.6736  45.405797  0.000e+00
      0.102     2.4317    26.3648    21.0356 3.0525e-01     0.1273      0.007    1448.71     71.041     5.6746  45.405797  0.000e+00
      0.126     2.4330    26.3613    21.0327 3.1746e-01     0.1285      0.011    1448.71     71.061     5.6761  45.405798  0.000e+00
      0.115     2.4263    26.3494    21.0236 3.1746e-01     0.1273      0.011    1448.67     71.084     5.6794  45.405798  0.000e+00
