Ø-1_20190214_down.cnv
* Sea-Bird SBE 9 Data File:
* FileName = C:\CTD Brukere\NIVA\OKOKYST2019\20190211\Ø-1_20190214.hex
* Software Version Seasave V 7.23.2
* Temperature SN = 5352
* Conductivity SN = 3840
* Number of Bytes Per Scan = 28
* Number of Voltage Words = 4
* Number of Scans Averaged by the Deck Unit = 1
* NMEA baud rate = 4800
** Ship: R/V Trygve Braarud
** Cruise:
** Station:
** Operator:
# nquan = 12
# nvalues = 3733                                  
# units = specified
# name 0 = depSM: Depth [salt water, m], lat = 59.60
# name 1 = t090C: Temperature [ITS-90, deg C]
# name 2 = sal00: Salinity, Practical [PSU]
# name 3 = sigma-t00: Density [sigma-t, kg/m^3 ]
# name 4 = flSP: Fluorescence, Seapoint
# name 5 = wetStar: Fluorescence, WET Labs WETstar [mg/m^3]
# name 6 = seaTurbMtr: Turbidity, Seapoint [FTU]
# name 7 = svCM: Sound Velocity [Chen-Millero, m/s]
# name 8 = sbeox0PS: Oxygen, SBE 43 [% saturation]
# name 9 = sbeox0ML/L: Oxygen, SBE 43 [ml/l]
# name 10 = timeJ: Julian Days
# name 11 = flag:  0.000e+00
# span 0 =     -0.077,     48.155                 
# span 1 =     2.3030,     7.3904                 
# span 2 =    26.0877,    34.3956                 
# span 3 =    20.8216,    26.8880                 
# span 4 = 1.5873e-01, 5.6166e-01                 
# span 5 =     0.1261,     0.1298                 
# span 6 =      0.007,      0.018                 
# span 7 =    1447.81,    1480.20                 
# span 8 =     67.752,     80.134                 
# span 9 =     4.5569,     6.4297                 
# span 10 =  45.405625,  45.407425                
# span 11 = 0.0000e+00, 0.0000e+00                
# interval = seconds: 0.0416667
# start_time = Feb 14 2019 09:44:06 [System UpLoad Time]
# bad_flag = -9.990e-29
*END*
[from data line 2888]
     45.701     7.3553    34.3628    26.8671 1.5873e-01     0.1285      0.015    1479.99     67.965     4.5704  45.407018  0.000e+00
     45.692     7.3556    34.3632    26.8674 1.5873e-01     0.1285      0.015    1479.99     67.973     4.5709  45.407018  0.000e+00
     45.676     7.3558    34.3639    26.8679 1.7094e-01     0.1298      0.015    1479.99     67.973     4.5708  45.407019  0.000e+00
     45.665     7.3566    34.3634    26.8674 1.7094e-01     0.1285      0.015    1479.99     67.980     4.5712  45.407019  0.000e+00
     45.645     7.3562    34.3628    26.8670 1.7094e-01     0.1285      0.015    1479.99     67.987     4.5718  45.407020  0.000e+00
     45.640     7.3558    34.3630    26.8672 1.7094e-01     0.1285      0.018    1479.99     67.995     4.5723  45.407020  0.000e+00
     45.605     7.3556    34.3627    26.8670 1.7094e-01     0.1298      0.018    1479.99     67.940     4.5687  45.407021  0.000e+00
     45.592     7.3554    34.3619    26.8663 1.7094e-01     0.1298      0.018    1479.98     68.002     4.5729  45.407021  0.000e+00
     45.597     7.3553    34.3612    26.8658 1.7094e-01     0.1285      0.018    1479.98     68.010     4.5735  45.407022  0.000e+00
     45.580     7.3548    34.3611    26.8659 1.7094e-01     0.1298      0.015    1479.98     68.017     4.5740  45.407022  0.000e+00
     45.556     7.3547    34.3616    26.8662 1.7094e-01     0.1298      0.015    1479.98     68.025     4.5745  45.407023  0.000e+00
     45.548     7.3545    34.3616    26.8663 1.7094e-01     0.1298      0.015    1479.98     68.033     4.5751  45.407023  0.000e+00
     45.545     7.3547    34.3625    26.8670 1.7094e-01     0.1285      0.015    1479.98     68.040     4.5755  45.407024  0.000e+00
     45.545     7.3551    34.3631    26.8673 1.7094e-01     0.1285      0.015    1479.98     68.048     4.5760  45.407024  0.000e+00
     45.525     7.3548    34.3628    26.8672 1.7094e-01     0.1298      0.018    1479.98     68.056     4.5765  45.407024  0.000e+00
     45.520     7.3547    34.3613    26.8660 1.7094e-01     0.1285      0.015    1479.98     68.056     4.5766  45.407025  0.000e+00
     45.520     7.3540    34.3603    26.8653 1.7094e-01     0.1285      0.015    1479.98     68.055     4.5767  45.407025  0.000e+00
     45.501     7.3533    34.3599    26.8651 1.7094e-01     0.1298      0.018    1479.97     68.062     4.5772  45.407026  0.000e+00
     45.507     7.3529    34.3592    26.8646 1.7094e-01     0.1285      0.015    1479.97     68.062     4.5773  45.407026  0.000e+00
     45.496     7.3524    34.3593    26.8648 1.7094e-01     0.1285      0.018    1479.97     68.061     4.5772  45.407027  0.000e+00
     45.485     7.3520    34.3588    26.8644 1.8315e-01     0.1298      0.018    1479.97     68.060     4.5772  45.407027  0.000e+00
     45.501     7.3516    34.3587    26.8644 1.8315e-01     0.1298      0.015    1479.96     68.058     4.5772  45.407028  0.000e+00
     45.485     7.3514    34.3586    26.8643 1.7094e-01     0.1285      0.015    1479.96     68.056     4.5771  45.407028  0.000e+00
     45.485     7.3513    34.3593    26.8649 1.7094e-01     0.1285      0.015    1479.96     68.124     4.5816  45.407029  0.000e+00
     45.501     7.3517    34.3607    26.8659 1.7094e-01     0.1298      0.015    1479.97     68.067     4.5777  45.407029  0.000e+00
     45.485     7.3523    34.3611    26.8662 1.7094e-01     0.1298      0.015    1479.97     68.072     4.5779  45.407030  0.000e+00
     45.485     7.3531    34.3599    26.8651 1.7094e-01     0.1298      0.015    1479.97     68.069     4.5777  45.407030  0.000e+00
     45.507     7.3528    34.3596    26.8649 1.7094e-01     0.1285      0.015    1479.97     68.136     4.5822  45.407031  0.000e+00
     45.488     7.3528    34.3597    26.8651 1.5873e-01     0.1298      0.015    1479.97     68.078     4.5783  45.407031  0.000e+00
     45.507     7.3526    34.3594    26.8648 1.7094e-01     0.1298      0.018    1479.97     68.074     4.5781  45.407032  0.000e+00
     45.507     7.3526    34.3590    26.8645 1.7094e-01     0.1285      0.015    1479.97     68.140     4.5825  45.407032  0.000e+00
     45.525     7.3525    34.3591    26.8646 1.7094e-01     0.1298      0.015    1479.97     68.089     4.5791  45.407033  0.000e+00
     45.520     7.3526    34.3596    26.8650 1.7094e-01     0.1285      0.018    1479.97     68.146     4.5830  45.407033  0.000e+00
     45.532     7.3532    34.3608    26.8658 1.7094e-01     0.1285      0.015    1479.97     68.149     4.5830  45.407034  0.000e+00
     45.537     7.3536    34.3608    26.8658 1.5873e-01     0.1298      0.015    1479.98     68.151     4.5831  45.407034  0.000e+00
     45.545     7.3535    34.3600    26.8651 1.7094e-01     0.1285      0.015    1479.97     68.152     4.5832  45.407035  0.000e+00
     45.567     7.3532    34.3598    26.8651 1.7094e-01     0.1298      0.015    1479.97     68.153     4.5833  45.407035  0.000e+00
     45.561     7.3529    34.3603    26.8655 1.7094e-01     0.1298      0.015    1479.97     68.161     4.5839  45.407036  0.000e+00
     45.580     7.3534    34.3606    26.8657 1.5873e-01     0.1298      0.018    1479.98     68.168     4.5843  45.407036  0.000e+00
     45.580     7.3536    34.3611    26.8660 1.7094e-01     0.1298      0.018    1479.98     68.168     4.5842  45.407037  0.000e+00
     45.592     7.3539    34.3610    26.8659 1.5873e-01     0.1285      0.015    1479.98     68.166     4.5841  45.407037  0.000e+00
     45.621     7.3539    34.3611    26.8659 1.5873e-01     0.1285      0.015    1479.98     68.165     4.5840  45.407038  0.000e+00
     45.627     7.3542    34.3611    26.8659 1.7094e-01     0.1298      0.015    1479.98     68.162     4.5838  45.407038  0.000e+00
     45.640     7.3543    34.3607    26.8656 1.5873e-01     0.1285      0.015    1479.98     68.159     4.5836  45.407038  0.000e+00
     45.657     7.3543    34.3619    26.8665 1.7094e-01     0.1285      0.018    1479.98     68.164     4.5839  45.407039  0.000e+00
     45.665     7.3548    34.3626    26.8670 1.8315e-01     0.1285      0.018    1479.98     68.160     4.5835  45.407039  0.000e+00
     45.701     7.3553    34.3630    26.8673 1.8315e-01     0.1298      0.018    1479.99     68.101     4.5795  45.407040  0.000e+00
     45.681     7.3556    34.3633    26.8674 1.8315e-01     0.1298      0.015    1479.99     68.151     4.5828  45.407040  0.000e+00
     45.725     7.3566    34.3635    26.8674 1.7094e-01     0.1285      0.015    1479.99     68.146     4.5824  45.407041  0.000e+00
     45.736     7.3569    34.3628    26.8669 1.7094e-01     0.1285      0.015    1479.99     68.148     4.5825  45.407041  0.000e+00
     45.753     7.3563    34.3626    26.8668 1.7094e-01     0.1285      0.018    1479.99     68.149     4.5827  45.407042  0.000e+00
     45.761     7.3558    34.3621    26.8665 1.7094e-01     0.1298      0.015    1479.99     68.151     4.5829  45.407042  0.000e+00
     45.785     7.3553    34.3627    26.8670 1.7094e-01     0.1285      0.015    1479.99     68.152     4.5830  45.407043  0.000e+00
     45.788     7.3561    34.3637    26.8677 1.5873e-01     0.1285      0.018    1479.99     68.152     4.5829  45.407043  0.000e+00
     45.808     7.3567    34.3641    26.8680 1.5873e-01     0.1298      0.018    1480.00     68.091     4.5787  45.407044  0.000e+00
     45.845     7.3567    34.3637    26.8676 1.5873e-01     0.1298      0.015    1480.00     68.076     4.5777  45.407044  0.000e+00
     45.848     7.3564    34.3628    26.8670 1.5873e-01     0.1285      0.015    1479.99     68.131     4.5814  45.407045  0.000e+00
     45.868     7.3562    34.3629    26.8671 1.5873e-01     0.1298      0.015    1479.99     68.131     4.5814  45.407045  0.000e+00
     45.892     7.3566    34.3636    26.8675 1.5873e-01     0.1298      0.015    1480.00     68.130     4.5814  45.407046  0.000e+00
     45.909     7.3574    34.3640    26.8677 1.5873e-01     0.1285      0.015    1480.00     68.130     4.5812  45.407046  0.000e+00
     45.917     7.3576    34.3644    26.8680 1.7094e-01     0.1298      0.018    1480.00     68.066     4.5769  45.407047  0.000e+00
     45.941     7.3579    34.3640    26.8677 1.5873e-01     0.1298      0.015    1480.00     68.058     4.5763  45.407047  0.000e+00
     45.969     7.3577    34.3643    26.8679 1.7094e-01     0.1298      0.015    1480.00     68.111     4.5799  45.407048  0.000e+00
     45.977     7.3577    34.3645    26.8681 1.5873e-01     0.1285      0.015    1480.00     68.110     4.5798  45.407048  0.000e+00
     46.001     7.3584    34.3643    26.8678 1.7094e-01     0.1298      0.018    1480.01     68.108     4.5797  45.407049  0.000e+00
     46.017     7.3585    34.3640    26.8676 1.5873e-01     0.1285      0.015    1480.01     68.106     4.5795  45.407049  0.000e+00
     46.037     7.3582    34.3637    26.8674 1.7094e-01     0.1285      0.018    1480.00     68.104     4.5794  45.407050  0.000e+00
     46.048     7.3580    34.3641    26.8678 1.5873e-01     0.1298      0.015    1480.01     68.101     4.5792  45.407050  0.000e+00
     46.077     7.3577    34.3647    26.8682 1.5873e-01     0.1298      0.015    1480.01     68.098     4.5791  45.407051  0.000e+00
     46.086     7.3580    34.3654    26.8687 1.7094e-01     0.1285      0.018    1480.01     68.033     4.5746  45.407051  0.000e+00
     46.097     7.3584    34.3656    26.8688 1.7094e-01     0.1298      0.015    1480.01     68.084     4.5780  45.407052  0.000e+00
     46.125     7.3584    34.3637    26.8673 1.7094e-01     0.1298      0.018    1480.01     68.081     4.5778  45.407052  0.000e+00
     46.146     7.3577    34.3623    26.8664 1.7094e-01     0.1298      0.018    1480.00     68.085     4.5782  45.407052  0.000e+00
     46.138     7.3566    34.3616    26.8660 1.7094e-01     0.1298      0.015    1480.00     68.081     4.5781  45.407053  0.000e+00
     46.168     7.3559    34.3635    26.8676 1.7094e-01     0.1285      0.015    1480.00     68.077     4.5778  45.407053  0.000e+00
     46.193     7.3574    34.3663    26.8696 1.7094e-01     0.1285      0.015    1480.01     68.072     4.5773  45.407054  0.000e+00
     46.185     7.3590    34.3679    26.8706 1.5873e-01     0.1298      0.015    1480.02     68.013     4.5731  45.407054  0.000e+00
     46.217     7.3604    34.3673    26.8699 1.5873e-01     0.1285      0.015    1480.02     68.001     4.5721  45.407055  0.000e+00
     46.229     7.3607    34.3666    26.8693 1.7094e-01     0.1285      0.018    1480.02     68.051     4.5755  45.407055  0.000e+00
     46.245     7.3604    34.3658    26.8688 1.7094e-01     0.1285      0.015    1480.02     67.992     4.5716  45.407056  0.000e+00
     46.266     7.3602    34.3659    26.8688 1.7094e-01     0.1285      0.018    1480.02     68.042     4.5750  45.407056  0.000e+00
     46.258     7.3604    34.3662    26.8690 1.9536e-01     0.1298      0.018    1480.02     68.045     4.5751  45.407057  0.000e+00
     46.277     7.3601    34.3677    26.8702 1.9536e-01     0.1285      0.015    1480.02     67.986     4.5711  45.407057  0.000e+00
     46.289     7.3615    34.3700    26.8719 1.8315e-01     0.1285      0.015    1480.03     68.043     4.5748  45.407058  0.000e+00
     46.294     7.3630    34.3711    26.8726 1.8315e-01     0.1285      0.018    1480.04     68.046     4.5748  45.407058  0.000e+00
     46.289     7.3639    34.3708    26.8721 1.7094e-01     0.1285      0.015    1480.04     67.987     4.5708  45.407059  0.000e+00
     46.313     7.3641    34.3698    26.8714 1.7094e-01     0.1285      0.015    1480.04     67.983     4.5705  45.407059  0.000e+00
     46.318     7.3638    34.3685    26.8704 1.7094e-01     0.1285      0.018    1480.04     67.980     4.5703  45.407060  0.000e+00
     46.313     7.3638    34.3689    26.8707 1.7094e-01     0.1285      0.015    1480.04     68.038     4.5743  45.407060  0.000e+00
     46.329     7.3641    34.3691    26.8708 1.7094e-01     0.1285      0.015    1480.04     67.980     4.5703  45.407061  0.000e+00
     46.326     7.3644    34.3692    26.8709 1.7094e-01     0.1285      0.015    1480.04     67.977     4.5701  45.407061  0.000e+00
     46.326     7.3644    34.3682    26.8700 1.7094e-01     0.1285      0.018    1480.04     67.975     4.5699  45.407062  0.000e+00
     46.329     7.3634    34.3673    26.8695 1.5873e-01     0.1285      0.018    1480.03     68.034     4.5741  45.407062  0.000e+00
     46.313     7.3625    34.3666    26.8691 1.7094e-01     0.1298      0.015    1480.03     67.977     4.5703  45.407063  0.000e+00
     46.337     7.3615    34.3664    26.8691 1.7094e-01     0.1298      0.015    1480.03     67.975     4.5703  45.407063  0.000e+00
     46.329     7.3612    34.3664    26.8691 1.7094e-01     0.1285      0.015    1480.02     67.965     4.5697  45.407064  0.000e+00
     46.313     7.3609    34.3662    26.8690 1.5873e-01     0.1285      0.018    1480.02     68.025     4.5738  45.407064  0.000e+00
     46.318     7.3607    34.3660    26.8689 1.7094e-01     0.1298      0.018    1480.02     67.969     4.5700  45.407065  0.000e+00
     46.302     7.3607    34.3653    26.8683 1.7094e-01     0.1285      0.015    1480.02     68.029     4.5741  45.407065  0.000e+00
     46.313     7.3604    34.3655    26.8685 1.7094e-01     0.1298      0.015    1480.02     67.973     4.5703  45.407065  0.000e+00
     46.294     7.3606    34.3659    26.8688 1.7094e-01     0.1298      0.015    1480.02     67.972     4.5702  45.407066  0.000e+00
     46.302     7.3604    34.3656    26.8686 1.8315e-01     0.1298      0.015    1480.02     67.971     4.5702  45.407066  0.000e+00
     46.253     7.3606    34.3657    26.8686 1.8315e-01     0.1285      0.015    1480.02     67.970     4.5701  45.407067  0.000e+00
     46.282     7.3604    34.3662    26.8690 1.8315e-01     0.1298      0.015    1480.02     67.962     4.5696  45.407067  0.000e+00
     46.266     7.3604    34.3659    26.8688 1.7094e-01     0.1298      0.015    1480.02     67.954     4.5690  45.407068  0.000e+00
     46.245     7.3604    34.3648    26.8680 1.7094e-01     0.1285      0.018    1480.02     68.016     4.5732  45.407068  0.000e+00
     46.253     7.3599    34.3648    26.8680 1.7094e-01     0.1285      0.015    1480.02     68.023     4.5737  45.407069  0.000e+00
     46.229     7.3596    34.3648    26.8681 1.5873e-01     0.1285      0.018    1480.02     68.030     4.5742  45.407069  0.000e+00
     46.222     7.3591    34.3647    26.8681 1.5873e-01     0.1285      0.018    1480.01     68.037     4.5748  45.407070  0.000e+00
     46.193     7.3588    34.3646    26.8680 1.7094e-01     0.1298      0.015    1480.01     67.974     4.5706  45.407070  0.000e+00
     46.193     7.3588    34.3649    26.8682 1.7094e-01     0.1298      0.015    1480.01     67.966     4.5700  45.407071  0.000e+00
     46.173     7.3590    34.3652    26.8685 1.7094e-01     0.1298      0.018    1480.01     68.028     4.5741  45.407071  0.000e+00
     46.168     7.3593    34.3648    26.8681 1.7094e-01     0.1298      0.018    1480.01     67.973     4.5704  45.407072  0.000e+00
     46.138     7.3593    34.3648    26.8681 1.7094e-01     0.1298      0.015    1480.01     68.034     4.5746  45.407072  0.000e+00
     46.133     7.3593    34.3653    26.8685 1.7094e-01     0.1298      0.015    1480.01     67.980     4.5709  45.407073  0.000e+00
     46.121     7.3595    34.3652    26.8684 1.7094e-01     0.1285      0.015    1480.01     67.980     4.5709  45.407073  0.000e+00
     46.102     7.3593    34.3652    26.8684 1.7094e-01     0.1298      0.015    1480.01     67.980     4.5709  45.407074  0.000e+00
     46.086     7.3596    34.3650    26.8683 1.5873e-01     0.1285      0.018    1480.01     67.981     4.5710  45.407074  0.000e+00
     46.073     7.3591    34.3653    26.8686 1.7094e-01     0.1298      0.018    1480.01     68.037     4.5747  45.407075  0.000e+00
