Ø-1_20190214_down.cnv
* Sea-Bird SBE 9 Data File:
* FileName = C:\CTD Brukere\NIVA\OKOKYST2019\20190211\Ø-1_20190214.hex
* Software Version Seasave V 7.23.2
* Temperature SN = 5352
* Conductivity SN = 3840
* Number of Bytes Per Scan = 28
* Number of Voltage Words = 4
* Number of Scans Averaged by the Deck Unit = 1
* NMEA baud rate = 4800
** Ship: R/V Trygve Braarud
** Cruise:
** Station:
** Operator:
# nquan = 12
# nvalues = 3733                                  
# units = specified
# name 0 = depSM: Depth [salt water, m], lat = 59.60
# name 1 = t090C: Temperature [ITS-90, deg C]
# name 2 = sal00: Salinity, Practical [PSU]
# name 3 = sigma-t00: Density [sigma-t, kg/m^3 ]
# name 4 = flSP: Fluorescence, Seapoint
# name 5 = wetStar: Fluorescence, WET Labs WETstar [mg/m^3]
# name 6 = seaTurbMtr: Turbidity, Seapoint [FTU]
# name 7 = svCM: Sound Velocity [Chen-Millero, m/s]
# name 8 = sbeox0PS: Oxygen, SBE 43 [% saturation]
# name 9 = sbeox0ML/L: Oxygen, SBE 43 [ml/l]
# name 10 = timeJ: Julian Days
# name 11 = flag:  0.000e+00
# span 0 =     -0.077,     48.155                 
# span 1 =     2.3030,     7.3904                 
# span 2 =    26.0877,    34.3956                 
# span 3 =    20.8216,    26.8880                 
# span 4 = 1.5873e-01, 5.6166e-01                 
# span 5 =     0.1261,     0.1298                 
# span 6 =      0.007,      0.018                 
# span 7 =    1447.81,    1480.20                 
# span 8 =     67.752,     80.134                 
# span 9 =     4.5569,     6.4297                 
# span 10 =  45.405625,  45.407425                
# span 11 = 0.0000e+00, 0.0000e+00                
# interval = seconds: 0.0416667
# start_time = Feb 14 2019 09:44:06 [System UpLoad Time]
# bad_flag = -9.990e-29
*END*
[from data line 3008]
     46.037     7.3588    34.3649    26.8683 1.5873e-01     0.1285      0.015    1480.01     67.991     4.5717  45.407076  0.000e+00
     46.013     7.3591    34.3669    26.8698 1.7094e-01     0.1298      0.018    1480.01     67.992     4.5717  45.407076  0.000e+00
     46.004     7.3593    34.3663    26.8693 1.7094e-01     0.1298      0.015    1480.01     67.994     4.5718  45.407077  0.000e+00
     45.977     7.3593    34.3653    26.8685 1.7094e-01     0.1298      0.015    1480.01     68.057     4.5761  45.407077  0.000e+00
     45.965     7.3591    34.3653    26.8686 1.5873e-01     0.1285      0.015    1480.01     68.066     4.5767  45.407078  0.000e+00
     45.957     7.3577    34.3624    26.8665 1.7094e-01     0.1298      0.018    1480.00     68.006     4.5729  45.407078  0.000e+00
     45.917     7.3550    34.3603    26.8652 1.5873e-01     0.1298      0.015    1479.99     68.000     4.5729  45.407079  0.000e+00
     45.905     7.3540    34.3588    26.8641 1.5873e-01     0.1285      0.018    1479.98     68.002     4.5731  45.407079  0.000e+00
     45.897     7.3529    34.3581    26.8637 1.7094e-01     0.1298      0.015    1479.98     67.996     4.5729  45.407079  0.000e+00
     45.868     7.3522    34.3567    26.8627 1.5873e-01     0.1285      0.015    1479.97     67.998     4.5731  45.407080  0.000e+00
     45.796     7.3510    34.3568    26.8630 1.7094e-01     0.1285      0.015    1479.96     68.000     4.5734  45.407080  0.000e+00
     45.873     7.3506    34.3574    26.8635 1.7094e-01     0.1298      0.015    1479.97     67.996     4.5731  45.407081  0.000e+00
     45.808     7.3510    34.3579    26.8638 1.7094e-01     0.1298      0.015    1479.97     67.998     4.5732  45.407081  0.000e+00
     45.785     7.3506    34.3581    26.8641 1.7094e-01     0.1285      0.015    1479.96     68.001     4.5734  45.407082  0.000e+00
     45.777     7.3503    34.3575    26.8636 1.7094e-01     0.1298      0.015    1479.96     67.997     4.5732  45.407082  0.000e+00
     45.761     7.3502    34.3573    26.8635 1.7094e-01     0.1285      0.015    1479.96     67.992     4.5729  45.407083  0.000e+00
     45.725     7.3506    34.3585    26.8644 1.7094e-01     0.1285      0.015    1479.96     67.987     4.5725  45.407083  0.000e+00
     45.705     7.3511    34.3596    26.8651 1.7094e-01     0.1298      0.015    1479.97     67.991     4.5726  45.407084  0.000e+00
     45.688     7.3515    34.3598    26.8653 1.5873e-01     0.1285      0.018    1479.97     67.986     4.5723  45.407084  0.000e+00
     45.676     7.3516    34.3593    26.8648 1.7094e-01     0.1298      0.018    1479.97     67.982     4.5720  45.407085  0.000e+00
     45.668     7.3514    34.3585    26.8642 1.7094e-01     0.1298      0.015    1479.97     67.916     4.5676  45.407085  0.000e+00
     45.640     7.3512    34.3588    26.8645 1.5873e-01     0.1298      0.015    1479.97     67.913     4.5674  45.407086  0.000e+00
     45.627     7.3520    34.3596    26.8651 1.7094e-01     0.1298      0.018    1479.97     67.964     4.5708  45.407086  0.000e+00
     45.608     7.3529    34.3582    26.8638 1.7094e-01     0.1285      0.015    1479.97     67.899     4.5663  45.407087  0.000e+00
     45.592     7.3526    34.3575    26.8633 1.7094e-01     0.1285      0.015    1479.97     67.888     4.5657  45.407087  0.000e+00
     45.580     7.3517    34.3572    26.8632 1.7094e-01     0.1298      0.018    1479.96     67.886     4.5656  45.407088  0.000e+00
     45.561     7.3512    34.3574    26.8635 1.7094e-01     0.1285      0.018    1479.96     67.938     4.5692  45.407088  0.000e+00
     45.532     7.3510    34.3582    26.8641 1.7094e-01     0.1285      0.015    1479.96     67.882     4.5654  45.407089  0.000e+00
     45.545     7.3506    34.3585    26.8644 1.7094e-01     0.1298      0.015    1479.96     67.874     4.5649  45.407089  0.000e+00
     45.507     7.3505    34.3577    26.8638 1.7094e-01     0.1285      0.015    1479.96     67.865     4.5643  45.407090  0.000e+00
     45.537     7.3498    34.3577    26.8639 1.7094e-01     0.1285      0.015    1479.96     67.857     4.5639  45.407090  0.000e+00
     45.507     7.3498    34.3581    26.8642 1.7094e-01     0.1285      0.015    1479.96     67.911     4.5675  45.407091  0.000e+00
     45.485     7.3497    34.3591    26.8650 1.7094e-01     0.1298      0.015    1479.96     67.849     4.5633  45.407091  0.000e+00
     45.488     7.3500    34.3590    26.8648 1.8315e-01     0.1298      0.015    1479.96     67.841     4.5627  45.407092  0.000e+00
     45.472     7.3502    34.3586    26.8645 1.9536e-01     0.1298      0.018    1479.96     67.842     4.5628  45.407092  0.000e+00
     45.472     7.3504    34.3581    26.8641 1.9536e-01     0.1285      0.018    1479.96     67.843     4.5628  45.407092  0.000e+00
     45.465     7.3500    34.3588    26.8647 1.8315e-01     0.1298      0.015    1479.96     67.845     4.5630  45.407093  0.000e+00
     45.460     7.3505    34.3578    26.8639 1.8315e-01     0.1285      0.018    1479.96     67.847     4.5631  45.407093  0.000e+00
     45.460     7.3501    34.3575    26.8637 1.7094e-01     0.1298      0.015    1479.96     67.781     4.5587  45.407094  0.000e+00
     45.447     7.3500    34.3571    26.8634 1.7094e-01     0.1298      0.015    1479.96     67.893     4.5663  45.407094  0.000e+00
     45.452     7.3497    34.3572    26.8635 1.7094e-01     0.1285      0.015    1479.95     67.842     4.5629  45.407095  0.000e+00
     45.436     7.3497    34.3573    26.8636 1.7094e-01     0.1298      0.015    1479.95     67.839     4.5626  45.407095  0.000e+00
     45.460     7.3498    34.3578    26.8639 1.7094e-01     0.1285      0.015    1479.96     67.843     4.5629  45.407096  0.000e+00
     45.441     7.3499    34.3587    26.8647 1.5873e-01     0.1285      0.018    1479.96     67.841     4.5627  45.407096  0.000e+00
     45.447     7.3502    34.3592    26.8650 1.5873e-01     0.1285      0.015    1479.96     67.839     4.5625  45.407097  0.000e+00
     45.460     7.3503    34.3591    26.8649 1.5873e-01     0.1298      0.015    1479.96     67.837     4.5624  45.407097  0.000e+00
     45.452     7.3508    34.3596    26.8653 1.7094e-01     0.1298      0.015    1479.96     67.835     4.5622  45.407098  0.000e+00
     45.472     7.3510    34.3600    26.8655 1.7094e-01     0.1298      0.018    1479.96     67.842     4.5626  45.407098  0.000e+00
     45.460     7.3513    34.3599    26.8654 1.7094e-01     0.1285      0.015    1479.96     67.911     4.5673  45.407099  0.000e+00
     45.485     7.3515    34.3594    26.8650 1.7094e-01     0.1285      0.018    1479.96     67.918     4.5677  45.407099  0.000e+00
     45.476     7.3516    34.3594    26.8650 1.5873e-01     0.1298      0.015    1479.97     67.863     4.5640  45.407100  0.000e+00
     45.496     7.3517    34.3591    26.8647 1.5873e-01     0.1285      0.015    1479.97     67.864     4.5640  45.407100  0.000e+00
     45.520     7.3513    34.3592    26.8649 1.7094e-01     0.1285      0.018    1479.96     67.934     4.5688  45.407101  0.000e+00
     45.512     7.3513    34.3588    26.8645 1.7094e-01     0.1285      0.015    1479.96     67.950     4.5699  45.407101  0.000e+00
     45.520     7.3511    34.3592    26.8649 1.7094e-01     0.1298      0.018    1479.96     67.958     4.5705  45.407102  0.000e+00
     45.545     7.3512    34.3587    26.8645 1.7094e-01     0.1298      0.018    1479.96     67.967     4.5710  45.407102  0.000e+00
     45.561     7.3508    34.3587    26.8645 1.5873e-01     0.1298      0.015    1479.96     67.975     4.5717  45.407103  0.000e+00
     45.556     7.3508    34.3577    26.8637 1.7094e-01     0.1285      0.015    1479.96     67.983     4.5723  45.407103  0.000e+00
     45.580     7.3503    34.3562    26.8626 1.5873e-01     0.1298      0.015    1479.96     67.930     4.5688  45.407104  0.000e+00
     45.605     7.3494    34.3550    26.8618 1.5873e-01     0.1298      0.018    1479.95     67.932     4.5690  45.407104  0.000e+00
     45.608     7.3496    34.3537    26.8608 1.5873e-01     0.1298      0.015    1479.95     67.933     4.5691  45.407105  0.000e+00
     45.616     7.3492    34.3539    26.8610 1.7094e-01     0.1285      0.015    1479.95     67.997     4.5735  45.407105  0.000e+00
     45.640     7.3491    34.3541    26.8612 1.7094e-01     0.1298      0.018    1479.95     67.945     4.5699  45.407106  0.000e+00
     45.668     7.3486    34.3540    26.8611 1.7094e-01     0.1298      0.015    1479.95     68.009     4.5743  45.407106  0.000e+00
     45.665     7.3483    34.3556    26.8625 1.7094e-01     0.1298      0.015    1479.95     68.019     4.5750  45.407106  0.000e+00
     45.712     7.3486    34.3572    26.8637 1.5873e-01     0.1298      0.015    1479.95     67.967     4.5714  45.407107  0.000e+00
     45.717     7.3490    34.3565    26.8630 1.5873e-01     0.1298      0.015    1479.96     68.031     4.5757  45.407107  0.000e+00
     45.736     7.3486    34.3561    26.8627 1.5873e-01     0.1298      0.015    1479.95     68.041     4.5764  45.407108  0.000e+00
     45.761     7.3484    34.3557    26.8625 1.7094e-01     0.1298      0.015    1479.95     67.990     4.5730  45.407108  0.000e+00
     45.777     7.3482    34.3552    26.8621 1.7094e-01     0.1298      0.015    1479.95     67.985     4.5727  45.407109  0.000e+00
     45.785     7.3476    34.3552    26.8622 1.7094e-01     0.1298      0.015    1479.95     67.980     4.5724  45.407109  0.000e+00
     45.808     7.3473    34.3549    26.8620 1.7094e-01     0.1285      0.015    1479.95     68.045     4.5768  45.407110  0.000e+00
     45.837     7.3469    34.3551    26.8622 1.7094e-01     0.1298      0.015    1479.95     67.986     4.5729  45.407110  0.000e+00
     45.845     7.3472    34.3541    26.8614 1.7094e-01     0.1285      0.015    1479.95     67.981     4.5726  45.407111  0.000e+00
     45.868     7.3466    34.3535    26.8610 1.7094e-01     0.1285      0.018    1479.95     67.976     4.5723  45.407111  0.000e+00
     45.897     7.3462    34.3533    26.8609 1.7094e-01     0.1285      0.015    1479.94     67.979     4.5726  45.407112  0.000e+00
     45.905     7.3461    34.3541    26.8616 1.7094e-01     0.1298      0.018    1479.94     67.975     4.5723  45.407112  0.000e+00
     45.928     7.3466    34.3547    26.8620 1.7094e-01     0.1298      0.018    1479.95     68.032     4.5761  45.407113  0.000e+00
     45.944     7.3465    34.3561    26.8631 1.7094e-01     0.1298      0.015    1479.95     67.973     4.5720  45.407113  0.000e+00
     45.965     7.3472    34.3553    26.8623 1.7094e-01     0.1285      0.015    1479.95     67.968     4.5717  45.407114  0.000e+00
     45.988     7.3468    34.3552    26.8623 1.7094e-01     0.1298      0.018    1479.95     67.971     4.5719  45.407114  0.000e+00
     46.004     7.3472    34.3576    26.8642 1.7094e-01     0.1298      0.015    1479.95     67.966     4.5715  45.407115  0.000e+00
     46.025     7.3481    34.3590    26.8652 1.7094e-01     0.1298      0.018    1479.96     67.962     4.5710  45.407115  0.000e+00
     46.037     7.3487    34.3582    26.8644 1.7094e-01     0.1298      0.015    1479.96     67.957     4.5707  45.407116  0.000e+00
     46.064     7.3486    34.3562    26.8629 1.7094e-01     0.1298      0.015    1479.96     67.953     4.5705  45.407116  0.000e+00
     46.073     7.3484    34.3577    26.8641 1.5873e-01     0.1285      0.018    1479.96     67.948     4.5701  45.407117  0.000e+00
     46.086     7.3501    34.3622    26.8674 1.7094e-01     0.1285      0.015    1479.97     67.944     4.5695  45.407117  0.000e+00
     46.102     7.3532    34.3660    26.8699 1.7094e-01     0.1285      0.015    1479.99     67.931     4.5682  45.407118  0.000e+00
     46.121     7.3561    34.3674    26.8706 1.7094e-01     0.1298      0.018    1480.00     67.934     4.5681  45.407118  0.000e+00
     46.149     7.3582    34.3673    26.8703 1.7094e-01     0.1285      0.015    1480.01     67.929     4.5676  45.407119  0.000e+00
     46.146     7.3596    34.3698    26.8720 1.7094e-01     0.1298      0.015    1480.02     67.924     4.5670  45.407119  0.000e+00
     46.181     7.3622    34.3725    26.8738 1.7094e-01     0.1285      0.015    1480.03     67.920     4.5664  45.407120  0.000e+00
     46.173     7.3649    34.3749    26.8753 1.7094e-01     0.1298      0.015    1480.05     67.915     4.5657  45.407120  0.000e+00
     46.193     7.3677    34.3772    26.8767 1.7094e-01     0.1285      0.015    1480.06     67.910     4.5650  45.407120  0.000e+00
     46.206     7.3700    34.3780    26.8770 1.5873e-01     0.1298      0.015    1480.07     67.906     4.5644  45.407121  0.000e+00
     46.222     7.3712    34.3776    26.8765 1.5873e-01     0.1285      0.018    1480.08     67.901     4.5640  45.407121  0.000e+00
     46.229     7.3715    34.3751    26.8745 1.7094e-01     0.1298      0.018    1480.07     67.896     4.5637  45.407122  0.000e+00
     46.217     7.3704    34.3712    26.8716 1.7094e-01     0.1298      0.018    1480.06     67.899     4.5642  45.407122  0.000e+00
     46.282     7.3689    34.3692    26.8702 1.7094e-01     0.1285      0.015    1480.06     67.903     4.5646  45.407123  0.000e+00
     46.266     7.3684    34.3709    26.8716 1.7094e-01     0.1285      0.015    1480.06     67.899     4.5644  45.407123  0.000e+00
     46.282     7.3685    34.3746    26.8745 1.8315e-01     0.1285      0.018    1480.06     67.895     4.5640  45.407124  0.000e+00
     46.277     7.3694    34.3754    26.8750 1.8315e-01     0.1298      0.015    1480.07     67.899     4.5641  45.407124  0.000e+00
     46.302     7.3696    34.3749    26.8746 1.8315e-01     0.1285      0.015    1480.07     67.903     4.5644  45.407125  0.000e+00
     46.305     7.3699    34.3737    26.8736 1.7094e-01     0.1285      0.015    1480.07     67.908     4.5647  45.407125  0.000e+00
     46.313     7.3698    34.3743    26.8741 1.7094e-01     0.1298      0.015    1480.07     67.912     4.5650  45.407126  0.000e+00
     46.342     7.3696    34.3756    26.8751 1.7094e-01     0.1298      0.015    1480.07     67.918     4.5653  45.407126  0.000e+00
     46.373     7.3695    34.3746    26.8744 1.7094e-01     0.1285      0.015    1480.07     67.923     4.5658  45.407127  0.000e+00
     46.373     7.3697    34.3737    26.8736 1.7094e-01     0.1298      0.018    1480.07     67.921     4.5656  45.407127  0.000e+00
     46.378     7.3692    34.3738    26.8738 1.7094e-01     0.1285      0.018    1480.07     67.919     4.5655  45.407128  0.000e+00
     46.398     7.3695    34.3740    26.8739 1.7094e-01     0.1298      0.015    1480.07     67.917     4.5653  45.407128  0.000e+00
     46.326     7.3699    34.3746    26.8743 1.7094e-01     0.1298      0.018    1480.07     67.922     4.5656  45.407129  0.000e+00
     46.425     7.3698    34.3756    26.8751 1.7094e-01     0.1285      0.018    1480.07     67.921     4.5655  45.407129  0.000e+00
     46.422     7.3699    34.3748    26.8745 1.5873e-01     0.1298      0.015    1480.07     67.927     4.5659  45.407130  0.000e+00
     46.461     7.3699    34.3750    26.8746 1.7094e-01     0.1285      0.015    1480.07     67.933     4.5664  45.407130  0.000e+00
     46.433     7.3696    34.3756    26.8752 1.7094e-01     0.1285      0.018    1480.07     67.932     4.5663  45.407131  0.000e+00
     46.469     7.3700    34.3755    26.8750 1.7094e-01     0.1298      0.015    1480.07     67.939     4.5667  45.407131  0.000e+00
     46.510     7.3703    34.3756    26.8751 1.7094e-01     0.1285      0.015    1480.07     67.946     4.5672  45.407132  0.000e+00
     46.506     7.3702    34.3758    26.8753 1.7094e-01     0.1285      0.018    1480.07     67.945     4.5671  45.407132  0.000e+00
     46.498     7.3703    34.3755    26.8750 1.7094e-01     0.1285      0.015    1480.07     67.944     4.5671  45.407133  0.000e+00
