Ø-1_20190214_down.cnv
* Sea-Bird SBE 9 Data File:
* FileName = C:\CTD Brukere\NIVA\OKOKYST2019\20190211\Ø-1_20190214.hex
* Software Version Seasave V 7.23.2
* Temperature SN = 5352
* Conductivity SN = 3840
* Number of Bytes Per Scan = 28
* Number of Voltage Words = 4
* Number of Scans Averaged by the Deck Unit = 1
* NMEA baud rate = 4800
** Ship: R/V Trygve Braarud
** Cruise:
** Station:
** Operator:
# nquan = 12
# nvalues = 3733                                  
# units = specified
# name 0 = depSM: Depth [salt water, m], lat = 59.60
# name 1 = t090C: Temperature [ITS-90, deg C]
# name 2 = sal00: Salinity, Practical [PSU]
# name 3 = sigma-t00: Density [sigma-t, kg/m^3 ]
# name 4 = flSP: Fluorescence, Seapoint
# name 5 = wetStar: Fluorescence, WET Labs WETstar [mg/m^3]
# name 6 = seaTurbMtr: Turbidity, Seapoint [FTU]
# name 7 = svCM: Sound Velocity [Chen-Millero, m/s]
# name 8 = sbeox0PS: Oxygen, SBE 43 [% saturation]
# name 9 = sbeox0ML/L: Oxygen, SBE 43 [ml/l]
# name 10 = timeJ: Julian Days
# name 11 = flag:  0.000e+00
# span 0 =     -0.077,     48.155                 
# span 1 =     2.3030,     7.3904                 
# span 2 =    26.0877,    34.3956                 
# span 3 =    20.8216,    26.8880                 
# span 4 = 1.5873e-01, 5.6166e-01                 
# span 5 =     0.1261,     0.1298                 
# span 6 =      0.007,      0.018                 
# span 7 =    1447.81,    1480.20                 
# span 8 =     67.752,     80.134                 
# span 9 =     4.5569,     6.4297                 
# span 10 =  45.405625,  45.407425                
# span 11 = 0.0000e+00, 0.0000e+00                
# interval = seconds: 0.0416667
# start_time = Feb 14 2019 09:44:06 [System UpLoad Time]
# bad_flag = -9.990e-29
*END*
[from data line 2407]
     38.829     7.1804    34.1964    26.7607 1.7094e-01     0.1285      0.018    1478.99     68.179     4.6081  45.406786  0.000e+00
     38.876     7.1804    34.1966    26.7609 1.7094e-01     0.1285      0.018    1478.99     68.234     4.6119  45.406786  0.000e+00
     38.904     7.1803    34.1966    26.7609 1.7094e-01     0.1298      0.018    1478.99     68.175     4.6079  45.406787  0.000e+00
     38.936     7.1801    34.1966    26.7609 1.7094e-01     0.1285      0.015    1478.99     68.179     4.6082  45.406787  0.000e+00
     38.964     7.1804    34.1974    26.7615 1.7094e-01     0.1285      0.015    1479.00     68.240     4.6123  45.406788  0.000e+00
     38.985     7.1809    34.1978    26.7618 1.7094e-01     0.1285      0.015    1479.00     68.186     4.6085  45.406788  0.000e+00
     39.021     7.1814    34.1988    26.7625 1.7094e-01     0.1285      0.015    1479.00     68.189     4.6086  45.406789  0.000e+00
     39.060     7.1821    34.1990    26.7626 1.7094e-01     0.1285      0.015    1479.01     68.193     4.6088  45.406789  0.000e+00
     39.105     7.1825    34.2000    26.7633 1.7094e-01     0.1285      0.015    1479.01     68.199     4.6092  45.406790  0.000e+00
     39.117     7.1838    34.2006    26.7636 1.5873e-01     0.1298      0.015    1479.02     68.145     4.6054  45.406790  0.000e+00
     39.156     7.1844    34.2022    26.7647 1.5873e-01     0.1298      0.015    1479.02     68.140     4.6049  45.406791  0.000e+00
     39.188     7.1857    34.2021    26.7644 1.7094e-01     0.1285      0.015    1479.03     68.137     4.6046  45.406791  0.000e+00
     39.225     7.1868    34.2031    26.7651 1.5873e-01     0.1298      0.018    1479.03     68.136     4.6043  45.406792  0.000e+00
     39.251     7.1879    34.2040    26.7657 1.7094e-01     0.1298      0.015    1479.04     68.136     4.6042  45.406792  0.000e+00
     39.285     7.1896    34.2058    26.7669 1.5873e-01     0.1285      0.018    1479.05     68.139     4.6042  45.406793  0.000e+00
     39.321     7.1913    34.2086    26.7688 1.7094e-01     0.1285      0.018    1479.06     68.143     4.6042  45.406793  0.000e+00
     39.360     7.1940    34.2123    26.7713 1.5873e-01     0.1285      0.015    1479.07     68.087     4.6000  45.406793  0.000e+00
     39.393     7.1971    34.2160    26.7738 1.7094e-01     0.1298      0.015    1479.09     68.080     4.5991  45.406794  0.000e+00
     39.417     7.2004    34.2181    26.7751 1.7094e-01     0.1285      0.015    1479.11     68.075     4.5983  45.406794  0.000e+00
     39.441     7.2028    34.2204    26.7765 1.5873e-01     0.1285      0.015    1479.12     68.071     4.5978  45.406795  0.000e+00
     39.480     7.2050    34.2211    26.7768 1.7094e-01     0.1285      0.015    1479.13     68.070     4.5974  45.406795  0.000e+00
     39.501     7.2063    34.2224    26.7776 1.7094e-01     0.1285      0.015    1479.14     68.070     4.5973  45.406796  0.000e+00
     39.549     7.2073    34.2232    26.7781 1.7094e-01     0.1298      0.018    1479.14     68.073     4.5973  45.406796  0.000e+00
     39.576     7.2079    34.2242    26.7788 1.7094e-01     0.1285      0.018    1479.15     68.077     4.5975  45.406797  0.000e+00
     39.597     7.2086    34.2249    26.7792 1.8315e-01     0.1298      0.015    1479.15     68.083     4.5978  45.406797  0.000e+00
     39.644     7.2100    34.2272    26.7809 1.8315e-01     0.1285      0.015    1479.16     68.083     4.5976  45.406798  0.000e+00
     39.661     7.2130    34.2309    26.7833 1.7094e-01     0.1298      0.018    1479.17     68.085     4.5973  45.406798  0.000e+00
     39.717     7.2155    34.2332    26.7848 1.7094e-01     0.1298      0.015    1479.19     68.026     4.5930  45.406799  0.000e+00
     39.729     7.2188    34.2361    26.7866 1.7094e-01     0.1298      0.015    1479.20     68.024     4.5924  45.406799  0.000e+00
     39.764     7.2224    34.2376    26.7873 1.7094e-01     0.1298      0.015    1479.22     68.023     4.5920  45.406800  0.000e+00
     39.781     7.2251    34.2380    26.7872 1.7094e-01     0.1285      0.018    1479.23     68.024     4.5917  45.406800  0.000e+00
     39.825     7.2275    34.2381    26.7870 1.7094e-01     0.1285      0.015    1479.24     68.028     4.5917  45.406801  0.000e+00
     39.862     7.2294    34.2383    26.7869 1.7094e-01     0.1298      0.015    1479.25     68.033     4.5919  45.406801  0.000e+00
     39.862     7.2306    34.2383    26.7867 1.7094e-01     0.1298      0.018    1479.26     68.032     4.5917  45.406802  0.000e+00
     39.901     7.2315    34.2384    26.7867 1.7094e-01     0.1285      0.015    1479.26     68.041     4.5921  45.406802  0.000e+00
     39.933     7.2323    34.2385    26.7866 1.7094e-01     0.1298      0.015    1479.26     68.043     4.5922  45.406803  0.000e+00
     39.958     7.2325    34.2381    26.7863 1.7094e-01     0.1298      0.015    1479.26     68.047     4.5925  45.406803  0.000e+00
     39.993     7.2325    34.2380    26.7862 1.7094e-01     0.1298      0.015    1479.26     68.053     4.5929  45.406804  0.000e+00
     40.008     7.2329    34.2389    26.7869 1.7094e-01     0.1285      0.015    1479.27     67.999     4.5892  45.406804  0.000e+00
     40.029     7.2340    34.2395    26.7872 1.7094e-01     0.1285      0.015    1479.27     68.062     4.5933  45.406805  0.000e+00
     40.065     7.2345    34.2404    26.7878 1.7094e-01     0.1285      0.018    1479.28     68.011     4.5898  45.406805  0.000e+00
     40.089     7.2352    34.2404    26.7877 1.5873e-01     0.1285      0.015    1479.28     68.016     4.5901  45.406806  0.000e+00
     40.117     7.2354    34.2394    26.7869 1.7094e-01     0.1285      0.018    1479.28     68.016     4.5900  45.406806  0.000e+00
     40.149     7.2345    34.2389    26.7866 1.7094e-01     0.1285      0.018    1479.28     68.017     4.5902  45.406807  0.000e+00
     40.161     7.2339    34.2386    26.7865 1.7094e-01     0.1298      0.015    1479.27     68.019     4.5904  45.406807  0.000e+00
     40.185     7.2333    34.2390    26.7868 1.7094e-01     0.1285      0.015    1479.27     68.085     4.5949  45.406807  0.000e+00
     40.213     7.2333    34.2400    26.7876 1.7094e-01     0.1298      0.015    1479.27     68.036     4.5916  45.406808  0.000e+00
     40.234     7.2344    34.2406    26.7880 1.7094e-01     0.1298      0.018    1479.28     68.042     4.5919  45.406808  0.000e+00
     40.245     7.2354    34.2412    26.7883 1.7094e-01     0.1298      0.018    1479.28     68.050     4.5923  45.406809  0.000e+00
     40.281     7.2362    34.2418    26.7887 1.7094e-01     0.1285      0.018    1479.29     68.053     4.5924  45.406809  0.000e+00
     40.308     7.2366    34.2432    26.7897 1.8315e-01     0.1298      0.018    1479.29     68.064     4.5930  45.406810  0.000e+00
     40.318     7.2379    34.2431    26.7894 1.8315e-01     0.1285      0.018    1479.30     68.068     4.5932  45.406810  0.000e+00
     40.341     7.2388    34.2435    26.7896 1.7094e-01     0.1285      0.018    1479.30     68.074     4.5935  45.406811  0.000e+00
     40.365     7.2398    34.2432    26.7893 1.7094e-01     0.1285      0.015    1479.31     68.090     4.5944  45.406811  0.000e+00
     40.390     7.2403    34.2430    26.7891 1.7094e-01     0.1285      0.015    1479.31     68.098     4.5950  45.406812  0.000e+00
     40.393     7.2406    34.2434    26.7893 1.7094e-01     0.1285      0.015    1479.31     68.108     4.5956  45.406812  0.000e+00
     40.414     7.2413    34.2431    26.7890 1.7094e-01     0.1285      0.015    1479.31     68.120     4.5963  45.406813  0.000e+00
     40.437     7.2414    34.2439    26.7896 1.7094e-01     0.1285      0.018    1479.31     68.132     4.5971  45.406813  0.000e+00
     40.450     7.2417    34.2435    26.7892 1.8315e-01     0.1285      0.015    1479.31     68.138     4.5975  45.406814  0.000e+00
     40.461     7.2420    34.2434    26.7891 1.7094e-01     0.1285      0.015    1479.32     68.145     4.5980  45.406814  0.000e+00
     40.477     7.2419    34.2439    26.7895 1.7094e-01     0.1285      0.015    1479.32     68.153     4.5985  45.406815  0.000e+00
     40.497     7.2420    34.2440    26.7896 1.7094e-01     0.1285      0.018    1479.32     68.162     4.5991  45.406815  0.000e+00
     40.510     7.2424    34.2437    26.7893 1.7094e-01     0.1285      0.015    1479.32     68.110     4.5955  45.406816  0.000e+00
     40.521     7.2424    34.2437    26.7893 1.7094e-01     0.1285      0.015    1479.32     68.175     4.5999  45.406816  0.000e+00
     40.545     7.2424    34.2441    26.7896 1.7094e-01     0.1298      0.015    1479.32     68.125     4.5966  45.406817  0.000e+00
     40.537     7.2427    34.2436    26.7891 1.7094e-01     0.1285      0.015    1479.32     68.123     4.5964  45.406817  0.000e+00
     40.570     7.2424    34.2440    26.7895 1.7094e-01     0.1285      0.015    1479.32     68.122     4.5964  45.406818  0.000e+00
     40.570     7.2425    34.2442    26.7897 1.7094e-01     0.1285      0.015    1479.32     68.122     4.5963  45.406818  0.000e+00
     40.594     7.2425    34.2448    26.7902 1.7094e-01     0.1298      0.015    1479.32     68.123     4.5964  45.406819  0.000e+00
     40.594     7.2425    34.2448    26.7901 1.7094e-01     0.1285      0.015    1479.32     68.124     4.5965  45.406819  0.000e+00
     40.609     7.2428    34.2445    26.7899 1.8315e-01     0.1285      0.015    1479.32     68.127     4.5966  45.406820  0.000e+00
     40.606     7.2428    34.2444    26.7898 1.7094e-01     0.1298      0.015    1479.32     68.130     4.5968  45.406820  0.000e+00
     40.630     7.2425    34.2451    26.7904 1.7094e-01     0.1285      0.015    1479.32     68.135     4.5972  45.406821  0.000e+00
     40.641     7.2428    34.2446    26.7900 1.7094e-01     0.1298      0.015    1479.32     68.140     4.5975  45.406821  0.000e+00
     40.641     7.2427    34.2450    26.7903 1.7094e-01     0.1285      0.015    1479.32     68.147     4.5979  45.406821  0.000e+00
     40.658     7.2430    34.2446    26.7899 1.7094e-01     0.1298      0.015    1479.32     68.154     4.5984  45.406822  0.000e+00
     40.677     7.2427    34.2453    26.7905 1.7094e-01     0.1298      0.015    1479.32     68.154     4.5985  45.406822  0.000e+00
     40.677     7.2428    34.2447    26.7901 1.7094e-01     0.1298      0.015    1479.32     68.155     4.5985  45.406823  0.000e+00
     40.690     7.2428    34.2446    26.7899 1.7094e-01     0.1285      0.018    1479.32     68.095     4.5945  45.406823  0.000e+00
     40.690     7.2425    34.2447    26.7901 1.7094e-01     0.1285      0.015    1479.32     68.090     4.5941  45.406824  0.000e+00
     40.714     7.2428    34.2453    26.7905 1.7094e-01     0.1298      0.015    1479.33     68.086     4.5938  45.406824  0.000e+00
     40.706     7.2433    34.2451    26.7903 1.8315e-01     0.1285      0.015    1479.33     68.083     4.5936  45.406825  0.000e+00
     40.737     7.2430    34.2457    26.7908 1.9536e-01     0.1298      0.015    1479.33     68.081     4.5935  45.406825  0.000e+00
     40.726     7.2431    34.2457    26.7908 1.9536e-01     0.1298      0.018    1479.33     68.080     4.5934  45.406826  0.000e+00
     40.737     7.2431    34.2454    26.7905 1.8315e-01     0.1285      0.015    1479.33     68.080     4.5933  45.406826  0.000e+00
     40.750     7.2430    34.2457    26.7908 1.8315e-01     0.1298      0.015    1479.33     68.080     4.5934  45.406827  0.000e+00
     40.766     7.2428    34.2457    26.7908 1.7094e-01     0.1285      0.015    1479.33     68.082     4.5935  45.406827  0.000e+00
     40.774     7.2431    34.2453    26.7905 1.7094e-01     0.1285      0.015    1479.33     68.077     4.5932  45.406828  0.000e+00
     40.774     7.2431    34.2458    26.7909 1.7094e-01     0.1298      0.015    1479.33     68.080     4.5934  45.406828  0.000e+00
     40.786     7.2431    34.2464    26.7913 1.8315e-01     0.1285      0.015    1479.33     68.076     4.5931  45.406829  0.000e+00
     40.822     7.2433    34.2467    26.7915 1.9536e-01     0.1298      0.015    1479.33     68.073     4.5929  45.406829  0.000e+00
     40.797     7.2438    34.2462    26.7910 1.9536e-01     0.1285      0.015    1479.33     68.071     4.5927  45.406830  0.000e+00
     40.826     7.2437    34.2459    26.7908 1.8315e-01     0.1285      0.015    1479.33     68.069     4.5926  45.406830  0.000e+00
     40.822     7.2431    34.2461    26.7910 1.8315e-01     0.1285      0.018    1479.33     68.006     4.5884  45.406831  0.000e+00
     40.857     7.2428    34.2459    26.7910 1.8315e-01     0.1298      0.015    1479.33     68.006     4.5884  45.406831  0.000e+00
     40.857     7.2427    34.2458    26.7909 1.8315e-01     0.1298      0.015    1479.33     68.000     4.5880  45.406832  0.000e+00
     40.870     7.2422    34.2460    26.7911 1.8315e-01     0.1285      0.015    1479.33     68.056     4.5919  45.406832  0.000e+00
     40.882     7.2424    34.2459    26.7910 1.8315e-01     0.1285      0.015    1479.33     67.997     4.5878  45.406833  0.000e+00
     40.898     7.2422    34.2466    26.7916 1.8315e-01     0.1298      0.018    1479.33     67.993     4.5876  45.406833  0.000e+00
     40.917     7.2425    34.2467    26.7917 1.8315e-01     0.1285      0.018    1479.33     68.052     4.5915  45.406834  0.000e+00
     40.917     7.2427    34.2465    26.7914 1.8315e-01     0.1285      0.018    1479.33     67.995     4.5877  45.406834  0.000e+00
     40.930     7.2424    34.2467    26.7916 1.8315e-01     0.1298      0.018    1479.33     67.993     4.5876  45.406834  0.000e+00
     40.966     7.2422    34.2463    26.7913 1.7094e-01     0.1285      0.015    1479.33     67.993     4.5876  45.406835  0.000e+00
     40.977     7.2422    34.2467    26.7917 1.7094e-01     0.1298      0.015    1479.33     67.994     4.5876  45.406835  0.000e+00
     40.982     7.2425    34.2467    26.7916 1.7094e-01     0.1285      0.015    1479.33     67.995     4.5877  45.406836  0.000e+00
     41.013     7.2431    34.2465    26.7914 1.7094e-01     0.1285      0.015    1479.33     67.997     4.5878  45.406836  0.000e+00
     41.013     7.2427    34.2465    26.7914 1.7094e-01     0.1298      0.015    1479.33     68.000     4.5880  45.406837  0.000e+00
     41.038     7.2427    34.2479    26.7925 1.5873e-01     0.1298      0.015    1479.33     68.005     4.5883  45.406837  0.000e+00
     41.062     7.2435    34.2486    26.7930 1.7094e-01     0.1285      0.015    1479.34     67.948     4.5843  45.406838  0.000e+00
     41.086     7.2440    34.2490    26.7933 1.7094e-01     0.1285      0.015    1479.34     68.009     4.5884  45.406838  0.000e+00
     41.098     7.2449    34.2503    26.7941 1.7094e-01     0.1285      0.015    1479.35     67.954     4.5845  45.406839  0.000e+00
     41.114     7.2471    34.2516    26.7948 1.7094e-01     0.1285      0.015    1479.36     67.947     4.5838  45.406839  0.000e+00
     41.146     7.2492    34.2517    26.7946 1.5873e-01     0.1298      0.015    1479.37     67.949     4.5837  45.406840  0.000e+00
     41.171     7.2504    34.2518    26.7946 1.5873e-01     0.1298      0.015    1479.37     67.945     4.5833  45.406840  0.000e+00
     41.182     7.2511    34.2518    26.7944 1.7094e-01     0.1285      0.015    1479.37     67.941     4.5830  45.406841  0.000e+00
     41.206     7.2513    34.2513    26.7940 1.7094e-01     0.1298      0.015    1479.37     67.938     4.5828  45.406841  0.000e+00
     41.231     7.2518    34.2504    26.7932 1.7094e-01     0.1285      0.015    1479.37     67.875     4.5785  45.406842  0.000e+00
     41.254     7.2513    34.2505    26.7934 1.7094e-01     0.1298      0.015    1479.37     67.929     4.5822  45.406842  0.000e+00
     41.266     7.2508    34.2508    26.7937 1.7094e-01     0.1298      0.018    1479.37     67.867     4.5781  45.406843  0.000e+00
