20190611/BC1_20190612_down.cnv
* Sea-Bird SBE 9 Data File:
* FileName = C:\CTD Brukere\NIVA\OKOKYST2019\20190611\BC1_20190612.hex
* Software Version Seasave V 7.23.2
* Temperature SN = 5352
* Conductivity SN = 3840
* Number of Bytes Per Scan = 28
* Number of Voltage Words = 4
* Number of Scans Averaged by the Deck Unit = 1
* NMEA baud rate = 4800
** Ship: R/V Trygve Braarud
** Cruise:
** Station:
** Operator:
# nquan = 14
# nvalues = 3638                                  
# units = specified
# name 0 = depSM: Depth [salt water, m], lat = 59.60
# name 1 = t090C: Temperature [ITS-90, deg C]
# name 2 = sal00: Salinity, Practical [PSU]
# name 3 = sigma-t00: Density [sigma-t, kg/m^3 ]
# name 4 = flSP: Fluorescence, Seapoint
# name 5 = wetStar: Fluorescence, WET Labs WETstar [mg/m^3]
# name 6 = seaTurbMtr: Turbidity, Seapoint [FTU]
# name 7 = svCM: Sound Velocity [Chen-Millero, m/s]
# name 8 = sbeox0PS: Oxygen, SBE 43 [% saturation]
# name 9 = sbeox0Mg/L: Oxygen, SBE 43 [mg/l]
# name 10 = timeJ: Julian Days
# name 11 = sbeox0ML/L: Oxygen, SBE 43 [ml/l]
# name 12 = prDM: Pressure, Digiquartz [db]
# name 13 = flag:  0.000e+00
# span 0 =      0.271,     90.232                 
# span 1 =     6.5528,    11.1229                 
# span 2 =     4.0780,    33.7491                 
# span 3 =     2.7745,    26.3866                 
# span 4 = 1.5873e-01, 2.3199e+00                 
# span 5 =     0.1273,     0.1310                 
# span 6 =      0.011,      0.022                 
# span 7 =    1456.66,    1481.67                 
# span 8 =      6.000,     79.303                 
# span 9 =     0.5792,     8.4862                 
# span 10 = 163.731991, 163.733745                
# span 11 =     0.4053,     5.9382                
# span 12 =      0.273,     91.108                
# span 13 = 0.0000e+00, 0.0000e+00                
# interval = seconds: 0.0416667
# start_time = Jun 12 2019 17:34:04 [System UpLoad Time]
# bad_flag = -9.990e-29
*END*
[from data line 2891]
     74.380     7.4076    33.7274    26.3598 2.0757e-01     0.1298      0.018    1479.87     21.741     2.0956 163.733385     1.4664     75.099  0.000e+00
     74.424     7.4076    33.7271    26.3596 2.0757e-01     0.1285      0.018    1479.87     21.679     2.0896 163.733385     1.4622     75.144  0.000e+00
     74.440     7.4074    33.7269    26.3594 2.0757e-01     0.1285      0.018    1479.87     21.614     2.0834 163.733386     1.4578     75.160  0.000e+00
     74.465     7.4072    33.7272    26.3597 2.0757e-01     0.1285      0.018    1479.87     21.486     2.0710 163.733386     1.4491     75.185  0.000e+00
     74.500     7.4071    33.7272    26.3597 2.0757e-01     0.1285      0.018    1479.87     21.480     2.0704 163.733387     1.4488     75.221  0.000e+00
     74.549     7.4069    33.7273    26.3598 2.0757e-01     0.1285      0.018    1479.87     21.417     2.0644 163.733387     1.4445     75.270  0.000e+00
     74.557     7.4069    33.7271    26.3597 2.1978e-01     0.1285      0.018    1479.87     21.353     2.0582 163.733388     1.4402     75.278  0.000e+00
     74.585     7.4063    33.7276    26.3601 2.1978e-01     0.1285      0.018    1479.87     21.287     2.0518 163.733388     1.4358     75.306  0.000e+00
     74.621     7.4058    33.7280    26.3605 2.1978e-01     0.1285      0.018    1479.87     21.226     2.0460 163.733389     1.4317     75.343  0.000e+00
     74.658     7.4055    33.7277    26.3604 2.0757e-01     0.1298      0.018    1479.87     21.164     2.0401 163.733389     1.4275     75.380  0.000e+00
     74.681     7.4048    33.7280    26.3606 2.1978e-01     0.1285      0.018    1479.87     21.163     2.0400 163.733390     1.4275     75.403  0.000e+00
     74.714     7.4042    33.7282    26.3609 2.0757e-01     0.1285      0.018    1479.86     21.043     2.0285 163.733390     1.4194     75.436  0.000e+00
     74.743     7.4036    33.7285    26.3612 2.1978e-01     0.1285      0.018    1479.86     21.038     2.0280 163.733391     1.4191     75.466  0.000e+00
     74.766     7.4031    33.7286    26.3614 2.1978e-01     0.1285      0.018    1479.86     20.977     2.0221 163.733391     1.4150     75.489  0.000e+00
     74.803     7.4025    33.7288    26.3616 2.1978e-01     0.1285      0.018    1479.86     20.922     2.0168 163.733392     1.4113     75.527  0.000e+00
     74.834     7.4020    33.7284    26.3614 2.1978e-01     0.1298      0.018    1479.86     20.857     2.0106 163.733392     1.4069     75.558  0.000e+00
     74.864     7.4013    33.7290    26.3620 2.1978e-01     0.1298      0.018    1479.86     20.798     2.0050 163.733393     1.4030     75.588  0.000e+00
     74.888     7.4008    33.7294    26.3623 2.1978e-01     0.1285      0.018    1479.86     20.738     1.9992 163.733393     1.3989     75.612  0.000e+00
     74.924     7.4004    33.7298    26.3627 2.1978e-01     0.1285      0.018    1479.85     20.676     1.9932 163.733394     1.3947     75.648  0.000e+00
     74.955     7.4004    33.7293    26.3623 2.1978e-01     0.1285      0.018    1479.85     20.613     1.9871 163.733394     1.3905     75.680  0.000e+00
     74.971     7.3999    33.7295    26.3625 2.1978e-01     0.1285      0.018    1479.85     20.555     1.9816 163.733395     1.3866     75.696  0.000e+00
     75.020     7.3994    33.7300    26.3630 2.1978e-01     0.1298      0.018    1479.85     20.497     1.9760 163.733395     1.3827     75.745  0.000e+00
     75.044     7.3994    33.7296    26.3627 2.1978e-01     0.1285      0.018    1479.85     20.430     1.9695 163.733396     1.3781     75.770  0.000e+00
     75.064     7.3987    33.7303    26.3633 2.1978e-01     0.1285      0.018    1479.85     20.368     1.9636 163.733396     1.3740     75.790  0.000e+00
     75.116     7.3986    33.7301    26.3632 2.1978e-01     0.1285      0.018    1479.85     20.306     1.9576 163.733397     1.3698     75.842  0.000e+00
     75.129     7.3984    33.7299    26.3631 2.1978e-01     0.1285      0.018    1479.85     20.242     1.9515 163.733397     1.3655     75.856  0.000e+00
     75.176     7.3981    33.7303    26.3634 2.1978e-01     0.1285      0.018    1479.85     20.177     1.9452 163.733397     1.3611     75.903  0.000e+00
     75.196     7.3979    33.7304    26.3635 2.1978e-01     0.1285      0.018    1479.85     20.119     1.9396 163.733398     1.3572     75.923  0.000e+00
     75.225     7.3978    33.7301    26.3633 2.1978e-01     0.1298      0.018    1479.85     20.121     1.9399 163.733398     1.3574     75.953  0.000e+00
     75.274     7.3975    33.7307    26.3638 2.1978e-01     0.1285      0.018    1479.85     20.068     1.9347 163.733399     1.3538     76.002  0.000e+00
     75.298     7.3975    33.7302    26.3634 2.1978e-01     0.1298      0.018    1479.85     20.014     1.9295 163.733399     1.3502     76.027  0.000e+00
     75.318     7.3970    33.7307    26.3639 2.1978e-01     0.1285      0.018    1479.85     19.958     1.9242 163.733400     1.3464     76.046  0.000e+00
     75.359     7.3970    33.7308    26.3640 2.1978e-01     0.1298      0.018    1479.85     19.901     1.9187 163.733400     1.3426     76.087  0.000e+00
     75.394     7.3971    33.7307    26.3639 2.1978e-01     0.1285      0.018    1479.85     19.843     1.9131 163.733401     1.3387     76.124  0.000e+00
     75.438     7.3970    33.7305    26.3637 2.1978e-01     0.1285      0.018    1479.85     19.784     1.9074 163.733401     1.3347     76.168  0.000e+00
     75.466     7.3968    33.7308    26.3640 2.1978e-01     0.1285      0.018    1479.85     19.786     1.9075 163.733402     1.3348     76.196  0.000e+00
     75.490     7.3969    33.7303    26.3636 2.1978e-01     0.1285      0.018    1479.85     19.731     1.9023 163.733402     1.3311     76.221  0.000e+00
     75.510     7.3968    33.7307    26.3639 2.1978e-01     0.1285      0.018    1479.85     19.620     1.8916 163.733403     1.3236     76.240  0.000e+00
     75.564     7.3966    33.7305    26.3638 2.1978e-01     0.1285      0.018    1479.85     19.626     1.8921 163.733403     1.3240     76.295  0.000e+00
     75.575     7.3967    33.7304    26.3637 2.1978e-01     0.1298      0.018    1479.85     19.575     1.8872 163.733404     1.3206     76.306  0.000e+00
     75.624     7.3964    33.7308    26.3641 2.1978e-01     0.1285      0.018    1479.85     19.523     1.8822 163.733404     1.3171     76.356  0.000e+00
     75.655     7.3965    33.7305    26.3638 2.1978e-01     0.1298      0.018    1479.85     19.470     1.8771 163.733405     1.3135     76.387  0.000e+00
     75.684     7.3959    33.7310    26.3643 2.1978e-01     0.1285      0.018    1479.85     19.416     1.8719 163.733405     1.3098     76.416  0.000e+00
     75.709     7.3960    33.7311    26.3644 2.1978e-01     0.1298      0.018    1479.85     19.360     1.8665 163.733406     1.3061     76.441  0.000e+00
     75.751     7.3958    33.7307    26.3641 2.1978e-01     0.1285      0.018    1479.85     19.311     1.8618 163.733406     1.3028     76.484  0.000e+00
     75.780     7.3959    33.7308    26.3641 2.1978e-01     0.1285      0.018    1479.85     19.315     1.8622 163.733407     1.3031     76.513  0.000e+00
     75.793     7.3956    33.7310    26.3643 2.0757e-01     0.1285      0.018    1479.85     19.271     1.8580 163.733407     1.3001     76.527  0.000e+00
     75.836     7.3955    33.7312    26.3645 2.1978e-01     0.1285      0.018    1479.85     19.218     1.8529 163.733408     1.2965     76.569  0.000e+00
     75.865     7.3956    33.7309    26.3643 2.1978e-01     0.1285      0.018    1479.85     19.171     1.8484 163.733408     1.2934     76.599  0.000e+00
     75.901     7.3957    33.7307    26.3641 2.1978e-01     0.1285      0.018    1479.85     19.123     1.8437 163.733409     1.2901     76.635  0.000e+00
     75.933     7.3955    33.7306    26.3640 2.1978e-01     0.1285      0.018    1479.85     19.074     1.8390 163.733409     1.2868     76.668  0.000e+00
     75.950     7.3949    33.7314    26.3647 2.1978e-01     0.1285      0.018    1479.85     19.023     1.8341 163.733410     1.2834     76.684  0.000e+00
     75.986     7.3945    33.7311    26.3645 2.1978e-01     0.1298      0.018    1479.85     18.964     1.8284 163.733410     1.2794     76.721  0.000e+00
     76.017     7.3946    33.7313    26.3647 2.1978e-01     0.1298      0.018    1479.85     18.972     1.8292 163.733410     1.2800     76.752  0.000e+00
     76.046     7.3947    33.7318    26.3651 2.1978e-01     0.1285      0.018    1479.85     18.925     1.8246 163.733411     1.2768     76.781  0.000e+00
     76.078     7.3960    33.7307    26.3640 2.1978e-01     0.1298      0.018    1479.86     18.876     1.8199 163.733411     1.2734     76.814  0.000e+00
     76.095     7.3964    33.7300    26.3634 2.1978e-01     0.1285      0.018    1479.86     18.825     1.8150 163.733412     1.2700     76.831  0.000e+00
     76.130     7.3960    33.7303    26.3637 2.1978e-01     0.1285      0.018    1479.86     18.835     1.8160 163.733412     1.2707     76.867  0.000e+00
     76.150     7.3953    33.7308    26.3642 2.1978e-01     0.1298      0.018    1479.86     18.727     1.8055 163.733413     1.2634     76.887  0.000e+00
     76.204     7.3954    33.7308    26.3642 2.1978e-01     0.1298      0.018    1479.86     18.741     1.8069 163.733413     1.2643     76.941  0.000e+00
     76.204     7.3953    33.7306    26.3641 2.1978e-01     0.1285      0.018    1479.86     18.629     1.7961 163.733414     1.2568     76.941  0.000e+00
     76.259     7.3951    33.7305    26.3640 2.1978e-01     0.1285      0.018    1479.86     18.640     1.7972 163.733414     1.2576     76.997  0.000e+00
     76.275     7.3956    33.7313    26.3645 2.1978e-01     0.1285      0.018    1479.86     18.595     1.7928 163.733415     1.2545     77.013  0.000e+00
     76.288     7.3971    33.7304    26.3637 2.1978e-01     0.1285      0.018    1479.87     18.549     1.7883 163.733415     1.2513     77.027  0.000e+00
     76.355     7.3983    33.7291    26.3625 2.1978e-01     0.1298      0.018    1479.87     18.563     1.7896 163.733416     1.2523     77.094  0.000e+00
     76.360     7.3978    33.7293    26.3627 2.1978e-01     0.1298      0.018    1479.87     18.459     1.7796 163.733416     1.2452     77.099  0.000e+00
     76.391     7.3969    33.7295    26.3630 2.1978e-01     0.1285      0.018    1479.87     18.469     1.7806 163.733417     1.2460     77.130  0.000e+00
     76.420     7.3959    33.7298    26.3633 2.1978e-01     0.1285      0.018    1479.86     18.423     1.7762 163.733417     1.2429     77.160  0.000e+00
     76.458     7.3950    33.7307    26.3642 2.1978e-01     0.1285      0.018    1479.86     18.375     1.7716 163.733418     1.2397     77.198  0.000e+00
     76.476     7.3944    33.7309    26.3644 2.1978e-01     0.1285      0.018    1479.86     18.388     1.7729 163.733418     1.2405     77.216  0.000e+00
     76.505     7.3938    33.7315    26.3649 2.1978e-01     0.1285      0.018    1479.86     18.343     1.7686 163.733419     1.2376     77.245  0.000e+00
     76.549     7.3936    33.7312    26.3647 2.1978e-01     0.1298      0.018    1479.86     18.297     1.7641 163.733419     1.2344     77.290  0.000e+00
     76.565     7.3935    33.7316    26.3651 2.1978e-01     0.1285      0.018    1479.86     18.248     1.7594 163.733420     1.2311     77.306  0.000e+00
     76.590     7.3933    33.7318    26.3653 2.1978e-01     0.1285      0.018    1479.86     18.259     1.7605 163.733420     1.2319     77.331  0.000e+00
     76.632     7.3934    33.7318    26.3653 2.1978e-01     0.1298      0.018    1479.86     18.213     1.7561 163.733421     1.2288     77.374  0.000e+00
     76.650     7.3933    33.7318    26.3653 2.1978e-01     0.1285      0.018    1479.86     18.165     1.7514 163.733421     1.2255     77.392  0.000e+00
     76.681     7.3932    33.7318    26.3653 2.1978e-01     0.1285      0.018    1479.86     18.114     1.7465 163.733422     1.2221     77.423  0.000e+00
     76.723     7.3930    33.7317    26.3653 2.1978e-01     0.1285      0.018    1479.86     18.131     1.7481 163.733422     1.2232     77.466  0.000e+00
     76.741     7.3934    33.7313    26.3648 2.1978e-01     0.1285      0.018    1479.86     18.090     1.7442 163.733423     1.2205     77.484  0.000e+00
     76.772     7.3931    33.7317    26.3652 2.1978e-01     0.1298      0.018    1479.86     18.047     1.7400 163.733423     1.2176     77.515  0.000e+00
     76.819     7.3930    33.7319    26.3654 2.1978e-01     0.1285      0.018    1479.86     18.001     1.7356 163.733424     1.2145     77.563  0.000e+00
     76.837     7.3936    33.7315    26.3650 2.1978e-01     0.1285      0.018    1479.86     18.016     1.7370 163.733424     1.2154     77.581  0.000e+00
     76.868     7.3938    33.7314    26.3649 2.1978e-01     0.1285      0.018    1479.86     17.972     1.7328 163.733424     1.2125     77.612  0.000e+00
     76.899     7.3943    33.7310    26.3645 2.1978e-01     0.1298      0.018    1479.87     17.926     1.7283 163.733425     1.2094     77.643  0.000e+00
     76.940     7.3944    33.7309    26.3644 2.1978e-01     0.1285      0.018    1479.87     17.885     1.7244 163.733425     1.2066     77.684  0.000e+00
     76.959     7.3943    33.7312    26.3647 2.1978e-01     0.1285      0.018    1479.87     17.841     1.7201 163.733426     1.2037     77.704  0.000e+00
     76.989     7.3947    33.7309    26.3644 2.1978e-01     0.1285      0.018    1479.87     17.849     1.7209 163.733426     1.2042     77.734  0.000e+00
     77.031     7.3949    33.7306    26.3641 2.1978e-01     0.1298      0.018    1479.87     17.807     1.7169 163.733427     1.2014     77.776  0.000e+00
     77.038     7.3951    33.7304    26.3640 2.1978e-01     0.1285      0.018    1479.87     17.825     1.7186 163.733427     1.2026     77.783  0.000e+00
     77.098     7.3948    33.7302    26.3638 2.1978e-01     0.1285      0.018    1479.87     17.785     1.7147 163.733428     1.1998     77.844  0.000e+00
     77.116     7.3937    33.7313    26.3648 2.1978e-01     0.1285      0.018    1479.87     17.741     1.7105 163.733428     1.1969     77.862  0.000e+00
     77.147     7.3936    33.7314    26.3649 2.1978e-01     0.1285      0.018    1479.87     17.757     1.7120 163.733429     1.1980     77.893  0.000e+00
     77.165     7.3934    33.7317    26.3652 2.1978e-01     0.1298      0.018    1479.87     17.714     1.7080 163.733429     1.1951     77.911  0.000e+00
     77.183     7.3939    33.7314    26.3649 2.3199e-01     0.1285      0.018    1479.87     17.668     1.7035 163.733430     1.1920     77.929  0.000e+00
     77.225     7.3948    33.7308    26.3643 2.1978e-01     0.1285      0.018    1479.87     17.627     1.6995 163.733430     1.1892     77.972  0.000e+00
     77.254     7.3957    33.7301    26.3636 2.1978e-01     0.1298      0.018    1479.88     17.645     1.7012 163.733431     1.1904     78.002  0.000e+00
     77.310     7.3969    33.7291    26.3627 2.1978e-01     0.1285      0.018    1479.88     17.604     1.6972 163.733431     1.1876     78.058  0.000e+00
     77.303     7.3978    33.7281    26.3617 2.1978e-01     0.1285      0.018    1479.88     17.560     1.6930 163.733432     1.1846     78.051  0.000e+00
     77.345     7.3967    33.7285    26.3622 2.1978e-01     0.1285      0.018    1479.88     17.513     1.6884 163.733432     1.1815     78.094  0.000e+00
     77.352     7.3955    33.7296    26.3632 2.1978e-01     0.1285      0.018    1479.88     17.524     1.6895 163.733433     1.1822     78.100  0.000e+00
     77.393     7.3938    33.7306    26.3643 2.1978e-01     0.1298      0.018    1479.87     17.476     1.6850 163.733433     1.1791     78.142  0.000e+00
     77.424     7.3931    33.7312    26.3649 2.1978e-01     0.1298      0.018    1479.87     17.426     1.6801 163.733434     1.1756     78.173  0.000e+00
