20190611/BC1_20190612_down.cnv
* Sea-Bird SBE 9 Data File:
* FileName = C:\CTD Brukere\NIVA\OKOKYST2019\20190611\BC1_20190612.hex
* Software Version Seasave V 7.23.2
* Temperature SN = 5352
* Conductivity SN = 3840
* Number of Bytes Per Scan = 28
* Number of Voltage Words = 4
* Number of Scans Averaged by the Deck Unit = 1
* NMEA baud rate = 4800
** Ship: R/V Trygve Braarud
** Cruise:
** Station:
** Operator:
# nquan = 14
# nvalues = 3638                                  
# units = specified
# name 0 = depSM: Depth [salt water, m], lat = 59.60
# name 1 = t090C: Temperature [ITS-90, deg C]
# name 2 = sal00: Salinity, Practical [PSU]
# name 3 = sigma-t00: Density [sigma-t, kg/m^3 ]
# name 4 = flSP: Fluorescence, Seapoint
# name 5 = wetStar: Fluorescence, WET Labs WETstar [mg/m^3]
# name 6 = seaTurbMtr: Turbidity, Seapoint [FTU]
# name 7 = svCM: Sound Velocity [Chen-Millero, m/s]
# name 8 = sbeox0PS: Oxygen, SBE 43 [% saturation]
# name 9 = sbeox0Mg/L: Oxygen, SBE 43 [mg/l]
# name 10 = timeJ: Julian Days
# name 11 = sbeox0ML/L: Oxygen, SBE 43 [ml/l]
# name 12 = prDM: Pressure, Digiquartz [db]
# name 13 = flag:  0.000e+00
# span 0 =      0.271,     90.232                 
# span 1 =     6.5528,    11.1229                 
# span 2 =     4.0780,    33.7491                 
# span 3 =     2.7745,    26.3866                 
# span 4 = 1.5873e-01, 2.3199e+00                 
# span 5 =     0.1273,     0.1310                 
# span 6 =      0.011,      0.022                 
# span 7 =    1456.66,    1481.67                 
# span 8 =      6.000,     79.303                 
# span 9 =     0.5792,     8.4862                 
# span 10 = 163.731991, 163.733745                
# span 11 =     0.4053,     5.9382                
# span 12 =      0.273,     91.108                
# span 13 = 0.0000e+00, 0.0000e+00                
# interval = seconds: 0.0416667
# start_time = Jun 12 2019 17:34:04 [System UpLoad Time]
# bad_flag = -9.990e-29
*END*
[from data line 2375]
     59.558     7.5561    33.6479    26.2763 1.7094e-01     0.1298      0.018    1480.10     40.045     3.8488 163.733136     2.6932     60.132  0.000e+00
     59.594     7.5567    33.6480    26.2762 1.7094e-01     0.1285      0.018    1480.10     40.046     3.8489 163.733137     2.6932     60.168  0.000e+00
     59.612     7.5569    33.6483    26.2765 1.7094e-01     0.1298      0.018    1480.10     39.993     3.8438 163.733137     2.6896     60.186  0.000e+00
     59.643     7.5570    33.6483    26.2764 1.7094e-01     0.1285      0.018    1480.10     40.004     3.8448 163.733138     2.6904     60.218  0.000e+00
     59.667     7.5569    33.6490    26.2770 1.7094e-01     0.1285      0.018    1480.10     39.954     3.8400 163.733138     2.6870     60.242  0.000e+00
     59.703     7.5567    33.6490    26.2770 1.7094e-01     0.1285      0.018    1480.10     39.960     3.8406 163.733139     2.6874     60.278  0.000e+00
     59.732     7.5564    33.6492    26.2772 1.7094e-01     0.1298      0.018    1480.10     39.913     3.8361 163.733139     2.6843     60.308  0.000e+00
     59.763     7.5564    33.6492    26.2772 1.7094e-01     0.1298      0.018    1480.10     39.921     3.8369 163.733139     2.6848     60.339  0.000e+00
     59.799     7.5562    33.6495    26.2775 1.7094e-01     0.1298      0.018    1480.10     39.869     3.8319 163.733140     2.6813     60.375  0.000e+00
     59.812     7.5562    33.6494    26.2774 1.7094e-01     0.1285      0.018    1480.10     39.817     3.8269 163.733140     2.6778     60.388  0.000e+00
     59.853     7.5561    33.6496    26.2776 1.7094e-01     0.1285      0.018    1480.10     39.822     3.8273 163.733141     2.6782     60.429  0.000e+00
     59.872     7.5561    33.6498    26.2777 1.8315e-01     0.1298      0.018    1480.10     39.773     3.8226 163.733141     2.6749     60.449  0.000e+00
     59.908     7.5561    33.6495    26.2775 1.8315e-01     0.1298      0.018    1480.10     39.772     3.8226 163.733142     2.6748     60.485  0.000e+00
     59.926     7.5561    33.6499    26.2778 1.7094e-01     0.1285      0.018    1480.10     39.780     3.8233 163.733142     2.6753     60.503  0.000e+00
     59.968     7.5562    33.6496    26.2776 1.7094e-01     0.1298      0.018    1480.10     39.734     3.8189 163.733143     2.6722     60.546  0.000e+00
     59.993     7.5561    33.6497    26.2777 1.7094e-01     0.1285      0.018    1480.10     39.681     3.8138 163.733143     2.6687     60.571  0.000e+00
     60.017     7.5559    33.6480    26.2763 1.7094e-01     0.1285      0.018    1480.10     39.692     3.8149 163.733144     2.6694     60.595  0.000e+00
     60.058     7.5564    33.6454    26.2742 1.7094e-01     0.1298      0.018    1480.10     39.641     3.8101 163.733144     2.6661     60.636  0.000e+00
     60.077     7.5565    33.6460    26.2747 1.7094e-01     0.1298      0.018    1480.10     39.646     3.8105 163.733145     2.6664     60.656  0.000e+00
     60.100     7.5562    33.6477    26.2761 1.7094e-01     0.1285      0.018    1480.10     39.598     3.8058 163.733145     2.6631     60.679  0.000e+00
     60.149     7.5562    33.6491    26.2772 1.7094e-01     0.1285      0.018    1480.11     39.612     3.8072 163.733146     2.6641     60.728  0.000e+00
     60.160     7.5558    33.6499    26.2779 1.7094e-01     0.1285      0.018    1480.11     39.566     3.8028 163.733146     2.6609     60.740  0.000e+00
     60.202     7.5556    33.6505    26.2784 1.8315e-01     0.1298      0.018    1480.11     39.575     3.8036 163.733147     2.6616     60.783  0.000e+00
     60.222     7.5554    33.6506    26.2785 1.7094e-01     0.1298      0.018    1480.11     39.592     3.8053 163.733147     2.6627     60.802  0.000e+00
     60.258     7.5553    33.6509    26.2787 1.7094e-01     0.1285      0.018    1480.11     39.548     3.8011 163.733148     2.6598     60.838  0.000e+00
     60.282     7.5548    33.6510    26.2788 1.7094e-01     0.1298      0.018    1480.11     39.498     3.7963 163.733148     2.6564     60.863  0.000e+00
     60.323     7.5545    33.6511    26.2790 1.7094e-01     0.1285      0.018    1480.11     39.510     3.7975 163.733149     2.6572     60.904  0.000e+00
     60.354     7.5542    33.6514    26.2793 1.7094e-01     0.1298      0.018    1480.11     39.461     3.7928 163.733149     2.6539     60.935  0.000e+00
     60.365     7.5537    33.6519    26.2797 1.7094e-01     0.1285      0.018    1480.10     39.467     3.7934 163.733150     2.6544     60.947  0.000e+00
     60.403     7.5534    33.6523    26.2801 1.7094e-01     0.1285      0.018    1480.10     39.481     3.7947 163.733150     2.6553     60.985  0.000e+00
     60.438     7.5532    33.6526    26.2804 1.8315e-01     0.1298      0.018    1480.10     39.433     3.7901 163.733151     2.6521     61.021  0.000e+00
     60.456     7.5530    33.6530    26.2807 1.7094e-01     0.1298      0.018    1480.10     39.448     3.7916 163.733151     2.6531     61.039  0.000e+00
     60.499     7.5527    33.6534    26.2810 1.7094e-01     0.1285      0.018    1480.10     39.401     3.7871 163.733152     2.6500     61.081  0.000e+00
     60.534     7.5530    33.6531    26.2808 1.8315e-01     0.1285      0.018    1480.11     39.409     3.7879 163.733152     2.6505     61.118  0.000e+00
     60.546     7.5529    33.6533    26.2810 1.7094e-01     0.1298      0.018    1480.11     39.363     3.7834 163.733152     2.6474     61.129  0.000e+00
     60.583     7.5529    33.6537    26.2813 1.7094e-01     0.1285      0.018    1480.11     39.372     3.7843 163.733153     2.6480     61.167  0.000e+00
     60.625     7.5529    33.6533    26.2810 1.7094e-01     0.1298      0.018    1480.11     39.327     3.7799 163.733153     2.6450     61.210  0.000e+00
     60.643     7.5529    33.6536    26.2812 1.7094e-01     0.1285      0.018    1480.11     39.274     3.7749 163.733154     2.6414     61.228  0.000e+00
     60.655     7.5529    33.6538    26.2814 1.7094e-01     0.1298      0.018    1480.11     39.276     3.7751 163.733154     2.6416     61.239  0.000e+00
     60.703     7.5530    33.6537    26.2812 1.7094e-01     0.1285      0.018    1480.11     39.286     3.7760 163.733155     2.6422     61.288  0.000e+00
     60.739     7.5530    33.6538    26.2814 1.7094e-01     0.1285      0.018    1480.11     39.234     3.7710 163.733155     2.6387     61.324  0.000e+00
     60.751     7.5530    33.6542    26.2816 1.7094e-01     0.1298      0.018    1480.11     39.237     3.7713 163.733156     2.6389     61.336  0.000e+00
     60.793     7.5530    33.6545    26.2819 1.8315e-01     0.1285      0.018    1480.11     39.185     3.7663 163.733156     2.6354     61.379  0.000e+00
     60.811     7.5527    33.6549    26.2822 1.7094e-01     0.1285      0.018    1480.11     39.195     3.7673 163.733157     2.6361     61.397  0.000e+00
     60.835     7.5529    33.6550    26.2823 1.7094e-01     0.1285      0.018    1480.11     39.205     3.7682 163.733157     2.6368     61.421  0.000e+00
     60.871     7.5527    33.6549    26.2823 1.7094e-01     0.1285      0.018    1480.11     39.153     3.7633 163.733158     2.6333     61.458  0.000e+00
     60.895     7.5522    33.6548    26.2822 1.7094e-01     0.1298      0.018    1480.11     39.163     3.7643 163.733158     2.6340     61.482  0.000e+00
     60.931     7.5522    33.6548    26.2822 1.7094e-01     0.1285      0.018    1480.11     39.173     3.7652 163.733159     2.6347     61.518  0.000e+00
     60.962     7.5516    33.6555    26.2829 1.8315e-01     0.1285      0.018    1480.11     39.128     3.7609 163.733159     2.6317     61.549  0.000e+00
     60.980     7.5514    33.6547    26.2823 1.8315e-01     0.1298      0.018    1480.11     39.075     3.7558 163.733160     2.6281     61.568  0.000e+00
     61.016     7.5506    33.6549    26.2825 1.8315e-01     0.1298      0.018    1480.11     39.084     3.7568 163.733160     2.6288     61.604  0.000e+00
     61.040     7.5497    33.6549    26.2827 1.8315e-01     0.1285      0.018    1480.10     39.093     3.7577 163.733161     2.6294     61.628  0.000e+00
     61.076     7.5487    33.6548    26.2828 1.8315e-01     0.1298      0.018    1480.10     39.047     3.7534 163.733161     2.6264     61.664  0.000e+00
     61.089     7.5476    33.6549    26.2830 1.7094e-01     0.1298      0.018    1480.10     39.055     3.7542 163.733162     2.6270     61.678  0.000e+00
     61.136     7.5462    33.6547    26.2830 1.8315e-01     0.1285      0.018    1480.09     39.008     3.7499 163.733162     2.6239     61.725  0.000e+00
     61.143     7.5450    33.6551    26.2835 1.8315e-01     0.1298      0.018    1480.09     38.954     3.7447 163.733163     2.6203     61.732  0.000e+00
     61.185     7.5441    33.6552    26.2837 1.8315e-01     0.1285      0.018    1480.09     38.961     3.7455 163.733163     2.6209     61.775  0.000e+00
     61.221     7.5431    33.6551    26.2838 1.8315e-01     0.1285      0.018    1480.08     38.968     3.7463 163.733164     2.6214     61.811  0.000e+00
     61.234     7.5420    33.6557    26.2844 1.8315e-01     0.1285      0.018    1480.08     38.975     3.7470 163.733164     2.6219     61.824  0.000e+00
     61.269     7.5415    33.6558    26.2846 1.7094e-01     0.1285      0.018    1480.08     38.926     3.7424 163.733165     2.6187     61.860  0.000e+00
     61.294     7.5410    33.6562    26.2849 1.8315e-01     0.1298      0.018    1480.08     38.870     3.7370 163.733165     2.6149     61.885  0.000e+00
     61.317     7.5413    33.6551    26.2840 1.8315e-01     0.1285      0.018    1480.08     38.875     3.7374 163.733166     2.6152     61.908  0.000e+00
     61.341     7.5410    33.6556    26.2845 1.8315e-01     0.1298      0.018    1480.08     38.825     3.7327 163.733166     2.6119     61.932  0.000e+00
     61.385     7.5420    33.6549    26.2837 1.8315e-01     0.1298      0.018    1480.08     38.829     3.7330 163.733166     2.6122     61.977  0.000e+00
     61.401     7.5417    33.6551    26.2840 1.7094e-01     0.1298      0.018    1480.08     38.833     3.7334 163.733167     2.6124     61.993  0.000e+00
     61.439     7.5420    33.6548    26.2837 1.8315e-01     0.1285      0.018    1480.08     38.782     3.7285 163.733167     2.6090     62.031  0.000e+00
     61.461     7.5417    33.6558    26.2846 1.8315e-01     0.1298      0.018    1480.08     38.784     3.7287 163.733168     2.6091     62.054  0.000e+00
     61.474     7.5413    33.6562    26.2849 1.7094e-01     0.1285      0.018    1480.08     38.732     3.7237 163.733168     2.6056     62.067  0.000e+00
     61.522     7.5415    33.6572    26.2856 1.8315e-01     0.1285      0.018    1480.08     38.733     3.7238 163.733169     2.6057     62.114  0.000e+00
     61.535     7.5415    33.6578    26.2861 1.8315e-01     0.1285      0.018    1480.08     38.679     3.7186 163.733169     2.6020     62.128  0.000e+00
     61.570     7.5417    33.6580    26.2862 1.8315e-01     0.1298      0.018    1480.09     38.679     3.7186 163.733170     2.6020     62.164  0.000e+00
     61.606     7.5417    33.6583    26.2865 1.8315e-01     0.1285      0.018    1480.09     38.686     3.7192 163.733170     2.6025     62.200  0.000e+00
     61.619     7.5420    33.6581    26.2863 1.8315e-01     0.1298      0.018    1480.09     38.638     3.7146 163.733171     2.5992     62.213  0.000e+00
     61.650     7.5420    33.6581    26.2863 1.8315e-01     0.1298      0.018    1480.09     38.644     3.7151 163.733171     2.5996     62.244  0.000e+00
     61.666     7.5417    33.6584    26.2866 1.8315e-01     0.1285      0.018    1480.09     38.586     3.7096 163.733172     2.5958     62.261  0.000e+00
     61.727     7.5412    33.6594    26.2874 1.7094e-01     0.1285      0.018    1480.09     38.529     3.7041 163.733172     2.5919     62.321  0.000e+00
     61.715     7.5406    33.6599    26.2879 1.7094e-01     0.1298      0.018    1480.09     38.525     3.7037 163.733173     2.5916     62.310  0.000e+00
     61.775     7.5402    33.6598    26.2879 1.8315e-01     0.1285      0.018    1480.09     38.528     3.7041 163.733173     2.5919     62.371  0.000e+00
     61.775     7.5396    33.6598    26.2880 1.8315e-01     0.1285      0.018    1480.08     38.537     3.7050 163.733174     2.5926     62.371  0.000e+00
     61.824     7.5388    33.6599    26.2882 1.8315e-01     0.1298      0.018    1480.08     38.484     3.7000 163.733174     2.5890     62.420  0.000e+00
     61.835     7.5380    33.6603    26.2886 1.8315e-01     0.1285      0.018    1480.08     38.492     3.7008 163.733175     2.5896     62.431  0.000e+00
     61.871     7.5369    33.6608    26.2891 1.8315e-01     0.1298      0.018    1480.08     38.437     3.6956 163.733175     2.5860     62.468  0.000e+00
     61.896     7.5362    33.6610    26.2894 1.8315e-01     0.1298      0.018    1480.07     38.444     3.6963 163.733176     2.5865     62.492  0.000e+00
     61.920     7.5359    33.6604    26.2889 1.7094e-01     0.1298      0.018    1480.07     38.326     3.6850 163.733176     2.5785     62.517  0.000e+00
     61.956     7.5369    33.6593    26.2880 1.8315e-01     0.1285      0.018    1480.08     38.386     3.6907 163.733177     2.5825     62.553  0.000e+00
     61.967     7.5375    33.6577    26.2866 1.8315e-01     0.1298      0.018    1480.08     38.328     3.6851 163.733177     2.5786     62.565  0.000e+00
     62.005     7.5376    33.6566    26.2857 1.8315e-01     0.1285      0.018    1480.08     38.324     3.6848 163.733178     2.5784     62.602  0.000e+00
     62.029     7.5370    33.6565    26.2857 1.8315e-01     0.1285      0.018    1480.07     38.265     3.6791 163.733178     2.5744     62.627  0.000e+00
     62.065     7.5351    33.6582    26.2873 1.8315e-01     0.1285      0.018    1480.07     38.267     3.6794 163.733179     2.5746     62.663  0.000e+00
     62.071     7.5330    33.6599    26.2890 1.8315e-01     0.1298      0.018    1480.06     38.206     3.6737 163.733179     2.5706     62.670  0.000e+00
     62.125     7.5316    33.6614    26.2904 1.8315e-01     0.1285      0.018    1480.06     38.206     3.6738 163.733179     2.5707     62.724  0.000e+00
     62.149     7.5304    33.6627    26.2915 1.8315e-01     0.1285      0.018    1480.06     38.144     3.6679 163.733180     2.5666     62.749  0.000e+00
     62.172     7.5292    33.6633    26.2922 1.8315e-01     0.1285      0.018    1480.05     38.142     3.6678 163.733180     2.5665     62.772  0.000e+00
     62.197     7.5290    33.6635    26.2924 1.8315e-01     0.1285      0.018    1480.05     38.148     3.6684 163.733181     2.5669     62.796  0.000e+00
     62.210     7.5292    33.6627    26.2917 1.8315e-01     0.1298      0.018    1480.05     38.091     3.6629 163.733181     2.5631     62.809  0.000e+00
     62.257     7.5293    33.6625    26.2916 1.8315e-01     0.1298      0.018    1480.06     38.095     3.6633 163.733182     2.5634     62.857  0.000e+00
     62.281     7.5285    33.6632    26.2922 1.8315e-01     0.1298      0.018    1480.05     38.044     3.6584 163.733182     2.5600     62.882  0.000e+00
     62.293     7.5279    33.6641    26.2930 1.8315e-01     0.1285      0.018    1480.05     38.047     3.6587 163.733183     2.5602     62.893  0.000e+00
     62.341     7.5273    33.6649    26.2938 1.9536e-01     0.1298      0.018    1480.05     37.987     3.6530 163.733183     2.5561     62.942  0.000e+00
     62.377     7.5273    33.6655    26.2942 1.8315e-01     0.1298      0.018    1480.05     37.988     3.6531 163.733184     2.5562     62.978  0.000e+00
     62.377     7.5271    33.6658    26.2945 1.8315e-01     0.1298      0.018    1480.05     37.934     3.6479 163.733184     2.5526     62.978  0.000e+00
     62.426     7.5270    33.6664    26.2949 1.8315e-01     0.1298      0.018    1480.05     37.872     3.6420 163.733185     2.5484     63.028  0.000e+00
