20190611/BC1_20190612_down.cnv
* Sea-Bird SBE 9 Data File:
* FileName = C:\CTD Brukere\NIVA\OKOKYST2019\20190611\BC1_20190612.hex
* Software Version Seasave V 7.23.2
* Temperature SN = 5352
* Conductivity SN = 3840
* Number of Bytes Per Scan = 28
* Number of Voltage Words = 4
* Number of Scans Averaged by the Deck Unit = 1
* NMEA baud rate = 4800
** Ship: R/V Trygve Braarud
** Cruise:
** Station:
** Operator:
# nquan = 14
# nvalues = 3638                                  
# units = specified
# name 0 = depSM: Depth [salt water, m], lat = 59.60
# name 1 = t090C: Temperature [ITS-90, deg C]
# name 2 = sal00: Salinity, Practical [PSU]
# name 3 = sigma-t00: Density [sigma-t, kg/m^3 ]
# name 4 = flSP: Fluorescence, Seapoint
# name 5 = wetStar: Fluorescence, WET Labs WETstar [mg/m^3]
# name 6 = seaTurbMtr: Turbidity, Seapoint [FTU]
# name 7 = svCM: Sound Velocity [Chen-Millero, m/s]
# name 8 = sbeox0PS: Oxygen, SBE 43 [% saturation]
# name 9 = sbeox0Mg/L: Oxygen, SBE 43 [mg/l]
# name 10 = timeJ: Julian Days
# name 11 = sbeox0ML/L: Oxygen, SBE 43 [ml/l]
# name 12 = prDM: Pressure, Digiquartz [db]
# name 13 = flag:  0.000e+00
# span 0 =      0.271,     90.232                 
# span 1 =     6.5528,    11.1229                 
# span 2 =     4.0780,    33.7491                 
# span 3 =     2.7745,    26.3866                 
# span 4 = 1.5873e-01, 2.3199e+00                 
# span 5 =     0.1273,     0.1310                 
# span 6 =      0.011,      0.022                 
# span 7 =    1456.66,    1481.67                 
# span 8 =      6.000,     79.303                 
# span 9 =     0.5792,     8.4862                 
# span 10 = 163.731991, 163.733745                
# span 11 =     0.4053,     5.9382                
# span 12 =      0.273,     91.108                
# span 13 = 0.0000e+00, 0.0000e+00                
# interval = seconds: 0.0416667
# start_time = Jun 12 2019 17:34:04 [System UpLoad Time]
# bad_flag = -9.990e-29
*END*
[from data line 1652]
     39.187     7.0260    33.3352    26.1039 1.7094e-01     0.1298      0.018    1477.32     57.638     5.6188 163.732787     3.9317     39.563  0.000e+00
     39.215     7.0260    33.3367    26.1051 1.7094e-01     0.1298      0.018    1477.33     57.625     5.6174 163.732788     3.9308     39.591  0.000e+00
     39.236     7.0263    33.3386    26.1066 1.7094e-01     0.1298      0.018    1477.33     57.546     5.6096 163.732788     3.9253     39.612  0.000e+00
     39.272     7.0273    33.3403    26.1077 1.7094e-01     0.1298      0.018    1477.34     57.464     5.6014 163.732789     3.9196     39.648  0.000e+00
     39.263     7.0287    33.3418    26.1088 1.7094e-01     0.1298      0.018    1477.34     57.440     5.5989 163.732789     3.9178     39.640  0.000e+00
     39.356     7.0300    33.3432    26.1096 1.7094e-01     0.1285      0.018    1477.35     57.360     5.5908 163.732790     3.9121     39.733  0.000e+00
     39.345     7.0312    33.3443    26.1103 1.7094e-01     0.1285      0.018    1477.36     57.337     5.5885 163.732790     3.9105     39.722  0.000e+00
     39.380     7.0327    33.3449    26.1106 1.7094e-01     0.1298      0.018    1477.37     57.250     5.5798 163.732791     3.9044     39.758  0.000e+00
     39.406     7.0342    33.3457    26.1111 1.7094e-01     0.1298      0.018    1477.37     57.230     5.5776 163.732791     3.9029     39.784  0.000e+00
     39.427     7.0357    33.3470    26.1119 1.5873e-01     0.1298      0.018    1477.38     57.215     5.5759 163.732792     3.9017     39.805  0.000e+00
     39.463     7.0378    33.3478    26.1122 1.5873e-01     0.1298      0.018    1477.39     57.144     5.5686 163.732792     3.8966     39.841  0.000e+00
     39.491     7.0393    33.3482    26.1124 1.7094e-01     0.1298      0.018    1477.40     57.124     5.5664 163.732793     3.8951     39.869  0.000e+00
     39.512     7.0412    33.3488    26.1126 1.5873e-01     0.1298      0.018    1477.41     57.047     5.5587 163.732793     3.8896     39.891  0.000e+00
     39.536     7.0423    33.3500    26.1133 1.7094e-01     0.1298      0.018    1477.41     57.029     5.5568 163.732794     3.8883     39.915  0.000e+00
     39.575     7.0441    33.3503    26.1133 1.5873e-01     0.1298      0.018    1477.42     56.948     5.5486 163.732794     3.8826     39.954  0.000e+00
     39.596     7.0455    33.3509    26.1137 1.5873e-01     0.1298      0.018    1477.43     56.864     5.5403 163.732795     3.8767     39.976  0.000e+00
     39.632     7.0470    33.3518    26.1141 1.5873e-01     0.1298      0.018    1477.43     56.840     5.5377 163.732795     3.8750     40.012  0.000e+00
     39.656     7.0484    33.3530    26.1149 1.5873e-01     0.1298      0.018    1477.44     56.822     5.5357 163.732796     3.8736     40.036  0.000e+00
     39.695     7.0506    33.3535    26.1150 1.5873e-01     0.1298      0.018    1477.45     56.748     5.5282 163.732796     3.8683     40.076  0.000e+00
     39.703     7.0520    33.3543    26.1154 1.5873e-01     0.1298      0.018    1477.46     56.672     5.5206 163.732797     3.8630     40.084  0.000e+00
     39.728     7.0536    33.3545    26.1153 1.7094e-01     0.1298      0.018    1477.46     56.649     5.5181 163.732797     3.8612     40.109  0.000e+00
     39.755     7.0547    33.3547    26.1154 1.7094e-01     0.1285      0.018    1477.47     56.569     5.5103 163.732798     3.8558     40.136  0.000e+00
     39.801     7.0560    33.3553    26.1157 1.7094e-01     0.1298      0.018    1477.48     56.551     5.5083 163.732798     3.8544     40.182  0.000e+00
     39.812     7.0575    33.3571    26.1169 1.5873e-01     0.1298      0.018    1477.48     56.469     5.5001 163.732799     3.8486     40.194  0.000e+00
     39.848     7.0598    33.3582    26.1174 1.7094e-01     0.1298      0.018    1477.49     56.386     5.4916 163.732799     3.8427     40.230  0.000e+00
     39.887     7.0621    33.3592    26.1179 1.7094e-01     0.1285      0.018    1477.51     56.426     5.4952 163.732799     3.8452     40.269  0.000e+00
     39.908     7.0641    33.3599    26.1182 1.7094e-01     0.1298      0.018    1477.51     56.294     5.4820 163.732800     3.8360     40.291  0.000e+00
     39.932     7.0655    33.3609    26.1188 1.5873e-01     0.1298      0.018    1477.52     56.277     5.4802 163.732800     3.8347     40.315  0.000e+00
     39.957     7.0671    33.3615    26.1190 1.7094e-01     0.1298      0.018    1477.53     56.267     5.4790 163.732801     3.8339     40.340  0.000e+00
     39.984     7.0688    33.3628    26.1198 1.7094e-01     0.1298      0.018    1477.54     56.195     5.4717 163.732801     3.8288     40.368  0.000e+00
     40.017     7.0703    33.3642    26.1207 1.7094e-01     0.1285      0.018    1477.55     56.122     5.4644 163.732802     3.8236     40.400  0.000e+00
     40.040     7.0724    33.3649    26.1210 1.7094e-01     0.1298      0.018    1477.56     56.110     5.4630 163.732802     3.8227     40.423  0.000e+00
     40.064     7.0751    33.3659    26.1215 1.5873e-01     0.1285      0.018    1477.57     56.098     5.4614 163.732803     3.8216     40.448  0.000e+00
     40.104     7.0771    33.3668    26.1218 1.7094e-01     0.1298      0.018    1477.58     56.031     5.4546 163.732803     3.8168     40.489  0.000e+00
     40.113     7.0794    33.3679    26.1224 1.5873e-01     0.1298      0.018    1477.59     55.964     5.4477 163.732804     3.8120     40.497  0.000e+00
     40.160     7.0813    33.3690    26.1230 1.7094e-01     0.1298      0.018    1477.60     55.888     5.4401 163.732804     3.8067     40.545  0.000e+00
     40.173     7.0840    33.3705    26.1238 1.5873e-01     0.1285      0.018    1477.61     55.883     5.4392 163.732805     3.8060     40.558  0.000e+00
     40.200     7.0878    33.3716    26.1241 1.7094e-01     0.1285      0.018    1477.63     55.877     5.4381 163.732805     3.8053     40.586  0.000e+00
     40.233     7.0912    33.3737    26.1254 1.7094e-01     0.1298      0.018    1477.64     55.810     5.4310 163.732806     3.8003     40.618  0.000e+00
     40.244     7.0943    33.3747    26.1257 1.5873e-01     0.1298      0.018    1477.66     55.742     5.4240 163.732806     3.7954     40.630  0.000e+00
     40.280     7.0977    33.3755    26.1259 1.7094e-01     0.1285      0.018    1477.67     55.736     5.4230 163.732807     3.7947     40.666  0.000e+00
     40.272     7.1005    33.3763    26.1261 1.5873e-01     0.1285      0.018    1477.68     55.669     5.4160 163.732807     3.7898     40.658  0.000e+00
     40.376     7.1029    33.3776    26.1268 1.7094e-01     0.1298      0.018    1477.70     55.656     5.4145 163.732808     3.7887     40.763  0.000e+00
     40.364     7.1051    33.3782    26.1270 1.7094e-01     0.1298      0.018    1477.70     55.588     5.4076 163.732808     3.7839     40.751  0.000e+00
     40.376     7.1072    33.3792    26.1275 1.5873e-01     0.1285      0.018    1477.71     55.583     5.4068 163.732809     3.7834     40.763  0.000e+00
     40.413     7.1093    33.3790    26.1271 1.7094e-01     0.1298      0.018    1477.72     55.516     5.4000 163.732809     3.7786     40.800  0.000e+00
     40.441     7.1105    33.3795    26.1272 1.7094e-01     0.1298      0.015    1477.73     55.511     5.3994 163.732810     3.7782     40.828  0.000e+00
     40.473     7.1118    33.3796    26.1272 1.7094e-01     0.1298      0.018    1477.73     55.514     5.3995 163.732810     3.7783     40.861  0.000e+00
     40.509     7.1126    33.3795    26.1270 1.7094e-01     0.1298      0.018    1477.74     55.455     5.3937 163.732811     3.7742     40.897  0.000e+00
     40.533     7.1131    33.3793    26.1268 1.7094e-01     0.1298      0.018    1477.74     55.397     5.3879 163.732811     3.7702     40.922  0.000e+00
     40.556     7.1138    33.3803    26.1275 1.7094e-01     0.1298      0.018    1477.74     55.401     5.3882 163.732812     3.7703     40.945  0.000e+00
     40.585     7.1147    33.3815    26.1283 1.5873e-01     0.1285      0.018    1477.75     55.343     5.3824 163.732812     3.7663     40.974  0.000e+00
     40.616     7.1167    33.3821    26.1285 1.7094e-01     0.1298      0.018    1477.76     55.340     5.3819 163.732812     3.7659     41.005  0.000e+00
     40.640     7.1180    33.3833    26.1293 1.5873e-01     0.1298      0.018    1477.76     55.283     5.3761 163.732813     3.7619     41.030  0.000e+00
     40.676     7.1195    33.3846    26.1301 1.5873e-01     0.1298      0.018    1477.77     55.281     5.3757 163.732813     3.7616     41.066  0.000e+00
     40.689     7.1210    33.3851    26.1302 1.7094e-01     0.1298      0.018    1477.78     55.224     5.3700 163.732814     3.7576     41.079  0.000e+00
     40.713     7.1223    33.3853    26.1303 1.7094e-01     0.1298      0.018    1477.79     55.222     5.3696 163.732814     3.7573     41.104  0.000e+00
     40.752     7.1236    33.3864    26.1309 1.7094e-01     0.1298      0.018    1477.79     55.166     5.3640 163.732815     3.7534     41.143  0.000e+00
     40.785     7.1249    33.3873    26.1314 1.5873e-01     0.1298      0.018    1477.80     55.173     5.3645 163.732815     3.7537     41.176  0.000e+00
     40.809     7.1268    33.3880    26.1318 1.7094e-01     0.1298      0.018    1477.81     55.180     5.3649 163.732816     3.7540     41.200  0.000e+00
     40.832     7.1284    33.3884    26.1318 1.5873e-01     0.1298      0.018    1477.81     55.133     5.3601 163.732816     3.7507     41.223  0.000e+00
     40.869     7.1295    33.3885    26.1317 1.7094e-01     0.1298      0.018    1477.82     55.141     5.3607 163.732817     3.7511     41.261  0.000e+00
     40.872     7.1309    33.3886    26.1316 1.7094e-01     0.1285      0.018    1477.83     55.156     5.3620 163.732817     3.7520     41.264  0.000e+00
     40.941     7.1321    33.3888    26.1316 1.7094e-01     0.1298      0.018    1477.83     55.110     5.3574 163.732818     3.7488     41.333  0.000e+00
     40.952     7.1334    33.3887    26.1313 1.7094e-01     0.1298      0.018    1477.84     55.118     5.3580 163.732818     3.7492     41.345  0.000e+00
     40.976     7.1343    33.3891    26.1316 1.7094e-01     0.1298      0.018    1477.84     55.134     5.3594 163.732819     3.7502     41.369  0.000e+00
     41.001     7.1355    33.3897    26.1319 1.7094e-01     0.1285      0.018    1477.85     55.095     5.3554 163.732819     3.7474     41.394  0.000e+00
     41.036     7.1365    33.3897    26.1318 1.7094e-01     0.1298      0.018    1477.85     55.110     5.3568 163.732820     3.7484     41.430  0.000e+00
     41.061     7.1371    33.3905    26.1323 1.7094e-01     0.1298      0.018    1477.85     55.063     5.3522 163.732820     3.7451     41.454  0.000e+00
     41.088     7.1379    33.3910    26.1326 1.7094e-01     0.1285      0.018    1477.86     55.079     5.3535 163.732821     3.7461     41.482  0.000e+00
     41.132     7.1392    33.3917    26.1330 1.7094e-01     0.1298      0.018    1477.87     55.094     5.3548 163.732821     3.7470     41.527  0.000e+00
     41.157     7.1406    33.3923    26.1333 1.7094e-01     0.1285      0.018    1477.87     55.054     5.3507 163.732822     3.7441     41.551  0.000e+00
     41.181     7.1419    33.3930    26.1336 1.7094e-01     0.1298      0.018    1477.88     55.068     5.3519 163.732822     3.7450     41.576  0.000e+00
     41.205     7.1432    33.3931    26.1335 1.7094e-01     0.1298      0.018    1477.88     55.020     5.3471 163.732823     3.7416     41.600  0.000e+00
     41.241     7.1443    33.3936    26.1337 1.7094e-01     0.1298      0.018    1477.89     55.041     5.3490 163.732823     3.7429     41.636  0.000e+00
     41.265     7.1453    33.3938    26.1338 1.7094e-01     0.1298      0.018    1477.89     55.054     5.3501 163.732824     3.7437     41.661  0.000e+00
     41.290     7.1464    33.3942    26.1340 1.7094e-01     0.1298      0.018    1477.90     55.012     5.3459 163.732824     3.7407     41.686  0.000e+00
     41.317     7.1473    33.3950    26.1344 1.7094e-01     0.1298      0.018    1477.90     55.093     5.3537 163.732825     3.7462     41.714  0.000e+00
     41.361     7.1486    33.3956    26.1348 1.5873e-01     0.1285      0.018    1477.91     55.058     5.3500 163.732825     3.7436     41.758  0.000e+00
     41.386     7.1496    33.3955    26.1345 1.7094e-01     0.1298      0.018    1477.91     55.013     5.3456 163.732826     3.7405     41.782  0.000e+00
     41.408     7.1502    33.3957    26.1346 1.5873e-01     0.1285      0.018    1477.92     55.030     5.3472 163.732826     3.7416     41.805  0.000e+00
     41.433     7.1510    33.3959    26.1347 1.5873e-01     0.1298      0.018    1477.92     55.054     5.3494 163.732826     3.7432     41.830  0.000e+00
     41.457     7.1519    33.3973    26.1356 1.5873e-01     0.1298      0.018    1477.93     55.077     5.3515 163.732827     3.7446     41.855  0.000e+00
     41.493     7.1535    33.3982    26.1361 1.5873e-01     0.1298      0.018    1477.94     55.037     5.3473 163.732827     3.7417     41.891  0.000e+00
     41.517     7.1556    33.3990    26.1365 1.7094e-01     0.1298      0.015    1477.94     55.050     5.3483 163.732828     3.7424     41.915  0.000e+00
     41.541     7.1576    33.4001    26.1371 1.5873e-01     0.1298      0.018    1477.95     55.069     5.3499 163.732828     3.7435     41.940  0.000e+00
     41.569     7.1591    33.4007    26.1373 1.7094e-01     0.1285      0.018    1477.96     55.095     5.3522 163.732829     3.7451     41.968  0.000e+00
     41.602     7.1604    33.4008    26.1372 1.5873e-01     0.1285      0.018    1477.97     55.057     5.3483 163.732829     3.7424     42.000  0.000e+00
     41.626     7.1610    33.4008    26.1371 1.5873e-01     0.1298      0.018    1477.97     55.072     5.3497 163.732830     3.7434     42.025  0.000e+00
     41.649     7.1615    33.4007    26.1370 1.7094e-01     0.1298      0.018    1477.97     55.092     5.3516 163.732830     3.7448     42.048  0.000e+00
     41.697     7.1617    33.4008    26.1370 1.5873e-01     0.1285      0.018    1477.97     55.111     5.3535 163.732831     3.7460     42.097  0.000e+00
     41.722     7.1626    33.4015    26.1374 1.7094e-01     0.1285      0.018    1477.98     55.136     5.3557 163.732831     3.7476     42.122  0.000e+00
     41.733     7.1637    33.4031    26.1386 1.5873e-01     0.1285      0.018    1477.98     55.096     5.3517 163.732832     3.7448     42.133  0.000e+00
     41.769     7.1650    33.4035    26.1387 1.7094e-01     0.1298      0.018    1477.99     55.117     5.3535 163.732832     3.7461     42.169  0.000e+00
     41.793     7.1658    33.4041    26.1390 1.7094e-01     0.1298      0.015    1478.00     55.073     5.3491 163.732833     3.7430     42.194  0.000e+00
     41.829     7.1677    33.4042    26.1389 1.7094e-01     0.1298      0.018    1478.00     55.090     5.3505 163.732833     3.7440     42.230  0.000e+00
     41.853     7.1692    33.4058    26.1399 1.7094e-01     0.1298      0.018    1478.01     55.112     5.3524 163.732834     3.7453     42.255  0.000e+00
     41.889     7.1717    33.4068    26.1404 1.5873e-01     0.1298      0.018    1478.02     55.131     5.3540 163.732834     3.7464     42.291  0.000e+00
     41.913     7.1742    33.4073    26.1404 1.5873e-01     0.1298      0.018    1478.03     55.149     5.3553 163.732835     3.7473     42.315  0.000e+00
     41.943     7.1761    33.4078    26.1406 1.5873e-01     0.1298      0.018    1478.04     55.109     5.3512 163.732835     3.7445     42.345  0.000e+00
     41.973     7.1773    33.4076    26.1403 1.7094e-01     0.1298      0.018    1478.05     55.122     5.3523 163.732836     3.7452     42.376  0.000e+00
     41.998     7.1779    33.4077    26.1403 1.5873e-01     0.1285      0.018    1478.05     55.139     5.3539 163.732836     3.7463     42.401  0.000e+00
