20190611/BC1_20190612_down.cnv
* Sea-Bird SBE 9 Data File:
* FileName = C:\CTD Brukere\NIVA\OKOKYST2019\20190611\BC1_20190612.hex
* Software Version Seasave V 7.23.2
* Temperature SN = 5352
* Conductivity SN = 3840
* Number of Bytes Per Scan = 28
* Number of Voltage Words = 4
* Number of Scans Averaged by the Deck Unit = 1
* NMEA baud rate = 4800
** Ship: R/V Trygve Braarud
** Cruise:
** Station:
** Operator:
# nquan = 14
# nvalues = 3638                                  
# units = specified
# name 0 = depSM: Depth [salt water, m], lat = 59.60
# name 1 = t090C: Temperature [ITS-90, deg C]
# name 2 = sal00: Salinity, Practical [PSU]
# name 3 = sigma-t00: Density [sigma-t, kg/m^3 ]
# name 4 = flSP: Fluorescence, Seapoint
# name 5 = wetStar: Fluorescence, WET Labs WETstar [mg/m^3]
# name 6 = seaTurbMtr: Turbidity, Seapoint [FTU]
# name 7 = svCM: Sound Velocity [Chen-Millero, m/s]
# name 8 = sbeox0PS: Oxygen, SBE 43 [% saturation]
# name 9 = sbeox0Mg/L: Oxygen, SBE 43 [mg/l]
# name 10 = timeJ: Julian Days
# name 11 = sbeox0ML/L: Oxygen, SBE 43 [ml/l]
# name 12 = prDM: Pressure, Digiquartz [db]
# name 13 = flag:  0.000e+00
# span 0 =      0.271,     90.232                 
# span 1 =     6.5528,    11.1229                 
# span 2 =     4.0780,    33.7491                 
# span 3 =     2.7745,    26.3866                 
# span 4 = 1.5873e-01, 2.3199e+00                 
# span 5 =     0.1273,     0.1310                 
# span 6 =      0.011,      0.022                 
# span 7 =    1456.66,    1481.67                 
# span 8 =      6.000,     79.303                 
# span 9 =     0.5792,     8.4862                 
# span 10 = 163.731991, 163.733745                
# span 11 =     0.4053,     5.9382                
# span 12 =      0.273,     91.108                
# span 13 = 0.0000e+00, 0.0000e+00                
# interval = seconds: 0.0416667
# start_time = Jun 12 2019 17:34:04 [System UpLoad Time]
# bad_flag = -9.990e-29
*END*
[from data line 3201]
     83.482     7.3601    33.7416    26.3777 2.4420e-01     0.1285      0.018    1479.86     13.480     1.3006 163.733534     0.9101     84.292  0.000e+00
     83.507     7.3601    33.7419    26.3779 2.3199e-01     0.1285      0.018    1479.86     13.404     1.2933 163.733535     0.9050     84.316  0.000e+00
     83.544     7.3599    33.7420    26.3780 2.3199e-01     0.1285      0.018    1479.86     13.390     1.2919 163.733535     0.9040     84.354  0.000e+00
     83.567     7.3601    33.7415    26.3776 2.3199e-01     0.1285      0.018    1479.86     13.312     1.2844 163.733536     0.8988     84.377  0.000e+00
     83.592     7.3599    33.7419    26.3779 2.3199e-01     0.1285      0.018    1479.86     13.234     1.2769 163.733536     0.8935     84.402  0.000e+00
     83.627     7.3596    33.7419    26.3780 2.4420e-01     0.1285      0.018    1479.86     13.218     1.2753 163.733537     0.8924     84.438  0.000e+00
     83.652     7.3599    33.7418    26.3778 2.3199e-01     0.1285      0.018    1479.86     13.138     1.2676 163.733537     0.8870     84.463  0.000e+00
     83.701     7.3599    33.7419    26.3779 2.3199e-01     0.1285      0.018    1479.86     13.059     1.2600 163.733538     0.8816     84.512  0.000e+00
     83.712     7.3598    33.7420    26.3780 2.3199e-01     0.1298      0.018    1479.86     13.042     1.2583 163.733538     0.8805     84.524  0.000e+00
     83.737     7.3598    33.7415    26.3776 2.3199e-01     0.1285      0.018    1479.86     12.962     1.2506 163.733539     0.8751     84.548  0.000e+00
     83.761     7.3595    33.7416    26.3778 2.3199e-01     0.1298      0.018    1479.86     12.882     1.2429 163.733539     0.8697     84.573  0.000e+00
     83.834     7.3596    33.7417    26.3778 2.3199e-01     0.1285      0.018    1479.86     12.802     1.2352 163.733540     0.8643     84.647  0.000e+00
     83.834     7.3596    33.7420    26.3780 2.3199e-01     0.1285      0.018    1479.86     12.715     1.2268 163.733540     0.8585     84.647  0.000e+00
     83.870     7.3596    33.7421    26.3781 2.3199e-01     0.1298      0.018    1479.86     12.684     1.2238 163.733541     0.8563     84.683  0.000e+00
     83.895     7.3596    33.7423    26.3782 2.3199e-01     0.1285      0.018    1479.86     12.668     1.2222 163.733541     0.8552     84.708  0.000e+00
     83.918     7.3596    33.7419    26.3779 2.3199e-01     0.1285      0.018    1479.86     12.590     1.2147 163.733542     0.8500     84.731  0.000e+00
     83.979     7.3595    33.7418    26.3779 2.3199e-01     0.1285      0.018    1479.86     12.512     1.2073 163.733542     0.8448     84.793  0.000e+00
     83.979     7.3595    33.7416    26.3778 2.3199e-01     0.1285      0.018    1479.86     12.498     1.2059 163.733543     0.8438     84.793  0.000e+00
     84.017     7.3595    33.7420    26.3780 2.3199e-01     0.1285      0.018    1479.86     12.422     1.1986 163.733543     0.8387     84.831  0.000e+00
     84.040     7.3595    33.7419    26.3780 2.3199e-01     0.1285      0.018    1479.86     12.348     1.1914 163.733544     0.8336     84.854  0.000e+00
     84.076     7.3591    33.7419    26.3780 2.4420e-01     0.1298      0.018    1479.86     12.266     1.1835 163.733544     0.8281     84.891  0.000e+00
     84.111     7.3595    33.7416    26.3778 2.3199e-01     0.1285      0.018    1479.86     12.248     1.1818 163.733545     0.8269     84.927  0.000e+00
     84.124     7.3596    33.7421    26.3781 2.3199e-01     0.1285      0.018    1479.87     12.177     1.1749 163.733545     0.8221     84.940  0.000e+00
     84.172     7.3601    33.7416    26.3776 2.3199e-01     0.1298      0.018    1479.87     12.099     1.1674 163.733546     0.8169     84.988  0.000e+00
     84.198     7.3599    33.7416    26.3777 2.3199e-01     0.1298      0.018    1479.87     12.085     1.1660 163.733546     0.8159     85.014  0.000e+00
     84.221     7.3596    33.7419    26.3780 2.3199e-01     0.1285      0.018    1479.87     12.011     1.1588 163.733546     0.8109     85.037  0.000e+00
     84.245     7.3595    33.7418    26.3779 2.3199e-01     0.1298      0.018    1479.87     11.937     1.1518 163.733547     0.8059     85.062  0.000e+00
     84.281     7.3595    33.7417    26.3778 2.3199e-01     0.1298      0.018    1479.87     11.920     1.1501 163.733547     0.8048     85.098  0.000e+00
     84.317     7.3591    33.7420    26.3781 2.3199e-01     0.1285      0.018    1479.87     11.850     1.1434 163.733548     0.8001     85.134  0.000e+00
     84.343     7.3591    33.7417    26.3779 2.3199e-01     0.1285      0.018    1479.87     11.774     1.1360 163.733548     0.7949     85.160  0.000e+00
     84.366     7.3590    33.7420    26.3781 2.4420e-01     0.1285      0.018    1479.87     11.700     1.1289 163.733549     0.7899     85.184  0.000e+00
     84.390     7.3593    33.7416    26.3778 2.3199e-01     0.1298      0.018    1479.87     11.690     1.1279 163.733549     0.7892     85.208  0.000e+00
     84.439     7.3598    33.7420    26.3780 2.3199e-01     0.1285      0.018    1479.87     11.620     1.1211 163.733550     0.7845     85.258  0.000e+00
     84.462     7.3602    33.7416    26.3776 2.3199e-01     0.1298      0.018    1479.87     11.614     1.1206 163.733550     0.7841     85.281  0.000e+00
     84.499     7.3599    33.7413    26.3774 2.3199e-01     0.1285      0.018    1479.87     11.548     1.1142 163.733551     0.7797     85.318  0.000e+00
     84.524     7.3595    33.7416    26.3777 2.3199e-01     0.1285      0.018    1479.87     11.484     1.1081 163.733551     0.7754     85.343  0.000e+00
     84.547     7.3595    33.7413    26.3775 2.3199e-01     0.1298      0.018    1479.87     11.477     1.1074 163.733552     0.7749     85.366  0.000e+00
     84.571     7.3588    33.7419    26.3780 2.3199e-01     0.1285      0.018    1479.87     11.418     1.1017 163.733552     0.7709     85.391  0.000e+00
     84.607     7.3588    33.7416    26.3779 2.3199e-01     0.1298      0.018    1479.87     11.353     1.0954 163.733553     0.7665     85.427  0.000e+00
     84.644     7.3585    33.7423    26.3784 2.3199e-01     0.1285      0.018    1479.87     11.345     1.0947 163.733553     0.7660     85.465  0.000e+00
     84.669     7.3587    33.7423    26.3784 2.3199e-01     0.1285      0.018    1479.87     11.222     1.0828 163.733554     0.7577     85.490  0.000e+00
     84.692     7.3588    33.7421    26.3783 2.3199e-01     0.1285      0.018    1479.87     11.212     1.0818 163.733554     0.7570     85.513  0.000e+00
     84.729     7.3588    33.7419    26.3780 2.3199e-01     0.1298      0.018    1479.87     11.203     1.0810 163.733555     0.7564     85.551  0.000e+00
     84.754     7.3584    33.7422    26.3784 2.3199e-01     0.1285      0.018    1479.87     11.150     1.0758 163.733555     0.7528     85.575  0.000e+00
     84.789     7.3584    33.7419    26.3782 2.3199e-01     0.1285      0.018    1479.87     11.092     1.0702 163.733556     0.7489     85.611  0.000e+00
     84.825     7.3582    33.7420    26.3783 2.3199e-01     0.1285      0.018    1479.87     11.091     1.0701 163.733556     0.7488     85.648  0.000e+00
     84.837     7.3577    33.7422    26.3784 2.3199e-01     0.1285      0.018    1479.87     11.038     1.0650 163.733557     0.7452     85.659  0.000e+00
     84.874     7.3577    33.7423    26.3786 2.3199e-01     0.1298      0.018    1479.87     10.979     1.0594 163.733557     0.7413     85.697  0.000e+00
     84.899     7.3576    33.7426    26.3788 2.3199e-01     0.1285      0.018    1479.87     10.986     1.0601 163.733558     0.7418     85.722  0.000e+00
     84.910     7.3576    33.7420    26.3783 2.3199e-01     0.1298      0.018    1479.87     10.934     1.0550 163.733558     0.7382     85.733  0.000e+00
     84.970     7.3576    33.7420    26.3784 2.3199e-01     0.1298      0.018    1479.87     10.938     1.0554 163.733559     0.7385     85.794  0.000e+00
     84.983     7.3577    33.7426    26.3788 2.3199e-01     0.1285      0.018    1479.87     10.890     1.0508 163.733559     0.7353     85.807  0.000e+00
     85.008     7.3582    33.7420    26.3783 2.3199e-01     0.1285      0.018    1479.87     10.900     1.0517 163.733560     0.7359     85.832  0.000e+00
     85.044     7.3582    33.7419    26.3782 2.3199e-01     0.1285      0.018    1479.88     10.849     1.0468 163.733560     0.7325     85.868  0.000e+00
     85.079     7.3574    33.7423    26.3786 2.3199e-01     0.1298      0.018    1479.87     10.801     1.0421 163.733560     0.7292     85.904  0.000e+00
     85.091     7.3569    33.7425    26.3788 2.3199e-01     0.1298      0.018    1479.87     10.810     1.0430 163.733561     0.7299     85.916  0.000e+00
     85.128     7.3566    33.7424    26.3788 2.3199e-01     0.1285      0.018    1479.87     10.821     1.0441 163.733561     0.7306     85.954  0.000e+00
     85.164     7.3561    33.7426    26.3790 2.3199e-01     0.1285      0.018    1479.87     10.780     1.0402 163.733562     0.7278     85.990  0.000e+00
     85.189     7.3559    33.7429    26.3793 2.3199e-01     0.1285      0.018    1479.87     10.733     1.0357 163.733562     0.7247     86.015  0.000e+00
     85.200     7.3554    33.7432    26.3796 2.3199e-01     0.1298      0.018    1479.87     10.681     1.0307 163.733563     0.7212     86.026  0.000e+00
     85.249     7.3556    33.7429    26.3793 2.3199e-01     0.1285      0.018    1479.87     10.686     1.0311 163.733563     0.7215     86.076  0.000e+00
     85.260     7.3553    33.7432    26.3796 2.3199e-01     0.1298      0.018    1479.87     10.693     1.0318 163.733564     0.7220     86.087  0.000e+00
     85.285     7.3553    33.7429    26.3794 2.3199e-01     0.1285      0.018    1479.87     10.647     1.0274 163.733564     0.7189     86.112  0.000e+00
     85.334     7.3551    33.7430    26.3795 2.3199e-01     0.1285      0.018    1479.87     10.666     1.0292 163.733565     0.7202     86.161  0.000e+00
     85.345     7.3550    33.7432    26.3796 2.3199e-01     0.1285      0.018    1479.87     10.624     1.0251 163.733565     0.7173     86.173  0.000e+00
     85.370     7.3547    33.7433    26.3797 2.3199e-01     0.1285      0.018    1479.87     10.639     1.0266 163.733566     0.7183     86.197  0.000e+00
     85.405     7.3547    33.7434    26.3798 2.3199e-01     0.1285      0.018    1479.87     10.601     1.0229 163.733566     0.7158     86.234  0.000e+00
     85.443     7.3545    33.7433    26.3798 2.3199e-01     0.1285      0.018    1479.87     10.619     1.0247 163.733567     0.7170     86.271  0.000e+00
     85.466     7.3544    33.7434    26.3798 2.3199e-01     0.1298      0.018    1479.87     10.639     1.0266 163.733567     0.7184     86.295  0.000e+00
     85.479     7.3543    33.7431    26.3797 2.3199e-01     0.1285      0.018    1479.87     10.598     1.0227 163.733568     0.7156     86.308  0.000e+00
     85.515     7.3542    33.7434    26.3799 2.3199e-01     0.1285      0.018    1479.87     10.559     1.0189 163.733568     0.7130     86.344  0.000e+00
     85.551     7.3540    33.7435    26.3800 2.3199e-01     0.1285      0.018    1479.87     10.576     1.0205 163.733569     0.7141     86.380  0.000e+00
     85.588     7.3542    33.7436    26.3801 2.4420e-01     0.1298      0.018    1479.87     10.594     1.0223 163.733569     0.7153     86.418  0.000e+00
     85.551     7.3540    33.7435    26.3800 2.3199e-01     0.1285      0.018    1479.87     10.621     1.0249 163.733570     0.7172     86.380  0.000e+00
     85.660     7.3540    33.7435    26.3800 2.3199e-01     0.1285      0.018    1479.87     10.587     1.0216 163.733570     0.7149     86.490  0.000e+00
     85.660     7.3537    33.7436    26.3802 2.3199e-01     0.1285      0.018    1479.87     10.608     1.0237 163.733571     0.7163     86.490  0.000e+00
     85.684     7.3539    33.7436    26.3801 2.3199e-01     0.1285      0.018    1479.87     10.576     1.0205 163.733571     0.7141     86.515  0.000e+00
     85.720     7.3540    33.7431    26.3797 2.3199e-01     0.1285      0.018    1479.87     10.599     1.0228 163.733572     0.7157     86.551  0.000e+00
     85.733     7.3537    33.7432    26.3798 2.3199e-01     0.1298      0.018    1479.87     10.623     1.0251 163.733572     0.7173     86.564  0.000e+00
     85.769     7.3539    33.7435    26.3800 2.3199e-01     0.1285      0.018    1479.87     10.647     1.0274 163.733573     0.7189     86.601  0.000e+00
     85.793     7.3540    33.7438    26.3802 2.3199e-01     0.1285      0.015    1479.87     10.617     1.0245 163.733573     0.7169     86.625  0.000e+00
     85.818     7.3540    33.7433    26.3799 2.3199e-01     0.1285      0.018    1479.87     10.580     1.0209 163.733573     0.7144     86.650  0.000e+00
     85.865     7.3540    33.7432    26.3798 2.3199e-01     0.1285      0.018    1479.87     10.605     1.0234 163.733574     0.7161     86.698  0.000e+00
     85.865     7.3540    33.7437    26.3801 2.4420e-01     0.1285      0.018    1479.88     10.631     1.0258 163.733574     0.7178     86.698  0.000e+00
     85.903     7.3542    33.7434    26.3799 2.4420e-01     0.1285      0.018    1479.88     10.594     1.0223 163.733575     0.7154     86.736  0.000e+00
     85.938     7.3543    33.7435    26.3799 2.3199e-01     0.1285      0.018    1479.88     10.621     1.0248 163.733575     0.7171     86.772  0.000e+00
     85.974     7.3545    33.7428    26.3794 2.3199e-01     0.1285      0.018    1479.88     10.647     1.0274 163.733576     0.7189     86.808  0.000e+00
     85.999     7.3542    33.7434    26.3799 2.3199e-01     0.1285      0.018    1479.88     10.610     1.0238 163.733576     0.7164     86.833  0.000e+00
     86.010     7.3540    33.7432    26.3798 2.4420e-01     0.1285      0.018    1479.88     10.636     1.0263 163.733577     0.7182     86.844  0.000e+00
     86.070     7.3540    33.7433    26.3798 2.3199e-01     0.1285      0.018    1479.88     10.654     1.0280 163.733577     0.7194     86.905  0.000e+00
     86.070     7.3540    33.7432    26.3797 2.3199e-01     0.1285      0.018    1479.88     10.678     1.0304 163.733578     0.7210     86.905  0.000e+00
     86.108     7.3537    33.7434    26.3799 2.3199e-01     0.1285      0.018    1479.88     10.647     1.0274 163.733578     0.7189     86.943  0.000e+00
     86.144     7.3537    33.7436    26.3801 2.3199e-01     0.1285      0.018    1479.88     10.671     1.0297 163.733579     0.7205     86.979  0.000e+00
     86.180     7.3539    33.7435    26.3800 2.3199e-01     0.1298      0.018    1479.88     10.693     1.0318 163.733579     0.7220     87.015  0.000e+00
     86.204     7.3535    33.7433    26.3799 2.3199e-01     0.1285      0.018    1479.88     10.660     1.0286 163.733580     0.7198     87.040  0.000e+00
     86.229     7.3537    33.7434    26.3800 2.3199e-01     0.1285      0.018    1479.88     10.680     1.0306 163.733580     0.7211     87.065  0.000e+00
     86.264     7.3535    33.7433    26.3799 2.3199e-01     0.1285      0.018    1479.88     10.699     1.0324 163.733581     0.7224     87.101  0.000e+00
     86.289     7.3535    33.7437    26.3802 2.3199e-01     0.1285      0.018    1479.88     10.725     1.0349 163.733581     0.7242     87.126  0.000e+00
     86.325     7.3534    33.7436    26.3802 2.3199e-01     0.1285      0.018    1479.88     10.686     1.0312 163.733582     0.7216     87.162  0.000e+00
     86.349     7.3535    33.7436    26.3802 2.3199e-01     0.1285      0.018    1479.88     10.709     1.0334 163.733582     0.7231     87.187  0.000e+00
     86.374     7.3535    33.7435    26.3801 2.3199e-01     0.1298      0.018    1479.88     10.730     1.0354 163.733583     0.7245     87.211  0.000e+00
     86.409     7.3536    33.7434    26.3800 2.3199e-01     0.1285      0.018    1479.88     10.695     1.0320 163.733583     0.7221     87.248  0.000e+00
