20190611/BO1_20190612_down.cnv
* Sea-Bird SBE 9 Data File:
* FileName = C:\CTD Brukere\NIVA\OKOKYST2019\20190611\BO1_20190612.hex
* Software Version Seasave V 7.23.2
* Temperature SN = 5352
* Conductivity SN = 3840
* Number of Bytes Per Scan = 28
* Number of Voltage Words = 4
* Number of Scans Averaged by the Deck Unit = 1
* NMEA baud rate = 4800
** Ship: R/V Trygve Braarud
** Cruise:
** Station:
** Operator:
# nquan = 14
# nvalues = 4345                                  
# units = specified
# name 0 = depSM: Depth [salt water, m], lat = 59.60
# name 1 = t090C: Temperature [ITS-90, deg C]
# name 2 = sal00: Salinity, Practical [PSU]
# name 3 = sigma-t00: Density [sigma-t, kg/m^3 ]
# name 4 = flSP: Fluorescence, Seapoint
# name 5 = wetStar: Fluorescence, WET Labs WETstar [mg/m^3]
# name 6 = seaTurbMtr: Turbidity, Seapoint [FTU]
# name 7 = svCM: Sound Velocity [Chen-Millero, m/s]
# name 8 = sbeox0PS: Oxygen, SBE 43 [% saturation]
# name 9 = sbeox0Mg/L: Oxygen, SBE 43 [mg/l]
# name 10 = timeJ: Julian Days
# name 11 = sbeox0ML/L: Oxygen, SBE 43 [ml/l]
# name 12 = prDM: Pressure, Digiquartz [db]
# name 13 = flag:  0.000e+00
# span 0 =      0.234,     50.797                 
# span 1 =     7.0631,    14.2148                 
# span 2 =    20.1591,    33.7055                 
# span 3 =    14.7166,    26.3904                 
# span 4 = 1.7094e-01, 4.1270e+00                 
# span 5 =     0.1285,     0.1322                 
# span 6 =      0.007,      0.018                 
# span 7 =    1478.09,    1488.02                 
# span 8 =     59.351,     79.252                 
# span 9 =     5.7662,     7.1622                 
# span 10 = 163.400266, 163.402361                
# span 11 =     4.0349,     5.0117                
# span 12 =      0.237,     51.285                
# span 13 = 0.0000e+00, 0.0000e+00                
# interval = seconds: 0.0416667
# start_time = Jun 12 2019 09:36:23 [System UpLoad Time]
# bad_flag = -9.990e-29
*END*
[from data line 2168]
     45.323     7.2940    33.2201    25.9766 1.8315e-01     0.1310      0.018    1478.32     62.534     6.0633 163.401312     4.2428     45.758  0.000e+00
     45.348     7.2927    33.2217    25.9780 1.8315e-01     0.1298      0.018    1478.32     62.537     6.0637 163.401312     4.2430     45.783  0.000e+00
     45.377     7.2916    33.2235    25.9796 1.7094e-01     0.1310      0.018    1478.31     62.480     6.0583 163.401313     4.2392     45.812  0.000e+00
     45.396     7.2905    33.2253    25.9812 1.7094e-01     0.1298      0.018    1478.31     62.480     6.0583 163.401313     4.2393     45.832  0.000e+00
     45.408     7.2895    33.2270    25.9826 1.8315e-01     0.1298      0.018    1478.31     62.481     6.0586 163.401314     4.2394     45.843  0.000e+00
     45.432     7.2884    33.2284    25.9839 1.8315e-01     0.1310      0.018    1478.31     62.416     6.0523 163.401314     4.2350     45.868  0.000e+00
     45.448     7.2889    33.2262    25.9821 1.9536e-01     0.1310      0.018    1478.31     62.468     6.0574 163.401315     4.2386     45.884  0.000e+00
     45.492     7.2900    33.2239    25.9801 1.8315e-01     0.1298      0.018    1478.31     62.407     6.0514 163.401315     4.2344     45.929  0.000e+00
     45.516     7.2911    33.2230    25.9793 1.8315e-01     0.1310      0.018    1478.31     62.402     6.0508 163.401316     4.2340     45.953  0.000e+00
     45.533     7.2913    33.2228    25.9791 1.8315e-01     0.1298      0.018    1478.32     62.399     6.0505 163.401316     4.2337     45.970  0.000e+00
     45.552     7.2916    33.2228    25.9791 1.8315e-01     0.1298      0.018    1478.32     62.398     6.0503 163.401317     4.2337     45.989  0.000e+00
     45.588     7.2910    33.2238    25.9799 1.8315e-01     0.1298      0.018    1478.32     62.399     6.0505 163.401317     4.2338     46.026  0.000e+00
     45.593     7.2894    33.2263    25.9821 1.8315e-01     0.1310      0.018    1478.31     62.395     6.0502 163.401318     4.2336     46.030  0.000e+00
     45.637     7.2886    33.2265    25.9824 1.8315e-01     0.1298      0.018    1478.31     62.401     6.0509 163.401318     4.2341     46.075  0.000e+00
     45.648     7.2901    33.2224    25.9790 1.7094e-01     0.1310      0.018    1478.31     62.401     6.0508 163.401318     4.2340     46.086  0.000e+00
     45.661     7.2928    33.2174    25.9746 1.8315e-01     0.1298      0.018    1478.32     62.340     6.0448 163.401319     4.2298     46.099  0.000e+00
     45.689     7.2959    33.2125    25.9703 1.8315e-01     0.1310      0.018    1478.32     62.336     6.0442 163.401319     4.2294     46.127  0.000e+00
     45.697     7.2982    33.2099    25.9680 1.8315e-01     0.1310      0.018    1478.33     62.335     6.0438 163.401320     4.2291     46.135  0.000e+00
     45.708     7.2998    33.2074    25.9658 1.8315e-01     0.1298      0.018    1478.33     62.335     6.0438 163.401320     4.2291     46.147  0.000e+00
     45.737     7.3013    33.2053    25.9639 1.8315e-01     0.1298      0.018    1478.34     62.338     6.0439 163.401321     4.2292     46.176  0.000e+00
     45.757     7.3019    33.2050    25.9636 1.7094e-01     0.1298      0.018    1478.34     62.281     6.0383 163.401321     4.2253     46.196  0.000e+00
     45.744     7.3023    33.2046    25.9633 1.8315e-01     0.1310      0.018    1478.34     62.274     6.0375 163.401322     4.2247     46.183  0.000e+00
     45.773     7.3027    33.2037    25.9625 1.8315e-01     0.1298      0.018    1478.34     62.268     6.0370 163.401322     4.2243     46.213  0.000e+00
     45.768     7.3033    33.2023    25.9613 1.8315e-01     0.1310      0.018    1478.34     62.265     6.0366 163.401323     4.2241     46.208  0.000e+00
     45.781     7.3039    33.2014    25.9605 1.8315e-01     0.1298      0.018    1478.34     62.263     6.0365 163.401323     4.2240     46.221  0.000e+00
     45.798     7.3043    33.2004    25.9597 1.8315e-01     0.1310      0.018    1478.34     62.265     6.0365 163.401324     4.2240     46.237  0.000e+00
     45.804     7.3038    33.2019    25.9609 1.8315e-01     0.1298      0.018    1478.34     62.268     6.0369 163.401324     4.2242     46.244  0.000e+00
     45.804     7.3033    33.2032    25.9620 1.7094e-01     0.1298      0.018    1478.34     62.211     6.0314 163.401325     4.2204     46.244  0.000e+00
     45.798     7.3024    33.2046    25.9632 1.8315e-01     0.1310      0.018    1478.34     62.204     6.0307 163.401325     4.2199     46.237  0.000e+00
     45.804     7.3020    33.2053    25.9638 1.8315e-01     0.1298      0.018    1478.34     62.206     6.0310 163.401326     4.2201     46.244  0.000e+00
     45.804     7.3017    33.2060    25.9644 1.7094e-01     0.1310      0.018    1478.34     62.203     6.0307 163.401326     4.2200     46.244  0.000e+00
     45.785     7.3075    33.1973    25.9568 1.7094e-01     0.1298      0.018    1478.35     62.210     6.0309 163.401327     4.2201     46.224  0.000e+00
     45.804     7.3216    33.1772    25.9390 1.7094e-01     0.1310      0.018    1478.38     62.211     6.0299 163.401327     4.2194     46.244  0.000e+00
     45.804     7.3294    33.1641    25.9277 1.7094e-01     0.1310      0.018    1478.39     62.215     6.0297 163.401328     4.2192     46.244  0.000e+00
     45.809     7.3370    33.1537    25.9184 1.8315e-01     0.1310      0.018    1478.41     62.221     6.0296 163.401328     4.2192     46.249  0.000e+00
     45.804     7.3433    33.1473    25.9125 1.7094e-01     0.1310      0.018    1478.43     62.221     6.0290 163.401329     4.2188     46.244  0.000e+00
     45.804     7.3442    33.1479    25.9128 1.8315e-01     0.1298      0.018    1478.43     62.169     6.0239 163.401329     4.2152     46.244  0.000e+00
     45.809     7.3415    33.1521    25.9165 1.7094e-01     0.1298      0.018    1478.43     62.167     6.0239 163.401330     4.2151     46.249  0.000e+00
     45.793     7.3383    33.1572    25.9210 1.8315e-01     0.1298      0.018    1478.42     62.167     6.0241 163.401330     4.2153     46.232  0.000e+00
     45.804     7.3348    33.1621    25.9253 1.8315e-01     0.1310      0.018    1478.41     62.169     6.0246 163.401331     4.2156     46.244  0.000e+00
     45.798     7.3321    33.1651    25.9281 1.7094e-01     0.1298      0.018    1478.41     62.173     6.0252 163.401331     4.2161     46.237  0.000e+00
     45.793     7.3301    33.1675    25.9302 1.7094e-01     0.1310      0.018    1478.40     62.179     6.0260 163.401332     4.2166     46.232  0.000e+00
     45.804     7.3294    33.1688    25.9313 1.7094e-01     0.1298      0.018    1478.40     62.180     6.0261 163.401332     4.2167     46.244  0.000e+00
     45.798     7.3282    33.1702    25.9326 1.7094e-01     0.1298      0.018    1478.40     62.182     6.0265 163.401332     4.2170     46.237  0.000e+00
     45.804     7.3273    33.1705    25.9330 1.8315e-01     0.1310      0.018    1478.39     62.187     6.0270 163.401333     4.2174     46.244  0.000e+00
     45.804     7.3275    33.1701    25.9326 1.8315e-01     0.1298      0.018    1478.39     62.131     6.0216 163.401333     4.2136     46.244  0.000e+00
     45.809     7.3276    33.1697    25.9323 1.8315e-01     0.1298      0.018    1478.39     62.132     6.0217 163.401334     4.2136     46.249  0.000e+00
     45.781     7.3292    33.1688    25.9314 1.8315e-01     0.1298      0.018    1478.40     62.135     6.0218 163.401334     4.2137     46.221  0.000e+00
     45.817     7.3290    33.1707    25.9329 1.7094e-01     0.1310      0.018    1478.40     62.140     6.0223 163.401335     4.2140     46.257  0.000e+00
     45.785     7.3210    33.1806    25.9418 1.7094e-01     0.1310      0.018    1478.38     62.148     6.0237 163.401335     4.2151     46.224  0.000e+00
     45.793     7.3114    33.1915    25.9517 1.8315e-01     0.1310      0.018    1478.36     62.158     6.0256 163.401336     4.2164     46.232  0.000e+00
     45.804     7.3098    33.1940    25.9539 1.8315e-01     0.1310      0.018    1478.36     62.163     6.0262 163.401336     4.2167     46.244  0.000e+00
     45.809     7.3137    33.1908    25.9508 1.8315e-01     0.1298      0.018    1478.37     62.168     6.0263 163.401337     4.2169     46.249  0.000e+00
     45.793     7.3159    33.1889    25.9490 1.8315e-01     0.1298      0.018    1478.37     62.176     6.0268 163.401337     4.2172     46.232  0.000e+00
     45.804     7.3164    33.1883    25.9485 1.8315e-01     0.1298      0.018    1478.37     62.178     6.0269 163.401338     4.2173     46.244  0.000e+00
     45.798     7.3189    33.1859    25.9463 1.9536e-01     0.1298      0.018    1478.38     62.189     6.0278 163.401338     4.2179     46.237  0.000e+00
     45.804     7.3241    33.1826    25.9429 1.9536e-01     0.1310      0.018    1478.40     62.194     6.0277 163.401339     4.2178     46.244  0.000e+00
     45.793     7.3210    33.1884    25.9479 1.9536e-01     0.1310      0.018    1478.39     62.139     6.0225 163.401339     4.2142     46.232  0.000e+00
     45.809     7.3191    33.1938    25.9525 1.8315e-01     0.1310      0.018    1478.39     62.140     6.0227 163.401340     4.2143     46.249  0.000e+00
     45.804     7.3151    33.2004    25.9582 1.8315e-01     0.1298      0.018    1478.38     62.144     6.0233 163.401340     4.2148     46.244  0.000e+00
     45.793     7.3126    33.2049    25.9621 1.8315e-01     0.1310      0.018    1478.38     62.149     6.0240 163.401341     4.2152     46.232  0.000e+00
     45.798     7.3149    33.2042    25.9612 1.8315e-01     0.1298      0.018    1478.39     62.155     6.0243 163.401341     4.2155     46.237  0.000e+00
     45.817     7.3174    33.2027    25.9596 1.8315e-01     0.1298      0.018    1478.40     62.164     6.0249 163.401342     4.2159     46.257  0.000e+00
     45.793     7.3148    33.2063    25.9629 1.8315e-01     0.1310      0.018    1478.39     62.175     6.0261 163.401342     4.2167     46.232  0.000e+00
     45.809     7.3070    33.2149    25.9707 1.8315e-01     0.1310      0.018    1478.37     62.180     6.0274 163.401343     4.2176     46.249  0.000e+00
     45.804     7.3005    33.2221    25.9772 1.7094e-01     0.1298      0.018    1478.35     62.186     6.0286 163.401343     4.2185     46.244  0.000e+00
     45.793     7.2932    33.2299    25.9844 1.8315e-01     0.1298      0.018    1478.34     62.195     6.0301 163.401344     4.2195     46.232  0.000e+00
     45.798     7.2854    33.2384    25.9922 1.8315e-01     0.1310      0.018    1478.32     62.204     6.0318 163.401344     4.2207     46.237  0.000e+00
     45.804     7.2801    33.2447    25.9979 1.8315e-01     0.1298      0.018    1478.30     62.154     6.0274 163.401345     4.2176     46.244  0.000e+00
     45.804     7.2755    33.2497    26.0025 1.8315e-01     0.1298      0.018    1478.29     62.152     6.0276 163.401345     4.2178     46.244  0.000e+00
     45.785     7.2741    33.2509    26.0036 1.8315e-01     0.1298      0.018    1478.29     62.151     6.0277 163.401345     4.2178     46.224  0.000e+00
     45.804     7.2738    33.2503    26.0031 1.8315e-01     0.1310      0.018    1478.29     62.151     6.0278 163.401346     4.2179     46.244  0.000e+00
     45.804     7.2741    33.2495    26.0025 1.8315e-01     0.1310      0.018    1478.29     62.154     6.0280 163.401346     4.2180     46.244  0.000e+00
     45.798     7.2748    33.2480    26.0012 1.8315e-01     0.1298      0.018    1478.29     62.157     6.0283 163.401347     4.2183     46.237  0.000e+00
     45.793     7.2761    33.2463    25.9997 1.8315e-01     0.1310      0.018    1478.29     62.162     6.0287 163.401347     4.2185     46.232  0.000e+00
     45.793     7.2770    33.2447    25.9983 1.8315e-01     0.1298      0.018    1478.29     62.169     6.0293 163.401348     4.2189     46.232  0.000e+00
     45.793     7.2775    33.2444    25.9980 1.8315e-01     0.1310      0.018    1478.29     62.170     6.0293 163.401348     4.2189     46.232  0.000e+00
     45.798     7.2781    33.2441    25.9977 1.8315e-01     0.1310      0.018    1478.30     62.172     6.0294 163.401349     4.2190     46.237  0.000e+00
     45.781     7.2786    33.2437    25.9973 1.8315e-01     0.1298      0.018    1478.30     62.175     6.0296 163.401349     4.2192     46.221  0.000e+00
     45.793     7.2781    33.2438    25.9974 1.8315e-01     0.1298      0.018    1478.29     62.179     6.0302 163.401350     4.2195     46.232  0.000e+00
     45.785     7.2774    33.2443    25.9979 1.8315e-01     0.1298      0.018    1478.29     62.185     6.0308 163.401350     4.2200     46.224  0.000e+00
     45.781     7.2778    33.2436    25.9973 1.8315e-01     0.1298      0.018    1478.29     62.129     6.0254 163.401351     4.2162     46.221  0.000e+00
     45.768     7.2806    33.2403    25.9944 1.8315e-01     0.1298      0.018    1478.30     62.130     6.0252 163.401351     4.2161     46.208  0.000e+00
     45.785     7.2846    33.2356    25.9901 1.8315e-01     0.1298      0.018    1478.31     62.194     6.0311 163.401352     4.2202     46.224  0.000e+00
     45.781     7.2895    33.2302    25.9851 1.8315e-01     0.1298      0.018    1478.32     62.143     6.0256 163.401352     4.2164     46.221  0.000e+00
     45.768     7.2887    33.2299    25.9851 1.8315e-01     0.1298      0.018    1478.32     62.141     6.0255 163.401353     4.2163     46.208  0.000e+00
     45.773     7.2874    33.2317    25.9866 1.8315e-01     0.1298      0.018    1478.32     62.140     6.0255 163.401353     4.2163     46.213  0.000e+00
     45.768     7.2868    33.2324    25.9873 1.8315e-01     0.1298      0.018    1478.31     62.140     6.0256 163.401354     4.2163     46.208  0.000e+00
     45.768     7.2850    33.2332    25.9881 1.8315e-01     0.1298      0.018    1478.31     62.141     6.0259 163.401354     4.2166     46.208  0.000e+00
     45.762     7.2862    33.2318    25.9869 1.8315e-01     0.1298      0.018    1478.31     62.143     6.0260 163.401355     4.2167     46.201  0.000e+00
     45.768     7.2891    33.2283    25.9837 1.8315e-01     0.1310      0.018    1478.32     62.147     6.0261 163.401355     4.2167     46.208  0.000e+00
     45.744     7.2905    33.2259    25.9816 1.8315e-01     0.1298      0.018    1478.32     62.152     6.0265 163.401356     4.2170     46.183  0.000e+00
     45.762     7.2913    33.2244    25.9804 1.8315e-01     0.1298      0.018    1478.32     62.158     6.0271 163.401356     4.2174     46.201  0.000e+00
     45.757     7.2920    33.2228    25.9790 1.8315e-01     0.1310      0.018    1478.32     62.165     6.0277 163.401357     4.2179     46.196  0.000e+00
     45.744     7.2930    33.2215    25.9779 1.8315e-01     0.1310      0.018    1478.32     62.166     6.0277 163.401357     4.2178     46.183  0.000e+00
     45.749     7.2938    33.2198    25.9764 1.8315e-01     0.1310      0.018    1478.32     62.106     6.0218 163.401358     4.2137     46.188  0.000e+00
     45.733     7.2942    33.2196    25.9762 1.8315e-01     0.1310      0.018    1478.33     62.163     6.0274 163.401358     4.2176     46.172  0.000e+00
     45.733     7.2948    33.2190    25.9756 1.8315e-01     0.1310      0.018    1478.33     62.105     6.0217 163.401359     4.2136     46.172  0.000e+00
     45.724     7.2946    33.2187    25.9754 1.7094e-01     0.1298      0.018    1478.33     62.103     6.0215 163.401359     4.2135     46.163  0.000e+00
     45.733     7.2946    33.2179    25.9748 1.8315e-01     0.1298      0.018    1478.33     62.102     6.0215 163.401359     4.2135     46.172  0.000e+00
     45.721     7.2946    33.2177    25.9747 1.8315e-01     0.1298      0.018    1478.33     62.103     6.0215 163.401360     4.2135     46.160  0.000e+00
     45.713     7.2945    33.2174    25.9744 1.8315e-01     0.1310      0.018    1478.32     62.104     6.0217 163.401360     4.2136     46.152  0.000e+00
