20190611/BO1_20190612_down.cnv
* Sea-Bird SBE 9 Data File:
* FileName = C:\CTD Brukere\NIVA\OKOKYST2019\20190611\BO1_20190612.hex
* Software Version Seasave V 7.23.2
* Temperature SN = 5352
* Conductivity SN = 3840
* Number of Bytes Per Scan = 28
* Number of Voltage Words = 4
* Number of Scans Averaged by the Deck Unit = 1
* NMEA baud rate = 4800
** Ship: R/V Trygve Braarud
** Cruise:
** Station:
** Operator:
# nquan = 14
# nvalues = 4345                                  
# units = specified
# name 0 = depSM: Depth [salt water, m], lat = 59.60
# name 1 = t090C: Temperature [ITS-90, deg C]
# name 2 = sal00: Salinity, Practical [PSU]
# name 3 = sigma-t00: Density [sigma-t, kg/m^3 ]
# name 4 = flSP: Fluorescence, Seapoint
# name 5 = wetStar: Fluorescence, WET Labs WETstar [mg/m^3]
# name 6 = seaTurbMtr: Turbidity, Seapoint [FTU]
# name 7 = svCM: Sound Velocity [Chen-Millero, m/s]
# name 8 = sbeox0PS: Oxygen, SBE 43 [% saturation]
# name 9 = sbeox0Mg/L: Oxygen, SBE 43 [mg/l]
# name 10 = timeJ: Julian Days
# name 11 = sbeox0ML/L: Oxygen, SBE 43 [ml/l]
# name 12 = prDM: Pressure, Digiquartz [db]
# name 13 = flag:  0.000e+00
# span 0 =      0.234,     50.797                 
# span 1 =     7.0631,    14.2148                 
# span 2 =    20.1591,    33.7055                 
# span 3 =    14.7166,    26.3904                 
# span 4 = 1.7094e-01, 4.1270e+00                 
# span 5 =     0.1285,     0.1322                 
# span 6 =      0.007,      0.018                 
# span 7 =    1478.09,    1488.02                 
# span 8 =     59.351,     79.252                 
# span 9 =     5.7662,     7.1622                 
# span 10 = 163.400266, 163.402361                
# span 11 =     4.0349,     5.0117                
# span 12 =      0.237,     51.285                
# span 13 = 0.0000e+00, 0.0000e+00                
# interval = seconds: 0.0416667
# start_time = Jun 12 2019 09:36:23 [System UpLoad Time]
# bad_flag = -9.990e-29
*END*
[from data line 4026]
     48.956     7.1023    33.5979    26.3004 1.9536e-01     0.1298      0.018    1478.11     59.843     5.8135 163.402208     4.0679     49.426  0.000e+00
     48.957     7.1009    33.6004    26.3025 1.9536e-01     0.1285      0.018    1478.11     59.837     5.8130 163.402208     4.0676     49.428  0.000e+00
     48.920     7.1024    33.5947    26.2978 1.9536e-01     0.1298      0.018    1478.11     59.838     5.8131 163.402209     4.0677     49.390  0.000e+00
     48.982     7.1049    33.5866    26.2911 1.8315e-01     0.1298      0.018    1478.11     59.895     5.8186 163.402209     4.0715     49.452  0.000e+00
     48.957     7.1072    33.5781    26.2841 1.8315e-01     0.1285      0.018    1478.10     59.895     5.8187 163.402210     4.0716     49.428  0.000e+00
     48.967     7.1091    33.5726    26.2795 1.8315e-01     0.1285      0.018    1478.10     59.842     5.8134 163.402210     4.0679     49.438  0.000e+00
     48.970     7.1104    33.5696    26.2770 1.8315e-01     0.1298      0.018    1478.11     59.836     5.8128 163.402211     4.0674     49.441  0.000e+00
     48.957     7.1105    33.5671    26.2750 1.8315e-01     0.1298      0.018    1478.10     59.829     5.8122 163.402211     4.0670     49.428  0.000e+00
     48.967     7.1119    33.5610    26.2700 1.8315e-01     0.1285      0.018    1478.10     59.885     5.8177 163.402212     4.0709     49.438  0.000e+00
     48.957     7.1142    33.5532    26.2635 1.8315e-01     0.1298      0.018    1478.10     59.832     5.8125 163.402212     4.0672     49.428  0.000e+00
     48.982     7.1165    33.5465    26.2579 1.7094e-01     0.1285      0.018    1478.10     59.833     5.8126 163.402213     4.0673     49.452  0.000e+00
     48.967     7.1187    33.5395    26.2522 1.7094e-01     0.1298      0.018    1478.10     59.835     5.8127 163.402213     4.0674     49.438  0.000e+00
     48.982     7.1202    33.5339    26.2475 1.7094e-01     0.1285      0.018    1478.10     59.899     5.8190 163.402214     4.0718     49.452  0.000e+00
     48.982     7.1223    33.5297    26.2439 1.8315e-01     0.1298      0.018    1478.10     59.909     5.8198 163.402214     4.0723     49.452  0.000e+00
     48.980     7.1241    33.5284    26.2426 1.8315e-01     0.1298      0.018    1478.11     59.856     5.8145 163.402215     4.0686     49.451  0.000e+00
     48.982     7.1242    33.5299    26.2438 1.7094e-01     0.1298      0.018    1478.11     59.859     5.8147 163.402215     4.0688     49.452  0.000e+00
     48.993     7.1241    33.5299    26.2438 1.8315e-01     0.1285      0.018    1478.11     59.854     5.8142 163.402215     4.0684     49.464  0.000e+00
     48.992     7.1253    33.5259    26.2405 1.7094e-01     0.1285      0.018    1478.11     59.911     5.8197 163.402216     4.0723     49.462  0.000e+00
     48.993     7.1273    33.5202    26.2357 1.8315e-01     0.1298      0.018    1478.11     59.921     5.8206 163.402216     4.0729     49.464  0.000e+00
     49.006     7.1285    33.5185    26.2343 1.7094e-01     0.1285      0.018    1478.11     59.931     5.8215 163.402217     4.0736     49.477  0.000e+00
     49.003     7.1280    33.5207    26.2360 1.7094e-01     0.1285      0.018    1478.11     59.941     5.8225 163.402217     4.0742     49.474  0.000e+00
     48.993     7.1274    33.5235    26.2383 1.7094e-01     0.1298      0.018    1478.11     59.881     5.8166 163.402218     4.0701     49.464  0.000e+00
     49.016     7.1236    33.5357    26.2484 1.8315e-01     0.1298      0.018    1478.12     59.938     5.8222 163.402218     4.0741     49.487  0.000e+00
     49.018     7.1158    33.5567    26.2661 1.8315e-01     0.1298      0.018    1478.11     59.948     5.8235 163.402219     4.0749     49.488  0.000e+00
     49.006     7.1100    33.5751    26.2813 1.8315e-01     0.1298      0.018    1478.11     59.958     5.8245 163.402219     4.0757     49.477  0.000e+00
     49.027     7.1054    33.5876    26.2918 1.7094e-01     0.1285      0.018    1478.11     59.969     5.8257 163.402220     4.0765     49.498  0.000e+00
     49.031     7.1023    33.5939    26.2972 1.7094e-01     0.1285      0.018    1478.11     59.971     5.8260 163.402220     4.0767     49.502  0.000e+00
     49.031     7.0999    33.5993    26.3018 1.7094e-01     0.1298      0.018    1478.10     59.918     5.8211 163.402221     4.0732     49.502  0.000e+00
     49.040     7.0981    33.6039    26.3056 1.8315e-01     0.1298      0.018    1478.10     59.983     5.8274 163.402221     4.0777     49.511  0.000e+00
     49.042     7.0964    33.6098    26.3105 1.8315e-01     0.1298      0.018    1478.10     59.985     5.8276 163.402222     4.0778     49.513  0.000e+00
     49.042     7.0944    33.6154    26.3152 1.8315e-01     0.1298      0.018    1478.10     59.987     5.8278 163.402222     4.0780     49.513  0.000e+00
     49.052     7.0942    33.6178    26.3171 1.7094e-01     0.1298      0.018    1478.10     59.988     5.8279 163.402223     4.0780     49.523  0.000e+00
     49.053     7.0949    33.6167    26.3162 1.7094e-01     0.1298      0.018    1478.11     59.989     5.8279 163.402223     4.0780     49.525  0.000e+00
     49.066     7.0966    33.6118    26.3121 1.8315e-01     0.1285      0.018    1478.11     59.990     5.8279 163.402224     4.0780     49.538  0.000e+00
     49.063     7.0981    33.6057    26.3070 1.7094e-01     0.1285      0.018    1478.11     59.990     5.8280 163.402224     4.0781     49.534  0.000e+00
     49.066     7.1002    33.5986    26.3012 1.7094e-01     0.1298      0.018    1478.10     59.990     5.8280 163.402225     4.0781     49.538  0.000e+00
     49.078     7.1005    33.5984    26.3010 1.7094e-01     0.1298      0.018    1478.11     59.989     5.8279 163.402225     4.0780     49.549  0.000e+00
     49.076     7.0989    33.6039    26.3056 1.7094e-01     0.1285      0.018    1478.11     59.989     5.8279 163.402226     4.0780     49.548  0.000e+00
     49.078     7.0981    33.6069    26.3080 1.7094e-01     0.1298      0.018    1478.11     59.988     5.8278 163.402226     4.0779     49.549  0.000e+00
     49.113     7.0981    33.6046    26.3062 1.7094e-01     0.1285      0.018    1478.10     59.995     5.8285 163.402227     4.0785     49.585  0.000e+00
     49.076     7.1013    33.5949    26.2981 1.7094e-01     0.1298      0.018    1478.10     59.993     5.8283 163.402227     4.0783     49.548  0.000e+00
     49.102     7.1047    33.5881    26.2923 1.7094e-01     0.1285      0.018    1478.11     59.991     5.8279 163.402228     4.0780     49.574  0.000e+00
     49.113     7.1040    33.5936    26.2968 1.7094e-01     0.1298      0.018    1478.11     59.990     5.8276 163.402228     4.0778     49.585  0.000e+00
     49.112     7.1010    33.6042    26.3055 1.7094e-01     0.1285      0.018    1478.12     59.996     5.8282 163.402228     4.0782     49.584  0.000e+00
     49.113     7.0978    33.6131    26.3129 1.7094e-01     0.1285      0.018    1478.11     60.001     5.8289 163.402229     4.0787     49.585  0.000e+00
     49.113     7.0959    33.6172    26.3164 1.7094e-01     0.1298      0.018    1478.11     59.999     5.8288 163.402229     4.0786     49.585  0.000e+00
     49.136     7.0949    33.6195    26.3183 1.7094e-01     0.1285      0.018    1478.11     59.997     5.8286 163.402230     4.0785     49.608  0.000e+00
     49.126     7.0940    33.6212    26.3198 1.7094e-01     0.1285      0.018    1478.11     59.994     5.8284 163.402230     4.0784     49.598  0.000e+00
     49.138     7.0927    33.6226    26.3211 1.8315e-01     0.1298      0.018    1478.11     59.991     5.8282 163.402231     4.0782     49.610  0.000e+00
     49.136     7.0924    33.6229    26.3214 1.8315e-01     0.1298      0.018    1478.11     59.988     5.8279 163.402231     4.0780     49.608  0.000e+00
     49.138     7.0919    33.6236    26.3220 1.8315e-01     0.1298      0.018    1478.10     59.984     5.8276 163.402232     4.0778     49.610  0.000e+00
     49.151     7.0918    33.6239    26.3223 1.8315e-01     0.1298      0.018    1478.11     59.980     5.8272 163.402232     4.0775     49.623  0.000e+00
     49.148     7.0922    33.6227    26.3213 1.7094e-01     0.1298      0.018    1478.11     59.984     5.8275 163.402233     4.0778     49.620  0.000e+00
     49.151     7.0919    33.6229    26.3215 1.7094e-01     0.1298      0.018    1478.10     59.987     5.8279 163.402233     4.0780     49.623  0.000e+00
     49.162     7.0919    33.6238    26.3222 1.7094e-01     0.1298      0.018    1478.11     59.983     5.8274 163.402234     4.0777     49.634  0.000e+00
     49.172     7.0919    33.6246    26.3228 1.8315e-01     0.1285      0.018    1478.11     59.978     5.8270 163.402234     4.0774     49.644  0.000e+00
     49.162     7.0917    33.6252    26.3233 1.8315e-01     0.1285      0.018    1478.11     59.973     5.8265 163.402235     4.0770     49.634  0.000e+00
     49.174     7.0918    33.6242    26.3225 1.8315e-01     0.1285      0.018    1478.11     59.976     5.8268 163.402235     4.0772     49.646  0.000e+00
     49.161     7.0923    33.6233    26.3217 1.8315e-01     0.1285      0.018    1478.11     59.970     5.8262 163.402236     4.0768     49.633  0.000e+00
     49.187     7.0919    33.6242    26.3224 1.8315e-01     0.1285      0.018    1478.11     59.965     5.8257 163.402236     4.0765     49.659  0.000e+00
     49.174     7.0916    33.6251    26.3232 1.8315e-01     0.1298      0.018    1478.11     59.959     5.8251 163.402237     4.0761     49.646  0.000e+00
     49.183     7.0914    33.6255    26.3236 1.8315e-01     0.1285      0.018    1478.11     59.960     5.8253 163.402237     4.0762     49.656  0.000e+00
     49.187     7.0912    33.6260    26.3240 1.8315e-01     0.1285      0.018    1478.11     59.962     5.8254 163.402238     4.0763     49.659  0.000e+00
     49.187     7.0913    33.6255    26.3236 1.8315e-01     0.1285      0.018    1478.11     59.956     5.8248 163.402238     4.0759     49.659  0.000e+00
     49.196     7.0912    33.6257    26.3237 1.8315e-01     0.1285      0.018    1478.11     59.887     5.8182 163.402239     4.0712     49.669  0.000e+00
     49.187     7.0913    33.6262    26.3241 1.8315e-01     0.1285      0.018    1478.11     59.873     5.8168 163.402239     4.0702     49.659  0.000e+00
     49.198     7.0911    33.6266    26.3245 1.8315e-01     0.1298      0.018    1478.11     59.867     5.8162 163.402240     4.0698     49.671  0.000e+00
     49.183     7.0911    33.6258    26.3238 1.7094e-01     0.1285      0.018    1478.11     59.861     5.8156 163.402240     4.0694     49.656  0.000e+00
     49.211     7.0911    33.6261    26.3241 1.7094e-01     0.1285      0.018    1478.11     59.917     5.8211 163.402241     4.0733     49.684  0.000e+00
     49.198     7.0908    33.6268    26.3247 1.8315e-01     0.1285      0.015    1478.11     59.919     5.8213 163.402241     4.0734     49.671  0.000e+00
     49.196     7.0907    33.6280    26.3256 1.7094e-01     0.1285      0.018    1478.11     59.851     5.8146 163.402242     4.0687     49.669  0.000e+00
     49.198     7.0903    33.6282    26.3258 1.7094e-01     0.1298      0.018    1478.11     59.845     5.8141 163.402242     4.0684     49.671  0.000e+00
     49.211     7.0907    33.6269    26.3247 1.7094e-01     0.1285      0.018    1478.11     59.902     5.8197 163.402242     4.0723     49.684  0.000e+00
     49.208     7.0906    33.6272    26.3250 1.7094e-01     0.1285      0.018    1478.11     59.842     5.8138 163.402243     4.0682     49.680  0.000e+00
     49.198     7.0910    33.6268    26.3246 1.8315e-01     0.1285      0.018    1478.11     59.837     5.8133 163.402243     4.0678     49.671  0.000e+00
     49.211     7.0908    33.6266    26.3245 1.8315e-01     0.1298      0.018    1478.11     59.833     5.8129 163.402244     4.0675     49.684  0.000e+00
     49.208     7.0908    33.6265    26.3244 1.9536e-01     0.1298      0.018    1478.11     59.820     5.8117 163.402244     4.0667     49.680  0.000e+00
     49.211     7.0912    33.6256    26.3237 2.0757e-01     0.1298      0.018    1478.11     59.816     5.8112 163.402245     4.0664     49.684  0.000e+00
     49.211     7.0911    33.6260    26.3240 2.0757e-01     0.1285      0.018    1478.11     59.812     5.8108 163.402245     4.0661     49.684  0.000e+00
     49.208     7.0911    33.6263    26.3243 1.9536e-01     0.1285      0.018    1478.11     59.808     5.8105 163.402246     4.0658     49.680  0.000e+00
     49.211     7.0910    33.6266    26.3245 1.8315e-01     0.1298      0.018    1478.11     59.805     5.8101 163.402246     4.0656     49.684  0.000e+00
     49.211     7.0911    33.6268    26.3246 1.8315e-01     0.1285      0.018    1478.11     59.801     5.8098 163.402247     4.0654     49.684  0.000e+00
     49.208     7.0911    33.6261    26.3241 1.8315e-01     0.1285      0.018    1478.11     59.798     5.8096 163.402247     4.0652     49.680  0.000e+00
     49.222     7.0912    33.6258    26.3238 1.8315e-01     0.1298      0.018    1478.11     59.796     5.8093 163.402248     4.0650     49.695  0.000e+00
     49.211     7.0908    33.6264    26.3243 1.8315e-01     0.1298      0.018    1478.11     59.794     5.8091 163.402248     4.0649     49.684  0.000e+00
     49.208     7.0912    33.6261    26.3241 1.8315e-01     0.1298      0.018    1478.11     59.792     5.8089 163.402249     4.0647     49.680  0.000e+00
     49.211     7.0911    33.6259    26.3240 1.7094e-01     0.1285      0.018    1478.11     59.790     5.8088 163.402249     4.0646     49.684  0.000e+00
     49.211     7.0914    33.6254    26.3235 1.8315e-01     0.1298      0.018    1478.11     59.789     5.8086 163.402250     4.0645     49.684  0.000e+00
     49.208     7.0913    33.6257    26.3237 1.9536e-01     0.1298      0.018    1478.11     59.788     5.8085 163.402250     4.0645     49.680  0.000e+00
     49.211     7.0916    33.6249    26.3231 1.9536e-01     0.1298      0.018    1478.11     59.787     5.8085 163.402251     4.0644     49.684  0.000e+00
     49.211     7.0914    33.6251    26.3233 1.8315e-01     0.1285      0.018    1478.11     59.787     5.8085 163.402251     4.0644     49.684  0.000e+00
     49.221     7.0917    33.6246    26.3228 1.8315e-01     0.1285      0.018    1478.11     59.787     5.8084 163.402252     4.0644     49.694  0.000e+00
     49.211     7.0914    33.6248    26.3231 1.9536e-01     0.1298      0.018    1478.11     59.787     5.8085 163.402252     4.0644     49.684  0.000e+00
     49.211     7.0916    33.6250    26.3231 1.9536e-01     0.1298      0.018    1478.11     59.788     5.8085 163.402253     4.0645     49.684  0.000e+00
     49.221     7.0913    33.6251    26.3232 1.9536e-01     0.1298      0.018    1478.11     59.789     5.8087 163.402253     4.0646     49.694  0.000e+00
     49.222     7.0917    33.6245    26.3228 1.9536e-01     0.1285      0.018    1478.11     59.790     5.8087 163.402254     4.0646     49.695  0.000e+00
     49.211     7.0918    33.6248    26.3229 1.9536e-01     0.1285      0.018    1478.11     59.792     5.8089 163.402254     4.0647     49.684  0.000e+00
     49.221     7.0919    33.6248    26.3230 1.9536e-01     0.1298      0.018    1478.11     59.794     5.8090 163.402255     4.0648     49.694  0.000e+00
     49.211     7.0918    33.6249    26.3230 1.9536e-01     0.1298      0.018    1478.11     59.796     5.8093 163.402255     4.0650     49.684  0.000e+00
     49.234     7.0916    33.6251    26.3232 1.9536e-01     0.1298      0.018    1478.11     59.799     5.8095 163.402255     4.0652     49.707  0.000e+00
     49.245     7.0914    33.6257    26.3238 1.9536e-01     0.1285      0.018    1478.11     59.802     5.8098 163.402256     4.0654     49.718  0.000e+00
     49.234     7.0913    33.6255    26.3236 1.9536e-01     0.1285      0.018    1478.11     59.805     5.8102 163.402256     4.0656     49.707  0.000e+00
     49.258     7.0914    33.6257    26.3238 1.9536e-01     0.1285      0.018    1478.11     59.808     5.8105 163.402257     4.0658     49.731  0.000e+00
