20190611/BO1_20190612_down.cnv
* Sea-Bird SBE 9 Data File:
* FileName = C:\CTD Brukere\NIVA\OKOKYST2019\20190611\BO1_20190612.hex
* Software Version Seasave V 7.23.2
* Temperature SN = 5352
* Conductivity SN = 3840
* Number of Bytes Per Scan = 28
* Number of Voltage Words = 4
* Number of Scans Averaged by the Deck Unit = 1
* NMEA baud rate = 4800
** Ship: R/V Trygve Braarud
** Cruise:
** Station:
** Operator:
# nquan = 14
# nvalues = 4345                                  
# units = specified
# name 0 = depSM: Depth [salt water, m], lat = 59.60
# name 1 = t090C: Temperature [ITS-90, deg C]
# name 2 = sal00: Salinity, Practical [PSU]
# name 3 = sigma-t00: Density [sigma-t, kg/m^3 ]
# name 4 = flSP: Fluorescence, Seapoint
# name 5 = wetStar: Fluorescence, WET Labs WETstar [mg/m^3]
# name 6 = seaTurbMtr: Turbidity, Seapoint [FTU]
# name 7 = svCM: Sound Velocity [Chen-Millero, m/s]
# name 8 = sbeox0PS: Oxygen, SBE 43 [% saturation]
# name 9 = sbeox0Mg/L: Oxygen, SBE 43 [mg/l]
# name 10 = timeJ: Julian Days
# name 11 = sbeox0ML/L: Oxygen, SBE 43 [ml/l]
# name 12 = prDM: Pressure, Digiquartz [db]
# name 13 = flag:  0.000e+00
# span 0 =      0.234,     50.797                 
# span 1 =     7.0631,    14.2148                 
# span 2 =    20.1591,    33.7055                 
# span 3 =    14.7166,    26.3904                 
# span 4 = 1.7094e-01, 4.1270e+00                 
# span 5 =     0.1285,     0.1322                 
# span 6 =      0.007,      0.018                 
# span 7 =    1478.09,    1488.02                 
# span 8 =     59.351,     79.252                 
# span 9 =     5.7662,     7.1622                 
# span 10 = 163.400266, 163.402361                
# span 11 =     4.0349,     5.0117                
# span 12 =      0.237,     51.285                
# span 13 = 0.0000e+00, 0.0000e+00                
# interval = seconds: 0.0416667
# start_time = Jun 12 2019 09:36:23 [System UpLoad Time]
# bad_flag = -9.990e-29
*END*
[from data line 3097]
     48.377     7.1821    33.4083    26.1401 2.0757e-01     0.1298      0.018    1478.17     60.852     5.9081 163.401760     4.1341     48.842  0.000e+00
     48.405     7.1817    33.4090    26.1407 2.1978e-01     0.1298      0.018    1478.17     60.847     5.9076 163.401760     4.1338     48.870  0.000e+00
     48.390     7.1810    33.4105    26.1420 2.0757e-01     0.1298      0.018    1478.17     60.841     5.9071 163.401761     4.1334     48.855  0.000e+00
     48.392     7.1795    33.4137    26.1447 2.0757e-01     0.1298      0.018    1478.17     60.897     5.9126 163.401761     4.1373     48.857  0.000e+00
     48.390     7.1781    33.4166    26.1472 2.0757e-01     0.1298      0.018    1478.17     60.835     5.9066 163.401762     4.1331     48.855  0.000e+00
     48.416     7.1770    33.4184    26.1488 1.9536e-01     0.1298      0.018    1478.17     60.889     5.9120 163.401762     4.1368     48.881  0.000e+00
     48.392     7.1762    33.4194    26.1497 1.9536e-01     0.1298      0.018    1478.16     60.825     5.9058 163.401763     4.1326     48.857  0.000e+00
     48.402     7.1757    33.4201    26.1503 1.9536e-01     0.1298      0.018    1478.16     60.816     5.9049 163.401763     4.1319     48.867  0.000e+00
     48.416     7.1755    33.4201    26.1503 1.8315e-01     0.1298      0.018    1478.16     60.868     5.9100 163.401764     4.1355     48.881  0.000e+00
     48.390     7.1753    33.4200    26.1503 1.8315e-01     0.1285      0.018    1478.16     60.802     5.9036 163.401764     4.1310     48.855  0.000e+00
     48.416     7.1753    33.4201    26.1504 1.8315e-01     0.1298      0.018    1478.16     60.790     5.9025 163.401765     4.1302     48.881  0.000e+00
     48.416     7.1751    33.4210    26.1511 1.7094e-01     0.1285      0.018    1478.16     60.785     5.9020 163.401765     4.1299     48.881  0.000e+00
     48.415     7.1746    33.4221    26.1521 1.8315e-01     0.1298      0.018    1478.16     60.835     5.9068 163.401766     4.1333     48.880  0.000e+00
     48.416     7.1746    33.4223    26.1522 1.8315e-01     0.1298      0.018    1478.16     60.774     5.9010 163.401766     4.1291     48.881  0.000e+00
     48.426     7.1739    33.4235    26.1532 1.9536e-01     0.1298      0.018    1478.16     60.830     5.9064 163.401766     4.1330     48.891  0.000e+00
     48.416     7.1738    33.4242    26.1538 1.8315e-01     0.1298      0.018    1478.16     60.769     5.9004 163.401767     4.1288     48.881  0.000e+00
     48.429     7.1738    33.4232    26.1530 1.8315e-01     0.1298      0.018    1478.16     60.761     5.8998 163.401767     4.1283     48.895  0.000e+00
     48.426     7.1746    33.4217    26.1517 1.8315e-01     0.1298      0.018    1478.16     60.754     5.8990 163.401768     4.1278     48.891  0.000e+00
     48.416     7.1749    33.4198    26.1502 1.8315e-01     0.1298      0.018    1478.16     60.746     5.8983 163.401768     4.1273     48.881  0.000e+00
     48.437     7.1771    33.4152    26.1462 1.8315e-01     0.1298      0.018    1478.16     60.738     5.8974 163.401769     4.1266     48.903  0.000e+00
     48.429     7.1781    33.4135    26.1447 1.7094e-01     0.1298      0.018    1478.16     60.729     5.8965 163.401769     4.1260     48.895  0.000e+00
     48.429     7.1787    33.4129    26.1442 1.8315e-01     0.1298      0.018    1478.17     60.720     5.8955 163.401770     4.1253     48.895  0.000e+00
     48.450     7.1795    33.4117    26.1431 1.8315e-01     0.1298      0.018    1478.17     60.719     5.8954 163.401770     4.1252     48.916  0.000e+00
     48.441     7.1806    33.4089    26.1408 1.8315e-01     0.1298      0.018    1478.17     60.710     5.8944 163.401771     4.1246     48.906  0.000e+00
     48.437     7.1821    33.4055    26.1379 1.7094e-01     0.1285      0.018    1478.17     60.700     5.8934 163.401771     4.1239     48.903  0.000e+00
     48.441     7.1828    33.4035    26.1363 1.8315e-01     0.1298      0.018    1478.17     60.698     5.8932 163.401772     4.1237     48.906  0.000e+00
     48.452     7.1836    33.4035    26.1361 1.9536e-01     0.1298      0.018    1478.17     60.689     5.8922 163.401772     4.1230     48.917  0.000e+00
     48.450     7.1824    33.4065    26.1387 2.0757e-01     0.1298      0.018    1478.17     60.687     5.8920 163.401773     4.1229     48.916  0.000e+00
     48.452     7.1816    33.4086    26.1404 2.0757e-01     0.1298      0.018    1478.17     60.685     5.8918 163.401773     4.1228     48.917  0.000e+00
     48.462     7.1813    33.4098    26.1414 2.0757e-01     0.1298      0.018    1478.17     60.682     5.8916 163.401774     4.1226     48.927  0.000e+00
     48.452     7.1802    33.4114    26.1429 1.9536e-01     0.1298      0.018    1478.17     60.680     5.8915 163.401774     4.1225     48.917  0.000e+00
     48.426     7.1795    33.4125    26.1438 1.9536e-01     0.1298      0.018    1478.17     60.678     5.8913 163.401775     4.1224     48.891  0.000e+00
     48.501     7.1795    33.4130    26.1442 1.9536e-01     0.1298      0.018    1478.17     60.676     5.8912 163.401775     4.1223     48.967  0.000e+00
     48.465     7.1781    33.4165    26.1472 1.9536e-01     0.1298      0.018    1478.17     60.674     5.8910 163.401776     4.1222     48.931  0.000e+00
     48.486     7.1755    33.4224    26.1522 1.9536e-01     0.1298      0.018    1478.17     60.672     5.8909 163.401776     4.1221     48.952  0.000e+00
     48.465     7.1733    33.4271    26.1561 1.9536e-01     0.1298      0.018    1478.16     60.670     5.8908 163.401777     4.1221     48.931  0.000e+00
     48.462     7.1717    33.4296    26.1584 1.9536e-01     0.1298      0.018    1478.16     60.668     5.8907 163.401777     4.1220     48.927  0.000e+00
     48.489     7.1714    33.4293    26.1581 2.3199e-01     0.1285      0.018    1478.16     60.666     5.8906 163.401778     4.1219     48.955  0.000e+00
     48.476     7.1715    33.4282    26.1572 3.0525e-01     0.1285      0.018    1478.16     60.664     5.8904 163.401778     4.1218     48.942  0.000e+00
     48.498     7.1717    33.4285    26.1574 4.0293e-01     0.1298      0.018    1478.16     60.662     5.8902 163.401779     4.1216     48.963  0.000e+00
     48.489     7.1707    33.4302    26.1589 4.3956e-01     0.1298      0.018    1478.16     60.659     5.8900 163.401779     4.1215     48.955  0.000e+00
     48.486     7.1704    33.4309    26.1595 3.9072e-01     0.1298      0.018    1478.16     60.657     5.8898 163.401780     4.1214     48.952  0.000e+00
     48.501     7.1709    33.4298    26.1586 3.2967e-01     0.1298      0.018    1478.16     60.655     5.8896 163.401780     4.1212     48.967  0.000e+00
     48.501     7.1712    33.4285    26.1575 3.0525e-01     0.1298      0.018    1478.16     60.653     5.8894 163.401780     4.1211     48.967  0.000e+00
     48.511     7.1720    33.4269    26.1561 3.0525e-01     0.1298      0.018    1478.16     60.651     5.8891 163.401781     4.1209     48.977  0.000e+00
     48.501     7.1720    33.4256    26.1551 2.6862e-01     0.1298      0.018    1478.16     60.648     5.8890 163.401781     4.1208     48.967  0.000e+00
     48.522     7.1720    33.4262    26.1556 2.4420e-01     0.1298      0.018    1478.16     60.654     5.8895 163.401782     4.1211     48.988  0.000e+00
     48.501     7.1714    33.4283    26.1574 2.1978e-01     0.1298      0.018    1478.16     60.660     5.8901 163.401782     4.1215     48.967  0.000e+00
     48.525     7.1712    33.4288    26.1578 1.9536e-01     0.1298      0.015    1478.16     60.659     5.8899 163.401783     4.1214     48.991  0.000e+00
     48.522     7.1711    33.4290    26.1579 1.9536e-01     0.1298      0.018    1478.16     60.657     5.8898 163.401783     4.1213     48.988  0.000e+00
     48.512     7.1714    33.4277    26.1569 1.9536e-01     0.1298      0.018    1478.16     60.655     5.8897 163.401784     4.1212     48.978  0.000e+00
     48.535     7.1725    33.4258    26.1552 1.8315e-01     0.1298      0.018    1478.16     60.654     5.8894 163.401784     4.1211     49.001  0.000e+00
     48.537     7.1736    33.4230    26.1529 1.8315e-01     0.1285      0.018    1478.16     60.660     5.8900 163.401785     4.1215     49.003  0.000e+00
     48.537     7.1736    33.4238    26.1535 1.8315e-01     0.1298      0.018    1478.16     60.659     5.8898 163.401785     4.1214     49.003  0.000e+00
     48.535     7.1739    33.4236    26.1533 1.8315e-01     0.1298      0.018    1478.16     60.665     5.8904 163.401786     4.1218     49.001  0.000e+00
     48.550     7.1739    33.4236    26.1533 1.7094e-01     0.1298      0.018    1478.16     60.665     5.8904 163.401786     4.1217     49.016  0.000e+00
     48.550     7.1731    33.4258    26.1552 1.8315e-01     0.1298      0.018    1478.16     60.664     5.8903 163.401787     4.1217     49.016  0.000e+00
     48.558     7.1718    33.4286    26.1575 1.8315e-01     0.1298      0.018    1478.16     60.671     5.8911 163.401787     4.1222     49.024  0.000e+00
     48.550     7.1707    33.4305    26.1592 1.8315e-01     0.1298      0.018    1478.16     60.670     5.8911 163.401788     4.1222     49.016  0.000e+00
     48.558     7.1703    33.4314    26.1599 1.8315e-01     0.1298      0.018    1478.16     60.670     5.8910 163.401788     4.1222     49.024  0.000e+00
     48.561     7.1701    33.4318    26.1603 1.8315e-01     0.1298      0.018    1478.16     60.669     5.8910 163.401789     4.1222     49.027  0.000e+00
     48.572     7.1699    33.4324    26.1607 1.8315e-01     0.1298      0.018    1478.16     60.676     5.8917 163.401789     4.1227     49.039  0.000e+00
     48.571     7.1696    33.4333    26.1615 1.8315e-01     0.1298      0.018    1478.16     60.676     5.8917 163.401790     4.1227     49.037  0.000e+00
     48.585     7.1695    33.4337    26.1618 1.8315e-01     0.1298      0.018    1478.16     60.684     5.8924 163.401790     4.1232     49.052  0.000e+00
     48.582     7.1695    33.4333    26.1616 1.7094e-01     0.1298      0.018    1478.16     60.622     5.8864 163.401791     4.1190     49.049  0.000e+00
     48.572     7.1695    33.4330    26.1613 1.8315e-01     0.1298      0.018    1478.16     60.676     5.8917 163.401791     4.1227     49.039  0.000e+00
     48.597     7.1695    33.4329    26.1612 1.7094e-01     0.1298      0.018    1478.16     60.677     5.8918 163.401792     4.1227     49.064  0.000e+00
     48.595     7.1690    33.4336    26.1619 1.7094e-01     0.1298      0.018    1478.16     60.677     5.8919 163.401792     4.1228     49.062  0.000e+00
     48.597     7.1688    33.4336    26.1619 1.8315e-01     0.1298      0.018    1478.16     60.678     5.8919 163.401793     4.1228     49.064  0.000e+00
     48.606     7.1688    33.4340    26.1622 1.8315e-01     0.1298      0.018    1478.16     60.678     5.8920 163.401793     4.1228     49.073  0.000e+00
     48.610     7.1688    33.4337    26.1619 1.9536e-01     0.1298      0.018    1478.16     60.678     5.8920 163.401793     4.1229     49.077  0.000e+00
     48.621     7.1693    33.4328    26.1612 1.9536e-01     0.1298      0.018    1478.16     60.679     5.8920 163.401794     4.1229     49.088  0.000e+00
     48.619     7.1695    33.4328    26.1611 1.9536e-01     0.1298      0.018    1478.16     60.679     5.8920 163.401794     4.1229     49.086  0.000e+00
     48.621     7.1695    33.4326    26.1610 1.9536e-01     0.1298      0.018    1478.16     60.617     5.8860 163.401795     4.1187     49.088  0.000e+00
     48.631     7.1696    33.4324    26.1608 1.8315e-01     0.1298      0.015    1478.16     60.610     5.8853 163.401795     4.1182     49.098  0.000e+00
     48.632     7.1693    33.4324    26.1609 1.9536e-01     0.1298      0.018    1478.16     60.604     5.8847 163.401796     4.1178     49.100  0.000e+00
     48.645     7.1699    33.4305    26.1593 1.8315e-01     0.1298      0.018    1478.16     60.660     5.8902 163.401796     4.1216     49.113  0.000e+00
     48.642     7.1706    33.4287    26.1578 1.8315e-01     0.1285      0.018    1478.16     60.661     5.8903 163.401797     4.1217     49.109  0.000e+00
     48.657     7.1709    33.4279    26.1571 1.8315e-01     0.1298      0.018    1478.16     60.662     5.8904 163.401797     4.1217     49.124  0.000e+00
     48.645     7.1707    33.4289    26.1579 1.8315e-01     0.1298      0.018    1478.16     60.601     5.8844 163.401798     4.1176     49.113  0.000e+00
     48.667     7.1711    33.4282    26.1573 1.8315e-01     0.1298      0.018    1478.16     60.658     5.8899 163.401798     4.1214     49.134  0.000e+00
     48.670     7.1710    33.4270    26.1564 1.8315e-01     0.1298      0.018    1478.16     60.597     5.8841 163.401799     4.1173     49.137  0.000e+00
     48.667     7.1718    33.4259    26.1554 1.7094e-01     0.1285      0.018    1478.16     60.591     5.8835 163.401799     4.1169     49.134  0.000e+00
     48.681     7.1720    33.4252    26.1549 1.7094e-01     0.1298      0.018    1478.16     60.586     5.8829 163.401800     4.1165     49.149  0.000e+00
     48.681     7.1722    33.4253    26.1549 1.9536e-01     0.1298      0.018    1478.16     60.643     5.8885 163.401800     4.1204     49.149  0.000e+00
     48.691     7.1717    33.4275    26.1567 1.9536e-01     0.1298      0.018    1478.16     60.584     5.8827 163.401801     4.1163     49.159  0.000e+00
     48.693     7.1714    33.4280    26.1571 1.9536e-01     0.1298      0.018    1478.16     60.641     5.8883 163.401801     4.1203     49.160  0.000e+00
     48.691     7.1714    33.4278    26.1569 1.8315e-01     0.1298      0.018    1478.16     60.582     5.8825 163.401802     4.1162     49.159  0.000e+00
     48.717     7.1717    33.4278    26.1569 1.8315e-01     0.1298      0.018    1478.16     60.640     5.8881 163.401802     4.1201     49.185  0.000e+00
     48.717     7.1709    33.4298    26.1586 1.8315e-01     0.1298      0.018    1478.16     60.643     5.8884 163.401803     4.1204     49.185  0.000e+00
     48.702     7.1704    33.4298    26.1587 1.8315e-01     0.1298      0.018    1478.16     60.584     5.8828 163.401803     4.1164     49.170  0.000e+00
     48.730     7.1706    33.4284    26.1575 1.8315e-01     0.1298      0.018    1478.16     60.580     5.8824 163.401804     4.1162     49.198  0.000e+00
     48.730     7.1714    33.4265    26.1560 1.8315e-01     0.1298      0.018    1478.16     60.576     5.8820 163.401804     4.1159     49.198  0.000e+00
     48.727     7.1717    33.4258    26.1553 1.8315e-01     0.1298      0.018    1478.16     60.573     5.8817 163.401805     4.1156     49.195  0.000e+00
     48.741     7.1720    33.4256    26.1551 1.8315e-01     0.1298      0.018    1478.16     60.632     5.8874 163.401805     4.1196     49.210  0.000e+00
     48.751     7.1718    33.4258    26.1553 1.8315e-01     0.1298      0.018    1478.16     60.574     5.8818 163.401806     4.1157     49.219  0.000e+00
     48.741     7.1720    33.4254    26.1550 1.8315e-01     0.1285      0.018    1478.16     60.633     5.8875 163.401806     4.1197     49.210  0.000e+00
     48.766     7.1719    33.4254    26.1550 1.8315e-01     0.1298      0.018    1478.16     60.576     5.8820 163.401807     4.1159     49.234  0.000e+00
     48.751     7.1721    33.4253    26.1549 1.8315e-01     0.1298      0.018    1478.16     60.636     5.8877 163.401807     4.1199     49.219  0.000e+00
     48.766     7.1721    33.4252    26.1548 1.7094e-01     0.1298      0.018    1478.16     60.641     5.8882 163.401807     4.1202     49.234  0.000e+00
     48.777     7.1718    33.4255    26.1551 1.7094e-01     0.1298      0.018    1478.16     60.646     5.8888 163.401808     4.1206     49.246  0.000e+00
     48.762     7.1721    33.4249    26.1546 1.7094e-01     0.1298      0.018    1478.16     60.651     5.8892 163.401808     4.1209     49.231  0.000e+00
     48.777     7.1720    33.4252    26.1548 1.8315e-01     0.1298      0.018    1478.16     60.656     5.8897 163.401809     4.1213     49.246  0.000e+00
