20190611/BO1_20190612_down.cnv
* Sea-Bird SBE 9 Data File:
* FileName = C:\CTD Brukere\NIVA\OKOKYST2019\20190611\BO1_20190612.hex
* Software Version Seasave V 7.23.2
* Temperature SN = 5352
* Conductivity SN = 3840
* Number of Bytes Per Scan = 28
* Number of Voltage Words = 4
* Number of Scans Averaged by the Deck Unit = 1
* NMEA baud rate = 4800
** Ship: R/V Trygve Braarud
** Cruise:
** Station:
** Operator:
# nquan = 14
# nvalues = 4345                                  
# units = specified
# name 0 = depSM: Depth [salt water, m], lat = 59.60
# name 1 = t090C: Temperature [ITS-90, deg C]
# name 2 = sal00: Salinity, Practical [PSU]
# name 3 = sigma-t00: Density [sigma-t, kg/m^3 ]
# name 4 = flSP: Fluorescence, Seapoint
# name 5 = wetStar: Fluorescence, WET Labs WETstar [mg/m^3]
# name 6 = seaTurbMtr: Turbidity, Seapoint [FTU]
# name 7 = svCM: Sound Velocity [Chen-Millero, m/s]
# name 8 = sbeox0PS: Oxygen, SBE 43 [% saturation]
# name 9 = sbeox0Mg/L: Oxygen, SBE 43 [mg/l]
# name 10 = timeJ: Julian Days
# name 11 = sbeox0ML/L: Oxygen, SBE 43 [ml/l]
# name 12 = prDM: Pressure, Digiquartz [db]
# name 13 = flag:  0.000e+00
# span 0 =      0.234,     50.797                 
# span 1 =     7.0631,    14.2148                 
# span 2 =    20.1591,    33.7055                 
# span 3 =    14.7166,    26.3904                 
# span 4 = 1.7094e-01, 4.1270e+00                 
# span 5 =     0.1285,     0.1322                 
# span 6 =      0.007,      0.018                 
# span 7 =    1478.09,    1488.02                 
# span 8 =     59.351,     79.252                 
# span 9 =     5.7662,     7.1622                 
# span 10 = 163.400266, 163.402361                
# span 11 =     4.0349,     5.0117                
# span 12 =      0.237,     51.285                
# span 13 = 0.0000e+00, 0.0000e+00                
# interval = seconds: 0.0416667
# start_time = Jun 12 2019 09:36:23 [System UpLoad Time]
# bad_flag = -9.990e-29
*END*
[from data line 3820]
     48.910     7.1342    33.5067    26.2242 1.8315e-01     0.1285      0.018    1478.12     59.757     5.8043 163.402108     4.0615     49.380  0.000e+00
     48.896     7.1354    33.5039    26.2218 1.8315e-01     0.1298      0.018    1478.12     59.751     5.8037 163.402109     4.0611     49.365  0.000e+00
     48.897     7.1363    33.5017    26.2199 1.8315e-01     0.1298      0.018    1478.12     59.745     5.8031 163.402109     4.0607     49.367  0.000e+00
     48.897     7.1372    33.5014    26.2196 1.8315e-01     0.1298      0.018    1478.12     59.740     5.8025 163.402110     4.0603     49.367  0.000e+00
     48.896     7.1373    33.5011    26.2194 1.8315e-01     0.1298      0.018    1478.12     59.736     5.8021 163.402110     4.0600     49.365  0.000e+00
     48.897     7.1369    33.5032    26.2210 1.7094e-01     0.1285      0.018    1478.12     59.733     5.8018 163.402111     4.0597     49.367  0.000e+00
     48.896     7.1350    33.5095    26.2262 1.8315e-01     0.1298      0.018    1478.12     59.730     5.8015 163.402111     4.0596     49.365  0.000e+00
     48.886     7.1338    33.5124    26.2287 1.8315e-01     0.1285      0.018    1478.12     59.728     5.8014 163.402112     4.0595     49.356  0.000e+00
     48.886     7.1344    33.5096    26.2264 1.8315e-01     0.1298      0.018    1478.12     59.726     5.8012 163.402112     4.0594     49.356  0.000e+00
     48.883     7.1348    33.5081    26.2252 1.8315e-01     0.1298      0.018    1478.12     59.725     5.8011 163.402113     4.0593     49.352  0.000e+00
     48.886     7.1349    33.5078    26.2249 1.8315e-01     0.1285      0.018    1478.12     59.725     5.8011 163.402113     4.0593     49.356  0.000e+00
     48.873     7.1349    33.5080    26.2251 1.7094e-01     0.1298      0.018    1478.12     59.725     5.8011 163.402114     4.0593     49.342  0.000e+00
     48.871     7.1345    33.5100    26.2268 1.7094e-01     0.1298      0.018    1478.12     59.726     5.8012 163.402114     4.0593     49.341  0.000e+00
     48.873     7.1340    33.5121    26.2284 1.8315e-01     0.1285      0.018    1478.12     59.720     5.8006 163.402115     4.0589     49.342  0.000e+00
     48.862     7.1336    33.5135    26.2296 1.7094e-01     0.1285      0.018    1478.12     59.722     5.8008 163.402115     4.0590     49.331  0.000e+00
     48.871     7.1335    33.5148    26.2306 1.7094e-01     0.1298      0.018    1478.13     59.724     5.8010 163.402116     4.0592     49.341  0.000e+00
     48.873     7.1331    33.5136    26.2297 1.7094e-01     0.1298      0.018    1478.12     59.728     5.8014 163.402116     4.0595     49.342  0.000e+00
     48.860     7.1331    33.5108    26.2275 1.7094e-01     0.1285      0.018    1478.12     59.731     5.8018 163.402117     4.0598     49.329  0.000e+00
     48.862     7.1342    33.5086    26.2257 1.7094e-01     0.1298      0.018    1478.12     59.736     5.8022 163.402117     4.0600     49.331  0.000e+00
     48.862     7.1340    33.5139    26.2298 1.7094e-01     0.1298      0.018    1478.13     59.733     5.8018 163.402118     4.0597     49.331  0.000e+00
     48.847     7.1323    33.5259    26.2395 1.7094e-01     0.1298      0.018    1478.13     59.738     5.8020 163.402118     4.0599     49.316  0.000e+00
     48.862     7.1289    33.5362    26.2481 1.7094e-01     0.1285      0.018    1478.13     59.744     5.8027 163.402119     4.0604     49.331  0.000e+00
     48.850     7.1253    33.5432    26.2541 1.8315e-01     0.1298      0.018    1478.13     59.751     5.8036 163.402119     4.0610     49.319  0.000e+00
     48.836     7.1228    33.5461    26.2568 1.8315e-01     0.1285      0.018    1478.12     59.759     5.8045 163.402120     4.0617     49.305  0.000e+00
     48.837     7.1212    33.5477    26.2582 1.8315e-01     0.1298      0.018    1478.12     59.704     5.7994 163.402120     4.0581     49.306  0.000e+00
     48.837     7.1212    33.5487    26.2590 1.8315e-01     0.1298      0.018    1478.12     59.698     5.7987 163.402120     4.0576     49.306  0.000e+00
     48.836     7.1204    33.5496    26.2599 1.7094e-01     0.1298      0.018    1478.12     59.700     5.7990 163.402121     4.0578     49.305  0.000e+00
     48.837     7.1210    33.5487    26.2590 1.8315e-01     0.1298      0.018    1478.12     59.695     5.7984 163.402121     4.0574     49.306  0.000e+00
     48.823     7.1215    33.5476    26.2581 1.7094e-01     0.1285      0.018    1478.12     59.760     5.8048 163.402122     4.0618     49.292  0.000e+00
     48.837     7.1206    33.5506    26.2606 1.7094e-01     0.1298      0.018    1478.12     59.702     5.7991 163.402122     4.0579     49.306  0.000e+00
     48.826     7.1187    33.5523    26.2622 1.7094e-01     0.1285      0.018    1478.11     59.761     5.8051 163.402123     4.0620     49.295  0.000e+00
     48.823     7.1194    33.5466    26.2576 1.7094e-01     0.1285      0.018    1478.11     59.766     5.8056 163.402123     4.0624     49.292  0.000e+00
     48.813     7.1220    33.5384    26.2508 1.7094e-01     0.1298      0.018    1478.11     59.778     5.8068 163.402124     4.0633     49.282  0.000e+00
     48.813     7.1247    33.5325    26.2458 1.7094e-01     0.1285      0.018    1478.11     59.722     5.8012 163.402124     4.0593     49.282  0.000e+00
     48.823     7.1262    33.5327    26.2457 1.7094e-01     0.1298      0.018    1478.12     59.782     5.8069 163.402125     4.0633     49.292  0.000e+00
     48.813     7.1245    33.5441    26.2550 1.8315e-01     0.1285      0.018    1478.13     59.719     5.8005 163.402125     4.0589     49.282  0.000e+00
     48.801     7.1193    33.5599    26.2681 1.8315e-01     0.1285      0.018    1478.13     59.719     5.8006 163.402126     4.0589     49.270  0.000e+00
     48.823     7.1147    33.5692    26.2760 1.8315e-01     0.1285      0.018    1478.12     59.719     5.8009 163.402126     4.0591     49.292  0.000e+00
     48.801     7.1123    33.5748    26.2808 1.8315e-01     0.1298      0.018    1478.12     59.782     5.8071 163.402127     4.0635     49.270  0.000e+00
     48.811     7.1095    33.5816    26.2866 1.8315e-01     0.1285      0.018    1478.12     59.791     5.8081 163.402127     4.0641     49.280  0.000e+00
     48.801     7.1080    33.5855    26.2898 1.9536e-01     0.1285      0.018    1478.11     59.737     5.8029 163.402128     4.0605     49.270  0.000e+00
     48.790     7.1078    33.5826    26.2876 1.9536e-01     0.1298      0.018    1478.11     59.739     5.8033 163.402128     4.0608     49.259  0.000e+00
     48.800     7.1094    33.5770    26.2829 1.9536e-01     0.1298      0.018    1478.11     59.804     5.8095 163.402129     4.0652     49.269  0.000e+00
     48.801     7.1106    33.5740    26.2804 1.8315e-01     0.1298      0.018    1478.11     59.806     5.8097 163.402129     4.0653     49.270  0.000e+00
     48.801     7.1118    33.5714    26.2782 1.8315e-01     0.1285      0.018    1478.11     59.809     5.8099 163.402130     4.0654     49.270  0.000e+00
     48.787     7.1123    33.5701    26.2771 1.8315e-01     0.1298      0.018    1478.11     59.819     5.8109 163.402130     4.0661     49.255  0.000e+00
     48.801     7.1130    33.5682    26.2755 1.8315e-01     0.1298      0.018    1478.11     59.768     5.8058 163.402131     4.0626     49.270  0.000e+00
     48.787     7.1134    33.5669    26.2744 1.8315e-01     0.1298      0.018    1478.11     59.833     5.8122 163.402131     4.0671     49.255  0.000e+00
     48.801     7.1141    33.5645    26.2724 1.8315e-01     0.1285      0.018    1478.11     59.775     5.8066 163.402132     4.0631     49.270  0.000e+00
     48.790     7.1148    33.5638    26.2718 1.7094e-01     0.1298      0.018    1478.11     59.834     5.8122 163.402132     4.0670     49.259  0.000e+00
     48.787     7.1140    33.5661    26.2737 1.8315e-01     0.1285      0.018    1478.11     59.776     5.8066 163.402133     4.0631     49.255  0.000e+00
     48.790     7.1143    33.5650    26.2728 1.8315e-01     0.1298      0.018    1478.11     59.772     5.8063 163.402133     4.0629     49.259  0.000e+00
     48.790     7.1147    33.5621    26.2705 1.8315e-01     0.1298      0.018    1478.11     59.770     5.8060 163.402133     4.0627     49.259  0.000e+00
     48.787     7.1161    33.5573    26.2665 1.8315e-01     0.1285      0.018    1478.11     59.829     5.8118 163.402134     4.0668     49.255  0.000e+00
     48.790     7.1180    33.5510    26.2613 1.8315e-01     0.1298      0.018    1478.11     59.834     5.8123 163.402134     4.0671     49.259  0.000e+00
     48.775     7.1196    33.5467    26.2577 1.8315e-01     0.1298      0.018    1478.11     59.839     5.8127 163.402135     4.0674     49.244  0.000e+00
     48.790     7.1206    33.5480    26.2586 1.8315e-01     0.1285      0.018    1478.12     59.844     5.8130 163.402135     4.0676     49.259  0.000e+00
     48.790     7.1193    33.5520    26.2618 1.8315e-01     0.1298      0.018    1478.12     59.849     5.8135 163.402136     4.0680     49.259  0.000e+00
     48.775     7.1190    33.5520    26.2619 1.8315e-01     0.1298      0.018    1478.11     59.854     5.8141 163.402136     4.0683     49.244  0.000e+00
     48.777     7.1183    33.5532    26.2630 1.8315e-01     0.1298      0.018    1478.11     59.859     5.8146 163.402137     4.0687     49.246  0.000e+00
     48.790     7.1174    33.5575    26.2665 1.7094e-01     0.1298      0.018    1478.12     59.864     5.8151 163.402137     4.0690     49.259  0.000e+00
     48.787     7.1161    33.5626    26.2707 1.7094e-01     0.1285      0.018    1478.12     59.869     5.8155 163.402138     4.0694     49.255  0.000e+00
     48.766     7.1142    33.5676    26.2749 1.7094e-01     0.1298      0.018    1478.12     59.874     5.8161 163.402138     4.0697     49.234  0.000e+00
     48.775     7.1121    33.5725    26.2790 1.8315e-01     0.1298      0.018    1478.11     59.880     5.8167 163.402139     4.0702     49.244  0.000e+00
     48.790     7.1110    33.5752    26.2813 1.8315e-01     0.1285      0.018    1478.11     59.885     5.8172 163.402139     4.0706     49.259  0.000e+00
     48.777     7.1107    33.5753    26.2814 1.8315e-01     0.1298      0.018    1478.11     59.890     5.8177 163.402140     4.0709     49.246  0.000e+00
     48.787     7.1108    33.5756    26.2816 1.7094e-01     0.1298      0.018    1478.11     59.895     5.8182 163.402140     4.0712     49.255  0.000e+00
     48.766     7.1097    33.5791    26.2845 1.8315e-01     0.1298      0.018    1478.11     59.900     5.8187 163.402141     4.0716     49.234  0.000e+00
     48.790     7.1084    33.5839    26.2885 1.7094e-01     0.1298      0.018    1478.11     59.905     5.8192 163.402141     4.0719     49.259  0.000e+00
     48.775     7.1065    33.5889    26.2927 1.7094e-01     0.1285      0.018    1478.11     59.910     5.8198 163.402142     4.0723     49.244  0.000e+00
     48.777     7.1050    33.5914    26.2949 1.7094e-01     0.1298      0.018    1478.11     59.915     5.8204 163.402142     4.0728     49.246  0.000e+00
     48.777     7.1050    33.5880    26.2922 1.7094e-01     0.1298      0.018    1478.10     59.920     5.8210 163.402143     4.0732     49.246  0.000e+00
     48.775     7.1058    33.5861    26.2906 1.7094e-01     0.1298      0.018    1478.11     59.925     5.8214 163.402143     4.0735     49.244  0.000e+00
     48.790     7.1053    33.5898    26.2935 1.7094e-01     0.1298      0.018    1478.11     59.923     5.8211 163.402144     4.0733     49.259  0.000e+00
     48.775     7.1042    33.5932    26.2964 1.7094e-01     0.1285      0.018    1478.11     59.919     5.8208 163.402144     4.0731     49.244  0.000e+00
     48.777     7.1057    33.5862    26.2906 1.7094e-01     0.1298      0.018    1478.11     59.916     5.8205 163.402145     4.0729     49.246  0.000e+00
     48.777     7.1110    33.5709    26.2779 1.8315e-01     0.1298      0.018    1478.11     59.912     5.8200 163.402145     4.0725     49.246  0.000e+00
     48.762     7.1143    33.5662    26.2737 1.8315e-01     0.1298      0.018    1478.11     59.915     5.8201 163.402146     4.0726     49.231  0.000e+00
     48.777     7.1134    33.5731    26.2793 1.8315e-01     0.1298      0.018    1478.12     59.911     5.8196 163.402146     4.0722     49.246  0.000e+00
     48.777     7.1108    33.5823    26.2869 1.8315e-01     0.1285      0.018    1478.12     59.977     5.8259 163.402147     4.0766     49.246  0.000e+00
     48.775     7.1089    33.5875    26.2913 1.8315e-01     0.1285      0.018    1478.12     59.988     5.8271 163.402147     4.0774     49.244  0.000e+00
     48.777     7.1070    33.5912    26.2944 1.8315e-01     0.1298      0.018    1478.12     59.936     5.8221 163.402147     4.0740     49.246  0.000e+00
     48.775     7.1049    33.5919    26.2953 1.8315e-01     0.1298      0.018    1478.11     59.931     5.8219 163.402148     4.0738     49.244  0.000e+00
     48.777     7.1050    33.5887    26.2928 1.9536e-01     0.1298      0.018    1478.11     59.996     5.8283 163.402148     4.0783     49.246  0.000e+00
     48.777     7.1066    33.5847    26.2894 1.9536e-01     0.1298      0.018    1478.11     59.936     5.8224 163.402149     4.0742     49.246  0.000e+00
     48.787     7.1077    33.5842    26.2889 1.9536e-01     0.1298      0.018    1478.11     59.930     5.8217 163.402149     4.0737     49.255  0.000e+00
     48.766     7.1065    33.5861    26.2905 1.9536e-01     0.1285      0.018    1478.11     59.985     5.8272 163.402150     4.0775     49.234  0.000e+00
     48.777     7.1066    33.5863    26.2906 1.8315e-01     0.1285      0.018    1478.11     59.932     5.8220 163.402150     4.0739     49.246  0.000e+00
     48.787     7.1067    33.5894    26.2930 1.8315e-01     0.1298      0.018    1478.11     59.933     5.8219 163.402151     4.0738     49.255  0.000e+00
     48.777     7.1049    33.5962    26.2986 1.7094e-01     0.1285      0.018    1478.11     59.988     5.8273 163.402151     4.0776     49.246  0.000e+00
     48.775     7.1024    33.6029    26.3042 1.8315e-01     0.1298      0.018    1478.11     59.988     5.8274 163.402152     4.0777     49.244  0.000e+00
     48.790     7.0995    33.6097    26.3100 1.8315e-01     0.1298      0.018    1478.11     59.934     5.8222 163.402152     4.0740     49.259  0.000e+00
     48.777     7.0970    33.6158    26.3151 1.9536e-01     0.1285      0.018    1478.11     59.996     5.8283 163.402153     4.0783     49.246  0.000e+00
     48.775     7.0951    33.6205    26.3191 1.9536e-01     0.1298      0.018    1478.11     60.003     5.8291 163.402153     4.0788     49.244  0.000e+00
     48.777     7.0942    33.6208    26.3195 1.9536e-01     0.1298      0.018    1478.10     59.947     5.8238 163.402154     4.0752     49.246  0.000e+00
     48.777     7.0951    33.6172    26.3165 1.8315e-01     0.1298      0.018    1478.10     60.001     5.8290 163.402154     4.0788     49.246  0.000e+00
     48.775     7.0959    33.6164    26.3158 1.8315e-01     0.1298      0.018    1478.11     59.944     5.8235 163.402155     4.0749     49.244  0.000e+00
     48.777     7.0951    33.6210    26.3195 1.8315e-01     0.1298      0.018    1478.11     59.935     5.8225 163.402155     4.0742     49.246  0.000e+00
     48.787     7.0935    33.6254    26.3232 1.8315e-01     0.1285      0.018    1478.11     59.995     5.8284 163.402156     4.0784     49.255  0.000e+00
     48.777     7.0945    33.6180    26.3172 1.8315e-01     0.1285      0.018    1478.10     59.993     5.8283 163.402156     4.0783     49.246  0.000e+00
     48.777     7.0981    33.6012    26.3035 1.8315e-01     0.1285      0.018    1478.09     59.989     5.8281 163.402157     4.0782     49.246  0.000e+00
     48.775     7.1040    33.5827    26.2882 1.9536e-01     0.1285      0.018    1478.09     59.985     5.8276 163.402157     4.0778     49.244  0.000e+00
