20190611/D2_20190611_down_bin.cnv
* Sea-Bird SBE 9 Data File:
* FileName = C:\CTD Brukere\NIVA\OKOKYST2019\20190611\D2_20190611.hex
* Software Version Seasave V 7.23.2
* Temperature SN = 5352
* Conductivity SN = 3840
* Number of Bytes Per Scan = 28
* Number of Voltage Words = 4
* Number of Scans Averaged by the Deck Unit = 1
* NMEA baud rate = 4800
** Ship: R/V Trygve Braarud
** Cruise:
** Station:
** Operator:
# nquan = 14
# nvalues = 119                         
# units = specified
# name 0 = depSM: Depth [salt water, m], lat = 59.60
# name 1 = t090C: Temperature [ITS-90, deg C]
# name 2 = sal00: Salinity, Practical [PSU]
# name 3 = sigma-t00: Density [sigma-t, kg/m^3 ]
# name 4 = flSP: Fluorescence, Seapoint
# name 5 = wetStar: Fluorescence, WET Labs WETstar [mg/m^3]
# name 6 = seaTurbMtr: Turbidity, Seapoint [FTU]
# name 7 = svCM: Sound Velocity [Chen-Millero, m/s]
# name 8 = sbeox0PS: Oxygen, SBE 43 [% saturation]
# name 9 = sbeox0Mg/L: Oxygen, SBE 43 [mg/l]
# name 10 = timeJ: Julian Days
# name 11 = sbeox0ML/L: Oxygen, SBE 43 [ml/l]
# name 12 = prDM: Pressure, Digiquartz [db]
# name 13 = flag: flag
# span 0 =      0.000,    118.000       
# span 1 =     6.6832,    12.5157       
# span 2 =     0.6236,    31.5779       
# span 3 =    -0.0746,    24.6673       
# span 4 = 1.9870e-01, 9.5052e-01       
# span 5 =     0.1273,     0.1288       
# span 6 =      0.014,      0.018       
# span 7 =    1455.72,    1478.00       
# span 8 =     32.927,     82.466       
# span 9 =     3.2172,     8.8361       
# span 10 = 162.598574, 162.601141      
# span 11 =     2.2512,     6.1830      
# span 12 =      0.000,    119.154      
# span 13 = 0.0000e+00, 0.0000e+00      
# interval = meters: 1                  
# start_time = Jun 11 2019 14:21:52 [System UpLoad Time]
# bad_flag = -9.990e-29
*END*
[from data line 104]
    104.000     7.4359    31.5555    24.6483 1.9902e-01     0.1274      0.018    1477.76     41.404     4.0454 162.600775     2.8307    105.013 0.0000e+00
    105.000     7.4422    31.5592    24.6503 1.9897e-01     0.1273      0.018    1477.81     41.310     4.0356 162.600795     2.8239    106.023 0.0000e+00
    106.000     7.4501    31.5622    24.6516 2.0031e-01     0.1275      0.018    1477.86     40.914     3.9961 162.600816     2.7962    107.033 0.0000e+00
    107.000     7.4528    31.5636    24.6523 2.0175e-01     0.1274      0.018    1477.89     40.426     3.9481 162.600837     2.7627    108.043 0.0000e+00
    108.000     7.4478    31.5647    24.6538 1.9943e-01     0.1273      0.018    1477.89     39.826     3.8899 162.600858     2.7219    109.053 0.0000e+00
    109.000     7.4446    31.5660    24.6553 1.9914e-01     0.1274      0.018    1477.89     39.568     3.8650 162.600879     2.7045    110.063 0.0000e+00
    110.000     7.4432    31.5680    24.6572 2.0119e-01     0.1273      0.018    1477.91     39.554     3.8637 162.600900     2.7036    111.073 0.0000e+00
    111.000     7.4422    31.5693    24.6583 2.0000e-01     0.1274      0.018    1477.92     39.272     3.8362 162.600920     2.6843    112.083 0.0000e+00
    112.000     7.4417    31.5700    24.6589 2.0025e-01     0.1274      0.018    1477.94     38.983     3.8081 162.600941     2.6647    113.093 0.0000e+00
    113.000     7.4404    31.5708    24.6597 2.0132e-01     0.1274      0.018    1477.95     38.655     3.7760 162.600962     2.6423    114.103 0.0000e+00
    114.000     7.4375    31.5734    24.6621 2.0214e-01     0.1274      0.018    1477.96     38.290     3.7406 162.600984     2.6175    115.114 0.0000e+00
    115.000     7.4333    31.5753    24.6642 2.0026e-01     0.1274      0.018    1477.96     38.030     3.7155 162.601005     2.5999    116.124 0.0000e+00
    116.000     7.4297    31.5771    24.6661 2.0472e-01     0.1273      0.018    1477.97     37.390     3.6532 162.601027     2.5563    117.134 0.0000e+00
    117.000     7.4253    31.5779    24.6673 2.0280e-01     0.1273      0.018    1477.97     36.044     3.5221 162.601049     2.4645    118.144 0.0000e+00
    118.000     7.4302    31.5751    24.6645 2.0434e-01     0.1274      0.018    1478.00     32.927     3.2172 162.601141     2.2512    119.154 0.0000e+00
