20190611/D2_20190611_down.cnv
* Sea-Bird SBE 9 Data File:
* FileName = C:\CTD Brukere\NIVA\OKOKYST2019\20190611\D2_20190611.hex
* Software Version Seasave V 7.23.2
* Temperature SN = 5352
* Conductivity SN = 3840
* Number of Bytes Per Scan = 28
* Number of Voltage Words = 4
* Number of Scans Averaged by the Deck Unit = 1
* NMEA baud rate = 4800
** Ship: R/V Trygve Braarud
** Cruise:
** Station:
** Operator:
# nquan = 14
# nvalues = 5581                                  
# units = specified
# name 0 = depSM: Depth [salt water, m], lat = 59.60
# name 1 = t090C: Temperature [ITS-90, deg C]
# name 2 = sal00: Salinity, Practical [PSU]
# name 3 = sigma-t00: Density [sigma-t, kg/m^3 ]
# name 4 = flSP: Fluorescence, Seapoint
# name 5 = wetStar: Fluorescence, WET Labs WETstar [mg/m^3]
# name 6 = seaTurbMtr: Turbidity, Seapoint [FTU]
# name 7 = svCM: Sound Velocity [Chen-Millero, m/s]
# name 8 = sbeox0PS: Oxygen, SBE 43 [% saturation]
# name 9 = sbeox0Mg/L: Oxygen, SBE 43 [mg/l]
# name 10 = timeJ: Julian Days
# name 11 = sbeox0ML/L: Oxygen, SBE 43 [ml/l]
# name 12 = prDM: Pressure, Digiquartz [db]
# name 13 = flag:  0.000e+00
# span 0 =      0.135,    118.004                 
# span 1 =     6.6623,    12.5217                 
# span 2 =     0.6232,    31.5798                 
# span 3 =    -0.0754,    24.6696                 
# span 4 = 1.9536e-01, 1.1722e+00                 
# span 5 =     0.1261,     0.1298                 
# span 6 =      0.011,      0.018                 
# span 7 =    1455.57,    1478.02                 
# span 8 =     31.147,     82.668                 
# span 9 =     3.0432,     8.8928                 
# span 10 = 162.598519, 162.601209                
# span 11 =     2.1294,     6.2227                
# span 12 =      0.137,    119.157                
# span 13 = 0.0000e+00, 0.0000e+00                
# interval = seconds: 0.0416667
# start_time = Jun 11 2019 14:21:52 [System UpLoad Time]
# bad_flag = -9.990e-29
*END*
[from data line 2271]
     45.318     7.2192    31.2211    24.4145 2.0757e-01     0.1285      0.018    1475.54     43.374     4.2684 162.599614     2.9868     45.753  0.000e+00
     45.329     7.2216    31.2209    24.4140 2.0757e-01     0.1273      0.018    1475.54     43.457     4.2764 162.599614     2.9923     45.764  0.000e+00
     45.378     7.2231    31.2167    24.4105 2.0757e-01     0.1285      0.018    1475.55     43.485     4.2790 162.599615     2.9942     45.814  0.000e+00
     45.394     7.2223    31.2144    24.4089 2.0757e-01     0.1285      0.018    1475.54     43.511     4.2817 162.599615     2.9961     45.830  0.000e+00
     45.414     7.2229    31.2176    24.4113 2.0757e-01     0.1273      0.018    1475.55     43.597     4.2901 162.599616     3.0020     45.850  0.000e+00
     45.438     7.2263    31.2224    24.4146 2.0757e-01     0.1273      0.018    1475.57     43.628     4.2927 162.599616     3.0037     45.874  0.000e+00
     45.462     7.2296    31.2222    24.4140 2.0757e-01     0.1285      0.018    1475.58     43.649     4.2944 162.599617     3.0050     45.899  0.000e+00
     45.479     7.2297    31.2165    24.4095 1.9536e-01     0.1273      0.018    1475.57     43.668     4.2965 162.599617     3.0064     45.915  0.000e+00
     45.510     7.2278    31.2164    24.4097 2.0757e-01     0.1285      0.018    1475.57     43.748     4.3045 162.599618     3.0120     45.946  0.000e+00
     45.547     7.2301    31.2213    24.4133 1.9536e-01     0.1273      0.018    1475.58     43.771     4.3064 162.599618     3.0134     45.984  0.000e+00
     45.550     7.2331    31.2253    24.4160 1.9536e-01     0.1273      0.018    1475.60     43.792     4.3080 162.599619     3.0145     45.987  0.000e+00
     45.583     7.2358    31.2278    24.4176 2.0757e-01     0.1273      0.018    1475.61     43.872     4.3156 162.599619     3.0198     46.020  0.000e+00
     45.607     7.2377    31.2290    24.4183 2.0757e-01     0.1285      0.018    1475.62     43.895     4.3176 162.599620     3.0212     46.045  0.000e+00
     45.594     7.2387    31.2279    24.4172 2.0757e-01     0.1273      0.018    1475.62     43.916     4.3196 162.599620     3.0226     46.032  0.000e+00
     45.695     7.2382    31.2243    24.4145 2.0757e-01     0.1285      0.018    1475.62     43.997     4.3277 162.599620     3.0283     46.133  0.000e+00
     45.678     7.2377    31.2248    24.4149 2.0757e-01     0.1273      0.018    1475.62     44.020     4.3300 162.599621     3.0299     46.117  0.000e+00
     45.690     7.2379    31.2258    24.4157 2.0757e-01     0.1285      0.018    1475.62     44.040     4.3320 162.599621     3.0313     46.128  0.000e+00
     45.730     7.2387    31.2265    24.4161 2.0757e-01     0.1273      0.018    1475.63     44.120     4.3397 162.599622     3.0367     46.169  0.000e+00
     45.739     7.2388    31.2260    24.4158 2.0757e-01     0.1273      0.018    1475.63     44.080     4.3358 162.599622     3.0339     46.178  0.000e+00
     45.774     7.2387    31.2247    24.4148 2.0757e-01     0.1273      0.018    1475.62     44.154     4.3431 162.599623     3.0390     46.214  0.000e+00
     45.779     7.2390    31.2278    24.4172 2.0757e-01     0.1273      0.018    1475.63     44.170     4.3445 162.599623     3.0400     46.219  0.000e+00
     45.810     7.2414    31.2327    24.4207 2.0757e-01     0.1273      0.018    1475.64     44.244     4.3515 162.599624     3.0449     46.250  0.000e+00
     45.847     7.2443    31.2343    24.4216 2.0757e-01     0.1273      0.018    1475.66     44.261     4.3528 162.599624     3.0458     46.287  0.000e+00
     45.851     7.2459    31.2317    24.4193 2.0757e-01     0.1273      0.018    1475.66     44.275     4.3540 162.599625     3.0467     46.291  0.000e+00
     45.883     7.2446    31.2284    24.4168 2.0757e-01     0.1285      0.018    1475.65     44.285     4.3553 162.599625     3.0476     46.324  0.000e+00
     45.907     7.2433    31.2259    24.4151 2.0757e-01     0.1273      0.018    1475.65     44.354     4.3622 162.599626     3.0524     46.348  0.000e+00
     45.924     7.2417    31.2252    24.4147 2.0757e-01     0.1273      0.018    1475.64     44.426     4.3696 162.599626     3.0576     46.365  0.000e+00
     45.943     7.2408    31.2238    24.4138 2.0757e-01     0.1273      0.018    1475.63     44.386     4.3657 162.599627     3.0549     46.384  0.000e+00
     45.979     7.2388    31.2133    24.4058 2.0757e-01     0.1273      0.015    1475.61     44.459     4.3734 162.599627     3.0603     46.420  0.000e+00
     45.995     7.2311    31.2035    24.3991 2.0757e-01     0.1285      0.018    1475.57     44.474     4.3760 162.599628     3.0620     46.437  0.000e+00
     46.015     7.2243    31.2096    24.4048 2.0757e-01     0.1273      0.018    1475.55     44.485     4.3776 162.599628     3.0632     46.456  0.000e+00
     46.039     7.2274    31.2224    24.4145 2.0757e-01     0.1273      0.018    1475.58     44.554     4.3837 162.599629     3.0674     46.481  0.000e+00
     46.055     7.2336    31.2312    24.4206 2.0757e-01     0.1285      0.018    1475.62     44.626     4.3899 162.599629     3.0718     46.497  0.000e+00
     46.088     7.2395    31.2351    24.4228 2.0757e-01     0.1285      0.018    1475.64     44.577     4.3843 162.599630     3.0679     46.530  0.000e+00
     46.111     7.2438    31.2359    24.4228 2.0757e-01     0.1273      0.018    1475.66     44.641     4.3901 162.599630     3.0720     46.553  0.000e+00
     46.127     7.2467    31.2376    24.4238 2.0757e-01     0.1285      0.018    1475.68     44.645     4.3903 162.599631     3.0721     46.570  0.000e+00
     46.159     7.2494    31.2400    24.4254 2.0757e-01     0.1273      0.018    1475.69     44.708     4.3961 162.599631     3.0761     46.602  0.000e+00
     46.171     7.2518    31.2408    24.4256 2.0757e-01     0.1273      0.018    1475.70     44.719     4.3969 162.599632     3.0767     46.614  0.000e+00
     46.211     7.2536    31.2417    24.4261 2.0757e-01     0.1273      0.018    1475.71     44.726     4.3974 162.599632     3.0770     46.655  0.000e+00
     46.219     7.2556    31.2423    24.4263 2.0757e-01     0.1285      0.018    1475.72     44.728     4.3974 162.599633     3.0770     46.663  0.000e+00
     46.244     7.2564    31.2429    24.4267 2.0757e-01     0.1285      0.018    1475.72     44.727     4.3971 162.599633     3.0768     46.688  0.000e+00
     46.271     7.2579    31.2426    24.4263 2.0757e-01     0.1273      0.018    1475.73     44.782     4.4025 162.599633     3.0806     46.716  0.000e+00
     46.291     7.2590    31.2430    24.4264 2.0757e-01     0.1273      0.015    1475.73     44.787     4.4028 162.599634     3.0808     46.735  0.000e+00
     46.320     7.2601    31.2433    24.4265 2.0757e-01     0.1285      0.018    1475.74     44.787     4.4026 162.599634     3.0807     46.765  0.000e+00
     46.340     7.2602    31.2436    24.4267 2.0757e-01     0.1273      0.018    1475.74     44.783     4.4022 162.599635     3.0804     46.784  0.000e+00
     46.364     7.2607    31.2432    24.4264 2.0757e-01     0.1285      0.018    1475.74     44.782     4.4021 162.599635     3.0803     46.809  0.000e+00
     46.380     7.2602    31.2416    24.4251 2.0757e-01     0.1285      0.018    1475.74     44.839     4.4078 162.599636     3.0843     46.825  0.000e+00
     46.411     7.2583    31.2391    24.4235 2.0757e-01     0.1285      0.018    1475.73     44.899     4.4140 162.599636     3.0887     46.857  0.000e+00
     46.435     7.2571    31.2392    24.4237 2.0757e-01     0.1273      0.018    1475.72     44.901     4.4143 162.599637     3.0888     46.881  0.000e+00
     46.465     7.2571    31.2387    24.4233 2.0757e-01     0.1285      0.018    1475.72     44.897     4.4139 162.599637     3.0886     46.911  0.000e+00
     46.471     7.2564    31.2381    24.4229 2.0757e-01     0.1273      0.018    1475.72     44.896     4.4139 162.599638     3.0886     46.917  0.000e+00
     46.500     7.2558    31.2365    24.4218 2.0757e-01     0.1273      0.018    1475.72     44.954     4.4197 162.599638     3.0926     46.947  0.000e+00
     46.508     7.2542    31.2275    24.4149 2.0757e-01     0.1273      0.018    1475.70     44.890     4.4138 162.599639     3.0885     46.955  0.000e+00
     46.556     7.2468    31.2097    24.4019 2.0757e-01     0.1273      0.018    1475.65     44.947     4.4207 162.599639     3.0933     47.003  0.000e+00
     46.560     7.2371    31.2087    24.4024 2.0757e-01     0.1273      0.018    1475.61     44.944     4.4215 162.599640     3.0939     47.007  0.000e+00
     46.580     7.2371    31.2253    24.4155 2.0757e-01     0.1273      0.018    1475.63     44.937     4.4203 162.599640     3.0930     47.027  0.000e+00
     46.621     7.2420    31.2362    24.4234 2.0757e-01     0.1285      0.018    1475.66     44.925     4.4183 162.599641     3.0916     47.068  0.000e+00
     46.629     7.2483    31.2389    24.4247 2.0757e-01     0.1273      0.018    1475.69     44.978     4.4228 162.599641     3.0948     47.076  0.000e+00
     46.664     7.2532    31.2405    24.4253 2.0757e-01     0.1273      0.018    1475.71     44.972     4.4217 162.599642     3.0940     47.112  0.000e+00
     46.692     7.2564    31.2417    24.4258 2.0757e-01     0.1273      0.018    1475.73     44.963     4.4203 162.599642     3.0931     47.140  0.000e+00
     46.700     7.2583    31.2426    24.4263 2.0757e-01     0.1273      0.018    1475.74     44.956     4.4195 162.599643     3.0925     47.149  0.000e+00
     46.741     7.2595    31.2431    24.4264 2.0757e-01     0.1285      0.018    1475.74     45.008     4.4245 162.599643     3.0960     47.190  0.000e+00
     46.760     7.2604    31.2441    24.4271 2.0757e-01     0.1273      0.018    1475.75     45.001     4.4236 162.599644     3.0954     47.209  0.000e+00
     46.785     7.2616    31.2452    24.4278 2.0757e-01     0.1273      0.018    1475.75     44.935     4.4170 162.599644     3.0908     47.234  0.000e+00
     46.812     7.2630    31.2467    24.4288 2.0757e-01     0.1285      0.018    1475.76     44.982     4.4215 162.599645     3.0939     47.262  0.000e+00
     46.832     7.2647    31.2481    24.4297 2.0757e-01     0.1273      0.018    1475.77     44.971     4.4201 162.599645     3.0929     47.281  0.000e+00
     46.861     7.2664    31.2489    24.4301 2.0757e-01     0.1273      0.018    1475.78     45.025     4.4253 162.599646     3.0965     47.311  0.000e+00
     46.892     7.2675    31.2480    24.4292 2.0757e-01     0.1273      0.018    1475.78     44.951     4.4179 162.599646     3.0914     47.342  0.000e+00
     46.897     7.2675    31.2469    24.4284 2.0757e-01     0.1285      0.018    1475.78     44.997     4.4225 162.599647     3.0946     47.347  0.000e+00
     46.941     7.2682    31.2485    24.4295 2.0757e-01     0.1273      0.018    1475.79     44.985     4.4211 162.599647     3.0936     47.391  0.000e+00
     46.965     7.2693    31.2501    24.4306 2.0757e-01     0.1273      0.018    1475.79     44.976     4.4201 162.599647     3.0929     47.416  0.000e+00
     46.981     7.2704    31.2504    24.4307 2.0757e-01     0.1285      0.018    1475.80     44.964     4.4188 162.599648     3.0920     47.432  0.000e+00
     47.012     7.2710    31.2505    24.4308 2.0757e-01     0.1273      0.018    1475.80     44.947     4.4171 162.599648     3.0908     47.463  0.000e+00
     47.028     7.2715    31.2508    24.4309 2.0757e-01     0.1273      0.018    1475.80     44.928     4.4151 162.599649     3.0894     47.480  0.000e+00
     47.061     7.2718    31.2511    24.4311 2.0757e-01     0.1285      0.018    1475.81     44.974     4.4196 162.599649     3.0926     47.513  0.000e+00
     47.077     7.2721    31.2510    24.4310 2.0757e-01     0.1285      0.018    1475.81     44.970     4.4192 162.599650     3.0923     47.529  0.000e+00
     47.110     7.2722    31.2506    24.4306 2.0757e-01     0.1285      0.018    1475.81     44.954     4.4177 162.599650     3.0912     47.562  0.000e+00
     47.121     7.2721    31.2501    24.4303 2.0757e-01     0.1285      0.018    1475.81     44.943     4.4166 162.599651     3.0904     47.573  0.000e+00
     47.161     7.2713    31.2474    24.4282 2.0757e-01     0.1273      0.018    1475.80     44.928     4.4153 162.599651     3.0896     47.614  0.000e+00
     47.181     7.2698    31.2446    24.4262 2.0757e-01     0.1273      0.018    1475.79     44.910     4.4137 162.599652     3.0885     47.634  0.000e+00
     47.209     7.2692    31.2448    24.4265 2.0757e-01     0.1273      0.018    1475.79     44.958     4.4185 162.599652     3.0918     47.662  0.000e+00
     47.230     7.2700    31.2467    24.4279 2.0757e-01     0.1285      0.018    1475.80     44.894     4.4121 162.599653     3.0873     47.683  0.000e+00
     47.257     7.2708    31.2490    24.4296 2.0757e-01     0.1285      0.018    1475.80     44.936     4.4160 162.599653     3.0901     47.711  0.000e+00
     47.265     7.2713    31.2503    24.4306 2.0757e-01     0.1285      0.018    1475.81     44.927     4.4151 162.599654     3.0894     47.719  0.000e+00
     47.304     7.2716    31.2506    24.4307 2.0757e-01     0.1273      0.018    1475.81     44.916     4.4140 162.599654     3.0886     47.759  0.000e+00
     47.326     7.2715    31.2503    24.4305 2.0757e-01     0.1273      0.018    1475.81     44.909     4.4133 162.599655     3.0882     47.780  0.000e+00
     47.353     7.2716    31.2497    24.4300 2.0757e-01     0.1285      0.018    1475.81     44.900     4.4124 162.599655     3.0875     47.808  0.000e+00
     47.386     7.2721    31.2511    24.4311 2.0757e-01     0.1273      0.018    1475.81     44.888     4.4111 162.599656     3.0866     47.841  0.000e+00
     47.400     7.2730    31.2533    24.4327 2.0757e-01     0.1285      0.018    1475.82     44.872     4.4094 162.599656     3.0855     47.855  0.000e+00
     47.421     7.2755    31.2548    24.4335 2.0757e-01     0.1273      0.018    1475.83     44.854     4.4074 162.599657     3.0840     47.877  0.000e+00
     47.460     7.2777    31.2556    24.4338 2.0757e-01     0.1285      0.018    1475.84     44.841     4.4058 162.599657     3.0829     47.916  0.000e+00
     47.470     7.2798    31.2562    24.4341 2.0757e-01     0.1273      0.018    1475.85     44.887     4.4102 162.599658     3.0860     47.926  0.000e+00
     47.498     7.2818    31.2579    24.4351 2.0757e-01     0.1273      0.018    1475.86     44.877     4.4088 162.599658     3.0850     47.954  0.000e+00
     47.530     7.2841    31.2575    24.4345 2.0757e-01     0.1273      0.018    1475.87     44.863     4.4073 162.599659     3.0840     47.987  0.000e+00
     47.558     7.2850    31.2569    24.4339 2.0757e-01     0.1273      0.018    1475.87     44.846     4.4056 162.599659     3.0828     48.015  0.000e+00
     47.590     7.2860    31.2574    24.4342 2.0757e-01     0.1273      0.018    1475.88     44.835     4.4044 162.599660     3.0819     48.047  0.000e+00
     47.594     7.2874    31.2587    24.4350 2.0757e-01     0.1273      0.018    1475.89     44.829     4.4035 162.599660     3.0813     48.051  0.000e+00
     47.637     7.2886    31.2591    24.4352 2.1978e-01     0.1285      0.018    1475.89     44.820     4.4026 162.599660     3.0807     48.095  0.000e+00
     47.665     7.2897    31.2591    24.4350 2.0757e-01     0.1273      0.018    1475.90     44.810     4.4015 162.599661     3.0799     48.123  0.000e+00
     47.686     7.2902    31.2593    24.4351 2.1978e-01     0.1285      0.018    1475.90     44.859     4.4063 162.599661     3.0832     48.144  0.000e+00
     47.701     7.2908    31.2594    24.4351 2.0757e-01     0.1285      0.018    1475.90     44.797     4.4001 162.599662     3.0789     48.159  0.000e+00
     47.746     7.2919    31.2611    24.4363 2.0757e-01     0.1273      0.018    1475.91     44.780     4.3983 162.599662     3.0777     48.205  0.000e+00
     47.761     7.2938    31.2634    24.4378 2.0757e-01     0.1285      0.018    1475.92     44.831     4.4030 162.599663     3.0809     48.220  0.000e+00
