20190611/D2_20190611_down.cnv
* Sea-Bird SBE 9 Data File:
* FileName = C:\CTD Brukere\NIVA\OKOKYST2019\20190611\D2_20190611.hex
* Software Version Seasave V 7.23.2
* Temperature SN = 5352
* Conductivity SN = 3840
* Number of Bytes Per Scan = 28
* Number of Voltage Words = 4
* Number of Scans Averaged by the Deck Unit = 1
* NMEA baud rate = 4800
** Ship: R/V Trygve Braarud
** Cruise:
** Station:
** Operator:
# nquan = 14
# nvalues = 5581                                  
# units = specified
# name 0 = depSM: Depth [salt water, m], lat = 59.60
# name 1 = t090C: Temperature [ITS-90, deg C]
# name 2 = sal00: Salinity, Practical [PSU]
# name 3 = sigma-t00: Density [sigma-t, kg/m^3 ]
# name 4 = flSP: Fluorescence, Seapoint
# name 5 = wetStar: Fluorescence, WET Labs WETstar [mg/m^3]
# name 6 = seaTurbMtr: Turbidity, Seapoint [FTU]
# name 7 = svCM: Sound Velocity [Chen-Millero, m/s]
# name 8 = sbeox0PS: Oxygen, SBE 43 [% saturation]
# name 9 = sbeox0Mg/L: Oxygen, SBE 43 [mg/l]
# name 10 = timeJ: Julian Days
# name 11 = sbeox0ML/L: Oxygen, SBE 43 [ml/l]
# name 12 = prDM: Pressure, Digiquartz [db]
# name 13 = flag:  0.000e+00
# span 0 =      0.135,    118.004                 
# span 1 =     6.6623,    12.5217                 
# span 2 =     0.6232,    31.5798                 
# span 3 =    -0.0754,    24.6696                 
# span 4 = 1.9536e-01, 1.1722e+00                 
# span 5 =     0.1261,     0.1298                 
# span 6 =      0.011,      0.018                 
# span 7 =    1455.57,    1478.02                 
# span 8 =     31.147,     82.668                 
# span 9 =     3.0432,     8.8928                 
# span 10 = 162.598519, 162.601209                
# span 11 =     2.1294,     6.2227                
# span 12 =      0.137,    119.157                
# span 13 = 0.0000e+00, 0.0000e+00                
# interval = seconds: 0.0416667
# start_time = Jun 11 2019 14:21:52 [System UpLoad Time]
# bad_flag = -9.990e-29
*END*
[from data line 4749]
    105.609     7.4465    31.5597    24.6501 1.9536e-01     0.1273      0.018    1477.84     41.041     4.0088 162.600809     2.8052    106.638  0.000e+00
    105.704     7.4469    31.5594    24.6498 1.9536e-01     0.1273      0.018    1477.84     41.035     4.0082 162.600809     2.8047    106.734  0.000e+00
    105.707     7.4473    31.5601    24.6503 2.0757e-01     0.1285      0.018    1477.84     41.029     4.0076 162.600810     2.8043    106.737  0.000e+00
    105.718     7.4479    31.5619    24.6517 1.9536e-01     0.1273      0.018    1477.85     40.962     4.0009 162.600810     2.7996    106.749  0.000e+00
    105.753     7.4490    31.5636    24.6528 2.0757e-01     0.1285      0.018    1477.85     41.013     4.0058 162.600811     2.8030    106.783  0.000e+00
    105.767     7.4501    31.5644    24.6534 1.9536e-01     0.1273      0.018    1477.86     40.947     3.9992 162.600811     2.7984    106.798  0.000e+00
    105.792     7.4506    31.5648    24.6536 1.9536e-01     0.1273      0.018    1477.86     40.999     4.0043 162.600812     2.8020    106.823  0.000e+00
    105.824     7.4517    31.5641    24.6529 2.0757e-01     0.1273      0.018    1477.87     40.935     3.9979 162.600812     2.7975    106.856  0.000e+00
    105.839     7.4521    31.5638    24.6526 1.9536e-01     0.1273      0.018    1477.87     40.926     3.9971 162.600813     2.7969    106.871  0.000e+00
    105.864     7.4519    31.5635    24.6524 1.9536e-01     0.1273      0.018    1477.87     40.981     4.0025 162.600813     2.8007    106.895  0.000e+00
    105.886     7.4517    31.5631    24.6521 2.0757e-01     0.1273      0.018    1477.86     40.928     3.9972 162.600814     2.7970    106.918  0.000e+00
    105.912     7.4514    31.5626    24.6517 1.9536e-01     0.1273      0.018    1477.86     40.922     3.9967 162.600814     2.7967    106.945  0.000e+00
    105.937     7.4508    31.5618    24.6512 1.9536e-01     0.1273      0.018    1477.86     40.918     3.9964 162.600815     2.7964    106.970  0.000e+00
    105.947     7.4501    31.5614    24.6510 1.9536e-01     0.1273      0.018    1477.86     40.914     3.9961 162.600815     2.7962    106.979  0.000e+00
    105.986     7.4495    31.5608    24.6506 1.9536e-01     0.1273      0.018    1477.86     40.911     3.9959 162.600815     2.7961    107.019  0.000e+00
    106.009     7.4492    31.5600    24.6500 2.0757e-01     0.1273      0.018    1477.85     40.909     3.9958 162.600816     2.7960    107.042  0.000e+00
    106.032     7.4491    31.5600    24.6500 1.9536e-01     0.1273      0.018    1477.85     40.909     3.9957 162.600816     2.7960    107.065  0.000e+00
    106.058     7.4490    31.5600    24.6500 1.9536e-01     0.1273      0.018    1477.85     40.909     3.9957 162.600817     2.7960    107.092  0.000e+00
    106.071     7.4489    31.5600    24.6500 1.9536e-01     0.1285      0.018    1477.85     40.910     3.9958 162.600817     2.7961    107.105  0.000e+00
    106.092     7.4487    31.5609    24.6507 1.9536e-01     0.1273      0.018    1477.85     40.912     3.9960 162.600818     2.7962    107.126  0.000e+00
    106.131     7.4492    31.5626    24.6521 2.0757e-01     0.1285      0.018    1477.86     40.915     3.9962 162.600818     2.7963    107.166  0.000e+00
    106.131     7.4500    31.5632    24.6524 2.0757e-01     0.1273      0.018    1477.86     40.856     3.9904 162.600819     2.7923    107.166  0.000e+00
    106.188     7.4507    31.5639    24.6528 2.0757e-01     0.1273      0.018    1477.87     40.854     3.9901 162.600819     2.7920    107.224  0.000e+00
    106.179     7.4515    31.5642    24.6530 1.9536e-01     0.1273      0.018    1477.87     40.852     3.9899 162.600820     2.7919    107.214  0.000e+00
    106.228     7.4517    31.5640    24.6528 2.0757e-01     0.1285      0.018    1477.87     40.853     3.9899 162.600820     2.7919    107.263  0.000e+00
    106.226     7.4518    31.5639    24.6527 2.0757e-01     0.1273      0.018    1477.87     40.854     3.9900 162.600821     2.7920    107.261  0.000e+00
    106.265     7.4519    31.5637    24.6525 2.0757e-01     0.1273      0.018    1477.87     40.857     3.9903 162.600821     2.7922    107.301  0.000e+00
    106.288     7.4521    31.5632    24.6521 1.9536e-01     0.1273      0.018    1477.87     40.790     3.9838 162.600822     2.7876    107.324  0.000e+00
    106.311     7.4517    31.5632    24.6521 1.9536e-01     0.1273      0.018    1477.87     40.842     3.9889 162.600822     2.7912    107.347  0.000e+00
    106.337     7.4514    31.5637    24.6526 1.9536e-01     0.1273      0.018    1477.87     40.778     3.9827 162.600823     2.7868    107.374  0.000e+00
    106.358     7.4519    31.5633    24.6523 1.9536e-01     0.1273      0.018    1477.87     40.770     3.9818 162.600823     2.7863    107.395  0.000e+00
    106.361     7.4518    31.5634    24.6523 2.0757e-01     0.1273      0.018    1477.87     40.763     3.9812 162.600824     2.7858    107.398  0.000e+00
    106.410     7.4521    31.5633    24.6522 2.0757e-01     0.1273      0.018    1477.88     40.758     3.9806 162.600824     2.7854    107.448  0.000e+00
    106.419     7.4517    31.5630    24.6521 2.0757e-01     0.1273      0.018    1477.87     40.753     3.9802 162.600825     2.7851    107.456  0.000e+00
    106.446     7.4517    31.5627    24.6518 2.0757e-01     0.1273      0.018    1477.87     40.750     3.9799 162.600825     2.7849    107.484  0.000e+00
    106.458     7.4517    31.5629    24.6519 1.9536e-01     0.1273      0.018    1477.87     40.749     3.9798 162.600826     2.7848    107.496  0.000e+00
    106.503     7.4515    31.5622    24.6514 1.9536e-01     0.1273      0.018    1477.87     40.748     3.9798 162.600826     2.7848    107.542  0.000e+00
    106.507     7.4512    31.5621    24.6514 2.0757e-01     0.1273      0.018    1477.87     40.686     3.9737 162.600827     2.7806    107.545  0.000e+00
    106.541     7.4509    31.5629    24.6520 1.9536e-01     0.1273      0.018    1477.87     40.673     3.9725 162.600827     2.7797    107.580  0.000e+00
    106.567     7.4511    31.5635    24.6525 2.0757e-01     0.1273      0.018    1477.87     40.669     3.9721 162.600828     2.7794    107.606  0.000e+00
    106.592     7.4517    31.5646    24.6533 2.0757e-01     0.1273      0.018    1477.88     40.667     3.9717 162.600828     2.7792    107.631  0.000e+00
    106.613     7.4529    31.5645    24.6531 2.0757e-01     0.1273      0.018    1477.88     40.666     3.9716 162.600829     2.7791    107.652  0.000e+00
    106.641     7.4532    31.5641    24.6526 2.0757e-01     0.1273      0.018    1477.88     40.604     3.9655 162.600829     2.7748    107.680  0.000e+00
    106.650     7.4532    31.5638    24.6524 2.0757e-01     0.1273      0.018    1477.88     40.662     3.9711 162.600829     2.7788    107.690  0.000e+00
    106.690     7.4529    31.5638    24.6525 2.0757e-01     0.1273      0.018    1477.88     40.658     3.9708 162.600830     2.7785    107.730  0.000e+00
    106.701     7.4529    31.5633    24.6521 1.9536e-01     0.1273      0.018    1477.88     40.601     3.9652 162.600830     2.7746    107.741  0.000e+00
    106.735     7.4525    31.5636    24.6524 2.0757e-01     0.1285      0.018    1477.88     40.593     3.9645 162.600831     2.7741    107.776  0.000e+00
    106.750     7.4525    31.5634    24.6523 2.0757e-01     0.1273      0.018    1477.88     40.587     3.9639 162.600831     2.7737    107.791  0.000e+00
    106.771     7.4527    31.5634    24.6522 2.0757e-01     0.1273      0.018    1477.88     40.582     3.9634 162.600832     2.7733    107.812  0.000e+00
    106.799     7.4527    31.5637    24.6525 1.9536e-01     0.1273      0.018    1477.88     40.578     3.9630 162.600832     2.7731    107.840  0.000e+00
    106.822     7.4529    31.5641    24.6527 2.0757e-01     0.1273      0.018    1477.89     40.514     3.9567 162.600833     2.7687    107.863  0.000e+00
    106.832     7.4532    31.5642    24.6527 1.9536e-01     0.1273      0.018    1477.89     40.506     3.9560 162.600833     2.7681    107.873  0.000e+00
    106.871     7.4532    31.5638    24.6525 2.0757e-01     0.1285      0.018    1477.89     40.493     3.9547 162.600834     2.7672    107.913  0.000e+00
    106.892     7.4535    31.5641    24.6527 1.9536e-01     0.1273      0.018    1477.89     40.489     3.9542 162.600834     2.7669    107.934  0.000e+00
    106.907     7.4538    31.5639    24.6525 2.0757e-01     0.1273      0.018    1477.89     40.479     3.9532 162.600835     2.7662    107.949  0.000e+00
    106.941     7.4538    31.5637    24.6523 1.9536e-01     0.1273      0.018    1477.89     40.479     3.9532 162.600835     2.7662    107.984  0.000e+00
    106.956     7.4537    31.5636    24.6522 1.9536e-01     0.1273      0.018    1477.89     40.472     3.9526 162.600836     2.7658    107.998  0.000e+00
    106.993     7.4532    31.5634    24.6522 1.9536e-01     0.1273      0.018    1477.89     40.405     3.9460 162.600836     2.7612    108.036  0.000e+00
    107.001     7.4530    31.5633    24.6521 2.0757e-01     0.1285      0.018    1477.89     40.402     3.9458 162.600837     2.7610    108.045  0.000e+00
    107.029     7.4529    31.5638    24.6525 2.0757e-01     0.1273      0.018    1477.89     40.456     3.9511 162.600837     2.7647    108.073  0.000e+00
    107.050     7.4533    31.5635    24.6522 1.9536e-01     0.1273      0.018    1477.89     40.394     3.9450 162.600838     2.7605    108.094  0.000e+00
    107.078     7.4533    31.5631    24.6519 1.9536e-01     0.1273      0.018    1477.89     40.389     3.9445 162.600838     2.7602    108.122  0.000e+00
    107.086     7.4533    31.5631    24.6519 1.9536e-01     0.1273      0.018    1477.89     40.386     3.9442 162.600839     2.7599    108.130  0.000e+00
    107.125     7.4533    31.5631    24.6519 1.9536e-01     0.1273      0.018    1477.89     40.323     3.9380 162.600839     2.7556    108.170  0.000e+00
    107.147     7.4530    31.5635    24.6522 1.9536e-01     0.1273      0.018    1477.89     40.316     3.9374 162.600840     2.7552    108.191  0.000e+00
    107.163     7.4532    31.5630    24.6519 2.0757e-01     0.1273      0.018    1477.89     40.312     3.9370 162.600840     2.7549    108.208  0.000e+00
    107.199     7.4529    31.5632    24.6520 2.0757e-01     0.1273      0.018    1477.89     40.310     3.9368 162.600841     2.7547    108.244  0.000e+00
    107.207     7.4529    31.5636    24.6523 1.9536e-01     0.1273      0.018    1477.89     40.310     3.9368 162.600841     2.7547    108.252  0.000e+00
    107.235     7.4529    31.5633    24.6521 1.9536e-01     0.1273      0.018    1477.89     40.312     3.9370 162.600842     2.7549    108.280  0.000e+00
    107.256     7.4529    31.5636    24.6523 2.0757e-01     0.1273      0.018    1477.89     40.254     3.9314 162.600842     2.7509    108.302  0.000e+00
    107.284     7.4532    31.5634    24.6521 2.0757e-01     0.1273      0.018    1477.89     40.246     3.9305 162.600842     2.7504    108.330  0.000e+00
    107.305     7.4530    31.5636    24.6523 2.0757e-01     0.1273      0.018    1477.89     40.240     3.9299 162.600843     2.7499    108.351  0.000e+00
    107.320     7.4530    31.5638    24.6525 1.9536e-01     0.1273      0.018    1477.89     40.236     3.9295 162.600843     2.7497    108.366  0.000e+00
    107.352     7.4530    31.5634    24.6521 2.0757e-01     0.1273      0.018    1477.89     40.171     3.9233 162.600844     2.7453    108.399  0.000e+00
    107.380     7.4527    31.5635    24.6523 2.0757e-01     0.1273      0.018    1477.89     40.165     3.9226 162.600844     2.7448    108.427  0.000e+00
    107.390     7.4525    31.5637    24.6525 2.0757e-01     0.1273      0.018    1477.89     40.223     3.9283 162.600845     2.7488    108.437  0.000e+00
    107.429     7.4521    31.5640    24.6528 1.9536e-01     0.1273      0.018    1477.89     40.158     3.9220 162.600845     2.7444    108.477  0.000e+00
    107.437     7.4519    31.5642    24.6529 1.9536e-01     0.1273      0.018    1477.89     40.158     3.9220 162.600846     2.7444    108.485  0.000e+00
    107.465     7.4518    31.5635    24.6524 1.9536e-01     0.1273      0.018    1477.89     40.153     3.9216 162.600846     2.7441    108.513  0.000e+00
    107.499     7.4515    31.5640    24.6528 1.9536e-01     0.1273      0.018    1477.89     40.150     3.9213 162.600847     2.7439    108.548  0.000e+00
    107.503     7.4512    31.5642    24.6530 1.9536e-01     0.1273      0.018    1477.89     40.149     3.9212 162.600847     2.7438    108.551  0.000e+00
    107.539     7.4509    31.5642    24.6531 1.9536e-01     0.1273      0.018    1477.89     40.150     3.9214 162.600848     2.7439    108.587  0.000e+00
    107.560     7.4507    31.5647    24.6535 1.9536e-01     0.1273      0.018    1477.89     40.091     3.9156 162.600848     2.7399    108.609  0.000e+00
    107.563     7.4508    31.5645    24.6533 1.9536e-01     0.1273      0.018    1477.89     40.090     3.9155 162.600849     2.7398    108.612  0.000e+00
    107.607     7.4508    31.5642    24.6531 1.9536e-01     0.1273      0.018    1477.89     40.091     3.9156 162.600849     2.7399    108.656  0.000e+00
    107.636     7.4509    31.5639    24.6528 1.9536e-01     0.1273      0.018    1477.89     40.032     3.9098 162.600850     2.7359    108.686  0.000e+00
    107.645     7.4503    31.5640    24.6530 1.9536e-01     0.1273      0.018    1477.89     40.023     3.9090 162.600850     2.7353    108.694  0.000e+00
    107.659     7.4500    31.5636    24.6527 1.9536e-01     0.1273      0.018    1477.89     40.017     3.9084 162.600851     2.7349    108.709  0.000e+00
    107.692     7.4496    31.5637    24.6528 1.9536e-01     0.1273      0.018    1477.89     39.950     3.9019 162.600851     2.7303    108.742  0.000e+00
    107.708     7.4489    31.5640    24.6532 1.9536e-01     0.1273      0.018    1477.89     39.941     3.9011 162.600852     2.7298    108.759  0.000e+00
    107.741     7.4487    31.5642    24.6533 2.0757e-01     0.1273      0.018    1477.89     39.936     3.9006 162.600852     2.7294    108.792  0.000e+00
    107.744     7.4485    31.5646    24.6537 2.0757e-01     0.1273      0.018    1477.89     39.925     3.8995 162.600853     2.7287    108.795  0.000e+00
    107.777     7.4485    31.5645    24.6536 1.9536e-01     0.1273      0.018    1477.89     39.924     3.8995 162.600853     2.7286    108.828  0.000e+00
    107.769     7.4487    31.5638    24.6530 1.9536e-01     0.1273      0.018    1477.89     39.926     3.8997 162.600854     2.7288    108.820  0.000e+00
    107.862     7.4483    31.5646    24.6537 1.9536e-01     0.1273      0.018    1477.89     39.924     3.8995 162.600854     2.7286    108.914  0.000e+00
    107.839     7.4482    31.5643    24.6535 1.9536e-01     0.1273      0.018    1477.89     39.923     3.8994 162.600855     2.7286    108.891  0.000e+00
    107.878     7.4482    31.5637    24.6530 1.9536e-01     0.1273      0.018    1477.89     39.863     3.8936 162.600855     2.7245    108.930  0.000e+00
    107.886     7.4477    31.5643    24.6535 1.9536e-01     0.1273      0.018    1477.88     39.861     3.8934 162.600856     2.7244    108.938  0.000e+00
    107.916     7.4477    31.5642    24.6535 1.9536e-01     0.1273      0.018    1477.88     39.861     3.8934 162.600856     2.7244    108.968  0.000e+00
    107.935     7.4471    31.5649    24.6541 1.9536e-01     0.1273      0.018    1477.88     39.857     3.8930 162.600856     2.7241    108.988  0.000e+00
    107.963     7.4471    31.5650    24.6542 1.9536e-01     0.1273      0.018    1477.88     39.855     3.8928 162.600857     2.7240    109.016  0.000e+00
    107.984     7.4468    31.5650    24.6543 2.0757e-01     0.1273      0.018    1477.88     39.792     3.8868 162.600857     2.7197    109.037  0.000e+00
