20190611/D2_20190611_down.cnv
* Sea-Bird SBE 9 Data File:
* FileName = C:\CTD Brukere\NIVA\OKOKYST2019\20190611\D2_20190611.hex
* Software Version Seasave V 7.23.2
* Temperature SN = 5352
* Conductivity SN = 3840
* Number of Bytes Per Scan = 28
* Number of Voltage Words = 4
* Number of Scans Averaged by the Deck Unit = 1
* NMEA baud rate = 4800
** Ship: R/V Trygve Braarud
** Cruise:
** Station:
** Operator:
# nquan = 14
# nvalues = 5581                                  
# units = specified
# name 0 = depSM: Depth [salt water, m], lat = 59.60
# name 1 = t090C: Temperature [ITS-90, deg C]
# name 2 = sal00: Salinity, Practical [PSU]
# name 3 = sigma-t00: Density [sigma-t, kg/m^3 ]
# name 4 = flSP: Fluorescence, Seapoint
# name 5 = wetStar: Fluorescence, WET Labs WETstar [mg/m^3]
# name 6 = seaTurbMtr: Turbidity, Seapoint [FTU]
# name 7 = svCM: Sound Velocity [Chen-Millero, m/s]
# name 8 = sbeox0PS: Oxygen, SBE 43 [% saturation]
# name 9 = sbeox0Mg/L: Oxygen, SBE 43 [mg/l]
# name 10 = timeJ: Julian Days
# name 11 = sbeox0ML/L: Oxygen, SBE 43 [ml/l]
# name 12 = prDM: Pressure, Digiquartz [db]
# name 13 = flag:  0.000e+00
# span 0 =      0.135,    118.004                 
# span 1 =     6.6623,    12.5217                 
# span 2 =     0.6232,    31.5798                 
# span 3 =    -0.0754,    24.6696                 
# span 4 = 1.9536e-01, 1.1722e+00                 
# span 5 =     0.1261,     0.1298                 
# span 6 =      0.011,      0.018                 
# span 7 =    1455.57,    1478.02                 
# span 8 =     31.147,     82.668                 
# span 9 =     3.0432,     8.8928                 
# span 10 = 162.598519, 162.601209                
# span 11 =     2.1294,     6.2227                
# span 12 =      0.137,    119.157                
# span 13 = 0.0000e+00, 0.0000e+00                
# interval = seconds: 0.0416667
# start_time = Jun 11 2019 14:21:52 [System UpLoad Time]
# bad_flag = -9.990e-29
*END*
[from data line 2994]
     62.729     7.5847    31.4690    24.5600 2.0757e-01     0.1273      0.018    1477.55     39.436     3.8422 162.599962     2.6886     63.334  0.000e+00
     62.729     7.5836    31.4673    24.5588 2.0757e-01     0.1273      0.018    1477.54     39.435     3.8422 162.599963     2.6886     63.334  0.000e+00
     62.778     7.5818    31.4701    24.5613 2.1978e-01     0.1285      0.018    1477.54     39.434     3.8423 162.599963     2.6886     63.383  0.000e+00
     62.789     7.5843    31.4732    24.5633 2.0757e-01     0.1273      0.018    1477.55     39.371     3.8359 162.599964     2.6841     63.394  0.000e+00
     62.802     7.5862    31.4744    24.5640 2.1978e-01     0.1285      0.018    1477.56     39.426     3.8410 162.599964     2.6877     63.408  0.000e+00
     62.825     7.5879    31.4739    24.5634 2.0757e-01     0.1285      0.018    1477.57     39.426     3.8409 162.599965     2.6876     63.431  0.000e+00
     62.849     7.5887    31.4723    24.5620 2.0757e-01     0.1285      0.018    1477.57     39.427     3.8409 162.599965     2.6877     63.455  0.000e+00
     62.885     7.5880    31.4685    24.5591 2.0757e-01     0.1273      0.018    1477.56     39.428     3.8412 162.599966     2.6878     63.491  0.000e+00
     62.898     7.5857    31.4667    24.5580 2.1978e-01     0.1285      0.018    1477.55     39.430     3.8416 162.599966     2.6881     63.504  0.000e+00
     62.922     7.5852    31.4695    24.5603 2.0757e-01     0.1273      0.018    1477.55     39.431     3.8417 162.599967     2.6882     63.529  0.000e+00
     62.945     7.5862    31.4717    24.5619 2.0757e-01     0.1273      0.018    1477.56     39.433     3.8418 162.599967     2.6882     63.552  0.000e+00
     62.983     7.5859    31.4693    24.5600 2.0757e-01     0.1273      0.018    1477.56     39.436     3.8421 162.599968     2.6885     63.590  0.000e+00
     62.958     7.5839    31.4677    24.5590 2.1978e-01     0.1285      0.018    1477.55     39.438     3.8425 162.599968     2.6888     63.565  0.000e+00
     63.046     7.5839    31.4700    24.5609 2.0757e-01     0.1273      0.018    1477.55     39.441     3.8428 162.599969     2.6890     63.654  0.000e+00
     63.043     7.5849    31.4721    24.5624 2.0757e-01     0.1273      0.018    1477.56     39.444     3.8429 162.599969     2.6891     63.651  0.000e+00
     63.067     7.5862    31.4730    24.5629 2.0757e-01     0.1273      0.018    1477.56     39.386     3.8371 162.599970     2.6850     63.675  0.000e+00
     63.103     7.5870    31.4724    24.5623 2.1978e-01     0.1285      0.018    1477.57     39.382     3.8367 162.599970     2.6847     63.711  0.000e+00
     63.114     7.5870    31.4734    24.5631 2.0757e-01     0.1273      0.018    1477.57     39.380     3.8364 162.599971     2.6845     63.723  0.000e+00
     63.127     7.5874    31.4729    24.5627 2.1978e-01     0.1273      0.018    1477.57     39.378     3.8362 162.599971     2.6843     63.736  0.000e+00
     63.150     7.5863    31.4679    24.5589 2.1978e-01     0.1273      0.018    1477.56     39.376     3.8363 162.599972     2.6844     63.759  0.000e+00
     63.188     7.5839    31.4682    24.5594 2.0757e-01     0.1273      0.018    1477.55     39.376     3.8364 162.599972     2.6845     63.797  0.000e+00
     63.210     7.5846    31.4730    24.5631 2.0757e-01     0.1273      0.018    1477.56     39.375     3.8362 162.599973     2.6844     63.820  0.000e+00
     63.235     7.5868    31.4759    24.5651 2.0757e-01     0.1273      0.018    1477.57     39.438     3.8420 162.599973     2.6884     63.844  0.000e+00
     63.248     7.5889    31.4772    24.5658 2.1978e-01     0.1273      0.018    1477.58     39.384     3.8366 162.599973     2.6846     63.858  0.000e+00
     63.284     7.5907    31.4777    24.5660 2.0757e-01     0.1285      0.018    1477.59     39.447     3.8426 162.599974     2.6888     63.894  0.000e+00
     63.295     7.5914    31.4779    24.5661 2.0757e-01     0.1273      0.018    1477.59     39.394     3.8373 162.599974     2.6851     63.905  0.000e+00
     63.332     7.5919    31.4775    24.5656 2.0757e-01     0.1285      0.018    1477.60     39.389     3.8368 162.599975     2.6847     63.943  0.000e+00
     63.355     7.5921    31.4751    24.5637 2.0757e-01     0.1285      0.018    1477.59     39.391     3.8371 162.599975     2.6850     63.966  0.000e+00
     63.368     7.5900    31.4715    24.5612 2.0757e-01     0.1273      0.018    1477.58     39.387     3.8369 162.599976     2.6848     63.979  0.000e+00
     63.396     7.5868    31.4676    24.5586 2.0757e-01     0.1273      0.018    1477.56     39.383     3.8369 162.599976     2.6848     64.007  0.000e+00
     63.440     7.5834    31.4664    24.5581 2.0757e-01     0.1273      0.018    1477.55     39.387     3.8376 162.599977     2.6853     64.051  0.000e+00
     63.440     7.5818    31.4670    24.5588 2.0757e-01     0.1273      0.018    1477.55     39.383     3.8374 162.599977     2.6852     64.051  0.000e+00
     63.464     7.5810    31.4664    24.5584 2.0757e-01     0.1285      0.015    1477.54     39.388     3.8380 162.599978     2.6856     64.076  0.000e+00
     63.488     7.5797    31.4654    24.5578 2.0757e-01     0.1273      0.018    1477.54     39.386     3.8379 162.599978     2.6855     64.101  0.000e+00
     63.513     7.5788    31.4658    24.5583 2.0757e-01     0.1273      0.018    1477.53     39.392     3.8385 162.599979     2.6860     64.125  0.000e+00
     63.524     7.5791    31.4684    24.5602 2.0757e-01     0.1273      0.018    1477.54     39.328     3.8322 162.599979     2.6816     64.137  0.000e+00
     63.560     7.5812    31.4721    24.5629 2.0757e-01     0.1273      0.018    1477.55     39.320     3.8311 162.599980     2.6808     64.173  0.000e+00
     63.596     7.5833    31.4736    24.5638 2.1978e-01     0.1273      0.018    1477.56     39.374     3.8362 162.599980     2.6844     64.209  0.000e+00
     63.596     7.5852    31.4749    24.5645 2.1978e-01     0.1273      0.018    1477.57     39.374     3.8360 162.599981     2.6842     64.209  0.000e+00
     63.633     7.5863    31.4754    24.5648 2.1978e-01     0.1273      0.018    1477.58     39.313     3.8299 162.599981     2.6799     64.247  0.000e+00
     63.648     7.5868    31.4754    24.5647 2.0757e-01     0.1273      0.018    1477.58     39.306     3.8292 162.599982     2.6795     64.262  0.000e+00
     63.680     7.5867    31.4742    24.5638 2.0757e-01     0.1273      0.018    1477.58     39.300     3.8287 162.599982     2.6791     64.294  0.000e+00
     63.680     7.5855    31.4737    24.5636 2.0757e-01     0.1273      0.018    1477.57     39.295     3.8283 162.599983     2.6788     64.294  0.000e+00
     63.718     7.5848    31.4729    24.5630 2.0757e-01     0.1273      0.018    1477.57     39.291     3.8280 162.599983     2.6786     64.332  0.000e+00
     63.754     7.5833    31.4722    24.5627 2.0757e-01     0.1273      0.018    1477.56     39.225     3.8217 162.599984     2.6742     64.368  0.000e+00
     63.765     7.5825    31.4715    24.5623 2.1978e-01     0.1285      0.018    1477.56     39.277     3.8268 162.599984     2.6778     64.380  0.000e+00
     63.801     7.5815    31.4705    24.5616 2.0757e-01     0.1273      0.018    1477.55     39.274     3.8267 162.599985     2.6777     64.416  0.000e+00
     63.814     7.5802    31.4700    24.5614 2.0757e-01     0.1285      0.018    1477.55     39.211     3.8206 162.599985     2.6735     64.429  0.000e+00
     63.838     7.5791    31.4717    24.5628 2.0757e-01     0.1285      0.018    1477.55     39.202     3.8199 162.599986     2.6729     64.454  0.000e+00
     63.866     7.5798    31.4734    24.5641 2.0757e-01     0.1285      0.018    1477.55     39.195     3.8191 162.599986     2.6724     64.482  0.000e+00
     63.885     7.5801    31.4755    24.5657 2.0757e-01     0.1273      0.018    1477.56     39.189     3.8184 162.599986     2.6719     64.501  0.000e+00
     63.923     7.5804    31.4768    24.5667 2.0757e-01     0.1273      0.018    1477.56     39.183     3.8178 162.599987     2.6715     64.539  0.000e+00
     63.946     7.5810    31.4771    24.5668 2.0757e-01     0.1273      0.018    1477.56     39.171     3.8165 162.599987     2.6706     64.562  0.000e+00
     63.959     7.5813    31.4765    24.5663 2.1978e-01     0.1285      0.018    1477.56     39.167     3.8162 162.599988     2.6703     64.575  0.000e+00
     63.983     7.5804    31.4749    24.5652 2.0757e-01     0.1273      0.018    1477.56     39.164     3.8160 162.599988     2.6702     64.600  0.000e+00
     63.994     7.5799    31.4742    24.5647 2.1978e-01     0.1285      0.018    1477.56     39.162     3.8158 162.599989     2.6701     64.612  0.000e+00
     64.033     7.5801    31.4760    24.5661 2.0757e-01     0.1273      0.018    1477.56     39.161     3.8157 162.599989     2.6700     64.651  0.000e+00
     64.055     7.5814    31.4781    24.5676 2.0757e-01     0.1273      0.018    1477.57     39.099     3.8094 162.599990     2.6656     64.672  0.000e+00
     64.090     7.5831    31.4788    24.5678 2.1978e-01     0.1273      0.018    1477.58     39.092     3.8087 162.599990     2.6651     64.708  0.000e+00
     64.115     7.5847    31.4795    24.5682 2.0757e-01     0.1273      0.018    1477.58     39.087     3.8080 162.599991     2.6646     64.733  0.000e+00
     64.151     7.5862    31.4802    24.5685 2.0757e-01     0.1273      0.018    1477.59     39.083     3.8075 162.599991     2.6642     64.769  0.000e+00
     64.139     7.5871    31.4810    24.5690 2.1978e-01     0.1273      0.018    1477.59     39.081     3.8071 162.599992     2.6640     64.758  0.000e+00
     64.188     7.5884    31.4804    24.5684 2.1978e-01     0.1273      0.018    1477.60     39.079     3.8069 162.599992     2.6638     64.807  0.000e+00
     64.203     7.5888    31.4801    24.5682 2.0757e-01     0.1273      0.018    1477.60     39.079     3.8068 162.599993     2.6638     64.822  0.000e+00
     64.224     7.5894    31.4806    24.5684 2.1978e-01     0.1273      0.018    1477.60     39.072     3.8061 162.599993     2.6633     64.843  0.000e+00
     64.235     7.5895    31.4803    24.5682 2.1978e-01     0.1285      0.018    1477.60     39.004     3.7995 162.599994     2.6587     64.855  0.000e+00
     64.271     7.5894    31.4795    24.5676 2.1978e-01     0.1273      0.018    1477.60     38.993     3.7984 162.599994     2.6579     64.891  0.000e+00
     64.295     7.5882    31.4789    24.5672 2.1978e-01     0.1285      0.018    1477.60     38.982     3.7974 162.599995     2.6572     64.915  0.000e+00
     64.331     7.5874    31.4777    24.5664 2.1978e-01     0.1273      0.018    1477.59     38.972     3.7966 162.599995     2.6567     64.952  0.000e+00
     64.347     7.5862    31.4764    24.5655 2.0757e-01     0.1285      0.018    1477.59     38.964     3.7960 162.599996     2.6562     64.968  0.000e+00
     64.380     7.5846    31.4753    24.5649 2.0757e-01     0.1273      0.018    1477.58     38.957     3.7955 162.599996     2.6558     65.001  0.000e+00
     64.393     7.5835    31.4758    24.5655 2.0757e-01     0.1273      0.018    1477.58     38.959     3.7957 162.599997     2.6560     65.014  0.000e+00
     64.416     7.5844    31.4787    24.5676 2.0757e-01     0.1273      0.018    1477.59     38.955     3.7952 162.599997     2.6556     65.037  0.000e+00
     64.429     7.5862    31.4806    24.5689 2.0757e-01     0.1273      0.018    1477.60     38.898     3.7894 162.599998     2.6516     65.050  0.000e+00
     64.456     7.5879    31.4818    24.5696 2.0757e-01     0.1273      0.018    1477.60     38.889     3.7884 162.599998     2.6509     65.078  0.000e+00
     64.500     7.5894    31.4831    24.5704 2.0757e-01     0.1273      0.018    1477.61     38.882     3.7875 162.599999     2.6503     65.122  0.000e+00
     64.489     7.5908    31.4831    24.5702 2.0757e-01     0.1273      0.018    1477.62     38.877     3.7869 162.599999     2.6498     65.111  0.000e+00
     64.536     7.5921    31.4835    24.5704 2.0757e-01     0.1273      0.018    1477.62     38.873     3.7864 162.600000     2.6495     65.159  0.000e+00
     64.560     7.5937    31.4840    24.5705 2.0757e-01     0.1273      0.018    1477.63     38.870     3.7860 162.600000     2.6492     65.183  0.000e+00
     64.585     7.5953    31.4838    24.5701 2.0757e-01     0.1273      0.018    1477.64     38.869     3.7858 162.600000     2.6490     65.208  0.000e+00
     64.613     7.5958    31.4836    24.5699 2.1978e-01     0.1273      0.018    1477.64     38.870     3.7858 162.600001     2.6491     65.236  0.000e+00
     64.634     7.5951    31.4803    24.5674 2.1978e-01     0.1273      0.018    1477.63     38.873     3.7862 162.600001     2.6493     65.257  0.000e+00
     64.658     7.5923    31.4785    24.5664 2.1978e-01     0.1273      0.018    1477.62     38.876     3.7868 162.600002     2.6498     65.282  0.000e+00
     64.694     7.5919    31.4811    24.5685 2.0757e-01     0.1273      0.018    1477.62     38.820     3.7813 162.600002     2.6459     65.318  0.000e+00
     64.669     7.5937    31.4844    24.5709 2.0757e-01     0.1273      0.018    1477.63     38.812     3.7802 162.600003     2.6452     65.293  0.000e+00
     64.757     7.5955    31.4862    24.5720 2.0757e-01     0.1273      0.018    1477.64     38.806     3.7795 162.600003     2.6446     65.382  0.000e+00
     64.754     7.5964    31.4871    24.5726 2.1978e-01     0.1273      0.018    1477.65     38.870     3.7857 162.600004     2.6490     65.379  0.000e+00
     64.778     7.5974    31.4872    24.5725 2.1978e-01     0.1273      0.018    1477.65     38.820     3.7807 162.600004     2.6455     65.403  0.000e+00
     64.801     7.5975    31.4871    24.5724 2.1978e-01     0.1285      0.018    1477.65     38.819     3.7805 162.600005     2.6454     65.426  0.000e+00
     64.829     7.5974    31.4871    24.5725 2.0757e-01     0.1285      0.018    1477.65     38.819     3.7806 162.600005     2.6454     65.454  0.000e+00
     64.863     7.5975    31.4879    24.5731 2.0757e-01     0.1273      0.018    1477.66     38.820     3.7807 162.600006     2.6455     65.489  0.000e+00
     64.874     7.5975    31.4880    24.5731 2.0757e-01     0.1273      0.018    1477.66     38.824     3.7810 162.600006     2.6457     65.500  0.000e+00
     64.910     7.5974    31.4883    24.5734 2.0757e-01     0.1285      0.018    1477.66     38.828     3.7815 162.600007     2.6460     65.536  0.000e+00
     64.899     7.5972    31.4885    24.5736 2.0757e-01     0.1273      0.018    1477.66     38.765     3.7753 162.600007     2.6417     65.525  0.000e+00
     64.962     7.5967    31.4880    24.5732 2.0757e-01     0.1273      0.018    1477.65     38.765     3.7754 162.600008     2.6418     65.589  0.000e+00
     64.983     7.5961    31.4883    24.5735 2.0757e-01     0.1273      0.018    1477.65     38.768     3.7757 162.600008     2.6420     65.610  0.000e+00
     64.995     7.5958    31.4878    24.5732 2.1978e-01     0.1273      0.018    1477.65     38.764     3.7754 162.600009     2.6418     65.622  0.000e+00
     65.031     7.5950    31.4883    24.5737 2.1978e-01     0.1273      0.018    1477.65     38.762     3.7752 162.600009     2.6417     65.658  0.000e+00
     65.058     7.5945    31.4877    24.5733 2.1978e-01     0.1285      0.018    1477.65     38.762     3.7752 162.600010     2.6417     65.686  0.000e+00
     65.079     7.5937    31.4878    24.5735 2.0757e-01     0.1273      0.018    1477.64     38.763     3.7754 162.600010     2.6418     65.707  0.000e+00
     65.104     7.5931    31.4879    24.5736 2.0757e-01     0.1285      0.018    1477.64     38.765     3.7757 162.600011     2.6420     65.732  0.000e+00
     65.128     7.5928    31.4882    24.5739 2.0757e-01     0.1273      0.018    1477.64     38.769     3.7761 162.600011     2.6423     65.757  0.000e+00
