20190611/D2_20190611_down.cnv
* Sea-Bird SBE 9 Data File:
* FileName = C:\CTD Brukere\NIVA\OKOKYST2019\20190611\D2_20190611.hex
* Software Version Seasave V 7.23.2
* Temperature SN = 5352
* Conductivity SN = 3840
* Number of Bytes Per Scan = 28
* Number of Voltage Words = 4
* Number of Scans Averaged by the Deck Unit = 1
* NMEA baud rate = 4800
** Ship: R/V Trygve Braarud
** Cruise:
** Station:
** Operator:
# nquan = 14
# nvalues = 5581                                  
# units = specified
# name 0 = depSM: Depth [salt water, m], lat = 59.60
# name 1 = t090C: Temperature [ITS-90, deg C]
# name 2 = sal00: Salinity, Practical [PSU]
# name 3 = sigma-t00: Density [sigma-t, kg/m^3 ]
# name 4 = flSP: Fluorescence, Seapoint
# name 5 = wetStar: Fluorescence, WET Labs WETstar [mg/m^3]
# name 6 = seaTurbMtr: Turbidity, Seapoint [FTU]
# name 7 = svCM: Sound Velocity [Chen-Millero, m/s]
# name 8 = sbeox0PS: Oxygen, SBE 43 [% saturation]
# name 9 = sbeox0Mg/L: Oxygen, SBE 43 [mg/l]
# name 10 = timeJ: Julian Days
# name 11 = sbeox0ML/L: Oxygen, SBE 43 [ml/l]
# name 12 = prDM: Pressure, Digiquartz [db]
# name 13 = flag:  0.000e+00
# span 0 =      0.135,    118.004                 
# span 1 =     6.6623,    12.5217                 
# span 2 =     0.6232,    31.5798                 
# span 3 =    -0.0754,    24.6696                 
# span 4 = 1.9536e-01, 1.1722e+00                 
# span 5 =     0.1261,     0.1298                 
# span 6 =      0.011,      0.018                 
# span 7 =    1455.57,    1478.02                 
# span 8 =     31.147,     82.668                 
# span 9 =     3.0432,     8.8928                 
# span 10 = 162.598519, 162.601209                
# span 11 =     2.1294,     6.2227                
# span 12 =      0.137,    119.157                
# span 13 = 0.0000e+00, 0.0000e+00                
# interval = seconds: 0.0416667
# start_time = Jun 11 2019 14:21:52 [System UpLoad Time]
# bad_flag = -9.990e-29
*END*
[from data line 310]
      0.245    12.4959     0.6241    -0.0718 5.3724e-01     0.1285      0.018    1457.66     82.558     8.7639 162.598668     6.1324      0.248  0.000e+00
      0.232    12.4957     0.6241    -0.0718 5.3724e-01     0.1298      0.015    1457.66     82.556     8.7638 162.598668     6.1324      0.235  0.000e+00
      0.257    12.4952     0.6242    -0.0717 5.3724e-01     0.1285      0.015    1457.66     82.555     8.7637 162.598669     6.1323      0.259  0.000e+00
      0.268    12.4970     0.6242    -0.0719 5.4945e-01     0.1285      0.018    1457.67     82.553     8.7631 162.598669     6.1319      0.270  0.000e+00
      0.257    12.4990     0.6241    -0.0722 5.4945e-01     0.1285      0.015    1457.67     82.550     8.7624 162.598670     6.1314      0.259  0.000e+00
      0.270    12.5000     0.6240    -0.0724 5.6166e-01     0.1285      0.018    1457.68     82.546     8.7618 162.598670     6.1310      0.272  0.000e+00
      0.257    12.5007     0.6240    -0.0725 5.4945e-01     0.1285      0.015    1457.68     82.547     8.7618 162.598671     6.1310      0.259  0.000e+00
      0.268    12.5011     0.6239    -0.0726 5.4945e-01     0.1285      0.018    1457.68     82.548     8.7618 162.598671     6.1310      0.270  0.000e+00
      0.281    12.5016     0.6240    -0.0726 5.4945e-01     0.1285      0.018    1457.68     82.549     8.7618 162.598672     6.1310      0.284  0.000e+00
      0.257    12.5015     0.6240    -0.0726 5.4945e-01     0.1273      0.015    1457.68     82.549     8.7618 162.598672     6.1310      0.259  0.000e+00
      0.270    12.5008     0.6241    -0.0724 5.4945e-01     0.1285      0.015    1457.68     82.548     8.7619 162.598673     6.1311      0.272  0.000e+00
      0.268    12.5000     0.6241    -0.0723 5.4945e-01     0.1298      0.015    1457.68     82.607     8.7683 162.598673     6.1355      0.270  0.000e+00
      0.257    12.4983     0.6242    -0.0721 5.4945e-01     0.1285      0.015    1457.67     82.611     8.7690 162.598674     6.1361      0.259  0.000e+00
      0.257    12.4970     0.6241    -0.0720 5.4945e-01     0.1285      0.015    1457.67     82.555     8.7633 162.598674     6.1320      0.259  0.000e+00
      0.257    12.4959     0.6241    -0.0718 5.4945e-01     0.1285      0.015    1457.66     82.552     8.7632 162.598675     6.1320      0.259  0.000e+00
      0.255    12.4951     0.6242    -0.0717 5.4945e-01     0.1285      0.015    1457.66     82.548     8.7630 162.598675     6.1318      0.257  0.000e+00
      0.232    12.4947     0.6242    -0.0716 5.3724e-01     0.1285      0.015    1457.66     82.604     8.7690 162.598676     6.1360      0.235  0.000e+00
      0.232    12.4946     0.6242    -0.0716 5.3724e-01     0.1285      0.015    1457.66     82.611     8.7698 162.598676     6.1366      0.235  0.000e+00
      0.221    12.4942     0.6241    -0.0716 5.3724e-01     0.1285      0.015    1457.66     82.612     8.7699 162.598677     6.1367      0.223  0.000e+00
      0.219    12.4944     0.6241    -0.0716 5.3724e-01     0.1285      0.018    1457.66     82.558     8.7642 162.598677     6.1327      0.221  0.000e+00
      0.221    12.4944     0.6242    -0.0716 5.3724e-01     0.1285      0.015    1457.66     82.558     8.7642 162.598678     6.1327      0.223  0.000e+00
      0.210    12.4942     0.6241    -0.0716 5.3724e-01     0.1285      0.015    1457.66     82.552     8.7635 162.598678     6.1322      0.212  0.000e+00
      0.197    12.4944     0.6240    -0.0717 5.2503e-01     0.1285      0.015    1457.66     82.611     8.7698 162.598679     6.1366      0.199  0.000e+00
      0.219    12.4942     0.6240    -0.0717 5.2503e-01     0.1285      0.015    1457.66     82.609     8.7697 162.598679     6.1365      0.221  0.000e+00
      0.185    12.4944     0.6241    -0.0716 5.3724e-01     0.1298      0.015    1457.66     82.553     8.7637 162.598680     6.1323      0.187  0.000e+00
      0.197    12.4944     0.6241    -0.0717 5.3724e-01     0.1285      0.015    1457.66     82.605     8.7692 162.598680     6.1361      0.199  0.000e+00
      0.210    12.4946     0.6241    -0.0717 5.3724e-01     0.1285      0.015    1457.66     82.548     8.7631 162.598681     6.1319      0.212  0.000e+00
      0.160    12.4946     0.6242    -0.0716 5.4945e-01     0.1285      0.015    1457.66     82.544     8.7627 162.598681     6.1316      0.161  0.000e+00
      0.210    12.4947     0.6242    -0.0716 5.4945e-01     0.1285      0.015    1457.66     82.601     8.7687 162.598682     6.1358      0.212  0.000e+00
      0.210    12.4951     0.6241    -0.0717 5.4945e-01     0.1285      0.015    1457.66     82.543     8.7625 162.598682     6.1315      0.212  0.000e+00
      0.184    12.4957     0.6240    -0.0718 5.6166e-01     0.1285      0.015    1457.66     82.539     8.7619 162.598682     6.1311      0.186  0.000e+00
      0.221    12.4975     0.6241    -0.0721 5.4945e-01     0.1285      0.015    1457.67     82.535     8.7612 162.598683     6.1305      0.223  0.000e+00
      0.197    12.4987     0.6241    -0.0722 5.4945e-01     0.1285      0.015    1457.67     82.530     8.7604 162.598683     6.1300      0.199  0.000e+00
      0.210    12.4995     0.6240    -0.0723 5.4945e-01     0.1285      0.018    1457.67     82.526     8.7598 162.598684     6.1296      0.212  0.000e+00
      0.244    12.4998     0.6241    -0.0723 5.6166e-01     0.1298      0.015    1457.68     82.521     8.7592 162.598684     6.1292      0.246  0.000e+00
      0.245    12.4992     0.6240    -0.0723 5.7387e-01     0.1285      0.015    1457.67     82.516     8.7588 162.598685     6.1289      0.248  0.000e+00
      0.257    12.4984     0.6241    -0.0722 5.6166e-01     0.1285      0.018    1457.67     82.510     8.7584 162.598685     6.1286      0.259  0.000e+00
      0.257    12.4977     0.6241    -0.0721 5.4945e-01     0.1285      0.015    1457.67     82.505     8.7579 162.598686     6.1282      0.259  0.000e+00
      0.279    12.4967     0.6241    -0.0719 5.4945e-01     0.1285      0.015    1457.67     82.499     8.7575 162.598686     6.1280      0.282  0.000e+00
      0.292    12.4954     0.6241    -0.0718 5.4945e-01     0.1285      0.015    1457.66     82.493     8.7571 162.598687     6.1277      0.295  0.000e+00
      0.292    12.4952     0.6242    -0.0717 5.3724e-01     0.1298      0.018    1457.66     82.486     8.7564 162.598687     6.1272      0.295  0.000e+00
      0.316    12.4965     0.6241    -0.0719 5.4945e-01     0.1285      0.018    1457.67     82.480     8.7555 162.598688     6.1266      0.319  0.000e+00
      0.328    12.4979     0.6240    -0.0721 5.4945e-01     0.1285      0.018    1457.67     82.473     8.7545 162.598688     6.1259      0.331  0.000e+00
      0.328    12.4975     0.6240    -0.0721 5.6166e-01     0.1285      0.018    1457.67     82.406     8.7474 162.598689     6.1209      0.331  0.000e+00
      0.341    12.4970     0.6240    -0.0720 5.4945e-01     0.1285      0.018    1457.67     82.453     8.7525 162.598689     6.1245      0.344  0.000e+00
      0.352    12.4967     0.6241    -0.0719 5.4945e-01     0.1285      0.015    1457.67     82.386     8.7455 162.598690     6.1196      0.355  0.000e+00
      0.363    12.4967     0.6241    -0.0719 5.4945e-01     0.1298      0.018    1457.67     82.379     8.7447 162.598690     6.1190      0.367  0.000e+00
      0.376    12.4980     0.6241    -0.0721 5.4945e-01     0.1285      0.015    1457.67     82.366     8.7431 162.598691     6.1179      0.380  0.000e+00
      0.388    12.4990     0.6240    -0.0723 5.4945e-01     0.1285      0.015    1457.68     82.419     8.7485 162.598691     6.1217      0.391  0.000e+00
      0.423    12.5011     0.6239    -0.0726 5.3724e-01     0.1285      0.015    1457.68     82.358     8.7417 162.598692     6.1169      0.427  0.000e+00
      0.446    12.5038     0.6239    -0.0730 5.4945e-01     0.1285      0.018    1457.69     82.352     8.7405 162.598692     6.1161      0.450  0.000e+00
      0.460    12.5058     0.6237    -0.0733 5.4945e-01     0.1285      0.015    1457.70     82.346     8.7394 162.598693     6.1153      0.465  0.000e+00
      0.436    12.5063     0.6239    -0.0733 5.4945e-01     0.1285      0.015    1457.70     82.339     8.7386 162.598693     6.1148      0.440  0.000e+00
      0.412    12.5061     0.6239    -0.0732 5.4945e-01     0.1285      0.015    1457.70     82.333     8.7380 162.598694     6.1143      0.416  0.000e+00
      0.363    12.5056     0.6239    -0.0731 5.4945e-01     0.1285      0.015    1457.70     82.326     8.7374 162.598694     6.1139      0.367  0.000e+00
      0.614    12.5055     0.6239    -0.0732 5.4945e-01     0.1285      0.015    1457.70     82.324     8.7371 162.598695     6.1137      0.620  0.000e+00
      0.483    12.5049     0.6239    -0.0731 5.4945e-01     0.1285      0.015    1457.70     82.317     8.7365 162.598695     6.1133      0.488  0.000e+00
      0.556    12.5054     0.6240    -0.0731 5.4945e-01     0.1285      0.015    1457.70     82.313     8.7360 162.598696     6.1129      0.561  0.000e+00
      0.567    12.5053     0.6239    -0.0731 5.4945e-01     0.1285      0.015    1457.70     82.308     8.7355 162.598696     6.1126      0.573  0.000e+00
      0.590    12.5051     0.6239    -0.0731 5.4945e-01     0.1298      0.015    1457.70     82.304     8.7351 162.598696     6.1123      0.596  0.000e+00
      0.603    12.5049     0.6239    -0.0730 5.3724e-01     0.1285      0.015    1457.70     82.246     8.7290 162.598697     6.1080      0.609  0.000e+00
      0.592    12.5040     0.6239    -0.0730 5.3724e-01     0.1298      0.015    1457.70     82.242     8.7288 162.598697     6.1079      0.597  0.000e+00
      0.603    12.4998     0.6240    -0.0724 5.4945e-01     0.1285      0.015    1457.68     82.234     8.7287 162.598698     6.1078      0.609  0.000e+00
      0.637    12.4967     0.6241    -0.0719 5.4945e-01     0.1285      0.018    1457.67     82.226     8.7285 162.598698     6.1077      0.643  0.000e+00
      0.674    12.4952     0.6240    -0.0718 5.4945e-01     0.1285      0.018    1457.67     82.278     8.7343 162.598699     6.1118      0.680  0.000e+00
      0.663    12.4946     0.6241    -0.0717 5.4945e-01     0.1285      0.015    1457.66     82.223     8.7286 162.598699     6.1077      0.669  0.000e+00
      0.698    12.4934     0.6240    -0.0716 5.4945e-01     0.1285      0.015    1457.66     82.222     8.7288 162.598700     6.1079      0.705  0.000e+00
      0.710    12.4937     0.6240    -0.0716 5.4945e-01     0.1298      0.018    1457.66     82.222     8.7287 162.598700     6.1078      0.716  0.000e+00
      0.732    12.4947     0.6241    -0.0716 5.4945e-01     0.1285      0.015    1457.67     82.217     8.7280 162.598701     6.1073      0.739  0.000e+00
      0.747    12.4955     0.6241    -0.0718 5.6166e-01     0.1298      0.015    1457.67     82.213     8.7273 162.598701     6.1069      0.754  0.000e+00
      0.758    12.4946     0.6241    -0.0717 5.7387e-01     0.1285      0.018    1457.67     82.209     8.7271 162.598702     6.1067      0.765  0.000e+00
      0.770    12.4921     0.6240    -0.0714 5.7387e-01     0.1285      0.015    1457.66     82.211     8.7278 162.598702     6.1072      0.777  0.000e+00
      0.805    12.4895     0.6242    -0.0710 5.8608e-01     0.1285      0.018    1457.65     82.154     8.7223 162.598703     6.1033      0.813  0.000e+00
      0.805    12.4878     0.6243    -0.0707 5.7387e-01     0.1298      0.018    1457.64     82.146     8.7218 162.598703     6.1030      0.813  0.000e+00
      0.829    12.4864     0.6243    -0.0705 5.8608e-01     0.1298      0.015    1457.64     82.205     8.7283 162.598704     6.1075      0.837  0.000e+00
      0.842    12.4834     0.6244    -0.0701 5.7387e-01     0.1285      0.015    1457.63     82.145     8.7225 162.598704     6.1035      0.850  0.000e+00
      0.865    12.4805     0.6244    -0.0697 5.8608e-01     0.1298      0.018    1457.61     82.139     8.7224 162.598705     6.1034      0.873  0.000e+00
      0.889    12.4785     0.6245    -0.0693 5.8608e-01     0.1285      0.015    1457.61     82.140     8.7229 162.598705     6.1038      0.898  0.000e+00
      0.912    12.4770     0.6247    -0.0691 5.8608e-01     0.1285      0.018    1457.60     82.136     8.7228 162.598706     6.1037      0.921  0.000e+00
      0.925    12.4751     0.6247    -0.0688 5.8608e-01     0.1298      0.015    1457.60     82.133     8.7228 162.598706     6.1037      0.934  0.000e+00
      0.949    12.4732     0.6248    -0.0685 5.9829e-01     0.1285      0.015    1457.59     82.131     8.7229 162.598707     6.1038      0.958  0.000e+00
      0.973    12.4720     0.6247    -0.0684 5.9829e-01     0.1285      0.015    1457.59     82.129     8.7230 162.598707     6.1038      0.983  0.000e+00
      0.996    12.4732     0.6247    -0.0686 5.9829e-01     0.1285      0.015    1457.59     82.128     8.7227 162.598708     6.1036      1.006  0.000e+00
      1.009    12.4770     0.6246    -0.0691 5.9829e-01     0.1285      0.015    1457.60     82.128     8.7219 162.598708     6.1031      1.019  0.000e+00
      1.032    12.4809     0.6245    -0.0697 5.9829e-01     0.1285      0.018    1457.62     82.128     8.7212 162.598709     6.1026      1.041  0.000e+00
      1.069    12.4795     0.6244    -0.0696 5.9829e-01     0.1285      0.018    1457.61     82.130     8.7216 162.598709     6.1029      1.079  0.000e+00
      1.080    12.4773     0.6245    -0.0693 5.9829e-01     0.1285      0.018    1457.61     82.131     8.7222 162.598709     6.1033      1.090  0.000e+00
      1.092    12.4764     0.6245    -0.0691 6.1050e-01     0.1285      0.018    1457.60     82.074     8.7163 162.598710     6.0992      1.102  0.000e+00
      1.127    12.4768     0.6244    -0.0692 6.1050e-01     0.1285      0.015    1457.61     82.072     8.7160 162.598710     6.0990      1.138  0.000e+00
      1.116    12.4762     0.6244    -0.0692 6.1050e-01     0.1285      0.015    1457.60     82.130     8.7223 162.598711     6.1034      1.126  0.000e+00
      1.176    12.4753     0.6245    -0.0690 5.9829e-01     0.1285      0.015    1457.60     82.076     8.7168 162.598711     6.0995      1.187  0.000e+00
      1.164    12.4749     0.6246    -0.0689 5.9829e-01     0.1285      0.018    1457.60     82.076     8.7169 162.598712     6.0995      1.175  0.000e+00
      1.187    12.4743     0.6246    -0.0688 5.9829e-01     0.1285      0.015    1457.60     82.072     8.7165 162.598712     6.0993      1.198  0.000e+00
      1.223    12.4738     0.6246    -0.0687 5.9829e-01     0.1285      0.015    1457.60     82.134     8.7232 162.598713     6.1040      1.234  0.000e+00
      1.223    12.4732     0.6247    -0.0686 5.9829e-01     0.1285      0.015    1457.59     82.076     8.7172 162.598713     6.0998      1.234  0.000e+00
      1.236    12.4738     0.6247    -0.0687 5.9829e-01     0.1285      0.018    1457.60     82.134     8.7232 162.598714     6.1039      1.247  0.000e+00
      1.234    12.4793     0.6245    -0.0695 5.9829e-01     0.1298      0.015    1457.62     82.078     8.7161 162.598714     6.0990      1.246  0.000e+00
      1.260    12.4824     0.6243    -0.0700 5.9829e-01     0.1285      0.018    1457.63     82.142     8.7224 162.598715     6.1034      1.272  0.000e+00
      1.271    12.4787     0.6243    -0.0696 5.9829e-01     0.1285      0.015    1457.61     82.147     8.7237 162.598715     6.1043      1.283  0.000e+00
      1.282    12.4763     0.6244    -0.0692 5.9829e-01     0.1298      0.015    1457.61     82.153     8.7247 162.598716     6.1050      1.295  0.000e+00
      1.295    12.4752     0.6246    -0.0689 5.8608e-01     0.1285      0.015    1457.60     82.099     8.7192 162.598716     6.1012      1.308  0.000e+00
      1.307    12.4757     0.6246    -0.0689 5.9829e-01     0.1298      0.015    1457.60     82.160     8.7256 162.598717     6.1057      1.319  0.000e+00
