20190611/I1_20190613_down_bin.cnv
* Sea-Bird SBE 9 Data File:
* FileName = C:\CTD Brukere\NIVA\OKOKYST2019\20190611\I1_20190613.hex
* Software Version Seasave V 7.23.2
* Temperature SN = 5352
* Conductivity SN = 3840
* Number of Bytes Per Scan = 28
* Number of Voltage Words = 4
* Number of Scans Averaged by the Deck Unit = 1
* NMEA baud rate = 4800
** Ship: R/V Trygve Braarud
** Cruise:
** Station:
** Operator:
# nquan = 14
# nvalues = 51                          
# units = specified
# name 0 = depSM: Depth [salt water, m], lat = 59.60
# name 1 = t090C: Temperature [ITS-90, deg C]
# name 2 = sal00: Salinity, Practical [PSU]
# name 3 = sigma-t00: Density [sigma-t, kg/m^3 ]
# name 4 = flSP: Fluorescence, Seapoint
# name 5 = wetStar: Fluorescence, WET Labs WETstar [mg/m^3]
# name 6 = seaTurbMtr: Turbidity, Seapoint [FTU]
# name 7 = svCM: Sound Velocity [Chen-Millero, m/s]
# name 8 = sbeox0PS: Oxygen, SBE 43 [% saturation]
# name 9 = sbeox0Mg/L: Oxygen, SBE 43 [mg/l]
# name 10 = timeJ: Julian Days
# name 11 = sbeox0ML/L: Oxygen, SBE 43 [ml/l]
# name 12 = prDM: Pressure, Digiquartz [db]
# name 13 = flag: flag
# span 0 =      0.000,     50.000       
# span 1 =     6.3840,    12.9259       
# span 2 =     5.8702,    33.8392       
# span 3 =     4.0807,    26.5864       
# span 4 = 1.7504e-01, 6.3883e-01       
# span 5 =     0.1291,     0.1303       
# span 6 =      0.013,      0.018       
# span 7 =    1461.46,    1489.39       
# span 8 =     56.535,     84.397       
# span 9 =     5.5749,     8.6321       
# span 10 = 164.626112, 164.627544      
# span 11 =     3.9010,     6.0402      
# span 12 =     -0.000,     50.480      
# span 13 = 0.0000e+00, 0.0000e+00      
# interval = meters: 1                  
# start_time = Jun 13 2019 15:01:33 [System UpLoad Time]
# bad_flag = -9.990e-29
*END*
      0.000    11.8164     5.8702     4.0807 6.0409e-01     0.1295      0.013    1461.46     79.203     8.2613 164.626112     5.7808     -0.000 0.0000e+00
      1.000    11.8070     6.1759     4.3185 6.3517e-01     0.1297      0.014    1461.81     80.331     8.3645 164.626195     5.8530      1.010 0.0000e+00
      2.000    11.8197     6.6437     4.6788 6.3883e-01     0.1300      0.015    1462.44     83.038     8.6186 164.626223     6.0308      2.019 0.0000e+00
      3.000    11.8644     7.3750     5.2387 5.7921e-01     0.1300      0.015    1463.50     83.635     8.6321 164.626250     6.0402      3.028 0.0000e+00
      4.000    11.9426     9.3423     6.7481 4.4926e-01     0.1300      0.016    1466.15     84.397     8.5895 164.626272     6.0104      4.038 0.0000e+00
      5.000    12.4107    17.1393    12.6961 3.5682e-01     0.1301      0.016    1477.11     84.143     8.0731 164.626292     5.6491      5.047 0.0000e+00
      6.000    12.8859    23.2180    17.3063 3.2198e-01     0.1301      0.016    1485.98     84.214     7.6972 164.626313     5.3861      6.057 0.0000e+00
      7.000    12.9259    25.3380    18.9351 3.0110e-01     0.1300      0.016    1488.64     83.977     7.5679 164.626334     5.2956      7.067 0.0000e+00
      8.000    12.6828    26.6727    20.0101 2.7411e-01     0.1301      0.017    1489.39     81.276     7.3010 164.626354     5.1088      8.076 0.0000e+00
      9.000    12.3196    27.0701    20.3826 2.3769e-01     0.1303      0.017    1488.63     77.125     6.9640 164.626376     4.8730      9.086 0.0000e+00
     10.000    11.7694    27.4463    20.7707 2.2212e-01     0.1301      0.017    1487.17     74.519     6.7920 164.626396     4.7527     10.095 0.0000e+00
     11.000    11.2625    27.8736    21.1889 2.1448e-01     0.1299      0.015    1485.91     73.304     6.7363 164.626417     4.7136     11.105 0.0000e+00
     12.000    11.1065    28.1646    21.4411 2.0858e-01     0.1299      0.015    1485.72     72.084     6.6342 164.626438     4.6422     12.114 0.0000e+00
     13.000    11.0270    28.4193    21.6522 2.2106e-01     0.1299      0.016    1485.76     71.462     6.5777 164.626459     4.6027     13.124 0.0000e+00
     14.000    11.0145    28.5912    21.7879 2.2773e-01     0.1300      0.016    1485.94     71.383     6.5650 164.626479     4.5938     14.133 0.0000e+00
     15.000    10.7786    28.9768    22.1270 2.4006e-01     0.1300      0.016    1485.58     71.566     6.5994 164.626500     4.6179     15.143 0.0000e+00
     16.000    10.7782    29.1778    22.2833 2.1821e-01     0.1300      0.016    1485.83     71.508     6.5856 164.626521     4.6082     16.152 0.0000e+00
     17.000    10.5982    29.3277    22.4298 2.1625e-01     0.1300      0.016    1485.38     71.054     6.5632 164.626541     4.5926     17.162 0.0000e+00
     18.000    10.4413    29.4701    22.5664 2.2225e-01     0.1300      0.016    1485.01     71.152     6.5888 164.626562     4.6104     18.172 0.0000e+00
     19.000    10.2885    29.6576    22.7373 2.5068e-01     0.1300      0.016    1484.70     70.951     6.5843 164.626584     4.6073     19.181 0.0000e+00
     20.000    10.4834    29.9636    22.9436 2.4351e-01     0.1299      0.016    1485.79     70.625     6.5135 164.626604     4.5577     20.191 0.0000e+00
     21.000    10.4767    30.1428    23.0843 2.4262e-01     0.1298      0.015    1486.00     70.367     6.4831 164.626626     4.5365     21.200 0.0000e+00
     22.000    10.4113    30.3376    23.2467 2.3870e-01     0.1297      0.015    1486.02     70.589     6.5048 164.626648     4.5517     22.210 0.0000e+00
     23.000    10.2499    30.4383    23.3516 2.1165e-01     0.1296      0.014    1485.57     71.001     6.5617 164.626669     4.5915     23.219 0.0000e+00
     24.000     9.5559    30.7180    23.6813 2.2267e-01     0.1296      0.015    1483.40     70.817     6.6331 164.626693     4.6415     24.229 0.0000e+00
     25.000     9.6861    30.8718    23.7808 2.1895e-01     0.1298      0.017    1484.08     70.532     6.5810 164.626715     4.6050     25.239 0.0000e+00
     26.000     9.6891    30.9809    23.8655 2.2082e-01     0.1298      0.017    1484.24     69.924     6.5193 164.626736     4.5618     26.248 0.0000e+00
     27.000     9.6941    31.1105    23.9659 2.2124e-01     0.1299      0.017    1484.43     70.179     6.5368 164.626758     4.5741     27.258 0.0000e+00
     28.000     9.6485    31.2340    24.0695 2.1148e-01     0.1299      0.017    1484.43     69.918     6.5140 164.626778     4.5581     28.267 0.0000e+00
     29.000     9.3475    31.4580    24.2920 2.0838e-01     0.1298      0.017    1483.62     69.671     6.5248 164.626799     4.5656     29.277 0.0000e+00
     30.000     9.1359    31.5171    24.3711 2.0165e-01     0.1298      0.018    1482.92     69.283     6.5164 164.626822     4.5598     30.287 0.0000e+00
     31.000     8.5296    31.5474    24.4863 1.9634e-01     0.1299      0.018    1480.71     68.881     6.5657 164.626842     4.5943     31.296 0.0000e+00
     32.000     8.3001    31.6486    24.5995 2.0012e-01     0.1298      0.018    1479.99     68.367     6.5461 164.626863     4.5806     32.306 0.0000e+00
     33.000     8.1367    31.8182    24.7563 2.0025e-01     0.1299      0.018    1479.60     66.967     6.4286 164.626887     4.4984     33.316 0.0000e+00
     34.000     8.1232    31.9305    24.8463 1.9657e-01     0.1299      0.018    1479.70     66.567     6.3875 164.626907     4.4696     34.325 0.0000e+00
     35.000     8.0008    31.9688    24.8939 1.9513e-01     0.1298      0.018    1479.30     65.878     6.3373 164.626928     4.4345     35.335 0.0000e+00
     36.000     7.6228    32.0967    25.0477 1.9146e-01     0.1298      0.018    1478.03     65.532     6.3531 164.626950     4.4455     36.345 0.0000e+00
     37.000     7.3031    32.2503    25.2125 1.8415e-01     0.1299      0.018    1477.01     64.652     6.3074 164.626970     4.4135     37.354 0.0000e+00
     38.000     7.0671    32.4585    25.4082 1.8393e-01     0.1298      0.018    1476.37     63.663     6.2360 164.626991     4.3636     38.364 0.0000e+00
     39.000     6.7832    32.8694    25.7695 1.8114e-01     0.1298      0.018    1475.79     62.989     6.1938 164.627013     4.3340     39.374 0.0000e+00
     40.000     6.6338    33.1626    26.0202 1.7689e-01     0.1297      0.018    1475.59     62.360     6.1413 164.627033     4.2973     40.383 0.0000e+00
     41.000     6.5631    33.3120    26.1472 1.7783e-01     0.1297      0.018    1475.52     61.554     6.0659 164.627054     4.2445     41.393 0.0000e+00
     42.000     6.5056    33.4379    26.2540 1.7547e-01     0.1298      0.018    1475.47     60.685     5.9832 164.627076     4.1867     42.403 0.0000e+00
     43.000     6.4850    33.5251    26.3254 1.7838e-01     0.1296      0.018    1475.51     60.419     5.9564 164.627096     4.1679     43.412 0.0000e+00
     44.000     6.4452    33.6447    26.4250 1.7504e-01     0.1297      0.018    1475.52     60.161     5.9318 164.627116     4.1507     44.422 0.0000e+00
     45.000     6.4277    33.6976    26.4690 1.7529e-01     0.1297      0.018    1475.54     60.056     5.9217 164.627139     4.1437     45.432 0.0000e+00
     46.000     6.4101    33.7520    26.5142 1.8481e-01     0.1296      0.018    1475.55     59.816     5.8984 164.627160     4.1273     46.442 0.0000e+00
     47.000     6.3972    33.7936    26.5487 1.8765e-01     0.1294      0.018    1475.57     59.561     5.8733 164.627181     4.1098     47.451 0.0000e+00
     48.000     6.3912    33.8112    26.5634 1.8270e-01     0.1294      0.018    1475.58     59.088     5.8268 164.627204     4.0773     48.461 0.0000e+00
     49.000     6.3871    33.8217    26.5722 1.8654e-01     0.1291      0.018    1475.60     56.604     5.5820 164.627369     3.9060     49.471 0.0000e+00
     50.000     6.3840    33.8392    26.5864 1.9519e-01     0.1291      0.018    1475.62     56.535     5.5749 164.627544     3.9010     50.480 0.0000e+00
