20190611/ID2_20190613_down.cnv
* Sea-Bird SBE 9 Data File:
* FileName = C:\CTD Brukere\NIVA\OKOKYST2019\20190611\ID2_20190613.hex
* Software Version Seasave V 7.23.2
* Temperature SN = 5352
* Conductivity SN = 3840
* Number of Bytes Per Scan = 28
* Number of Voltage Words = 4
* Number of Scans Averaged by the Deck Unit = 1
* NMEA baud rate = 4800
** Ship: R/V Trygve Braarud
** Cruise:
** Station:
** Operator:
# nquan = 14
# nvalues = 2581                                  
# units = specified
# name 0 = depSM: Depth [salt water, m], lat = 59.60
# name 1 = t090C: Temperature [ITS-90, deg C]
# name 2 = sal00: Salinity, Practical [PSU]
# name 3 = sigma-t00: Density [sigma-t, kg/m^3 ]
# name 4 = flSP: Fluorescence, Seapoint
# name 5 = wetStar: Fluorescence, WET Labs WETstar [mg/m^3]
# name 6 = seaTurbMtr: Turbidity, Seapoint [FTU]
# name 7 = svCM: Sound Velocity [Chen-Millero, m/s]
# name 8 = sbeox0PS: Oxygen, SBE 43 [% saturation]
# name 9 = sbeox0Mg/L: Oxygen, SBE 43 [mg/l]
# name 10 = timeJ: Julian Days
# name 11 = sbeox0ML/L: Oxygen, SBE 43 [ml/l]
# name 12 = prDM: Pressure, Digiquartz [db]
# name 13 = flag:  0.000e+00
# span 0 =      0.198,     34.676                 
# span 1 =     7.3912,    16.2544                 
# span 2 =     8.3695,    31.1391                 
# span 3 =     5.3211,    24.2756                 
# span 4 = 4.1514e-01, 9.5482e+00                 
# span 5 =     0.1298,     0.1322                 
# span 6 =      0.007,      0.018                 
# span 7 =    1467.83,    1480.46                 
# span 8 =      9.729,     88.583                 
# span 9 =     0.9461,     8.4694                 
# span 10 = 164.741285, 164.742529                
# span 11 =     0.6620,     5.9264                
# span 12 =      0.199,     35.008                
# span 13 = 0.0000e+00, 0.0000e+00                
# interval = seconds: 0.0416667
# start_time = Jun 13 2019 17:47:27 [System UpLoad Time]
# bad_flag = -9.990e-29
*END*
[from data line 930]
     17.200     8.3141    28.4559    22.0966 5.8608e-01     0.1310      0.018    1475.86     43.412     4.2425 164.741733     2.9687     17.364  0.000e+00
     17.213     8.3250    28.4813    22.1150 5.7387e-01     0.1310      0.018    1475.94     43.322     4.2320 164.741734     2.9613     17.377  0.000e+00
     17.247     8.3320    28.5014    22.1297 6.3492e-01     0.1310      0.018    1475.99     43.179     4.2167 164.741734     2.9506     17.411  0.000e+00
     17.260     8.3350    28.5144    22.1395 7.0818e-01     0.1310      0.018    1476.02     43.090     4.2074 164.741735     2.9441     17.425  0.000e+00
     17.296     8.3358    28.5213    22.1448 6.9597e-01     0.1310      0.018    1476.03     43.002     4.1986 164.741735     2.9379     17.461  0.000e+00
     17.309     8.3385    28.5286    22.1501 6.5934e-01     0.1310      0.018    1476.05     42.916     4.1897 164.741736     2.9317     17.474  0.000e+00
     17.331     8.3418    28.5384    22.1573 6.4713e-01     0.1310      0.018    1476.07     42.769     4.1748 164.741736     2.9213     17.497  0.000e+00
     17.369     8.3452    28.5507    22.1665 6.3492e-01     0.1310      0.018    1476.10     42.686     4.1660 164.741737     2.9151     17.534  0.000e+00
     17.367     8.3486    28.5615    22.1745 6.3492e-01     0.1322      0.018    1476.13     42.604     4.1574 164.741737     2.9091     17.533  0.000e+00
     17.416     8.3519    28.5706    22.1811 6.1050e-01     0.1310      0.018    1476.15     42.524     4.1491 164.741738     2.9033     17.582  0.000e+00
     17.427     8.3560    28.5767    22.1853 6.1050e-01     0.1310      0.018    1476.17     42.392     4.1357 164.741738     2.8939     17.593  0.000e+00
     17.453     8.3601    28.5833    22.1900 6.2271e-01     0.1322      0.018    1476.20     42.317     4.1277 164.741739     2.8884     17.619  0.000e+00
     17.476     8.3625    28.5910    22.1956 6.1050e-01     0.1310      0.018    1476.22     42.244     4.1202 164.741739     2.8831     17.642  0.000e+00
     17.500     8.3645    28.5971    22.2001 5.8608e-01     0.1310      0.018    1476.23     42.173     4.1129 164.741739     2.8780     17.667  0.000e+00
     17.523     8.3648    28.6061    22.2071 5.9829e-01     0.1310      0.018    1476.25     42.104     4.1059 164.741740     2.8731     17.690  0.000e+00
     17.549     8.3636    28.6201    22.2182 6.1050e-01     0.1310      0.018    1476.26     42.038     4.0992 164.741740     2.8684     17.716  0.000e+00
     17.571     8.3632    28.6346    22.2297 6.1050e-01     0.1322      0.018    1476.28     41.912     4.0866 164.741741     2.8596     17.739  0.000e+00
     17.596     8.3638    28.6478    22.2399 5.9829e-01     0.1310      0.018    1476.29     41.844     4.0795 164.741741     2.8546     17.763  0.000e+00
     17.618     8.3653    28.6596    22.2490 5.8608e-01     0.1310      0.018    1476.32     41.778     4.0727 164.741742     2.8498     17.786  0.000e+00
     17.644     8.3683    28.6695    22.2563 6.1050e-01     0.1310      0.018    1476.34     41.723     4.0667 164.741742     2.8457     17.812  0.000e+00
     17.655     8.3710    28.6788    22.2631 6.5934e-01     0.1310      0.018    1476.36     41.670     4.0611 164.741743     2.8417     17.824  0.000e+00
     17.691     8.3726    28.6867    22.2691 8.1807e-01     0.1310      0.018    1476.38     41.552     4.0492 164.741743     2.8334     17.860  0.000e+00
     17.702     8.3733    28.6943    22.2750 8.6691e-01     0.1322      0.018    1476.39     41.490     4.0430 164.741744     2.8290     17.871  0.000e+00
     17.740     8.3727    28.7021    22.2811 8.3028e-01     0.1310      0.018    1476.40     41.432     4.0371 164.741744     2.8249     17.909  0.000e+00
     17.762     8.3709    28.7099    22.2875 7.9365e-01     0.1310      0.018    1476.40     41.376     4.0316 164.741745     2.8211     17.932  0.000e+00
     17.775     8.3693    28.7163    22.2928 7.4481e-01     0.1310      0.018    1476.40     41.323     4.0264 164.741745     2.8175     17.945  0.000e+00
     17.811     8.3682    28.7222    22.2975 7.0818e-01     0.1310      0.018    1476.41     41.273     4.0215 164.741746     2.8140     17.981  0.000e+00
     17.835     8.3680    28.7276    22.3017 7.0818e-01     0.1322      0.018    1476.41     41.226     4.0169 164.741746     2.8108     18.005  0.000e+00
     17.847     8.3688    28.7341    22.3068 6.8376e-01     0.1310      0.018    1476.42     41.121     4.0064 164.741747     2.8034     18.017  0.000e+00
     17.871     8.3707    28.7424    22.3130 6.5934e-01     0.1322      0.018    1476.44     41.074     4.0014 164.741747     2.7999     18.041  0.000e+00
     17.894     8.3738    28.7516    22.3198 6.2271e-01     0.1322      0.018    1476.47     41.030     3.9965 164.741748     2.7965     18.064  0.000e+00
     17.918     8.3778    28.7603    22.3260 5.9829e-01     0.1322      0.018    1476.49     40.982     3.9913 164.741748     2.7929     18.089  0.000e+00
     17.942     8.3822    28.7669    22.3306 5.9829e-01     0.1322      0.018    1476.52     40.875     3.9803 164.741749     2.7852     18.113  0.000e+00
     17.967     8.3863    28.7733    22.3350 6.1050e-01     0.1310      0.018    1476.54     40.826     3.9750 164.741749     2.7815     18.138  0.000e+00
     17.989     8.3888    28.7805    22.3403 6.5934e-01     0.1310      0.018    1476.56     40.773     3.9694 164.741750     2.7776     18.161  0.000e+00
     18.014     8.3909    28.7858    22.3441 7.0818e-01     0.1322      0.018    1476.58     40.723     3.9642 164.741750     2.7739     18.185  0.000e+00
     18.038     8.3935    28.7902    22.3473 6.8376e-01     0.1310      0.018    1476.59     40.675     3.9593 164.741751     2.7705     18.210  0.000e+00
     18.062     8.3954    28.7949    22.3506 6.7155e-01     0.1310      0.018    1476.60     40.631     3.9546 164.741751     2.7672     18.234  0.000e+00
     18.085     8.3972    28.7997    22.3542 6.7155e-01     0.1310      0.018    1476.62     40.589     3.9503 164.741752     2.7642     18.257  0.000e+00
     18.098     8.3990    28.8057    22.3586 6.5934e-01     0.1322      0.018    1476.63     40.543     3.9455 164.741752     2.7608     18.270  0.000e+00
     18.134     8.4000    28.8130    22.3642 6.3492e-01     0.1310      0.018    1476.64     40.500     3.9410 164.741753     2.7577     18.306  0.000e+00
     18.158     8.4004    28.8206    22.3700 6.3492e-01     0.1310      0.015    1476.66     40.459     3.9368 164.741753     2.7547     18.331  0.000e+00
     18.182     8.4006    28.8287    22.3764 6.8376e-01     0.1310      0.018    1476.67     40.420     3.9328 164.741753     2.7520     18.355  0.000e+00
     18.194     8.4009    28.8378    22.3834 7.4481e-01     0.1310      0.018    1476.68     40.385     3.9291 164.741754     2.7494     18.367  0.000e+00
     18.229     8.4003    28.8487    22.3921 7.8144e-01     0.1310      0.018    1476.69     40.283     3.9190 164.741754     2.7423     18.403  0.000e+00
     18.253     8.3998    28.8611    22.4018 9.2796e-01     0.1310      0.018    1476.71     40.238     3.9144 164.741755     2.7390     18.427  0.000e+00
     18.265     8.3988    28.8752    22.4130 1.0501e+00     0.1310      0.018    1476.72     40.196     3.9100 164.741755     2.7360     18.439  0.000e+00
     18.289     8.3977    28.8900    22.4247 1.0134e+00     0.1310      0.015    1476.73     40.149     3.9051 164.741756     2.7326     18.463  0.000e+00
     18.325     8.3964    28.9029    22.4351 9.2796e-01     0.1322      0.015    1476.75     40.104     3.9006 164.741756     2.7294     18.499  0.000e+00
     18.349     8.3956    28.9115    22.4419 8.1807e-01     0.1310      0.018    1476.75     40.062     3.8963 164.741757     2.7264     18.524  0.000e+00
     18.373     8.3946    28.9180    22.4471 7.8144e-01     0.1310      0.018    1476.76     40.022     3.8924 164.741757     2.7236     18.549  0.000e+00
     18.385     8.3941    28.9220    22.4503 7.5702e-01     0.1310      0.018    1476.76     39.977     3.8879 164.741758     2.7206     18.560  0.000e+00
     18.420     8.3932    28.9253    22.4530 7.0818e-01     0.1310      0.018    1476.76     39.934     3.8838 164.741758     2.7176     18.596  0.000e+00
     18.433     8.3918    28.9302    22.4571 6.5934e-01     0.1310      0.018    1476.76     39.894     3.8798 164.741759     2.7149     18.609  0.000e+00
     18.458     8.3888    28.9367    22.4626 6.4713e-01     0.1322      0.018    1476.76     39.793     3.8701 164.741759     2.7081     18.634  0.000e+00
     18.480     8.3832    28.9461    22.4707 6.4713e-01     0.1310      0.018    1476.75     39.742     3.8654 164.741760     2.7048     18.657  0.000e+00
     18.518     8.3777    28.9532    22.4770 6.7155e-01     0.1310      0.018    1476.74     39.693     3.8609 164.741760     2.7017     18.694  0.000e+00
     18.529     8.3731    28.9581    22.4815 6.5934e-01     0.1310      0.018    1476.73     39.646     3.8566 164.741761     2.6986     18.706  0.000e+00
     18.553     8.3678    28.9649    22.4876 6.5934e-01     0.1322      0.018    1476.72     39.601     3.8525 164.741761     2.6958     18.730  0.000e+00
     18.589     8.3636    28.9729    22.4944 6.9597e-01     0.1310      0.018    1476.71     39.551     3.8478 164.741762     2.6925     18.766  0.000e+00
     18.613     8.3605    28.9800    22.5005 7.0818e-01     0.1310      0.018    1476.71     39.502     3.8432 164.741762     2.6893     18.791  0.000e+00
     18.625     8.3568    28.9870    22.5065 6.9597e-01     0.1298      0.018    1476.70     39.456     3.8388 164.741763     2.6862     18.802  0.000e+00
     18.649     8.3520    28.9951    22.5135 6.5934e-01     0.1310      0.018    1476.70     39.411     3.8347 164.741763     2.6833     18.827  0.000e+00
     18.672     8.3470    29.0052    22.5220 6.5934e-01     0.1322      0.018    1476.69     39.367     3.8306 164.741764     2.6804     18.850  0.000e+00
     18.685     8.3433    29.0148    22.5301 6.7155e-01     0.1310      0.018    1476.69     39.326     3.8267 164.741764     2.6777     18.863  0.000e+00
     18.745     8.3427    29.0252    22.5383 6.5934e-01     0.1322      0.018    1476.70     39.279     3.8220 164.741765     2.6744     18.923  0.000e+00
     18.745     8.3465    29.0411    22.5502 6.8376e-01     0.1310      0.018    1476.73     39.235     3.8169 164.741765     2.6708     18.923  0.000e+00
     18.769     8.3521    29.0598    22.5641 6.9597e-01     0.1322      0.018    1476.78     39.192     3.8118 164.741766     2.6672     18.948  0.000e+00
     18.780     8.3587    29.0790    22.5782 6.5934e-01     0.1310      0.015    1476.83     39.150     3.8067 164.741766     2.6637     18.959  0.000e+00
     18.816     8.3662    29.0993    22.5930 6.3492e-01     0.1322      0.018    1476.88     39.110     3.8017 164.741766     2.6602     18.995  0.000e+00
     18.840     8.3734    29.1203    22.6084 6.3492e-01     0.1310      0.018    1476.93     39.065     3.7961 164.741767     2.6563     19.020  0.000e+00
     18.864     8.3807    29.1402    22.6230 6.8376e-01     0.1310      0.018    1476.99     39.081     3.7966 164.741767     2.6566     19.044  0.000e+00
     18.887     8.3872    29.1580    22.6360 7.2039e-01     0.1310      0.018    1477.03     39.045     3.7920 164.741768     2.6534     19.067  0.000e+00
     18.911     8.3916    29.1705    22.6452 7.2039e-01     0.1310      0.018    1477.07     38.947     3.7819 164.741768     2.6463     19.092  0.000e+00
     18.947     8.3949    29.1785    22.6510 7.8144e-01     0.1310      0.018    1477.09     38.905     3.7773 164.741769     2.6431     19.128  0.000e+00
     18.947     8.3977    29.1842    22.6550 8.4249e-01     0.1322      0.015    1477.11     38.864     3.7730 164.741769     2.6401     19.128  0.000e+00
     18.971     8.3998    29.1898    22.6592 8.1807e-01     0.1310      0.015    1477.12     38.824     3.7688 164.741770     2.6372     19.152  0.000e+00
     19.007     8.4016    29.1975    22.6650 7.8144e-01     0.1310      0.015    1477.14     38.778     3.7640 164.741770     2.6338     19.188  0.000e+00
     19.043     8.4034    29.2062    22.6715 7.8144e-01     0.1310      0.018    1477.16     38.733     3.7592 164.741771     2.6305     19.224  0.000e+00
     19.043     8.4060    29.2168    22.6794 7.8144e-01     0.1322      0.018    1477.18     38.689     3.7544 164.741771     2.6271     19.224  0.000e+00
     19.067     8.4102    29.2306    22.6897 7.8144e-01     0.1322      0.018    1477.21     38.707     3.7555 164.741772     2.6279     19.249  0.000e+00
     19.103     8.4145    29.2476    22.7024 8.5470e-01     0.1310      0.018    1477.25     38.603     3.7446 164.741772     2.6203     19.285  0.000e+00
     19.138     8.4181    29.2649    22.7154 1.1111e+00     0.1322      0.018    1477.29     38.554     3.7391 164.741773     2.6164     19.321  0.000e+00
     19.140     8.4208    29.2801    22.7269 1.1111e+00     0.1310      0.018    1477.32     38.566     3.7397 164.741773     2.6168     19.322  0.000e+00
     19.151     8.4224    29.2923    22.7362 9.8901e-01     0.1322      0.018    1477.34     38.524     3.7352 164.741774     2.6137     19.334  0.000e+00
     19.198     8.4237    29.3048    22.7458 8.6691e-01     0.1310      0.018    1477.36     38.483     3.7308 164.741774     2.6106     19.381  0.000e+00
     19.223     8.4233    29.3207    22.7583 8.0586e-01     0.1310      0.015    1477.38     38.441     3.7264 164.741775     2.6075     19.406  0.000e+00
     19.247     8.4218    29.3393    22.7731 8.3028e-01     0.1310      0.015    1477.39     38.400     3.7221 164.741775     2.6045     19.430  0.000e+00
     19.271     8.4198    29.3570    22.7873 9.2796e-01     0.1310      0.018    1477.41     38.359     3.7179 164.741776     2.6016     19.455  0.000e+00
     19.271     8.4179    29.3727    22.7998 8.7912e-01     0.1310      0.018    1477.42     38.319     3.7137 164.741776     2.5987     19.455  0.000e+00
     19.318     8.4152    29.3857    22.8104 8.0586e-01     0.1310      0.018    1477.43     38.278     3.7098 164.741777     2.5959     19.502  0.000e+00
     19.331     8.4118    29.3974    22.8200 7.6923e-01     0.1310      0.018    1477.43     38.238     3.7059 164.741777     2.5931     19.516  0.000e+00
     19.367     8.4079    29.4103    22.8306 7.4481e-01     0.1322      0.018    1477.43     38.198     3.7020 164.741778     2.5905     19.552  0.000e+00
     19.378     8.4046    29.4238    22.8417 7.4481e-01     0.1310      0.018    1477.44     38.151     3.6974 164.741778     2.5872     19.563  0.000e+00
     19.414     8.4026    29.4365    22.8519 7.4481e-01     0.1310      0.015    1477.44     38.105     3.6928 164.741779     2.5840     19.599  0.000e+00
     19.427     8.4014    29.4501    22.8628 7.5702e-01     0.1310      0.018    1477.46     38.058     3.6880 164.741779     2.5807     19.612  0.000e+00
     19.474     8.4015    29.4637    22.8734 8.0586e-01     0.1310      0.015    1477.47     38.012     3.6832 164.741780     2.5773     19.660  0.000e+00
     19.474     8.4017    29.4759    22.8829 7.9365e-01     0.1310      0.015    1477.49     38.026     3.6843 164.741780     2.5780     19.660  0.000e+00
     19.487     8.4026    29.4861    22.8908 7.5702e-01     0.1310      0.018    1477.51     37.925     3.6742 164.741780     2.5710     19.673  0.000e+00
     19.523     8.4026    29.4942    22.8971 7.4481e-01     0.1322      0.018    1477.52     37.878     3.6694 164.741781     2.5677     19.709  0.000e+00
     19.545     8.4016    29.4997    22.9015 7.3260e-01     0.1310      0.018    1477.52     37.893     3.6708 164.741781     2.5686     19.732  0.000e+00
     19.570     8.3993    29.5067    22.9073 7.3260e-01     0.1322      0.018    1477.52     37.791     3.6610 164.741782     2.5617     19.756  0.000e+00
