20190611/ID2_20190613_down.cnv
* Sea-Bird SBE 9 Data File:
* FileName = C:\CTD Brukere\NIVA\OKOKYST2019\20190611\ID2_20190613.hex
* Software Version Seasave V 7.23.2
* Temperature SN = 5352
* Conductivity SN = 3840
* Number of Bytes Per Scan = 28
* Number of Voltage Words = 4
* Number of Scans Averaged by the Deck Unit = 1
* NMEA baud rate = 4800
** Ship: R/V Trygve Braarud
** Cruise:
** Station:
** Operator:
# nquan = 14
# nvalues = 2581                                  
# units = specified
# name 0 = depSM: Depth [salt water, m], lat = 59.60
# name 1 = t090C: Temperature [ITS-90, deg C]
# name 2 = sal00: Salinity, Practical [PSU]
# name 3 = sigma-t00: Density [sigma-t, kg/m^3 ]
# name 4 = flSP: Fluorescence, Seapoint
# name 5 = wetStar: Fluorescence, WET Labs WETstar [mg/m^3]
# name 6 = seaTurbMtr: Turbidity, Seapoint [FTU]
# name 7 = svCM: Sound Velocity [Chen-Millero, m/s]
# name 8 = sbeox0PS: Oxygen, SBE 43 [% saturation]
# name 9 = sbeox0Mg/L: Oxygen, SBE 43 [mg/l]
# name 10 = timeJ: Julian Days
# name 11 = sbeox0ML/L: Oxygen, SBE 43 [ml/l]
# name 12 = prDM: Pressure, Digiquartz [db]
# name 13 = flag:  0.000e+00
# span 0 =      0.198,     34.676                 
# span 1 =     7.3912,    16.2544                 
# span 2 =     8.3695,    31.1391                 
# span 3 =     5.3211,    24.2756                 
# span 4 = 4.1514e-01, 9.5482e+00                 
# span 5 =     0.1298,     0.1322                 
# span 6 =      0.007,      0.018                 
# span 7 =    1467.83,    1480.46                 
# span 8 =      9.729,     88.583                 
# span 9 =     0.9461,     8.4694                 
# span 10 = 164.741285, 164.742529                
# span 11 =     0.6620,     5.9264                
# span 12 =      0.199,     35.008                
# span 13 = 0.0000e+00, 0.0000e+00                
# interval = seconds: 0.0416667
# start_time = Jun 13 2019 17:47:27 [System UpLoad Time]
# bad_flag = -9.990e-29
*END*
[from data line 2375]
     34.616     7.7668    31.1355    24.2730 8.0586e-01     0.1298      0.018    1477.37      9.835     0.9564 164.742430     0.6692     34.947  0.000e+00
     34.627     7.7668    31.1350    24.2726 7.9365e-01     0.1298      0.018    1477.37      9.835     0.9564 164.742431     0.6692     34.958  0.000e+00
     34.616     7.7669    31.1352    24.2727 7.9365e-01     0.1298      0.018    1477.37      9.835     0.9563 164.742431     0.6692     34.947  0.000e+00
     34.603     7.7669    31.1354    24.2728 7.9365e-01     0.1298      0.018    1477.37      9.835     0.9563 164.742432     0.6692     34.934  0.000e+00
     34.591     7.7670    31.1353    24.2728 8.0586e-01     0.1298      0.015    1477.37      9.835     0.9563 164.742432     0.6692     34.922  0.000e+00
     34.640     7.7668    31.1355    24.2730 8.1807e-01     0.1298      0.018    1477.37      9.835     0.9564 164.742432     0.6692     34.972  0.000e+00
     34.603     7.7665    31.1356    24.2731 8.0586e-01     0.1298      0.018    1477.37      9.835     0.9564 164.742433     0.6692     34.934  0.000e+00
     34.616     7.7668    31.1352    24.2728 8.0586e-01     0.1298      0.018    1477.37      9.774     0.9504 164.742433     0.6650     34.947  0.000e+00
     34.616     7.7666    31.1353    24.2728 8.0586e-01     0.1298      0.018    1477.37      9.828     0.9557 164.742434     0.6687     34.947  0.000e+00
     34.604     7.7668    31.1352    24.2727 8.3028e-01     0.1298      0.018    1477.37      9.829     0.9557 164.742434     0.6687     34.935  0.000e+00
     34.616     7.7668    31.1350    24.2726 8.1807e-01     0.1310      0.018    1477.37      9.767     0.9497 164.742435     0.6646     34.947  0.000e+00
     34.603     7.7666    31.1352    24.2728 8.3028e-01     0.1298      0.018    1477.37      9.822     0.9551 164.742435     0.6683     34.934  0.000e+00
     34.603     7.7666    31.1353    24.2728 8.0586e-01     0.1298      0.018    1477.37      9.823     0.9551 164.742436     0.6684     34.934  0.000e+00
     34.603     7.7665    31.1353    24.2728 7.9365e-01     0.1298      0.018    1477.37      9.823     0.9552 164.742436     0.6684     34.934  0.000e+00
     34.616     7.7670    31.1345    24.2721 8.0586e-01     0.1298      0.018    1477.37      9.824     0.9553 164.742437     0.6684     34.947  0.000e+00
     34.603     7.7665    31.1351    24.2727 8.1807e-01     0.1298      0.018    1477.37      9.825     0.9553 164.742437     0.6685     34.934  0.000e+00
     34.603     7.7669    31.1345    24.2721 8.1807e-01     0.1298      0.018    1477.37      9.764     0.9494 164.742438     0.6643     34.934  0.000e+00
     34.603     7.7671    31.1338    24.2716 8.0586e-01     0.1298      0.018    1477.37      9.757     0.9488 164.742438     0.6639     34.934  0.000e+00
     34.616     7.7670    31.1340    24.2717 8.1807e-01     0.1298      0.015    1477.37      9.751     0.9482 164.742439     0.6635     34.947  0.000e+00
     34.591     7.7669    31.1342    24.2719 8.1807e-01     0.1298      0.018    1477.37      9.745     0.9476 164.742439     0.6631     34.922  0.000e+00
     34.603     7.7673    31.1333    24.2712 8.1807e-01     0.1298      0.018    1477.37      9.802     0.9531 164.742440     0.6669     34.934  0.000e+00
     34.603     7.7673    31.1329    24.2708 8.1807e-01     0.1298      0.015    1477.37      9.742     0.9473 164.742440     0.6628     34.934  0.000e+00
     34.603     7.7673    31.1326    24.2706 8.1807e-01     0.1298      0.018    1477.37      9.798     0.9528 164.742441     0.6667     34.934  0.000e+00
     34.603     7.7679    31.1320    24.2701 8.1807e-01     0.1298      0.015    1477.37      9.800     0.9530 164.742441     0.6668     34.934  0.000e+00
     34.604     7.7674    31.1322    24.2703 8.1807e-01     0.1298      0.015    1477.37      9.802     0.9532 164.742442     0.6670     34.935  0.000e+00
     34.591     7.7677    31.1311    24.2694 8.3028e-01     0.1298      0.018    1477.37      9.743     0.9474 164.742442     0.6629     34.922  0.000e+00
     34.603     7.7681    31.1308    24.2691 8.1807e-01     0.1298      0.018    1477.37      9.800     0.9529 164.742443     0.6668     34.934  0.000e+00
     34.603     7.7681    31.1311    24.2693 8.0586e-01     0.1298      0.018    1477.37      9.740     0.9471 164.742443     0.6628     34.934  0.000e+00
     34.603     7.7682    31.1306    24.2689 8.0586e-01     0.1298      0.018    1477.37      9.798     0.9527 164.742444     0.6666     34.934  0.000e+00
     34.604     7.7682    31.1280    24.2669 7.9365e-01     0.1298      0.018    1477.36      9.800     0.9530 164.742444     0.6668     34.935  0.000e+00
     34.591     7.7677    31.1238    24.2637 7.9365e-01     0.1298      0.018    1477.36      9.803     0.9533 164.742445     0.6670     34.922  0.000e+00
     34.616     7.7681    31.1178    24.2589 8.3028e-01     0.1310      0.018    1477.35      9.737     0.9468 164.742445     0.6625     34.947  0.000e+00
     34.591     7.7693    31.1111    24.2535 8.4249e-01     0.1298      0.018    1477.35      9.740     0.9471 164.742446     0.6628     34.922  0.000e+00
     34.603     7.7700    31.1057    24.2491 8.3028e-01     0.1298      0.018    1477.34      9.797     0.9528 164.742446     0.6667     34.934  0.000e+00
     34.591     7.7694    31.1021    24.2464 8.1807e-01     0.1298      0.018    1477.34      9.739     0.9471 164.742446     0.6628     34.922  0.000e+00
     34.616     7.7698    31.1020    24.2462 8.3028e-01     0.1298      0.018    1477.34      9.735     0.9468 164.742447     0.6625     34.947  0.000e+00
     34.603     7.7700    31.1045    24.2482 8.3028e-01     0.1310      0.018    1477.34      9.732     0.9464 164.742447     0.6623     34.934  0.000e+00
     34.603     7.7701    31.1059    24.2493 8.3028e-01     0.1298      0.018    1477.34      9.729     0.9461 164.742448     0.6620     34.934  0.000e+00
     34.603     7.7703    31.1075    24.2505 8.1807e-01     0.1298      0.018    1477.35      9.788     0.9518 164.742448     0.6660     34.934  0.000e+00
     34.604     7.7698    31.1094    24.2520 8.5470e-01     0.1298      0.018    1477.35      9.792     0.9523 164.742449     0.6664     34.935  0.000e+00
     34.603     7.7700    31.1093    24.2519 8.9133e-01     0.1298      0.018    1477.35      9.797     0.9527 164.742449     0.6667     34.934  0.000e+00
     34.616     7.7702    31.1092    24.2519 8.7912e-01     0.1298      0.018    1477.35      9.740     0.9472 164.742450     0.6628     34.947  0.000e+00
     34.603     7.7701    31.1116    24.2537 8.5470e-01     0.1310      0.018    1477.35      9.737     0.9469 164.742450     0.6626     34.934  0.000e+00
     34.603     7.7700    31.1146    24.2561 8.3028e-01     0.1298      0.018    1477.35      9.797     0.9527 164.742451     0.6666     34.934  0.000e+00
     34.616     7.7698    31.1161    24.2573 8.1807e-01     0.1298      0.018    1477.36      9.802     0.9532 164.742451     0.6670     34.947  0.000e+00
     34.616     7.7694    31.1182    24.2590 8.3028e-01     0.1298      0.018    1477.36      9.746     0.9477 164.742452     0.6631     34.947  0.000e+00
     34.603     7.7692    31.1207    24.2610 8.6691e-01     0.1298      0.018    1477.36      9.805     0.9535 164.742452     0.6672     34.934  0.000e+00
     34.616     7.7689    31.1235    24.2633 9.2796e-01     0.1298      0.015    1477.36      9.749     0.9480 164.742453     0.6634     34.947  0.000e+00
     34.616     7.7682    31.1254    24.2648 9.4017e-01     0.1310      0.018    1477.36      9.748     0.9479 164.742453     0.6633     34.947  0.000e+00
     34.604     7.7679    31.1267    24.2659 9.0354e-01     0.1298      0.015    1477.36      9.747     0.9478 164.742454     0.6632     34.935  0.000e+00
     34.616     7.7681    31.1279    24.2668 8.7912e-01     0.1298      0.018    1477.36      9.807     0.9537 164.742454     0.6673     34.947  0.000e+00
     34.616     7.7681    31.1290    24.2677 8.6691e-01     0.1298      0.018    1477.36      9.752     0.9483 164.742455     0.6635     34.947  0.000e+00
     34.616     7.7682    31.1295    24.2681 8.7912e-01     0.1298      0.018    1477.37      9.751     0.9482 164.742455     0.6635     34.947  0.000e+00
     34.627     7.7681    31.1301    24.2686 9.1575e-01     0.1298      0.018    1477.37      9.751     0.9482 164.742456     0.6635     34.958  0.000e+00
     34.616     7.7684    31.1302    24.2686 9.2796e-01     0.1298      0.015    1477.37      9.751     0.9482 164.742456     0.6635     34.947  0.000e+00
     34.616     7.7682    31.1309    24.2691 9.2796e-01     0.1298      0.018    1477.37      9.751     0.9482 164.742457     0.6635     34.947  0.000e+00
     34.616     7.7682    31.1313    24.2694 9.2796e-01     0.1298      0.018    1477.37      9.744     0.9475 164.742457     0.6630     34.947  0.000e+00
     34.627     7.7681    31.1319    24.2700 9.0354e-01     0.1298      0.018    1477.37      9.745     0.9476 164.742458     0.6631     34.958  0.000e+00
     34.629     7.7679    31.1325    24.2704 9.0354e-01     0.1298      0.018    1477.37      9.746     0.9477 164.742458     0.6631     34.960  0.000e+00
     34.627     7.7687    31.1319    24.2699 9.1575e-01     0.1310      0.018    1477.37      9.740     0.9470 164.742459     0.6627     34.958  0.000e+00
     34.627     7.7689    31.1315    24.2695 8.7912e-01     0.1298      0.018    1477.37      9.802     0.9531 164.742459     0.6670     34.958  0.000e+00
     34.616     7.7694    31.1312    24.2692 8.6691e-01     0.1298      0.018    1477.37      9.749     0.9480 164.742459     0.6633     34.947  0.000e+00
     34.627     7.7693    31.1311    24.2692 8.6691e-01     0.1298      0.018    1477.37      9.812     0.9541 164.742460     0.6676     34.958  0.000e+00
     34.629     7.7696    31.1310    24.2690 8.6691e-01     0.1298      0.018    1477.37      9.760     0.9490 164.742460     0.6640     34.960  0.000e+00
     34.640     7.7693    31.1315    24.2695 8.9133e-01     0.1298      0.018    1477.37      9.761     0.9491 164.742461     0.6642     34.972  0.000e+00
     34.616     7.7695    31.1312    24.2692 9.1575e-01     0.1298      0.018    1477.37      9.756     0.9486 164.742461     0.6638     34.947  0.000e+00
     34.640     7.7698    31.1308    24.2689 9.1575e-01     0.1298      0.018    1477.37      9.750     0.9481 164.742462     0.6634     34.972  0.000e+00
     34.640     7.7693    31.1313    24.2693 9.0354e-01     0.1298      0.018    1477.37      9.745     0.9476 164.742462     0.6630     34.972  0.000e+00
     34.629     7.7684    31.1324    24.2703 8.9133e-01     0.1298      0.018    1477.37      9.740     0.9470 164.742463     0.6627     34.960  0.000e+00
     34.640     7.7684    31.1325    24.2704 8.5470e-01     0.1298      0.018    1477.37      9.742     0.9472 164.742463     0.6628     34.972  0.000e+00
     34.627     7.7682    31.1328    24.2707 8.4249e-01     0.1298      0.015    1477.37      9.737     0.9467 164.742464     0.6625     34.958  0.000e+00
     34.640     7.7681    31.1333    24.2711 8.5470e-01     0.1298      0.015    1477.37      9.739     0.9470 164.742464     0.6626     34.972  0.000e+00
     34.640     7.7681    31.1334    24.2712 8.9133e-01     0.1298      0.018    1477.37      9.742     0.9472 164.742465     0.6628     34.972  0.000e+00
     34.640     7.7687    31.1326    24.2705 8.9133e-01     0.1298      0.018    1477.37      9.745     0.9475 164.742465     0.6630     34.972  0.000e+00
     34.640     7.7685    31.1329    24.2707 8.5470e-01     0.1310      0.018    1477.37      9.741     0.9471 164.742466     0.6627     34.972  0.000e+00
     34.627     7.7687    31.1330    24.2708 8.3028e-01     0.1298      0.018    1477.37      9.744     0.9474 164.742466     0.6630     34.958  0.000e+00
     34.651     7.7684    31.1330    24.2708 8.4249e-01     0.1310      0.018    1477.37      9.740     0.9471 164.742467     0.6627     34.983  0.000e+00
     34.640     7.7689    31.1328    24.2706 9.2796e-01     0.1298      0.018    1477.37      9.805     0.9534 164.742467     0.6671     34.972  0.000e+00
     34.640     7.7682    31.1336    24.2713 1.0134e+00     0.1298      0.018    1477.37      9.754     0.9485 164.742468     0.6637     34.972  0.000e+00
     34.627     7.7677    31.1343    24.2719 1.0256e+00     0.1298      0.018    1477.37      9.758     0.9489 164.742468     0.6640     34.958  0.000e+00
     34.640     7.7676    31.1344    24.2720 1.0012e+00     0.1310      0.018    1477.37      9.755     0.9485 164.742469     0.6637     34.972  0.000e+00
     34.651     7.7673    31.1348    24.2723 9.5238e-01     0.1298      0.015    1477.37      9.752     0.9482 164.742469     0.6635     34.983  0.000e+00
     34.640     7.7668    31.1350    24.2726 9.0354e-01     0.1310      0.015    1477.37      9.756     0.9487 164.742470     0.6638     34.972  0.000e+00
     34.651     7.7669    31.1345    24.2722 8.9133e-01     0.1298      0.018    1477.37      9.753     0.9484 164.742470     0.6636     34.983  0.000e+00
     34.640     7.7671    31.1347    24.2723 8.7912e-01     0.1298      0.018    1477.37      9.750     0.9481 164.742471     0.6634     34.972  0.000e+00
     34.640     7.7670    31.1348    24.2724 8.7912e-01     0.1298      0.018    1477.37      9.747     0.9478 164.742471     0.6632     34.972  0.000e+00
     34.651     7.7674    31.1345    24.2721 8.9133e-01     0.1310      0.018    1477.37      9.744     0.9475 164.742472     0.6630     34.983  0.000e+00
     34.616     7.7676    31.1343    24.2719 9.2796e-01     0.1298      0.018    1477.37      9.748     0.9479 164.742472     0.6633     34.947  0.000e+00
     34.664     7.7678    31.1339    24.2716 9.2796e-01     0.1298      0.018    1477.37      9.815     0.9544 164.742473     0.6678     34.996  0.000e+00
     34.651     7.7679    31.1339    24.2715 9.0354e-01     0.1298      0.018    1477.37      9.765     0.9495 164.742473     0.6644     34.983  0.000e+00
     34.640     7.7681    31.1337    24.2714 8.9133e-01     0.1298      0.018    1477.37      9.763     0.9493 164.742473     0.6643     34.972  0.000e+00
     34.651     7.7682    31.1338    24.2714 8.5470e-01     0.1298      0.018    1477.37      9.822     0.9551 164.742474     0.6683     34.983  0.000e+00
     34.640     7.7678    31.1340    24.2717 8.1807e-01     0.1298      0.018    1477.37      9.834     0.9563 164.742474     0.6691     34.972  0.000e+00
     34.651     7.7671    31.1348    24.2724 8.1807e-01     0.1298      0.018    1477.37      9.785     0.9514 164.742475     0.6658     34.983  0.000e+00
     34.640     7.7666    31.1354    24.2729 8.6691e-01     0.1298      0.018    1477.37      9.782     0.9512 164.742475     0.6656     34.972  0.000e+00
     34.640     7.7668    31.1350    24.2726 9.1575e-01     0.1298      0.018    1477.37      9.788     0.9517 164.742476     0.6660     34.972  0.000e+00
     34.640     7.7668    31.1349    24.2725 9.2796e-01     0.1298      0.018    1477.37      9.785     0.9515 164.742476     0.6658     34.972  0.000e+00
     34.651     7.7665    31.1351    24.2727 8.9133e-01     0.1310      0.018    1477.37      9.783     0.9513 164.742477     0.6657     34.983  0.000e+00
     34.640     7.7666    31.1348    24.2724 9.0354e-01     0.1298      0.018    1477.37      9.781     0.9511 164.742477     0.6655     34.972  0.000e+00
     34.640     7.7665    31.1349    24.2725 9.2796e-01     0.1298      0.018    1477.37      9.848     0.9576 164.742478     0.6701     34.972  0.000e+00
     34.640     7.7669    31.1342    24.2719 9.4017e-01     0.1298      0.018    1477.37      9.792     0.9521 164.742478     0.6662     34.972  0.000e+00
     34.640     7.7669    31.1345    24.2722 9.0354e-01     0.1298      0.018    1477.37      9.790     0.9519 164.742479     0.6661     34.972  0.000e+00
