20190611/ID2_20190613_down.cnv
* Sea-Bird SBE 9 Data File:
* FileName = C:\CTD Brukere\NIVA\OKOKYST2019\20190611\ID2_20190613.hex
* Software Version Seasave V 7.23.2
* Temperature SN = 5352
* Conductivity SN = 3840
* Number of Bytes Per Scan = 28
* Number of Voltage Words = 4
* Number of Scans Averaged by the Deck Unit = 1
* NMEA baud rate = 4800
** Ship: R/V Trygve Braarud
** Cruise:
** Station:
** Operator:
# nquan = 14
# nvalues = 2581                                  
# units = specified
# name 0 = depSM: Depth [salt water, m], lat = 59.60
# name 1 = t090C: Temperature [ITS-90, deg C]
# name 2 = sal00: Salinity, Practical [PSU]
# name 3 = sigma-t00: Density [sigma-t, kg/m^3 ]
# name 4 = flSP: Fluorescence, Seapoint
# name 5 = wetStar: Fluorescence, WET Labs WETstar [mg/m^3]
# name 6 = seaTurbMtr: Turbidity, Seapoint [FTU]
# name 7 = svCM: Sound Velocity [Chen-Millero, m/s]
# name 8 = sbeox0PS: Oxygen, SBE 43 [% saturation]
# name 9 = sbeox0Mg/L: Oxygen, SBE 43 [mg/l]
# name 10 = timeJ: Julian Days
# name 11 = sbeox0ML/L: Oxygen, SBE 43 [ml/l]
# name 12 = prDM: Pressure, Digiquartz [db]
# name 13 = flag:  0.000e+00
# span 0 =      0.198,     34.676                 
# span 1 =     7.3912,    16.2544                 
# span 2 =     8.3695,    31.1391                 
# span 3 =     5.3211,    24.2756                 
# span 4 = 4.1514e-01, 9.5482e+00                 
# span 5 =     0.1298,     0.1322                 
# span 6 =      0.007,      0.018                 
# span 7 =    1467.83,    1480.46                 
# span 8 =      9.729,     88.583                 
# span 9 =     0.9461,     8.4694                 
# span 10 = 164.741285, 164.742529                
# span 11 =     0.6620,     5.9264                
# span 12 =      0.199,     35.008                
# span 13 = 0.0000e+00, 0.0000e+00                
# interval = seconds: 0.0416667
# start_time = Jun 13 2019 17:47:27 [System UpLoad Time]
# bad_flag = -9.990e-29
*END*
      0.212    16.2361     8.7357     5.5972 7.8022e+00     0.1322      0.011    1480.39     71.053     6.6184 164.741285     4.6311      0.214  0.000e+00
      0.223    16.2362     8.7530     5.6104 7.7289e+00     0.1310      0.011    1480.41     71.053     6.6176 164.741285     4.6306      0.226  0.000e+00
      0.223    16.2362     8.7495     5.6077 7.8388e+00     0.1310      0.007    1480.40     71.112     6.6233 164.741286     4.6346      0.226  0.000e+00
      0.222    16.2359     8.7543     5.6114 7.9365e+00     0.1322      0.011    1480.41     71.117     6.6236 164.741286     4.6348      0.224  0.000e+00
      0.223    16.2359     8.7859     5.6356 7.8877e+00     0.1310      0.011    1480.45     71.121     6.6227 164.741287     4.6342      0.226  0.000e+00
      0.212    16.2357     8.7885     5.6375 7.8266e+00     0.1310      0.007    1480.45     71.125     6.6230 164.741287     4.6344      0.214  0.000e+00
      0.223    16.2355     8.7924     5.6405 7.8022e+00     0.1310      0.011    1480.45     71.129     6.6233 164.741288     4.6346      0.226  0.000e+00
      0.210    16.2357     8.8018     5.6477 7.8022e+00     0.1310      0.011    1480.46     71.133     6.6232 164.741288     4.6345      0.212  0.000e+00
      0.223    16.2349     8.7777     5.6295 7.7900e+00     0.1310      0.007    1480.43     71.137     6.6246 164.741289     4.6355      0.226  0.000e+00
      0.212    16.2350     8.7788     5.6303 7.6923e+00     0.1322      0.011    1480.43     71.140     6.6249 164.741289     4.6357      0.214  0.000e+00
      0.212    16.2347     8.7821     5.6328 7.6068e+00     0.1310      0.007    1480.44     71.202     6.6306 164.741290     4.6397      0.214  0.000e+00
      0.210    16.2346     8.7490     5.6076 7.5214e+00     0.1310      0.011    1480.40     71.210     6.6327 164.741290     4.6411      0.212  0.000e+00
      0.212    16.2346     8.7405     5.6011 7.5458e+00     0.1322      0.015    1480.39     71.217     6.6337 164.741291     4.6419      0.214  0.000e+00
      0.212    16.2344     8.7249     5.5892 7.6068e+00     0.1310      0.007    1480.37     71.224     6.6350 164.741291     4.6428      0.214  0.000e+00
      0.212    16.2346     8.6975     5.5683 7.6313e+00     0.1310      0.011    1480.34     71.290     6.6421 164.741291     4.6478      0.214  0.000e+00
      0.210    16.2340     8.7008     5.5709 7.6313e+00     0.1322      0.011    1480.34     71.241     6.6376 164.741292     4.6446      0.212  0.000e+00
      0.212    16.2337     8.6901     5.5628 7.6190e+00     0.1310      0.007    1480.33     71.306     6.6441 164.741292     4.6491      0.214  0.000e+00
      0.199    16.2335     8.6797     5.5549 7.6190e+00     0.1322      0.007    1480.32     71.315     6.6454 164.741293     4.6501      0.201  0.000e+00
      0.212    16.2337     8.7012     5.5713 7.6068e+00     0.1310      0.011    1480.34     71.325     6.6454 164.741293     4.6500      0.214  0.000e+00
      0.210    16.2337     8.7025     5.5723 7.6068e+00     0.1310      0.007    1480.34     71.333     6.6461 164.741294     4.6506      0.212  0.000e+00
      0.212    16.2330     8.7077     5.5764 7.6679e+00     0.1310      0.011    1480.35     71.400     6.6522 164.741294     4.6548      0.214  0.000e+00
      0.212    16.2330     8.7400     5.6010 7.7167e+00     0.1310      0.007    1480.38     71.412     6.6520 164.741295     4.6547      0.214  0.000e+00
      0.212    16.2328     8.7488     5.6078 7.7656e+00     0.1310      0.007    1480.39     71.364     6.6472 164.741295     4.6513      0.214  0.000e+00
      0.198    16.2327     8.7561     5.6134 7.7534e+00     0.1322      0.011    1480.40     71.428     6.6530 164.741296     4.6554      0.199  0.000e+00
      0.223    16.2328     8.7743     5.6273 7.7411e+00     0.1322      0.011    1480.42     71.438     6.6531 164.741296     4.6555      0.226  0.000e+00
      0.212    16.2328     8.7616     5.6175 7.7534e+00     0.1310      0.007    1480.41     71.447     6.6545 164.741297     4.6564      0.214  0.000e+00
      0.199    16.2328     8.7552     5.6127 7.7411e+00     0.1310      0.011    1480.40     71.455     6.6555 164.741297     4.6571      0.201  0.000e+00
      0.222    16.2328     8.7542     5.6119 7.6923e+00     0.1310      0.011    1480.40     71.463     6.6562 164.741298     4.6576      0.224  0.000e+00
      0.212    16.2325     8.7283     5.5922 7.6435e+00     0.1310      0.007    1480.37     71.469     6.6579 164.741298     4.6588      0.214  0.000e+00
      0.212    16.2322     8.7236     5.5887 7.6313e+00     0.1322      0.011    1480.36     71.534     6.6641 164.741299     4.6632      0.214  0.000e+00
      0.223    16.2317     8.7165     5.5833 7.6313e+00     0.1310      0.007    1480.35     71.543     6.6654 164.741299     4.6641      0.226  0.000e+00
      0.222    16.2305     8.6895     5.5629 7.6801e+00     0.1310      0.007    1480.32     71.552     6.6674 164.741300     4.6655      0.224  0.000e+00
      0.212    16.2298     8.6904     5.5637 7.7534e+00     0.1322      0.011    1480.32     71.559     6.6682 164.741300     4.6660      0.214  0.000e+00
      0.223    16.2288     8.6815     5.5571 7.7656e+00     0.1310      0.007    1480.30     71.566     6.6693 164.741301     4.6668      0.226  0.000e+00
      0.223    16.2275     8.6670     5.5463 7.7045e+00     0.1322      0.011    1480.28     71.571     6.6706 164.741301     4.6677      0.226  0.000e+00
      0.235    16.2264     8.6799     5.5563 7.6190e+00     0.1322      0.011    1480.29     71.575     6.6706 164.741302     4.6677      0.237  0.000e+00
      0.223    16.2252     8.6764     5.5539 7.5336e+00     0.1310      0.007    1480.28     71.579     6.6712 164.741302     4.6681      0.226  0.000e+00
      0.223    16.2244     8.6667     5.5466 7.5092e+00     0.1310      0.011    1480.27     71.581     6.6720 164.741303     4.6686      0.226  0.000e+00
      0.223    16.2237     8.6792     5.5563 7.5092e+00     0.1310      0.011    1480.28     71.641     6.6772 164.741303     4.6723      0.226  0.000e+00
      0.235    16.2234     8.6722     5.5510 7.5092e+00     0.1322      0.007    1480.27     71.647     6.6780 164.741304     4.6729      0.237  0.000e+00
      0.223    16.2234     8.6728     5.5515 7.5458e+00     0.1322      0.007    1480.27     71.650     6.6783 164.741304     4.6731      0.226  0.000e+00
      0.235    16.2233     8.6959     5.5691 7.6190e+00     0.1310      0.007    1480.30     71.653     6.6776 164.741304     4.6726      0.237  0.000e+00
      0.235    16.2234     8.6937     5.5674 7.6801e+00     0.1310      0.007    1480.30     71.655     6.6778 164.741305     4.6728      0.237  0.000e+00
      0.235    16.2234     8.7070     5.5776 7.6557e+00     0.1322      0.011    1480.31     71.714     6.6828 164.741305     4.6762      0.237  0.000e+00
      0.235    16.2239     8.7328     5.5972 7.6190e+00     0.1310      0.007    1480.34     71.717     6.6820 164.741306     4.6757      0.237  0.000e+00
      0.235    16.2244     8.7322     5.5966 7.6190e+00     0.1310      0.007    1480.35     71.720     6.6822 164.741306     4.6758      0.237  0.000e+00
      0.235    16.2246     8.7477     5.6084 7.7045e+00     0.1322      0.011    1480.36     71.720     6.6816 164.741307     4.6754      0.237  0.000e+00
      0.235    16.2254     8.7590     5.6169 7.7900e+00     0.1310      0.007    1480.38     71.720     6.6810 164.741307     4.6750      0.237  0.000e+00
      0.235    16.2256     8.7514     5.6110 7.8022e+00     0.1322      0.011    1480.37     71.777     6.6866 164.741308     4.6789      0.237  0.000e+00
      0.248    16.2263     8.7554     5.6140 7.7656e+00     0.1310      0.011    1480.38     71.778     6.6865 164.741308     4.6788      0.250  0.000e+00
      0.223    16.2266     8.7411     5.6031 7.6923e+00     0.1310      0.007    1480.36     71.778     6.6869 164.741309     4.6791      0.226  0.000e+00
      0.246    16.2271     8.7178     5.5852 7.6068e+00     0.1322      0.011    1480.34     71.781     6.6881 164.741309     4.6799      0.248  0.000e+00
      0.248    16.2273     8.7147     5.5827 7.5580e+00     0.1310      0.007    1480.34     71.782     6.6884 164.741310     4.6801      0.250  0.000e+00
      0.235    16.2278     8.6830     5.5584 7.5580e+00     0.1310      0.007    1480.30     71.841     6.6951 164.741310     4.6848      0.237  0.000e+00
      0.223    16.2286     8.6674     5.5464 7.5580e+00     0.1310      0.011    1480.29     71.845     6.6959 164.741311     4.6854      0.226  0.000e+00
      0.246    16.2295     8.6718     5.5496 7.5702e+00     0.1322      0.011    1480.29     71.847     6.6958 164.741311     4.6853      0.248  0.000e+00
      0.235    16.2290     8.6477     5.5312 7.5824e+00     0.1310      0.007    1480.26     71.906     6.7024 164.741312     4.6899      0.237  0.000e+00
      0.235    16.2286     8.6508     5.5337 7.5824e+00     0.1322      0.011    1480.27     71.909     6.7026 164.741312     4.6901      0.237  0.000e+00
      0.235    16.2281     8.6681     5.5470 7.5580e+00     0.1310      0.007    1480.28     71.911     6.7021 164.741313     4.6897      0.237  0.000e+00
      0.235    16.2276     8.6552     5.5372 7.5214e+00     0.1310      0.007    1480.27     71.915     6.7031 164.741313     4.6904      0.237  0.000e+00
      0.248    16.2271     8.6585     5.5399 7.4359e+00     0.1322      0.011    1480.27     71.918     6.7033 164.741314     4.6906      0.250  0.000e+00
      0.235    16.2271     8.6624     5.5428 7.3260e+00     0.1310      0.007    1480.27     71.979     6.7088 164.741314     4.6944      0.237  0.000e+00
      0.223    16.2273     8.6431     5.5281 7.2650e+00     0.1310      0.007    1480.25     71.983     6.7100 164.741315     4.6952      0.226  0.000e+00
      0.246    16.2271     8.6542     5.5365 7.1673e+00     0.1322      0.011    1480.27     71.991     6.7103 164.741315     4.6955      0.248  0.000e+00
      0.223    16.2275     8.6547     5.5369 7.0452e+00     0.1310      0.007    1480.27     71.992     6.7103 164.741316     4.6955      0.226  0.000e+00
      0.248    16.2275     8.6400     5.5257 6.9597e+00     0.1310      0.007    1480.25     71.996     6.7113 164.741316     4.6962      0.250  0.000e+00
      0.223    16.2280     8.6574     5.5388 6.9109e+00     0.1322      0.011    1480.27     71.999     6.7107 164.741317     4.6958      0.226  0.000e+00
      0.235    16.2286     8.6590     5.5400 6.9353e+00     0.1298      0.007    1480.28     72.059     6.7162 164.741317     4.6996      0.237  0.000e+00
      0.235    16.2291     8.6471     5.5308 6.9963e+00     0.1322      0.011    1480.26     72.004     6.7115 164.741318     4.6963      0.237  0.000e+00
      0.235    16.2300     8.6608     5.5411 7.0818e+00     0.1322      0.011    1480.28     72.065     6.7166 164.741318     4.6998      0.237  0.000e+00
      0.235    16.2301     8.6507     5.5334 7.1795e+00     0.1310      0.007    1480.27     72.012     6.7120 164.741318     4.6967      0.237  0.000e+00
      0.222    16.2305     8.6393     5.5246 7.2405e+00     0.1310      0.011    1480.26     72.066     6.7174 164.741319     4.7004      0.224  0.000e+00
      0.248    16.2310     8.6457     5.5294 7.2772e+00     0.1322      0.011    1480.27     72.069     6.7173 164.741319     4.7004      0.250  0.000e+00
      0.223    16.2312     8.6228     5.5118 7.2772e+00     0.1322      0.007    1480.24     72.069     6.7183 164.741320     4.7011      0.226  0.000e+00
      0.235    16.2317     8.6172     5.5075 7.2650e+00     0.1322      0.011    1480.24     72.069     6.7184 164.741320     4.7011      0.237  0.000e+00
      0.235    16.2318     8.6223     5.5113 7.2650e+00     0.1310      0.007    1480.24     72.067     6.7180 164.741321     4.7008      0.237  0.000e+00
      0.235    16.2325     8.6017     5.4955 7.2405e+00     0.1310      0.007    1480.22     72.063     6.7184 164.741321     4.7011      0.237  0.000e+00
      0.235    16.2327     8.6056     5.4985 7.2283e+00     0.1322      0.011    1480.23     72.057     6.7177 164.741322     4.7006      0.237  0.000e+00
      0.235    16.2325     8.6111     5.5027 7.2527e+00     0.1310      0.007    1480.23     72.055     6.7173 164.741322     4.7004      0.237  0.000e+00
      0.235    16.2330     8.6017     5.4954 7.2772e+00     0.1310      0.007    1480.22     72.052     6.7173 164.741323     4.7004      0.237  0.000e+00
      0.235    16.2330     8.6218     5.5108 7.3504e+00     0.1310      0.011    1480.25     72.106     6.7215 164.741323     4.7033      0.237  0.000e+00
      0.235    16.2330     8.6359     5.5215 7.3993e+00     0.1310      0.007    1480.26     72.104     6.7208 164.741324     4.7028      0.237  0.000e+00
      0.248    16.2328     8.6293     5.5165 7.3993e+00     0.1322      0.007    1480.26     72.101     6.7208 164.741324     4.7028      0.250  0.000e+00
      0.235    16.2327     8.6426     5.5267 7.3504e+00     0.1310      0.011    1480.27     72.096     6.7198 164.741325     4.7021      0.237  0.000e+00
      0.235    16.2327     8.6387     5.5238 7.2894e+00     0.1298      0.007    1480.27     72.090     6.7194 164.741325     4.7018      0.237  0.000e+00
      0.235    16.2323     8.6252     5.5135 7.2527e+00     0.1322      0.011    1480.25     72.082     6.7192 164.741326     4.7017      0.237  0.000e+00
      0.248    16.2318     8.6308     5.5178 7.1795e+00     0.1322      0.011    1480.25     72.072     6.7182 164.741326     4.7010      0.250  0.000e+00
      0.235    16.2320     8.6083     5.5007 7.0940e+00     0.1310      0.007    1480.23     72.066     6.7184 164.741327     4.7012      0.237  0.000e+00
      0.235    16.2317     8.5914     5.4878 7.0208e+00     0.1310      0.011    1480.21     72.058     6.7185 164.741327     4.7012      0.237  0.000e+00
      0.235    16.2318     8.5957     5.4910 7.0085e+00     0.1310      0.007    1480.21     72.049     6.7174 164.741328     4.7005      0.237  0.000e+00
      0.235    16.2318     8.5763     5.4762 7.0085e+00     0.1310      0.007    1480.19     72.038     6.7172 164.741328     4.7003      0.237  0.000e+00
      0.222    16.2322     8.5735     5.4741 7.0452e+00     0.1322      0.011    1480.19     72.026     6.7162 164.741329     4.6996      0.224  0.000e+00
      0.248    16.2324     8.5821     5.4806 7.1306e+00     0.1310      0.007    1480.20     72.018     6.7151 164.741329     4.6988      0.250  0.000e+00
      0.223    16.2332     8.5709     5.4719 7.2283e+00     0.1310      0.007    1480.19     72.009     6.7145 164.741330     4.6984      0.226  0.000e+00
      0.235    16.2340     8.5844     5.4820 7.3626e+00     0.1310      0.011    1480.21     71.998     6.7128 164.741330     4.6972      0.237  0.000e+00
      0.222    16.2347     8.6037     5.4966 7.4481e+00     0.1310      0.007    1480.23     71.986     6.7108 164.741331     4.6958      0.224  0.000e+00
      0.223    16.2350     8.6059     5.4982 7.4481e+00     0.1310      0.007    1480.24     71.973     6.7095 164.741331     4.6949      0.226  0.000e+00
      0.235    16.2354     8.6287     5.5156 7.3993e+00     0.1310      0.011    1480.26     71.964     6.7076 164.741332     4.6936      0.237  0.000e+00
      0.223    16.2350     8.6434     5.5269 7.3382e+00     0.1310      0.007    1480.28     71.953     6.7061 164.741332     4.6925      0.226  0.000e+00
      0.210    16.2350     8.6478     5.5302 7.3016e+00     0.1310      0.011    1480.28     71.942     6.7049 164.741332     4.6917      0.212  0.000e+00
      0.235    16.2344     8.6688     5.5464 7.2405e+00     0.1310      0.011    1480.31     71.930     6.7030 164.741333     4.6904      0.237  0.000e+00
      0.212    16.2339     8.6695     5.5470 7.1795e+00     0.1310      0.007    1480.30     71.916     6.7018 164.741333     4.6895      0.214  0.000e+00
      0.223    16.2334     8.6709     5.5482 7.1429e+00     0.1310      0.011    1480.30     71.907     6.7009 164.741334     4.6889      0.226  0.000e+00
