20190611/ID2_20190613_down.cnv
* Sea-Bird SBE 9 Data File:
* FileName = C:\CTD Brukere\NIVA\OKOKYST2019\20190611\ID2_20190613.hex
* Software Version Seasave V 7.23.2
* Temperature SN = 5352
* Conductivity SN = 3840
* Number of Bytes Per Scan = 28
* Number of Voltage Words = 4
* Number of Scans Averaged by the Deck Unit = 1
* NMEA baud rate = 4800
** Ship: R/V Trygve Braarud
** Cruise:
** Station:
** Operator:
# nquan = 14
# nvalues = 2581                                  
# units = specified
# name 0 = depSM: Depth [salt water, m], lat = 59.60
# name 1 = t090C: Temperature [ITS-90, deg C]
# name 2 = sal00: Salinity, Practical [PSU]
# name 3 = sigma-t00: Density [sigma-t, kg/m^3 ]
# name 4 = flSP: Fluorescence, Seapoint
# name 5 = wetStar: Fluorescence, WET Labs WETstar [mg/m^3]
# name 6 = seaTurbMtr: Turbidity, Seapoint [FTU]
# name 7 = svCM: Sound Velocity [Chen-Millero, m/s]
# name 8 = sbeox0PS: Oxygen, SBE 43 [% saturation]
# name 9 = sbeox0Mg/L: Oxygen, SBE 43 [mg/l]
# name 10 = timeJ: Julian Days
# name 11 = sbeox0ML/L: Oxygen, SBE 43 [ml/l]
# name 12 = prDM: Pressure, Digiquartz [db]
# name 13 = flag:  0.000e+00
# span 0 =      0.198,     34.676                 
# span 1 =     7.3912,    16.2544                 
# span 2 =     8.3695,    31.1391                 
# span 3 =     5.3211,    24.2756                 
# span 4 = 4.1514e-01, 9.5482e+00                 
# span 5 =     0.1298,     0.1322                 
# span 6 =      0.007,      0.018                 
# span 7 =    1467.83,    1480.46                 
# span 8 =      9.729,     88.583                 
# span 9 =     0.9461,     8.4694                 
# span 10 = 164.741285, 164.742529                
# span 11 =     0.6620,     5.9264                
# span 12 =      0.199,     35.008                
# span 13 = 0.0000e+00, 0.0000e+00                
# interval = seconds: 0.0416667
# start_time = Jun 13 2019 17:47:27 [System UpLoad Time]
# bad_flag = -9.990e-29
*END*
[from data line 1859]
     30.617     7.7682    31.1353    24.2726 7.3260e-01     0.1310      0.018    1477.31     10.465     1.0176 164.742181     0.7121     30.910  0.000e+00
     30.645     7.7682    31.1354    24.2727 7.2039e-01     0.1310      0.018    1477.31     10.466     1.0177 164.742182     0.7121     30.938  0.000e+00
     30.656     7.7684    31.1349    24.2723 6.5934e-01     0.1310      0.018    1477.31     10.468     1.0178 164.742182     0.7122     30.949  0.000e+00
     30.694     7.7681    31.1351    24.2725 6.1050e-01     0.1310      0.018    1477.31     10.469     1.0180 164.742183     0.7123     30.987  0.000e+00
     30.716     7.7681    31.1354    24.2727 6.2271e-01     0.1310      0.018    1477.31     10.471     1.0181 164.742183     0.7124     31.010  0.000e+00
     30.737     7.7677    31.1355    24.2729 6.8376e-01     0.1310      0.018    1477.31     10.473     1.0184 164.742184     0.7126     31.031  0.000e+00
     30.776     7.7678    31.1356    24.2729 6.7155e-01     0.1310      0.018    1477.31     10.476     1.0186 164.742184     0.7128     31.071  0.000e+00
     30.776     7.7676    31.1357    24.2730 6.2271e-01     0.1298      0.018    1477.31     10.478     1.0189 164.742185     0.7129     31.071  0.000e+00
     30.814     7.7674    31.1355    24.2728 5.9829e-01     0.1310      0.018    1477.31     10.481     1.0192 164.742185     0.7132     31.108  0.000e+00
     30.836     7.7676    31.1354    24.2728 6.2271e-01     0.1298      0.018    1477.31     10.423     1.0135 164.742186     0.7092     31.131  0.000e+00
     30.861     7.7677    31.1352    24.2726 6.9597e-01     0.1310      0.018    1477.31     10.481     1.0192 164.742186     0.7132     31.156  0.000e+00
     30.882     7.7669    31.1360    24.2733 7.2039e-01     0.1310      0.018    1477.31     10.486     1.0196 164.742187     0.7135     31.177  0.000e+00
     30.909     7.7676    31.1355    24.2728 6.8376e-01     0.1310      0.018    1477.31     10.490     1.0200 164.742187     0.7138     31.205  0.000e+00
     30.932     7.7674    31.1359    24.2732 6.8376e-01     0.1298      0.018    1477.31     10.495     1.0205 164.742188     0.7141     31.228  0.000e+00
     30.945     7.7674    31.1355    24.2729 6.8376e-01     0.1310      0.018    1477.31     10.500     1.0210 164.742188     0.7144     31.241  0.000e+00
     30.981     7.7674    31.1357    24.2730 6.4713e-01     0.1310      0.018    1477.31     10.498     1.0208 164.742188     0.7143     31.277  0.000e+00
     31.005     7.7676    31.1355    24.2729 6.4713e-01     0.1310      0.018    1477.31     10.504     1.0213 164.742189     0.7147     31.302  0.000e+00
     31.026     7.7676    31.1355    24.2728 6.4713e-01     0.1298      0.018    1477.31     10.440     1.0152 164.742189     0.7104     31.323  0.000e+00
     31.041     7.7673    31.1358    24.2731 6.2271e-01     0.1298      0.018    1477.31     10.501     1.0211 164.742190     0.7145     31.338  0.000e+00
     31.088     7.7673    31.1357    24.2731 5.8608e-01     0.1310      0.018    1477.31     10.500     1.0209 164.742190     0.7144     31.385  0.000e+00
     31.101     7.7673    31.1357    24.2730 5.6166e-01     0.1298      0.018    1477.31     10.506     1.0216 164.742191     0.7148     31.398  0.000e+00
     31.125     7.7671    31.1361    24.2734 5.3724e-01     0.1298      0.018    1477.31     10.505     1.0215 164.742191     0.7148     31.423  0.000e+00
     31.161     7.7673    31.1358    24.2731 5.4945e-01     0.1298      0.018    1477.31     10.504     1.0214 164.742192     0.7147     31.459  0.000e+00
     31.185     7.7673    31.1359    24.2732 6.1050e-01     0.1310      0.018    1477.31     10.503     1.0213 164.742192     0.7147     31.483  0.000e+00
     31.206     7.7674    31.1358    24.2731 6.7155e-01     0.1298      0.018    1477.31     10.510     1.0220 164.742193     0.7151     31.505  0.000e+00
     31.245     7.7669    31.1362    24.2735 6.7155e-01     0.1298      0.018    1477.31     10.510     1.0219 164.742193     0.7151     31.544  0.000e+00
     31.257     7.7671    31.1359    24.2732 6.3492e-01     0.1298      0.018    1477.31     10.516     1.0226 164.742194     0.7155     31.556  0.000e+00
     31.281     7.7671    31.1356    24.2730 6.1050e-01     0.1298      0.018    1477.31     10.516     1.0226 164.742194     0.7155     31.580  0.000e+00
     31.317     7.7671    31.1355    24.2729 6.8376e-01     0.1298      0.018    1477.31     10.516     1.0225 164.742195     0.7155     31.616  0.000e+00
     31.341     7.7670    31.1358    24.2731 7.5702e-01     0.1298      0.018    1477.31     10.516     1.0225 164.742195     0.7155     31.641  0.000e+00
     31.364     7.7673    31.1354    24.2728 7.5702e-01     0.1310      0.018    1477.32     10.515     1.0225 164.742196     0.7155     31.664  0.000e+00
     31.388     7.7673    31.1355    24.2729 7.0818e-01     0.1298      0.018    1477.32     10.515     1.0225 164.742196     0.7155     31.688  0.000e+00
     31.409     7.7673    31.1356    24.2730 6.7155e-01     0.1298      0.018    1477.32     10.522     1.0232 164.742197     0.7160     31.710  0.000e+00
     31.437     7.7669    31.1358    24.2732 6.7155e-01     0.1298      0.018    1477.32     10.522     1.0232 164.742197     0.7160     31.737  0.000e+00
     31.461     7.7671    31.1355    24.2729 6.9597e-01     0.1310      0.018    1477.32     10.530     1.0239 164.742198     0.7165     31.762  0.000e+00
     31.497     7.7673    31.1354    24.2728 6.8376e-01     0.1298      0.018    1477.32     10.530     1.0239 164.742198     0.7165     31.798  0.000e+00
     31.508     7.7668    31.1360    24.2734 6.5934e-01     0.1298      0.018    1477.32     10.469     1.0180 164.742199     0.7123     31.809  0.000e+00
     31.521     7.7673    31.1353    24.2727 6.3492e-01     0.1310      0.018    1477.32     10.524     1.0233 164.742199     0.7161     31.823  0.000e+00
     31.568     7.7673    31.1354    24.2728 5.8608e-01     0.1310      0.018    1477.32     10.525     1.0234 164.742200     0.7161     31.870  0.000e+00
     31.581     7.7670    31.1355    24.2730 5.6166e-01     0.1298      0.018    1477.32     10.525     1.0235 164.742200     0.7162     31.883  0.000e+00
     31.617     7.7671    31.1358    24.2732 5.3724e-01     0.1310      0.018    1477.32     10.534     1.0243 164.742201     0.7167     31.919  0.000e+00
     31.638     7.7669    31.1359    24.2732 5.2503e-01     0.1310      0.018    1477.32     10.473     1.0184 164.742201     0.7126     31.941  0.000e+00
     31.653     7.7670    31.1357    24.2731 5.0061e-01     0.1310      0.018    1477.32     10.467     1.0178 164.742201     0.7122     31.955  0.000e+00
     31.677     7.7669    31.1357    24.2731 5.0061e-01     0.1298      0.018    1477.32     10.523     1.0232 164.742202     0.7160     31.980  0.000e+00
     31.713     7.7669    31.1358    24.2732 5.2503e-01     0.1310      0.018    1477.32     10.524     1.0234 164.742202     0.7161     32.016  0.000e+00
     31.737     7.7673    31.1356    24.2730 5.4945e-01     0.1298      0.018    1477.32     10.464     1.0175 164.742203     0.7120     32.040  0.000e+00
     31.748     7.7674    31.1358    24.2731 5.6166e-01     0.1310      0.018    1477.32     10.459     1.0170 164.742203     0.7116     32.052  0.000e+00
     31.784     7.7676    31.1355    24.2729 5.6166e-01     0.1298      0.018    1477.32     10.515     1.0225 164.742204     0.7155     32.088  0.000e+00
     31.808     7.7673    31.1355    24.2729 6.2271e-01     0.1310      0.018    1477.32     10.518     1.0227 164.742204     0.7156     32.113  0.000e+00
     31.833     7.7671    31.1355    24.2729 6.7155e-01     0.1298      0.018    1477.32     10.458     1.0169 164.742205     0.7116     32.137  0.000e+00
     31.857     7.7673    31.1356    24.2730 6.8376e-01     0.1298      0.018    1477.32     10.453     1.0164 164.742205     0.7112     32.162  0.000e+00
     31.880     7.7673    31.1356    24.2730 7.0818e-01     0.1298      0.018    1477.32     10.449     1.0160 164.742206     0.7109     32.185  0.000e+00
     31.893     7.7668    31.1363    24.2736 6.8376e-01     0.1298      0.018    1477.32     10.445     1.0156 164.742206     0.7107     32.198  0.000e+00
     31.940     7.7671    31.1359    24.2732 6.5934e-01     0.1310      0.018    1477.33     10.502     1.0212 164.742207     0.7146     32.245  0.000e+00
     31.949     7.7671    31.1353    24.2728 6.4713e-01     0.1310      0.018    1477.32     10.444     1.0155 164.742207     0.7106     32.255  0.000e+00
     31.988     7.7669    31.1357    24.2731 6.3492e-01     0.1298      0.018    1477.33     10.440     1.0152 164.742208     0.7104     32.294  0.000e+00
     32.000     7.7670    31.1358    24.2732 6.2271e-01     0.1298      0.018    1477.33     10.437     1.0149 164.742208     0.7101     32.306  0.000e+00
     32.024     7.7671    31.1356    24.2730 6.1050e-01     0.1298      0.018    1477.33     10.434     1.0146 164.742209     0.7099     32.330  0.000e+00
     32.060     7.7669    31.1358    24.2732 5.9829e-01     0.1298      0.018    1477.33     10.424     1.0136 164.742209     0.7092     32.366  0.000e+00
     32.073     7.7670    31.1359    24.2732 5.9829e-01     0.1310      0.018    1477.33     10.421     1.0133 164.742210     0.7091     32.380  0.000e+00
     32.095     7.7669    31.1358    24.2732 5.9829e-01     0.1298      0.018    1477.33     10.419     1.0131 164.742210     0.7089     32.402  0.000e+00
     32.120     7.7673    31.1358    24.2731 6.7155e-01     0.1298      0.018    1477.33     10.417     1.0129 164.742211     0.7088     32.427  0.000e+00
     32.144     7.7681    31.1354    24.2727 7.4481e-01     0.1298      0.018    1477.33     10.415     1.0127 164.742211     0.7086     32.452  0.000e+00
     32.168     7.7677    31.1358    24.2731 7.5702e-01     0.1298      0.018    1477.33     10.413     1.0125 164.742212     0.7085     32.476  0.000e+00
     32.204     7.7679    31.1356    24.2729 7.5702e-01     0.1298      0.018    1477.33     10.412     1.0124 164.742212     0.7084     32.512  0.000e+00
     32.204     7.7677    31.1355    24.2729 7.4481e-01     0.1298      0.018    1477.33     10.411     1.0123 164.742213     0.7084     32.512  0.000e+00
     32.240     7.7674    31.1357    24.2730 7.4481e-01     0.1298      0.018    1477.33     10.403     1.0116 164.742213     0.7078     32.548  0.000e+00
     32.264     7.7674    31.1357    24.2730 7.2039e-01     0.1298      0.018    1477.33     10.403     1.0115 164.742214     0.7078     32.573  0.000e+00
     32.289     7.7671    31.1360    24.2733 7.3260e-01     0.1310      0.018    1477.33     10.402     1.0115 164.742214     0.7078     32.597  0.000e+00
     32.311     7.7670    31.1358    24.2732 7.2039e-01     0.1310      0.018    1477.33     10.402     1.0115 164.742215     0.7078     32.620  0.000e+00
     32.336     7.7668    31.1361    24.2735 6.8376e-01     0.1310      0.018    1477.33     10.403     1.0115 164.742215     0.7078     32.645  0.000e+00
     32.360     7.7669    31.1363    24.2736 6.3492e-01     0.1310      0.018    1477.33     10.403     1.0116 164.742215     0.7078     32.669  0.000e+00
     32.371     7.7668    31.1360    24.2734 6.1050e-01     0.1310      0.018    1477.33     10.404     1.0117 164.742216     0.7079     32.681  0.000e+00
     32.396     7.7668    31.1361    24.2734 6.8376e-01     0.1310      0.018    1477.33     10.406     1.0118 164.742216     0.7080     32.706  0.000e+00
     32.420     7.7668    31.1360    24.2733 7.4481e-01     0.1310      0.018    1477.33     10.407     1.0120 164.742217     0.7081     32.730  0.000e+00
     32.456     7.7668    31.1361    24.2734 7.4481e-01     0.1298      0.018    1477.33     10.409     1.0121 164.742217     0.7082     32.766  0.000e+00
     32.467     7.7663    31.1363    24.2737 7.8144e-01     0.1298      0.018    1477.33     10.411     1.0124 164.742218     0.7084     32.778  0.000e+00
     32.504     7.7665    31.1361    24.2735 7.5702e-01     0.1310      0.018    1477.33     10.414     1.0126 164.742218     0.7086     32.815  0.000e+00
     32.504     7.7666    31.1362    24.2735 7.9365e-01     0.1310      0.018    1477.33     10.416     1.0129 164.742219     0.7087     32.815  0.000e+00
     32.540     7.7666    31.1360    24.2734 8.1807e-01     0.1298      0.018    1477.33     10.358     1.0072 164.742219     0.7047     32.851  0.000e+00
     32.551     7.7668    31.1363    24.2736 7.9365e-01     0.1310      0.018    1477.33     10.354     1.0068 164.742220     0.7045     32.863  0.000e+00
     32.600     7.7669    31.1358    24.2732 8.1807e-01     0.1298      0.018    1477.34     10.351     1.0065 164.742220     0.7043     32.912  0.000e+00
     32.600     7.7666    31.1359    24.2733 7.9365e-01     0.1298      0.018    1477.33     10.349     1.0063 164.742221     0.7041     32.912  0.000e+00
     32.624     7.7668    31.1360    24.2734 7.3260e-01     0.1298      0.018    1477.34     10.409     1.0121 164.742221     0.7082     32.937  0.000e+00
     32.647     7.7666    31.1360    24.2734 6.7155e-01     0.1298      0.018    1477.34     10.353     1.0067 164.742222     0.7044     32.959  0.000e+00
     32.671     7.7666    31.1361    24.2735 6.2271e-01     0.1298      0.018    1477.34     10.344     1.0058 164.742222     0.7038     32.984  0.000e+00
     32.696     7.7665    31.1363    24.2736 6.1050e-01     0.1310      0.018    1477.34     10.344     1.0058 164.742223     0.7038     33.009  0.000e+00
     32.720     7.7666    31.1362    24.2735 6.3492e-01     0.1310      0.018    1477.34     10.405     1.0118 164.742223     0.7080     33.033  0.000e+00
     32.743     7.7663    31.1365    24.2738 6.7155e-01     0.1310      0.018    1477.34     10.351     1.0065 164.742224     0.7043     33.056  0.000e+00
     32.767     7.7665    31.1358    24.2733 6.5934e-01     0.1310      0.018    1477.34     10.291     1.0006 164.742224     0.7002     33.081  0.000e+00
     32.780     7.7665    31.1359    24.2733 6.4713e-01     0.1298      0.018    1477.34     10.339     1.0054 164.742225     0.7035     33.094  0.000e+00
     32.803     7.7665    31.1362    24.2735 6.7155e-01     0.1298      0.018    1477.34     10.334     1.0048 164.742225     0.7031     33.117  0.000e+00
     32.816     7.7663    31.1362    24.2736 6.5934e-01     0.1310      0.018    1477.34     10.336     1.0051 164.742226     0.7033     33.130  0.000e+00
     32.852     7.7665    31.1360    24.2734 6.2271e-01     0.1298      0.018    1477.34     10.339     1.0054 164.742226     0.7035     33.166  0.000e+00
     32.863     7.7661    31.1367    24.2740 5.9829e-01     0.1298      0.018    1477.34     10.335     1.0050 164.742227     0.7032     33.177  0.000e+00
     32.887     7.7665    31.1363    24.2736 6.1050e-01     0.1310      0.018    1477.34     10.332     1.0046 164.742227     0.7030     33.202  0.000e+00
     32.912     7.7663    31.1361    24.2735 6.1050e-01     0.1298      0.018    1477.34     10.336     1.0051 164.742228     0.7033     33.226  0.000e+00
     32.923     7.7661    31.1363    24.2737 6.2271e-01     0.1310      0.018    1477.34     10.341     1.0055 164.742228     0.7036     33.238  0.000e+00
     32.947     7.7663    31.1365    24.2738 6.1050e-01     0.1310      0.018    1477.34     10.277     0.9993 164.742228     0.6993     33.263  0.000e+00
     32.983     7.7663    31.1364    24.2737 5.8608e-01     0.1298      0.018    1477.34     10.268     0.9985 164.742229     0.6987     33.299  0.000e+00
     32.983     7.7663    31.1363    24.2737 6.2271e-01     0.1298      0.018    1477.34     10.260     0.9977 164.742229     0.6981     33.299  0.000e+00
     33.020     7.7663    31.1364    24.2737 6.5934e-01     0.1298      0.018    1477.34     10.253     0.9970 164.742230     0.6976     33.336  0.000e+00
