20190611/LA1_20190612_down_bin.cnv
* Sea-Bird SBE 9 Data File:
* FileName = C:\CTD Brukere\NIVA\OKOKYST2019\20190611\LA1_20190612.hex
* Software Version Seasave V 7.23.2
* Temperature SN = 5352
* Conductivity SN = 3840
* Number of Bytes Per Scan = 28
* Number of Voltage Words = 4
* Number of Scans Averaged by the Deck Unit = 1
* NMEA baud rate = 4800
** Ship: R/V Trygve Braarud
** Cruise:
** Station:
** Operator:
# nquan = 14
# nvalues = 103                         
# units = specified
# name 0 = depSM: Depth [salt water, m], lat = 59.60
# name 1 = t090C: Temperature [ITS-90, deg C]
# name 2 = sal00: Salinity, Practical [PSU]
# name 3 = sigma-t00: Density [sigma-t, kg/m^3 ]
# name 4 = flSP: Fluorescence, Seapoint
# name 5 = wetStar: Fluorescence, WET Labs WETstar [mg/m^3]
# name 6 = seaTurbMtr: Turbidity, Seapoint [FTU]
# name 7 = svCM: Sound Velocity [Chen-Millero, m/s]
# name 8 = sbeox0PS: Oxygen, SBE 43 [% saturation]
# name 9 = sbeox0Mg/L: Oxygen, SBE 43 [mg/l]
# name 10 = timeJ: Julian Days
# name 11 = sbeox0ML/L: Oxygen, SBE 43 [ml/l]
# name 12 = prDM: Pressure, Digiquartz [db]
# name 13 = flag: flag
# span 0 =      0.000,    102.000       
# span 1 =     6.8135,    13.7369       
# span 2 =    24.9849,    34.6701       
# span 3 =    18.5138,    27.0987       
# span 4 = 1.6331e-01, 1.8876e+00       
# span 5 =     0.1288,     0.1312       
# span 6 =      0.013,      0.018       
# span 7 =    1477.81,    1491.81       
# span 8 =     65.817,     78.617       
# span 9 =     6.3118,     7.0680       
# span 10 = 163.566620, 163.569001      
# span 11 =     4.4166,     4.9458      
# span 12 =      0.000,    102.993      
# span 13 = 0.0000e+00, 0.0000e+00      
# interval = meters: 1                  
# start_time = Jun 12 2019 13:35:54 [System UpLoad Time]
# bad_flag = -9.990e-29
*END*
      0.000    13.7282    25.0082    18.5326 1.5064e+00     0.1309      0.014    1490.86     77.458     6.8782 163.566620     4.8130      0.000 0.0000e+00
      1.000    13.7316    25.0074    18.5313 1.4186e+00     0.1308      0.015    1490.89     77.145     6.8500 163.566750     4.7932      1.009 0.0000e+00
      2.000    13.7334    25.0022    18.5270 1.3259e+00     0.1308      0.015    1490.90     77.439     6.8760 163.566765     4.8115      2.019 0.0000e+00
      3.000    13.7369    24.9980    18.5231 1.3202e+00     0.1306      0.015    1490.93     77.598     6.8899 163.566782     4.8212      3.029 0.0000e+00
      4.000    13.7330    24.9870    18.5153 1.3762e+00     0.1308      0.014    1490.92     77.597     6.8908 163.566801     4.8218      4.038 0.0000e+00
      5.000    13.7323    24.9849    18.5138 1.4068e+00     0.1309      0.015    1490.93     77.608     6.8920 163.566823     4.8226      5.047 0.0000e+00
      6.000    13.7369    24.9924    18.5187 1.4057e+00     0.1311      0.015    1490.97     77.952     6.9216 163.566843     4.8433      6.057 0.0000e+00
      7.000    13.7337    25.0073    18.5308 1.4784e+00     0.1309      0.015    1490.99     77.954     6.9216 163.566862     4.8433      7.066 0.0000e+00
      8.000    13.7252    25.0279    18.5483 1.4458e+00     0.1307      0.015    1491.01     77.540     6.8851 163.566886     4.8178      8.076 0.0000e+00
      9.000    13.7231    25.0915    18.5977 1.3992e+00     0.1304      0.014    1491.09     77.478     6.8772 163.566906     4.8123      9.086 0.0000e+00
     10.000    13.6658    25.6101    19.0080 1.6233e+00     0.1304      0.013    1491.52     77.526     6.8675 163.566925     4.8055     10.095 0.0000e+00
     11.000    13.6053    25.8311    19.1898 1.6928e+00     0.1309      0.015    1491.59     77.791     6.8902 163.566950     4.8214     11.105 0.0000e+00
     12.000    13.5796    25.9278    19.2692 1.5272e+00     0.1309      0.015    1491.64     77.720     6.8835 163.566969     4.8167     12.114 0.0000e+00
     13.000    13.5575    25.9682    19.3045 1.7501e+00     0.1310      0.015    1491.63     77.816     6.8935 163.566990     4.8236     13.124 0.0000e+00
     14.000    13.5441    26.0532    19.3725 1.4757e+00     0.1309      0.015    1491.70     78.268     6.9317 163.567016     4.8504     14.133 0.0000e+00
     15.000    13.5434    26.0922    19.4027 1.5320e+00     0.1310      0.015    1491.76     78.496     6.9503 163.567033     4.8634     15.143 0.0000e+00
     16.000    13.5431    26.1018    19.4102 1.7378e+00     0.1311      0.015    1491.78     78.363     6.9381 163.567057     4.8549     16.152 0.0000e+00
     17.000    13.5415    26.1080    19.4152 1.6018e+00     0.1310      0.015    1491.80     78.369     6.9387 163.567081     4.8553     17.162 0.0000e+00
     18.000    13.5142    26.1751    19.4722 1.7792e+00     0.1312      0.015    1491.81     78.617     6.9617 163.567100     4.8714     18.172 0.0000e+00
     19.000    13.4192    26.3647    19.6363 1.8876e+00     0.1311      0.015    1491.72     78.447     6.9522 163.567127     4.8648     19.181 0.0000e+00
     20.000    13.3659    26.4735    19.7302 1.6997e+00     0.1311      0.015    1491.69     78.234     6.9363 163.567150     4.8536     20.191 0.0000e+00
     21.000    12.9252    26.9012    20.1419 1.6918e+00     0.1312      0.015    1490.71     78.461     7.0025 163.567170     4.8999     21.200 0.0000e+00
     22.000    12.1783    27.8363    21.0008 1.5248e+00     0.1312      0.016    1489.26     78.419     7.0680 163.567197     4.9458     22.210 0.0000e+00
     23.000    11.6788    28.4223    21.5430 9.6880e-01     0.1311      0.017    1488.24     77.293     7.0152 163.567218     4.9089     23.219 0.0000e+00
     24.000    11.3822    28.7768    21.8695 1.1440e+00     0.1312      0.017    1487.63     76.877     7.0062 163.567239     4.9025     24.229 0.0000e+00
     25.000    10.9924    29.0833    22.1739 8.8745e-01     0.1311      0.017    1486.63     75.950     6.9666 163.567264     4.8748     25.239 0.0000e+00
     26.000    10.6580    29.3893    22.4678 7.3321e-01     0.1311      0.018    1485.82     75.397     6.9526 163.567284     4.8650     26.248 0.0000e+00
     27.000    10.6371    29.5748    22.6156 6.0843e-01     0.1311      0.018    1485.99     74.072     6.8255 163.567309     4.7761     27.258 0.0000e+00
     28.000    10.5249    30.1646    23.0932 5.0049e-01     0.1311      0.018    1486.31     73.826     6.7938 163.567333     4.7539     28.267 0.0000e+00
     29.000    10.4334    30.6036    23.4502 4.0677e-01     0.1310      0.018    1486.53     73.370     6.7464 163.567355     4.7207     29.277 0.0000e+00
     30.000    10.2261    30.8270    23.6585 3.0234e-01     0.1311      0.018    1486.07     72.751     6.7101 163.567382     4.6953     30.287 0.0000e+00
     31.000     9.8437    31.2670    24.0639 2.4872e-01     0.1310      0.018    1485.24     72.342     6.7095 163.567403     4.6949     31.297 0.0000e+00
     32.000     9.8243    31.6530    24.3682 2.7955e-01     0.1310      0.018    1485.65     71.744     6.6404 163.567424     4.6465     32.306 0.0000e+00
     33.000     9.7315    31.8410    24.5301 2.6935e-01     0.1309      0.018    1485.56     71.871     6.6577 163.567449     4.6587     33.316 0.0000e+00
     34.000     9.7018    31.9091    24.5879 2.2941e-01     0.1309      0.018    1485.55     71.819     6.6543 163.567470     4.6563     34.325 0.0000e+00
     35.000     9.6705    32.0407    24.6957 2.3591e-01     0.1307      0.018    1485.61     71.876     6.6585 163.567492     4.6592     35.335 0.0000e+00
     36.000     9.6029    32.1413    24.7852 2.5103e-01     0.1306      0.018    1485.50     71.888     6.6652 163.567516     4.6639     36.345 0.0000e+00
     37.000     9.5022    32.2202    24.8630 2.3526e-01     0.1307      0.018    1485.25     71.854     6.6734 163.567536     4.6697     37.354 0.0000e+00
     38.000     9.4452    32.3448    24.9695 2.3741e-01     0.1307      0.018    1485.21     71.470     6.6408 163.567560     4.6468     38.364 0.0000e+00
     39.000     9.4527    32.4689    25.0653 2.3613e-01     0.1306      0.018    1485.41     71.431     6.6307 163.567583     4.6398     39.374 0.0000e+00
     40.000     9.3260    32.5989    25.1871 2.4178e-01     0.1306      0.018    1485.12     71.667     6.6657 163.567604     4.6642     40.383 0.0000e+00
     41.000     9.0676    32.7036    25.3097 2.7933e-01     0.1306      0.018    1484.31     71.583     6.6915 163.567629     4.6823     41.393 0.0000e+00
     42.000     9.0298    32.7697    25.3674 2.3823e-01     0.1304      0.018    1484.27     71.291     6.6670 163.567652     4.6652     42.403 0.0000e+00
     43.000     8.8706    32.7916    25.4092 2.2535e-01     0.1304      0.018    1483.72     71.203     6.6814 163.567677     4.6753     43.412 0.0000e+00
     44.000     8.5077    32.9116    25.5587 2.2541e-01     0.1305      0.018    1482.53     71.367     6.7459 163.567701     4.7204     44.422 0.0000e+00
     45.000     8.3563    33.0255    25.6708 2.1785e-01     0.1304      0.018    1482.12     70.356     6.6681 163.567725     4.6659     45.432 0.0000e+00
     46.000     8.2209    33.1927    25.8221 2.0779e-01     0.1303      0.018    1481.83     70.040     6.6511 163.567748     4.6541     46.442 0.0000e+00
     47.000     7.8822    33.5398    26.1443 2.3225e-01     0.1303      0.018    1481.00     69.593     6.6442 163.567770     4.6492     47.451 0.0000e+00
     48.000     7.5820    33.7145    26.3249 2.1819e-01     0.1302      0.018    1480.09     69.316     6.6553 163.567790     4.6570     48.461 0.0000e+00
     49.000     7.4488    33.8230    26.4291 2.0330e-01     0.1302      0.018    1479.73     68.935     6.6341 163.567811     4.6422     49.471 0.0000e+00
     50.000     7.2953    33.8763    26.4927 2.0287e-01     0.1302      0.018    1479.22     68.544     6.6173 163.567831     4.6304     50.480 0.0000e+00
     51.000     7.2435    33.9088    26.5256 1.9029e-01     0.1300      0.018    1479.08     68.108     6.5815 163.567850     4.6054     51.490 0.0000e+00
     52.000     7.2110    33.9257    26.5434 1.9996e-01     0.1301      0.018    1478.99     67.775     6.5536 163.567870     4.5858     52.500 0.0000e+00
     53.000     7.2022    33.9561    26.5685 2.0223e-01     0.1301      0.018    1479.01     67.745     6.5506 163.567889     4.5838     53.510 0.0000e+00
     54.000     7.1305    34.0037    26.6159 2.3302e-01     0.1300      0.018    1478.81     67.605     6.5458 163.567908     4.5803     54.519 0.0000e+00
     55.000     7.0925    34.0194    26.6336 1.9063e-01     0.1298      0.018    1478.70     67.518     6.5423 163.567925     4.5779     55.529 0.0000e+00
     56.000     7.0440    34.0353    26.6527 1.9725e-01     0.1300      0.018    1478.55     67.175     6.5157 163.567944     4.5593     56.539 0.0000e+00
     57.000     7.0379    34.0565    26.6703 1.8678e-01     0.1301      0.018    1478.57     66.956     6.4945 163.567962     4.5444     57.549 0.0000e+00
     58.000     6.9902    34.0696    26.6871 1.8845e-01     0.1299      0.018    1478.42     66.977     6.5031 163.567980     4.5505     58.558 0.0000e+00
     59.000     6.8679    34.0814    26.7132 1.8654e-01     0.1299      0.018    1477.97     67.275     6.5498 163.567998     4.5832     59.568 0.0000e+00
     60.000     6.8135    34.1070    26.7407 1.9827e-01     0.1299      0.018    1477.81     67.293     6.5587 163.568018     4.5894     60.578 0.0000e+00
     61.000     6.8759    34.1756    26.7863 1.7880e-01     0.1298      0.018    1478.15     66.999     6.5178 163.568034     4.5608     61.588 0.0000e+00
     62.000     7.0037    34.2236    26.8066 1.8299e-01     0.1299      0.018    1478.73     66.819     6.4791 163.568052     4.5337     62.598 0.0000e+00
     63.000     7.0153    34.2612    26.8347 1.7532e-01     0.1298      0.018    1478.84     66.919     6.4855 163.568073     4.5382     63.607 0.0000e+00
     64.000     7.0123    34.2913    26.8588 1.7000e-01     0.1298      0.018    1478.88     67.066     6.4989 163.568089     4.5475     64.617 0.0000e+00
     65.000     7.0045    34.3028    26.8689 1.7189e-01     0.1298      0.018    1478.88     67.179     6.5105 163.568106     4.5557     65.627 0.0000e+00
     66.000     7.0033    34.3163    26.8797 1.7222e-01     0.1298      0.018    1478.91     67.140     6.5063 163.568125     4.5527     66.637 0.0000e+00
     67.000     7.0023    34.3250    26.8867 1.7193e-01     0.1297      0.018    1478.93     67.007     6.4932 163.568143     4.5436     67.647 0.0000e+00
     68.000     7.0211    34.3540    26.9070 1.7017e-01     0.1296      0.018    1479.06     67.033     6.4917 163.568160     4.5425     68.657 0.0000e+00
     69.000     7.0177    34.3639    26.9153 1.7203e-01     0.1297      0.018    1479.07     66.981     6.4868 163.568177     4.5391     69.666 0.0000e+00
     70.000     6.9716    34.3718    26.9278 1.7254e-01     0.1297      0.018    1478.92     66.951     6.4903 163.568197     4.5416     70.676 0.0000e+00
     71.000     6.9490    34.3706    26.9300 1.6910e-01     0.1296      0.018    1478.85     66.860     6.4850 163.568214     4.5378     71.686 0.0000e+00
     72.000     6.9240    34.3702    26.9331 1.6698e-01     0.1296      0.018    1478.77     66.635     6.4668 163.568231     4.5251     72.696 0.0000e+00
     73.000     6.9018    34.3718    26.9374 1.6979e-01     0.1294      0.018    1478.70     66.589     6.4657 163.568250     4.5243     73.706 0.0000e+00
     74.000     6.9279    34.3865    26.9454 1.6467e-01     0.1294      0.018    1478.84     66.495     6.4520 163.568269     4.5147     74.716 0.0000e+00
     75.000     6.9535    34.4166    26.9656 1.6331e-01     0.1294      0.018    1478.99     66.384     6.4362 163.568284     4.5037     75.725 0.0000e+00
     76.000     6.9635    34.4362    26.9796 1.7088e-01     0.1295      0.018    1479.07     66.284     6.4242 163.568301     4.4952     76.735 0.0000e+00
     77.000     6.9626    34.4372    26.9806 1.6803e-01     0.1295      0.018    1479.08     66.242     6.4202 163.568322     4.4925     77.745 0.0000e+00
     78.000     6.9600    34.4379    26.9815 1.6463e-01     0.1293      0.018    1479.09     66.167     6.4133 163.568339     4.4876     78.755 0.0000e+00
     79.000     6.9537    34.4407    26.9846 1.6996e-01     0.1293      0.018    1479.09     66.031     6.4009 163.568356     4.4790     79.765 0.0000e+00
     80.000     6.9652    34.4522    26.9920 1.6774e-01     0.1294      0.018    1479.16     65.933     6.3893 163.568376     4.4708     80.775 0.0000e+00
     81.000     6.9970    34.4720    27.0032 1.6497e-01     0.1291      0.018    1479.33     65.865     6.3772 163.568396     4.4624     81.785 0.0000e+00
     82.000     7.0981    34.5153    27.0233 1.6649e-01     0.1292      0.018    1479.79     65.912     6.3651 163.568413     4.4539     82.794 0.0000e+00
     83.000     7.1606    34.5338    27.0291 1.6726e-01     0.1292      0.018    1480.07     65.965     6.3604 163.568431     4.4506     83.804 0.0000e+00
     84.000     7.2104    34.5515    27.0361 1.6742e-01     0.1292      0.018    1480.30     66.072     6.3628 163.568452     4.4523     84.814 0.0000e+00
     85.000     7.2915    34.5772    27.0449 1.6724e-01     0.1292      0.018    1480.66     65.817     6.3254 163.568471     4.4262     85.824 0.0000e+00
     86.000     7.3004    34.5856    27.0502 1.7204e-01     0.1291      0.018    1480.72     65.968     6.3383 163.568487     4.4352     86.834 0.0000e+00
     87.000     7.3194    34.5980    27.0573 1.7150e-01     0.1292      0.018    1480.83     66.213     6.3586 163.568507     4.4494     87.844 0.0000e+00
     88.000     7.3417    34.6130    27.0660 1.7186e-01     0.1292      0.018    1480.95     66.356     6.3684 163.568528     4.4562     88.854 0.0000e+00
     89.000     7.3465    34.6158    27.0675 1.7061e-01     0.1289      0.018    1480.99     66.377     6.3697 163.568546     4.4571     89.864 0.0000e+00
     90.000     7.3481    34.6169    27.0681 1.7309e-01     0.1291      0.018    1481.01     66.339     6.3657 163.568566     4.4543     90.874 0.0000e+00
     91.000     7.3493    34.6175    27.0684 1.7023e-01     0.1290      0.018    1481.03     66.089     6.3415 163.568588     4.4374     91.884 0.0000e+00
     92.000     7.3518    34.6197    27.0698 1.7120e-01     0.1291      0.018    1481.06     66.184     6.3502 163.568606     4.4435     92.894 0.0000e+00
     93.000     7.3745    34.6327    27.0768 1.7065e-01     0.1290      0.018    1481.18     66.231     6.3508 163.568627     4.4439     93.904 0.0000e+00
     94.000     7.3981    34.6496    27.0867 1.7435e-01     0.1291      0.018    1481.31     66.298     6.3532 163.568649     4.4456     94.913 0.0000e+00
     95.000     7.4001    34.6511    27.0876 1.7023e-01     0.1290      0.018    1481.34     66.320     6.3549 163.568670     4.4468     95.923 0.0000e+00
     96.000     7.4004    34.6517    27.0880 1.7308e-01     0.1289      0.018    1481.35     66.264     6.3495 163.568688     4.4430     96.933 0.0000e+00
     97.000     7.4033    34.6539    27.0893 1.7119e-01     0.1289      0.018    1481.38     66.206     6.3435 163.568710     4.4388     97.943 0.0000e+00
     98.000     7.4045    34.6548    27.0899 1.7125e-01     0.1288      0.018    1481.41     66.185     6.3412 163.568730     4.4372     98.953 0.0000e+00
     99.000     7.4068    34.6565    27.0909 1.7793e-01     0.1289      0.018    1481.43     66.084     6.3311 163.568751     4.4301     99.963 0.0000e+00
    100.000     7.4097    34.6590    27.0924 1.8487e-01     0.1288      0.018    1481.47     66.092     6.3314 163.568873     4.4303    100.973 0.0000e+00
    101.000     7.4250    34.6690    27.0981 1.8246e-01     0.1288      0.018    1481.55     65.915     6.3118 163.568949     4.4166    101.983 0.0000e+00
    102.000     7.4269    34.6701    27.0987 1.7747e-01     0.1289      0.018    1481.58     66.017     6.3213 163.569001     4.4233    102.993 0.0000e+00
