20190611/R5_20190614_down.cnv
* Sea-Bird SBE 9 Data File:
* FileName = C:\CTD Brukere\NIVA\OKOKYST2019\20190611\R5_20190614.hex
* Software Version Seasave V 7.23.2
* Temperature SN = 5352
* Conductivity SN = 3840
* Number of Bytes Per Scan = 28
* Number of Voltage Words = 4
* Number of Scans Averaged by the Deck Unit = 1
* NMEA baud rate = 4800
** Ship: R/V Trygve Braarud
** Cruise:
** Station:
** Operator:
# nquan = 14
# nvalues = 2380                                  
# units = specified
# name 0 = depSM: Depth [salt water, m], lat = 59.60
# name 1 = t090C: Temperature [ITS-90, deg C]
# name 2 = sal00: Salinity, Practical [PSU]
# name 3 = sigma-t00: Density [sigma-t, kg/m^3 ]
# name 4 = flSP: Fluorescence, Seapoint
# name 5 = wetStar: Fluorescence, WET Labs WETstar [mg/m^3]
# name 6 = seaTurbMtr: Turbidity, Seapoint [FTU]
# name 7 = svCM: Sound Velocity [Chen-Millero, m/s]
# name 8 = sbeox0PS: Oxygen, SBE 43 [% saturation]
# name 9 = sbeox0Mg/L: Oxygen, SBE 43 [mg/l]
# name 10 = timeJ: Julian Days
# name 11 = sbeox0ML/L: Oxygen, SBE 43 [ml/l]
# name 12 = prDM: Pressure, Digiquartz [db]
# name 13 = flag:  0.000e+00
# span 0 =      0.198,     32.563                 
# span 1 =     7.4506,    14.7851                 
# span 2 =    11.1269,    29.4229                 
# span 3 =     7.6894,    22.9710                 
# span 4 = 3.4188e-01, 8.1563e+00                 
# span 5 =     0.1285,     0.1322                 
# span 6 =      0.007,      0.018                 
# span 7 =    1473.99,    1483.54                 
# span 8 =     38.754,     80.052                 
# span 9 =     3.8299,     7.5489                 
# span 10 = 165.332731, 165.333879                
# span 11 =     2.6799,     5.2823                
# span 12 =      0.200,     32.875                
# span 13 = 0.0000e+00, 0.0000e+00                
# interval = seconds: 0.0416667
# start_time = Jun 14 2019 07:59:08 [System UpLoad Time]
# bad_flag = -9.990e-29
*END*
[from data line 826]
     14.459    10.7295    25.7761    19.6479 4.1514e-01     0.1322      0.015    1481.54     63.902     6.0203 165.333130     4.2127     14.597  0.000e+00
     14.471    10.7385    25.7739    19.6448 4.1514e-01     0.1310      0.018    1481.57     63.855     6.0148 165.333130     4.2088     14.608  0.000e+00
     14.511    10.7204    25.7897    19.6599 4.1514e-01     0.1310      0.015    1481.52     63.803     6.0117 165.333131     4.2066     14.649  0.000e+00
     14.530    10.6666    25.8337    19.7026 4.0293e-01     0.1322      0.015    1481.38     63.807     6.0174 165.333131     4.2107     14.669  0.000e+00
     14.543    10.6101    25.8820    19.7491 4.0293e-01     0.1322      0.018    1481.23     63.760     6.0186 165.333132     4.2115     14.682  0.000e+00
     14.590    10.5716    25.9153    19.7810 4.1514e-01     0.1322      0.015    1481.13     63.706     6.0173 165.333132     4.2106     14.729  0.000e+00
     14.603    10.5653    25.9209    19.7863 4.1514e-01     0.1310      0.018    1481.12     63.718     6.0191 165.333133     4.2118     14.742  0.000e+00
     14.615    10.5609    25.9217    19.7877 4.1514e-01     0.1310      0.018    1481.10     63.674     6.0155 165.333133     4.2093     14.754  0.000e+00
     14.654    10.5569    25.9215    19.7881 4.0293e-01     0.1310      0.015    1481.09     63.628     6.0117 165.333134     4.2066     14.793  0.000e+00
     14.675    10.5229    25.9438    19.8108 4.0293e-01     0.1322      0.015    1480.99     63.637     6.0162 165.333134     4.2098     14.814  0.000e+00
     14.699    10.4737    25.9785    19.8455 4.0293e-01     0.1322      0.018    1480.86     63.588     6.0167 165.333135     4.2101     14.839  0.000e+00
     14.723    10.4365    26.0063    19.8729 4.0293e-01     0.1310      0.015    1480.75     63.537     6.0157 165.333135     4.2094     14.863  0.000e+00
     14.749    10.4042    26.0309    19.8971 4.1514e-01     0.1322      0.015    1480.67     63.544     6.0197 165.333136     4.2122     14.890  0.000e+00
     14.782    10.3848    26.0444    19.9106 4.1514e-01     0.1310      0.018    1480.61     63.440     6.0120 165.333136     4.2068     14.922  0.000e+00
     14.782    10.3777    26.0494    19.9156 4.2735e-01     0.1310      0.018    1480.59     63.450     6.0136 165.333137     4.2080     14.922  0.000e+00
     14.830    10.3758    26.0508    19.9170 4.1514e-01     0.1310      0.018    1480.59     63.403     6.0093 165.333137     4.2050     14.971  0.000e+00
     14.842    10.3645    26.0585    19.9247 4.1514e-01     0.1310      0.018    1480.56     63.352     6.0057 165.333138     4.2024     14.983  0.000e+00
     14.869    10.3607    26.0605    19.9269 4.1514e-01     0.1310      0.018    1480.55     63.306     6.0017 165.333138     4.1997     15.011  0.000e+00
     14.902    10.3608    26.0595    19.9261 4.1514e-01     0.1310      0.015    1480.54     63.311     6.0022 165.333139     4.2000     15.043  0.000e+00
     14.926    10.3604    26.0596    19.9262 4.1514e-01     0.1310      0.018    1480.54     63.258     5.9973 165.333139     4.1966     15.068  0.000e+00
     14.937    10.3538    26.0645    19.9311 4.0293e-01     0.1322      0.018    1480.53     63.202     5.9927 165.333139     4.1933     15.079  0.000e+00
     14.976    10.3432    26.0728    19.9392 4.0293e-01     0.1322      0.018    1480.50     63.210     5.9945 165.333140     4.1946     15.119  0.000e+00
     14.997    10.3359    26.0789    19.9450 4.0293e-01     0.1310      0.018    1480.48     63.160     5.9906 165.333140     4.1918     15.140  0.000e+00
     15.010    10.3445    26.0731    19.9392 4.0293e-01     0.1310      0.015    1480.50     63.109     5.9848 165.333141     4.1878     15.153  0.000e+00
     15.046    10.3663    26.0581    19.9241 4.0293e-01     0.1310      0.018    1480.57     63.116     5.9831 165.333141     4.1866     15.189  0.000e+00
     15.034    10.3691    26.0575    19.9233 4.0293e-01     0.1322      0.018    1480.58     63.070     5.9784 165.333142     4.1833     15.178  0.000e+00
     15.132    10.3903    26.0438    19.9093 4.1514e-01     0.1310      0.015    1480.64     63.023     5.9717 165.333142     4.1786     15.276  0.000e+00
     15.117    10.4046    26.0332    19.8988 4.1514e-01     0.1322      0.018    1480.68     62.971     5.9653 165.333143     4.1742     15.261  0.000e+00
     15.153    10.3991    26.0380    19.9034 4.1514e-01     0.1310      0.018    1480.66     62.983     5.9670 165.333143     4.1753     15.297  0.000e+00
     15.130    10.3853    26.0475    19.9129 4.1514e-01     0.1310      0.015    1480.62     62.930     5.9634 165.333144     4.1728     15.274  0.000e+00
     15.240    10.3685    26.0598    19.9251 4.0293e-01     0.1310      0.015    1480.58     62.880     5.9604 165.333144     4.1708     15.385  0.000e+00
     15.226    10.3427    26.0791    19.9442 4.1514e-01     0.1310      0.015    1480.51     62.887     5.9637 165.333145     4.1730     15.371  0.000e+00
     15.237    10.2993    26.1112    19.9758 4.0293e-01     0.1310      0.018    1480.39     62.841     5.9639 165.333145     4.1732     15.382  0.000e+00
     15.276    10.2446    26.1511    20.0154 4.1514e-01     0.1310      0.015    1480.24     62.786     5.9643 165.333146     4.1734     15.421  0.000e+00
     15.297    10.2185    26.1706    20.0345 4.0293e-01     0.1310      0.015    1480.17     62.735     5.9621 165.333146     4.1719     15.443  0.000e+00
     15.321    10.2111    26.1762    20.0400 4.0293e-01     0.1310      0.018    1480.14     62.682     5.9579 165.333147     4.1690     15.467  0.000e+00
     15.345    10.2070    26.1787    20.0426 4.0293e-01     0.1310      0.018    1480.13     62.687     5.9588 165.333147     4.1696     15.492  0.000e+00
     15.358    10.1999    26.1820    20.0463 4.0293e-01     0.1310      0.015    1480.11     62.634     5.9545 165.333148     4.1666     15.505  0.000e+00
     15.392    10.1780    26.1971    20.0614 4.0293e-01     0.1310      0.015    1480.05     62.576     5.9514 165.333148     4.1644     15.539  0.000e+00
     15.417    10.1562    26.2132    20.0772 4.0293e-01     0.1310      0.018    1479.99     62.576     5.9536 165.333149     4.1660     15.564  0.000e+00
     15.452    10.1596    26.2106    20.0747 4.0293e-01     0.1310      0.018    1480.00     62.526     5.9485 165.333149     4.1624     15.600  0.000e+00
     15.467    10.1754    26.1987    20.0630 4.0293e-01     0.1310      0.018    1480.04     62.473     5.9418 165.333150     4.1577     15.614  0.000e+00
     15.501    10.1768    26.1971    20.0616 4.0293e-01     0.1310      0.018    1480.05     62.423     5.9369 165.333150     4.1543     15.649  0.000e+00
     15.512    10.1569    26.2121    20.0763 4.0293e-01     0.1310      0.018    1479.99     62.422     5.9389 165.333151     4.1557     15.660  0.000e+00
     15.550    10.1359    26.2277    20.0917 4.0293e-01     0.1310      0.015    1479.94     62.370     5.9360 165.333151     4.1537     15.698  0.000e+00
     15.548    10.1376    26.2268    20.0907 4.0293e-01     0.1310      0.018    1479.94     62.376     5.9364 165.333152     4.1540     15.696  0.000e+00
     15.584    10.1353    26.2272    20.0913 4.0293e-01     0.1322      0.015    1479.93     62.263     5.9260 165.333152     4.1467     15.732  0.000e+00
     15.584    10.1386    26.2227    20.0873 4.1514e-01     0.1322      0.018    1479.94     62.262     5.9256 165.333152     4.1464     15.732  0.000e+00
     15.682    10.1459    26.2166    20.0815 4.0293e-01     0.1310      0.018    1479.96     62.204     5.9194 165.333153     4.1420     15.832  0.000e+00
     15.668    10.1524    26.2115    20.0765 4.0293e-01     0.1310      0.018    1479.98     62.148     5.9134 165.333153     4.1379     15.817  0.000e+00
     15.692    10.1569    26.2081    20.0732 4.0293e-01     0.1310      0.018    1479.99     62.149     5.9131 165.333154     4.1376     15.842  0.000e+00
     15.705    10.1573    26.2076    20.0727 4.0293e-01     0.1322      0.018    1479.99     62.092     5.9076 165.333154     4.1338     15.855  0.000e+00
     15.739    10.1554    26.2089    20.0740 4.0293e-01     0.1322      0.018    1479.99     62.038     5.9027 165.333155     4.1303     15.889  0.000e+00
     15.763    10.1552    26.2096    20.0746 4.0293e-01     0.1310      0.018    1479.99     61.981     5.8972 165.333155     4.1265     15.914  0.000e+00
     15.801    10.1660    26.2024    20.0674 3.9072e-01     0.1310      0.018    1480.02     61.981     5.8961 165.333156     4.1257     15.951  0.000e+00
     15.799    10.1762    26.1950    20.0600 4.1514e-01     0.1310      0.015    1480.05     61.930     5.8902 165.333156     4.1216     15.950  0.000e+00
     15.835    10.1612    26.2068    20.0715 4.1514e-01     0.1322      0.018    1480.01     61.874     5.8864 165.333157     4.1189     15.986  0.000e+00
     15.849    10.1499    26.2179    20.0819 4.1514e-01     0.1322      0.018    1479.98     61.875     5.8876 165.333157     4.1198     16.000  0.000e+00
     15.883    10.1270    26.2398    20.1024 4.0293e-01     0.1310      0.015    1479.92     61.825     5.8849 165.333158     4.1179     16.035  0.000e+00
     15.908    10.0698    26.2851    20.1464 3.9072e-01     0.1310      0.015    1479.77     61.769     5.8853 165.333158     4.1182     16.059  0.000e+00
     15.945    10.0397    26.3070    20.1681 3.9072e-01     0.1322      0.018    1479.68     61.711     5.8829 165.333159     4.1165     16.097  0.000e+00
     15.955    10.0254    26.3171    20.1781 3.9072e-01     0.1322      0.018    1479.64     61.657     5.8792 165.333159     4.1139     16.107  0.000e+00
     15.979    10.0359    26.3093    20.1704 3.9072e-01     0.1310      0.018    1479.67     61.655     5.8780 165.333160     4.1131     16.131  0.000e+00
     16.005    10.0508    26.2972    20.1588 3.9072e-01     0.1310      0.018    1479.71     61.603     5.8715 165.333160     4.1085     16.157  0.000e+00
     16.039    10.0580    26.2923    20.1539 3.9072e-01     0.1310      0.018    1479.74     61.607     5.8712 165.333161     4.1083     16.192  0.000e+00
     16.063    10.0708    26.2839    20.1454 3.9072e-01     0.1310      0.018    1479.77     61.553     5.8647 165.333161     4.1038     16.216  0.000e+00
     16.076    10.0667    26.2877    20.1490 3.9072e-01     0.1310      0.015    1479.76     61.556     5.8653 165.333162     4.1042     16.229  0.000e+00
     16.110    10.0280    26.3184    20.1787 3.9072e-01     0.1310      0.018    1479.66     61.505     5.8643 165.333162     4.1035     16.264  0.000e+00
     16.135     9.9812    26.3560    20.2151 3.9072e-01     0.1310      0.018    1479.53     61.449     5.8637 165.333163     4.1031     16.288  0.000e+00
     16.160     9.9391    26.3906    20.2485 3.9072e-01     0.1322      0.018    1479.42     61.451     5.8680 165.333163     4.1061     16.314  0.000e+00
     16.182     9.9119    26.4129    20.2700 3.9072e-01     0.1322      0.015    1479.35     61.402     5.8661 165.333164     4.1047     16.336  0.000e+00
     16.206     9.9002    26.4230    20.2796 3.9072e-01     0.1310      0.018    1479.32     61.351     5.8623 165.333164     4.1021     16.360  0.000e+00
     16.232     9.8983    26.4249    20.2814 3.9072e-01     0.1322      0.015    1479.31     61.296     5.8572 165.333165     4.0985     16.386  0.000e+00
     16.254     9.8971    26.4261    20.2825 3.9072e-01     0.1310      0.018    1479.31     61.304     5.8582 165.333165     4.0992     16.409  0.000e+00
     16.241     9.8965    26.4261    20.2826 3.9072e-01     0.1322      0.018    1479.31     61.255     5.8535 165.333166     4.0959     16.396  0.000e+00
     16.340     9.8859    26.4346    20.2908 3.9072e-01     0.1322      0.018    1479.28     61.202     5.8495 165.333166     4.0932     16.496  0.000e+00
     16.326     9.8650    26.4528    20.3081 3.9072e-01     0.1322      0.018    1479.22     61.205     5.8518 165.333166     4.0947     16.481  0.000e+00
     16.352     9.8376    26.4758    20.3302 3.9072e-01     0.1310      0.018    1479.15     61.156     5.8498 165.333167     4.0933     16.507  0.000e+00
     16.386     9.8169    26.4947    20.3480 4.0293e-01     0.1310      0.018    1479.10     61.103     5.8468 165.333167     4.0912     16.542  0.000e+00
     16.410     9.8083    26.5031    20.3559 4.0293e-01     0.1322      0.018    1479.08     61.108     5.8481 165.333168     4.0921     16.566  0.000e+00
     16.436     9.8127    26.5000    20.3528 4.1514e-01     0.1322      0.018    1479.09     61.063     5.8433 165.333168     4.0888     16.592  0.000e+00
     16.457     9.8143    26.4983    20.3512 4.0293e-01     0.1322      0.018    1479.09     61.013     5.8384 165.333169     4.0853     16.614  0.000e+00
     16.483     9.8252    26.4893    20.3426 3.9072e-01     0.1310      0.018    1479.12     60.961     5.8322 165.333169     4.0811     16.640  0.000e+00
     16.517     9.8389    26.4784    20.3320 3.9072e-01     0.1310      0.018    1479.16     60.965     5.8313 165.333170     4.0804     16.674  0.000e+00
     16.530     9.8326    26.4822    20.3359 3.7851e-01     0.1310      0.018    1479.14     60.910     5.8267 165.333170     4.0772     16.687  0.000e+00
     16.567     9.8250    26.4870    20.3408 3.7851e-01     0.1322      0.018    1479.12     60.918     5.8283 165.333171     4.0783     16.725  0.000e+00
     16.577     9.8207    26.4900    20.3437 3.7851e-01     0.1310      0.018    1479.11     60.807     5.8181 165.333171     4.0712     16.735  0.000e+00
     16.601     9.8289    26.4837    20.3376 3.7851e-01     0.1310      0.015    1479.13     60.808     5.8174 165.333172     4.0707     16.759  0.000e+00
     16.638     9.8351    26.4769    20.3314 3.9072e-01     0.1310      0.015    1479.15     60.758     5.8120 165.333172     4.0669     16.797  0.000e+00
     16.648     9.8297    26.4791    20.3339 3.9072e-01     0.1310      0.018    1479.13     60.764     5.8132 165.333173     4.0678     16.807  0.000e+00
     16.687     9.8161    26.4908    20.3451 3.9072e-01     0.1322      0.018    1479.09     60.711     5.8095 165.333173     4.0651     16.846  0.000e+00
     16.708     9.7914    26.5128    20.3660 3.9072e-01     0.1322      0.018    1479.03     60.654     5.8064 165.333174     4.0629     16.867  0.000e+00
     16.745     9.7515    26.5453    20.3972 3.9072e-01     0.1310      0.015    1478.92     60.598     5.8050 165.333174     4.0620     16.905  0.000e+00
     16.757     9.7677    26.5344    20.3864 3.9072e-01     0.1322      0.018    1478.97     60.602     5.8037 165.333175     4.0611     16.916  0.000e+00
     16.781     9.7893    26.5183    20.3705 3.9072e-01     0.1322      0.018    1479.03     60.556     5.7970 165.333175     4.0564     16.941  0.000e+00
     16.794     9.7831    26.5232    20.3753 3.9072e-01     0.1310      0.018    1479.01     60.557     5.7978 165.333176     4.0570     16.954  0.000e+00
     16.841     9.7809    26.5273    20.3788 3.9072e-01     0.1310      0.018    1479.01     60.508     5.7932 165.333176     4.0537     17.001  0.000e+00
     16.854     9.7794    26.5313    20.3821 3.9072e-01     0.1322      0.018    1479.01     60.454     5.7881 165.333177     4.0502     17.015  0.000e+00
     16.888     9.7625    26.5477    20.3974 3.9072e-01     0.1322      0.015    1478.97     60.395     5.7840 165.333177     4.0473     17.049  0.000e+00
     16.912     9.7485    26.5634    20.4118 3.9072e-01     0.1310      0.015    1478.94     60.400     5.7857 165.333178     4.0485     17.073  0.000e+00
     16.938     9.7329    26.5786    20.4259 3.7851e-01     0.1310      0.015    1478.90     60.347     5.7820 165.333178     4.0459     17.100  0.000e+00
     16.959     9.7081    26.5997    20.4462 3.7851e-01     0.1310      0.018    1478.83     60.289     5.7789 165.333179     4.0437     17.121  0.000e+00
     16.985     9.6875    26.6165    20.4623 3.9072e-01     0.1322      0.018    1478.78     60.287     5.7808 165.333179     4.0451     17.147  0.000e+00
