20190611/R5_20190614_down.cnv
* Sea-Bird SBE 9 Data File:
* FileName = C:\CTD Brukere\NIVA\OKOKYST2019\20190611\R5_20190614.hex
* Software Version Seasave V 7.23.2
* Temperature SN = 5352
* Conductivity SN = 3840
* Number of Bytes Per Scan = 28
* Number of Voltage Words = 4
* Number of Scans Averaged by the Deck Unit = 1
* NMEA baud rate = 4800
** Ship: R/V Trygve Braarud
** Cruise:
** Station:
** Operator:
# nquan = 14
# nvalues = 2380                                  
# units = specified
# name 0 = depSM: Depth [salt water, m], lat = 59.60
# name 1 = t090C: Temperature [ITS-90, deg C]
# name 2 = sal00: Salinity, Practical [PSU]
# name 3 = sigma-t00: Density [sigma-t, kg/m^3 ]
# name 4 = flSP: Fluorescence, Seapoint
# name 5 = wetStar: Fluorescence, WET Labs WETstar [mg/m^3]
# name 6 = seaTurbMtr: Turbidity, Seapoint [FTU]
# name 7 = svCM: Sound Velocity [Chen-Millero, m/s]
# name 8 = sbeox0PS: Oxygen, SBE 43 [% saturation]
# name 9 = sbeox0Mg/L: Oxygen, SBE 43 [mg/l]
# name 10 = timeJ: Julian Days
# name 11 = sbeox0ML/L: Oxygen, SBE 43 [ml/l]
# name 12 = prDM: Pressure, Digiquartz [db]
# name 13 = flag:  0.000e+00
# span 0 =      0.198,     32.563                 
# span 1 =     7.4506,    14.7851                 
# span 2 =    11.1269,    29.4229                 
# span 3 =     7.6894,    22.9710                 
# span 4 = 3.4188e-01, 8.1563e+00                 
# span 5 =     0.1285,     0.1322                 
# span 6 =      0.007,      0.018                 
# span 7 =    1473.99,    1483.54                 
# span 8 =     38.754,     80.052                 
# span 9 =     3.8299,     7.5489                 
# span 10 = 165.332731, 165.333879                
# span 11 =     2.6799,     5.2823                
# span 12 =      0.200,     32.875                
# span 13 = 0.0000e+00, 0.0000e+00                
# interval = seconds: 0.0416667
# start_time = Jun 14 2019 07:59:08 [System UpLoad Time]
# bad_flag = -9.990e-29
*END*
[from data line 1342]
     26.840     7.6795    29.1401    22.7189 3.5409e-01     0.1298      0.018    1474.43     40.322     3.9802 165.333379     2.7851     27.096  0.000e+00
     26.869     7.6795    29.1399    22.7187 3.5409e-01     0.1298      0.018    1474.43     40.274     3.9754 165.333379     2.7818     27.126  0.000e+00
     26.876     7.6805    29.1384    22.7174 3.7851e-01     0.1310      0.018    1474.43     40.282     3.9762 165.333380     2.7823     27.132  0.000e+00
     26.911     7.6792    29.1394    22.7183 3.9072e-01     0.1310      0.018    1474.43     40.239     3.9720 165.333380     2.7794     27.168  0.000e+00
     26.942     7.6796    29.1383    22.7175 3.7851e-01     0.1310      0.018    1474.43     40.252     3.9734 165.333381     2.7803     27.200  0.000e+00
     26.960     7.6806    29.1361    22.7156 3.7851e-01     0.1310      0.018    1474.43     40.206     3.9688 165.333381     2.7771     27.218  0.000e+00
     26.989     7.6810    29.1354    22.7150 3.6630e-01     0.1310      0.015    1474.43     40.163     3.9645 165.333382     2.7741     27.247  0.000e+00
     27.007     7.6801    29.1368    22.7162 3.6630e-01     0.1310      0.018    1474.43     40.114     3.9597 165.333382     2.7708     27.265  0.000e+00
     27.025     7.6795    29.1377    22.7170 3.6630e-01     0.1310      0.018    1474.43     40.123     3.9606 165.333383     2.7714     27.283  0.000e+00
     27.056     7.6796    29.1369    22.7163 3.6630e-01     0.1310      0.018    1474.43     40.071     3.9555 165.333383     2.7678     27.314  0.000e+00
     27.074     7.6801    29.1357    22.7153 3.6630e-01     0.1310      0.018    1474.43     40.084     3.9568 165.333383     2.7687     27.332  0.000e+00
     27.091     7.6815    29.1346    22.7143 3.7851e-01     0.1310      0.018    1474.43     40.099     3.9582 165.333384     2.7697     27.350  0.000e+00
     27.138     7.6841    29.1326    22.7124 3.7851e-01     0.1310      0.018    1474.44     40.055     3.9536 165.333384     2.7665     27.398  0.000e+00
     27.145     7.6881    29.1281    22.7083 3.9072e-01     0.1310      0.018    1474.45     40.004     3.9484 165.333385     2.7628     27.404  0.000e+00
     27.163     7.6912    29.1243    22.7049 3.7851e-01     0.1310      0.018    1474.46     40.010     3.9488 165.333385     2.7631     27.422  0.000e+00
     27.194     7.6925    29.1221    22.7030 3.6630e-01     0.1310      0.018    1474.46     40.026     3.9502 165.333386     2.7641     27.453  0.000e+00
     27.223     7.6933    29.1206    22.7018 3.7851e-01     0.1310      0.018    1474.46     39.988     3.9465 165.333386     2.7615     27.483  0.000e+00
     27.241     7.6906    29.1248    22.7054 3.7851e-01     0.1310      0.015    1474.46     39.945     3.9424 165.333387     2.7586     27.501  0.000e+00
     27.271     7.6845    29.1357    22.7148 3.7851e-01     0.1310      0.018    1474.45     39.958     3.9439 165.333387     2.7597     27.532  0.000e+00
     27.289     7.6819    29.1412    22.7194 3.9072e-01     0.1310      0.018    1474.45     39.911     3.9394 165.333388     2.7565     27.550  0.000e+00
     27.331     7.6816    29.1424    22.7204 3.9072e-01     0.1310      0.018    1474.45     39.920     3.9402 165.333388     2.7571     27.593  0.000e+00
     27.349     7.6829    29.1415    22.7195 3.9072e-01     0.1310      0.018    1474.45     39.876     3.9358 165.333389     2.7541     27.611  0.000e+00
     27.356     7.6840    29.1390    22.7174 3.7851e-01     0.1298      0.015    1474.45     39.826     3.9309 165.333389     2.7506     27.617  0.000e+00
     27.396     7.6850    29.1367    22.7155 3.7851e-01     0.1310      0.018    1474.45     39.840     3.9322 165.333390     2.7515     27.658  0.000e+00
     27.414     7.6840    29.1385    22.7170 3.7851e-01     0.1310      0.018    1474.45     39.855     3.9338 165.333390     2.7526     27.676  0.000e+00
     27.445     7.6801    29.1450    22.7226 3.6630e-01     0.1310      0.018    1474.45     39.810     3.9295 165.333391     2.7496     27.707  0.000e+00
     27.474     7.6766    29.1490    22.7262 3.7851e-01     0.1310      0.018    1474.44     39.759     3.9246 165.333391     2.7462     27.737  0.000e+00
     27.481     7.6770    29.1478    22.7252 3.7851e-01     0.1310      0.018    1474.44     39.771     3.9258 165.333392     2.7470     27.743  0.000e+00
     27.523     7.6798    29.1438    22.7217 3.7851e-01     0.1310      0.018    1474.45     39.784     3.9270 165.333392     2.7479     27.786  0.000e+00
     27.541     7.6822    29.1402    22.7186 3.7851e-01     0.1310      0.018    1474.45     39.744     3.9229 165.333393     2.7450     27.804  0.000e+00
     27.559     7.6832    29.1394    22.7178 3.7851e-01     0.1310      0.018    1474.45     39.760     3.9244 165.333393     2.7460     27.822  0.000e+00
     27.588     7.6843    29.1384    22.7169 3.7851e-01     0.1310      0.018    1474.46     39.715     3.9198 165.333394     2.7429     27.851  0.000e+00
     27.619     7.6855    29.1374    22.7159 3.9072e-01     0.1310      0.018    1474.46     39.663     3.9147 165.333394     2.7393     27.882  0.000e+00
     27.636     7.6833    29.1392    22.7176 3.9072e-01     0.1310      0.018    1474.46     39.674     3.9160 165.333395     2.7402     27.900  0.000e+00
     27.654     7.6829    29.1397    22.7181 3.9072e-01     0.1310      0.015    1474.45     39.625     3.9111 165.333395     2.7368     27.918  0.000e+00
     27.696     7.6824    29.1409    22.7191 3.9072e-01     0.1310      0.018    1474.46     39.631     3.9117 165.333396     2.7372     27.961  0.000e+00
     27.703     7.6822    29.1415    22.7196 3.9072e-01     0.1310      0.018    1474.46     39.645     3.9131 165.333396     2.7381     27.968  0.000e+00
     27.721     7.6823    29.1424    22.7203 3.9072e-01     0.1310      0.018    1474.46     39.598     3.9084 165.333397     2.7349     27.986  0.000e+00
     27.763     7.6821    29.1419    22.7200 4.0293e-01     0.1310      0.015    1474.46     39.614     3.9100 165.333397     2.7360     28.028  0.000e+00
     27.781     7.6788    29.1458    22.7234 3.9072e-01     0.1298      0.018    1474.45     39.568     3.9057 165.333397     2.7330     28.046  0.000e+00
     27.810     7.6715    29.1552    22.7318 3.7851e-01     0.1310      0.018    1474.43     39.577     3.9070 165.333398     2.7339     28.076  0.000e+00
     27.816     7.6675    29.1611    22.7370 3.6630e-01     0.1310      0.018    1474.42     39.525     3.9021 165.333398     2.7305     28.082  0.000e+00
     27.870     7.6687    29.1608    22.7365 3.6630e-01     0.1310      0.015    1474.43     39.536     3.9030 165.333399     2.7311     28.136  0.000e+00
     27.876     7.6705    29.1583    22.7343 3.7851e-01     0.1310      0.018    1474.43     39.493     3.8987 165.333399     2.7281     28.143  0.000e+00
     27.894     7.6721    29.1561    22.7324 3.7851e-01     0.1310      0.018    1474.44     39.504     3.8997 165.333400     2.7288     28.161  0.000e+00
     27.923     7.6734    29.1538    22.7304 3.7851e-01     0.1310      0.018    1474.44     39.455     3.8948 165.333400     2.7253     28.190  0.000e+00
     27.967     7.6732    29.1537    22.7304 3.6630e-01     0.1310      0.018    1474.44     39.467     3.8961 165.333401     2.7262     28.234  0.000e+00
     27.972     7.6703    29.1587    22.7347 3.6630e-01     0.1298      0.015    1474.43     39.418     3.8914 165.333401     2.7229     28.239  0.000e+00
     28.003     7.6664    29.1653    22.7404 3.5409e-01     0.1310      0.018    1474.43     39.432     3.8929 165.333402     2.7240     28.270  0.000e+00
     28.019     7.6645    29.1687    22.7433 3.6630e-01     0.1310      0.018    1474.43     39.446     3.8943 165.333402     2.7250     28.287  0.000e+00
     28.043     7.6636    29.1708    22.7451 3.6630e-01     0.1310      0.018    1474.43     39.398     3.8896 165.333403     2.7217     28.311  0.000e+00
     28.074     7.6644    29.1699    22.7443 3.6630e-01     0.1310      0.018    1474.43     39.412     3.8909 165.333403     2.7227     28.343  0.000e+00
     28.079     7.6660    29.1674    22.7421 3.7851e-01     0.1310      0.018    1474.43     39.364     3.8862 165.333404     2.7193     28.347  0.000e+00
     28.110     7.6695    29.1627    22.7379 3.9072e-01     0.1310      0.018    1474.44     39.379     3.8874 165.333404     2.7202     28.379  0.000e+00
     28.139     7.6723    29.1597    22.7352 3.9072e-01     0.1310      0.018    1474.45     39.393     3.8887 165.333405     2.7211     28.408  0.000e+00
     28.159     7.6726    29.1600    22.7354 3.9072e-01     0.1310      0.018    1474.45     39.346     3.8839 165.333405     2.7177     28.428  0.000e+00
     28.188     7.6713    29.1624    22.7375 4.1514e-01     0.1310      0.018    1474.45     39.352     3.8846 165.333406     2.7182     28.457  0.000e+00
     28.194     7.6699    29.1649    22.7396 4.0293e-01     0.1310      0.018    1474.44     39.304     3.8799 165.333406     2.7149     28.464  0.000e+00
     28.235     7.6700    29.1648    22.7395 4.0293e-01     0.1310      0.018    1474.45     39.310     3.8805 165.333407     2.7153     28.505  0.000e+00
     28.259     7.6702    29.1639    22.7388 3.9072e-01     0.1322      0.018    1474.45     39.323     3.8818 165.333407     2.7162     28.529  0.000e+00
     28.279     7.6697    29.1653    22.7399 3.9072e-01     0.1310      0.018    1474.45     39.281     3.8777 165.333408     2.7134     28.549  0.000e+00
     28.295     7.6686    29.1670    22.7415 3.9072e-01     0.1310      0.018    1474.44     39.293     3.8789 165.333408     2.7142     28.565  0.000e+00
     28.314     7.6673    29.1686    22.7429 3.7851e-01     0.1310      0.018    1474.44     39.243     3.8741 165.333409     2.7108     28.585  0.000e+00
     28.344     7.6657    29.1699    22.7441 3.7851e-01     0.1310      0.018    1474.44     39.254     3.8753 165.333409     2.7117     28.614  0.000e+00
     28.361     7.6628    29.1723    22.7463 3.9072e-01     0.1310      0.018    1474.43     39.211     3.8712 165.333410     2.7088     28.632  0.000e+00
     28.391     7.6617    29.1729    22.7470 4.1514e-01     0.1310      0.018    1474.43     39.222     3.8723 165.333410     2.7096     28.662  0.000e+00
     28.404     7.6615    29.1728    22.7469 4.0293e-01     0.1298      0.018    1474.43     39.232     3.8734 165.333410     2.7104     28.675  0.000e+00
     28.434     7.6612    29.1734    22.7474 3.9072e-01     0.1310      0.018    1474.43     39.249     3.8750 165.333411     2.7115     28.706  0.000e+00
     28.439     7.6603    29.1750    22.7488 4.0293e-01     0.1310      0.018    1474.42     39.203     3.8706 165.333411     2.7084     28.711  0.000e+00
     28.470     7.6596    29.1758    22.7495 4.0293e-01     0.1310      0.018    1474.42     39.218     3.8721 165.333412     2.7095     28.742  0.000e+00
     28.499     7.6606    29.1748    22.7486 4.1514e-01     0.1310      0.018    1474.43     39.171     3.8674 165.333412     2.7062     28.772  0.000e+00
     28.524     7.6606    29.1748    22.7486 4.1514e-01     0.1310      0.018    1474.43     39.177     3.8680 165.333413     2.7066     28.796  0.000e+00
     28.530     7.6585    29.1774    22.7509 4.0293e-01     0.1310      0.018    1474.42     39.128     3.8633 165.333413     2.7033     28.803  0.000e+00
     28.571     7.6570    29.1786    22.7521 3.9072e-01     0.1310      0.018    1474.42     39.140     3.8646 165.333414     2.7042     28.844  0.000e+00
     28.590     7.6579    29.1775    22.7511 3.7851e-01     0.1310      0.018    1474.42     39.090     3.8595 165.333414     2.7007     28.863  0.000e+00
     28.606     7.6594    29.1757    22.7495 3.7851e-01     0.1310      0.018    1474.42     39.092     3.8597 165.333415     2.7008     28.880  0.000e+00
     28.631     7.6606    29.1746    22.7485 3.9072e-01     0.1310      0.018    1474.43     39.102     3.8605 165.333415     2.7014     28.904  0.000e+00
     28.650     7.6628    29.1718    22.7460 3.9072e-01     0.1298      0.018    1474.43     39.117     3.8619 165.333416     2.7024     28.924  0.000e+00
     28.679     7.6641    29.1702    22.7445 3.9072e-01     0.1310      0.018    1474.44     39.070     3.8572 165.333416     2.6991     28.953  0.000e+00
     28.697     7.6642    29.1698    22.7442 3.9072e-01     0.1310      0.018    1474.44     39.083     3.8585 165.333417     2.7000     28.971  0.000e+00
     28.715     7.6644    29.1698    22.7441 3.7851e-01     0.1310      0.018    1474.44     39.096     3.8597 165.333417     2.7008     28.989  0.000e+00
     28.739     7.6647    29.1696    22.7439 3.6630e-01     0.1310      0.018    1474.44     39.107     3.8608 165.333418     2.7015     29.014  0.000e+00
     28.770     7.6630    29.1719    22.7461 3.6630e-01     0.1310      0.018    1474.44     39.061     3.8564 165.333418     2.6985     29.045  0.000e+00
     28.786     7.6596    29.1753    22.7491 3.5409e-01     0.1310      0.015    1474.43     39.069     3.8574 165.333419     2.6992     29.061  0.000e+00
     28.806     7.6570    29.1782    22.7517 3.6630e-01     0.1310      0.018    1474.42     39.082     3.8589 165.333419     2.7002     29.081  0.000e+00
     28.835     7.6563    29.1790    22.7525 3.6630e-01     0.1310      0.018    1474.42     38.978     3.8486 165.333420     2.6931     29.111  0.000e+00
     28.846     7.6567    29.1787    22.7522 3.6630e-01     0.1310      0.018    1474.42     39.044     3.8550 165.333420     2.6975     29.122  0.000e+00
     28.877     7.6570    29.1779    22.7515 3.5409e-01     0.1310      0.018    1474.42     39.060     3.8567 165.333421     2.6987     29.153  0.000e+00
     28.906     7.6571    29.1779    22.7515 3.6630e-01     0.1310      0.018    1474.42     39.075     3.8581 165.333421     2.6997     29.183  0.000e+00
     28.918     7.6585    29.1767    22.7504 3.7851e-01     0.1310      0.018    1474.43     39.033     3.8539 165.333422     2.6967     29.194  0.000e+00
     28.950     7.6594    29.1757    22.7495 3.6630e-01     0.1310      0.018    1474.43     38.983     3.8489 165.333422     2.6932     29.227  0.000e+00
     28.966     7.6577    29.1778    22.7514 3.6630e-01     0.1310      0.018    1474.43     39.054     3.8560 165.333423     2.6982     29.243  0.000e+00
     28.991     7.6575    29.1780    22.7515 3.5409e-01     0.1298      0.018    1474.43     39.069     3.8575 165.333423     2.6992     29.268  0.000e+00
     29.022     7.6570    29.1788    22.7522 3.5409e-01     0.1310      0.018    1474.43     39.027     3.8534 165.333424     2.6964     29.299  0.000e+00
     29.038     7.6562    29.1803    22.7535 3.6630e-01     0.1310      0.018    1474.42     39.037     3.8544 165.333424     2.6971     29.315  0.000e+00
     29.057     7.6512    29.1874    22.7597 3.6630e-01     0.1298      0.018    1474.41     39.053     3.8562 165.333424     2.6984     29.335  0.000e+00
     29.086     7.6419    29.1994    22.7704 3.6630e-01     0.1310      0.018    1474.39     39.004     3.8520 165.333425     2.6954     29.364  0.000e+00
     29.098     7.6378    29.2058    22.7759 3.7851e-01     0.1298      0.018    1474.39     39.015     3.8532 165.333425     2.6963     29.376  0.000e+00
     29.117     7.6379    29.2056    22.7758 3.9072e-01     0.1310      0.018    1474.39     39.032     3.8548 165.333426     2.6974     29.396  0.000e+00
     29.146     7.6373    29.2060    22.7762 3.9072e-01     0.1298      0.018    1474.39     39.045     3.8563 165.333426     2.6984     29.425  0.000e+00
     29.171     7.6379    29.2057    22.7758 3.9072e-01     0.1310      0.018    1474.39     39.064     3.8581 165.333427     2.6996     29.450  0.000e+00
     29.202     7.6389    29.2046    22.7749 3.6630e-01     0.1310      0.018    1474.39     39.018     3.8535 165.333427     2.6964     29.481  0.000e+00
     29.206     7.6400    29.2029    22.7734 3.6630e-01     0.1310      0.018    1474.39     39.032     3.8548 165.333428     2.6973     29.486  0.000e+00
