20190611/R5_20190614_down.cnv
* Sea-Bird SBE 9 Data File:
* FileName = C:\CTD Brukere\NIVA\OKOKYST2019\20190611\R5_20190614.hex
* Software Version Seasave V 7.23.2
* Temperature SN = 5352
* Conductivity SN = 3840
* Number of Bytes Per Scan = 28
* Number of Voltage Words = 4
* Number of Scans Averaged by the Deck Unit = 1
* NMEA baud rate = 4800
** Ship: R/V Trygve Braarud
** Cruise:
** Station:
** Operator:
# nquan = 14
# nvalues = 2380                                  
# units = specified
# name 0 = depSM: Depth [salt water, m], lat = 59.60
# name 1 = t090C: Temperature [ITS-90, deg C]
# name 2 = sal00: Salinity, Practical [PSU]
# name 3 = sigma-t00: Density [sigma-t, kg/m^3 ]
# name 4 = flSP: Fluorescence, Seapoint
# name 5 = wetStar: Fluorescence, WET Labs WETstar [mg/m^3]
# name 6 = seaTurbMtr: Turbidity, Seapoint [FTU]
# name 7 = svCM: Sound Velocity [Chen-Millero, m/s]
# name 8 = sbeox0PS: Oxygen, SBE 43 [% saturation]
# name 9 = sbeox0Mg/L: Oxygen, SBE 43 [mg/l]
# name 10 = timeJ: Julian Days
# name 11 = sbeox0ML/L: Oxygen, SBE 43 [ml/l]
# name 12 = prDM: Pressure, Digiquartz [db]
# name 13 = flag:  0.000e+00
# span 0 =      0.198,     32.563                 
# span 1 =     7.4506,    14.7851                 
# span 2 =    11.1269,    29.4229                 
# span 3 =     7.6894,    22.9710                 
# span 4 = 3.4188e-01, 8.1563e+00                 
# span 5 =     0.1285,     0.1322                 
# span 6 =      0.007,      0.018                 
# span 7 =    1473.99,    1483.54                 
# span 8 =     38.754,     80.052                 
# span 9 =     3.8299,     7.5489                 
# span 10 = 165.332731, 165.333879                
# span 11 =     2.6799,     5.2823                
# span 12 =      0.200,     32.875                
# span 13 = 0.0000e+00, 0.0000e+00                
# interval = seconds: 0.0416667
# start_time = Jun 14 2019 07:59:08 [System UpLoad Time]
# bad_flag = -9.990e-29
*END*
[from data line 1962]
     29.717     7.5738    29.2866    22.8478 3.3211e+00     0.1310      0.015    1474.25     39.421     3.8970 165.333678     2.7269     30.002  0.000e+00
     29.734     7.5737    29.2866    22.8478 3.3211e+00     0.1298      0.015    1474.25     39.423     3.8971 165.333678     2.7270     30.018  0.000e+00
     29.709     7.5738    29.2862    22.8475 3.3211e+00     0.1310      0.015    1474.25     39.424     3.8972 165.333679     2.7271     29.993  0.000e+00
     29.709     7.5738    29.2863    22.8476 3.3333e+00     0.1298      0.015    1474.25     39.425     3.8973 165.333679     2.7271     29.993  0.000e+00
     29.729     7.5740    29.2861    22.8474 3.3455e+00     0.1310      0.015    1474.25     39.364     3.8913 165.333680     2.7229     30.013  0.000e+00
     29.721     7.5737    29.2863    22.8476 3.3822e+00     0.1310      0.015    1474.25     39.418     3.8967 165.333680     2.7267     30.005  0.000e+00
     29.709     7.5738    29.2868    22.8480 3.4310e+00     0.1298      0.015    1474.25     39.419     3.8967 165.333681     2.7267     29.993  0.000e+00
     29.717     7.5738    29.2861    22.8474 3.4310e+00     0.1298      0.015    1474.25     39.419     3.8968 165.333681     2.7267     30.002  0.000e+00
     29.709     7.5738    29.2860    22.8474 3.4432e+00     0.1298      0.015    1474.25     39.418     3.8967 165.333682     2.7267     29.993  0.000e+00
     29.721     7.5738    29.2861    22.8475 3.4554e+00     0.1310      0.015    1474.25     39.418     3.8967 165.333682     2.7267     30.005  0.000e+00
     29.709     7.5738    29.2863    22.8476 3.4799e+00     0.1310      0.015    1474.25     39.417     3.8966 165.333682     2.7266     29.993  0.000e+00
     29.717     7.5738    29.2862    22.8475 3.4921e+00     0.1298      0.015    1474.25     39.416     3.8965 165.333683     2.7265     30.002  0.000e+00
     29.709     7.5737    29.2863    22.8476 3.5165e+00     0.1298      0.015    1474.25     39.414     3.8963 165.333683     2.7264     29.993  0.000e+00
     29.721     7.5740    29.2862    22.8475 3.5043e+00     0.1298      0.015    1474.25     39.412     3.8961 165.333684     2.7263     30.005  0.000e+00
     29.717     7.5738    29.2864    22.8477 3.4921e+00     0.1310      0.015    1474.25     39.418     3.8967 165.333684     2.7267     30.002  0.000e+00
     29.709     7.5738    29.2864    22.8477 3.4921e+00     0.1298      0.015    1474.25     39.416     3.8964 165.333685     2.7265     29.993  0.000e+00
     29.709     7.5738    29.2843    22.8461 3.4799e+00     0.1298      0.015    1474.25     39.413     3.8963 165.333685     2.7264     29.993  0.000e+00
     29.709     7.5740    29.2849    22.8465 3.4921e+00     0.1298      0.015    1474.25     39.410     3.8960 165.333686     2.7262     29.993  0.000e+00
     29.717     7.5738    29.2861    22.8475 3.4921e+00     0.1298      0.015    1474.25     39.407     3.8956 165.333686     2.7259     30.002  0.000e+00
     29.709     7.5738    29.2857    22.8471 3.4676e+00     0.1298      0.015    1474.25     39.404     3.8953 165.333687     2.7257     29.993  0.000e+00
     29.709     7.5738    29.2860    22.8473 3.4432e+00     0.1310      0.015    1474.25     39.400     3.8949 165.333687     2.7255     29.993  0.000e+00
     29.706     7.5738    29.2861    22.8475 3.4188e+00     0.1298      0.015    1474.25     39.396     3.8945 165.333688     2.7252     29.990  0.000e+00
     29.698     7.5738    29.2863    22.8476 3.4066e+00     0.1298      0.015    1474.25     39.461     3.9010 165.333688     2.7297     29.982  0.000e+00
     29.709     7.5738    29.2860    22.8473 3.3944e+00     0.1298      0.015    1474.25     39.410     3.8959 165.333689     2.7261     29.993  0.000e+00
     29.709     7.5741    29.2859    22.8473 3.4066e+00     0.1298      0.015    1474.25     39.413     3.8962 165.333689     2.7263     29.993  0.000e+00
     29.706     7.5738    29.2862    22.8475 3.4310e+00     0.1310      0.015    1474.25     39.409     3.8958 165.333690     2.7260     29.990  0.000e+00
     29.698     7.5740    29.2860    22.8474 3.4310e+00     0.1298      0.015    1474.25     39.404     3.8953 165.333690     2.7257     29.982  0.000e+00
     29.698     7.5740    29.2862    22.8475 3.4188e+00     0.1298      0.015    1474.25     39.398     3.8947 165.333691     2.7253     29.982  0.000e+00
     29.706     7.5738    29.2862    22.8475 3.3944e+00     0.1310      0.015    1474.25     39.401     3.8950 165.333691     2.7255     29.990  0.000e+00
     29.698     7.5740    29.2862    22.8475 3.3700e+00     0.1310      0.015    1474.25     39.395     3.8944 165.333692     2.7251     29.982  0.000e+00
     29.709     7.5740    29.2863    22.8475 3.3333e+00     0.1298      0.015    1474.25     39.389     3.8938 165.333692     2.7247     29.993  0.000e+00
     29.685     7.5738    29.2862    22.8475 3.2845e+00     0.1298      0.015    1474.25     39.391     3.8940 165.333693     2.7248     29.969  0.000e+00
     29.706     7.5738    29.2861    22.8475 3.2234e+00     0.1298      0.015    1474.25     39.392     3.8942 165.333693     2.7249     29.990  0.000e+00
     29.685     7.5738    29.2859    22.8473 3.1868e+00     0.1310      0.015    1474.25     39.386     3.8935 165.333694     2.7245     29.969  0.000e+00
     29.709     7.5738    29.2860    22.8474 3.1624e+00     0.1298      0.015    1474.25     39.380     3.8929 165.333694     2.7240     29.993  0.000e+00
     29.693     7.5738    29.2861    22.8475 3.1502e+00     0.1310      0.015    1474.25     39.373     3.8922 165.333695     2.7236     29.977  0.000e+00
     29.685     7.5740    29.2862    22.8475 3.1380e+00     0.1298      0.015    1474.25     39.366     3.8915 165.333695     2.7231     29.969  0.000e+00
     29.698     7.5740    29.2863    22.8476 3.1258e+00     0.1298      0.015    1474.25     39.366     3.8916 165.333696     2.7231     29.982  0.000e+00
     29.669     7.5738    29.2862    22.8475 3.1258e+00     0.1298      0.015    1474.25     39.367     3.8916 165.333696     2.7231     29.952  0.000e+00
     29.709     7.5740    29.2860    22.8474 3.1013e+00     0.1298      0.015    1474.25     39.367     3.8916 165.333696     2.7231     29.993  0.000e+00
     29.685     7.5740    29.2860    22.8474 3.0647e+00     0.1298      0.015    1474.25     39.367     3.8917 165.333697     2.7232     29.969  0.000e+00
     29.698     7.5741    29.2856    22.8470 3.0281e+00     0.1298      0.015    1474.25     39.368     3.8917 165.333697     2.7232     29.982  0.000e+00
     29.682     7.5740    29.2857    22.8471 2.9915e+00     0.1298      0.015    1474.25     39.360     3.8910 165.333698     2.7227     29.966  0.000e+00
     29.685     7.5738    29.2860    22.8474 2.9792e+00     0.1298      0.015    1474.25     39.360     3.8910 165.333698     2.7227     29.969  0.000e+00
     29.685     7.5740    29.2860    22.8473 2.9792e+00     0.1298      0.015    1474.25     39.360     3.8910 165.333699     2.7227     29.969  0.000e+00
     29.682     7.5741    29.2856    22.8470 2.9670e+00     0.1298      0.015    1474.25     39.360     3.8910 165.333699     2.7227     29.966  0.000e+00
     29.685     7.5740    29.2859    22.8473 2.9548e+00     0.1298      0.015    1474.25     39.360     3.8910 165.333700     2.7227     29.969  0.000e+00
     29.685     7.5738    29.2859    22.8473 2.9304e+00     0.1310      0.015    1474.25     39.360     3.8910 165.333700     2.7227     29.969  0.000e+00
     29.685     7.5740    29.2857    22.8471 2.9060e+00     0.1298      0.015    1474.25     39.360     3.8910 165.333701     2.7227     29.969  0.000e+00
     29.669     7.5738    29.2858    22.8472 2.8816e+00     0.1298      0.015    1474.25     39.360     3.8910 165.333701     2.7227     29.952  0.000e+00
     29.685     7.5741    29.2856    22.8470 2.8694e+00     0.1298      0.015    1474.25     39.360     3.8910 165.333702     2.7227     29.969  0.000e+00
     29.685     7.5738    29.2858    22.8472 2.8449e+00     0.1298      0.015    1474.25     39.360     3.8910 165.333702     2.7227     29.969  0.000e+00
     29.669     7.5740    29.2857    22.8471 2.8205e+00     0.1298      0.015    1474.25     39.360     3.8910 165.333703     2.7227     29.952  0.000e+00
     29.685     7.5741    29.2858    22.8471 2.8205e+00     0.1310      0.015    1474.25     39.353     3.8902 165.333703     2.7221     29.969  0.000e+00
     29.685     7.5741    29.2856    22.8470 2.8205e+00     0.1298      0.015    1474.25     39.352     3.8902 165.333704     2.7221     29.969  0.000e+00
     29.662     7.5741    29.2856    22.8470 2.8571e+00     0.1298      0.015    1474.25     39.352     3.8901 165.333704     2.7221     29.946  0.000e+00
     29.693     7.5741    29.2858    22.8471 2.9060e+00     0.1298      0.015    1474.25     39.352     3.8901 165.333705     2.7221     29.977  0.000e+00
     29.674     7.5738    29.2863    22.8476 2.9915e+00     0.1298      0.015    1474.25     39.413     3.8962 165.333705     2.7263     29.957  0.000e+00
     29.674     7.5740    29.2858    22.8472 3.0769e+00     0.1298      0.015    1474.25     39.358     3.8908 165.333706     2.7225     29.957  0.000e+00
     29.682     7.5738    29.2856    22.8470 3.1746e+00     0.1298      0.015    1474.25     39.357     3.8907 165.333706     2.7225     29.966  0.000e+00
     29.685     7.5740    29.2856    22.8470 3.2601e+00     0.1310      0.015    1474.25     39.357     3.8906 165.333707     2.7224     29.969  0.000e+00
     29.662     7.5740    29.2859    22.8473 3.3089e+00     0.1298      0.015    1474.25     39.356     3.8906 165.333707     2.7224     29.946  0.000e+00
     29.685     7.5741    29.2859    22.8472 3.3333e+00     0.1298      0.015    1474.25     39.417     3.8966 165.333708     2.7266     29.969  0.000e+00
     29.682     7.5740    29.2858    22.8472 3.3089e+00     0.1310      0.015    1474.25     39.362     3.8912 165.333708     2.7228     29.966  0.000e+00
     29.674     7.5740    29.2859    22.8473 3.2723e+00     0.1310      0.015    1474.25     39.361     3.8911 165.333709     2.7227     29.957  0.000e+00
     29.674     7.5741    29.2857    22.8471 3.2112e+00     0.1298      0.015    1474.25     39.422     3.8971 165.333709     2.7269     29.957  0.000e+00
     29.682     7.5740    29.2857    22.8471 3.1502e+00     0.1310      0.015    1474.25     39.428     3.8977 165.333709     2.7274     29.966  0.000e+00
     29.674     7.5741    29.2856    22.8470 3.0647e+00     0.1298      0.015    1474.25     39.372     3.8921 165.333710     2.7235     29.957  0.000e+00
     29.674     7.5743    29.2856    22.8470 2.9426e+00     0.1298      0.015    1474.25     39.371     3.8920 165.333710     2.7234     29.957  0.000e+00
     29.685     7.5743    29.2855    22.8469 2.7595e+00     0.1298      0.015    1474.25     39.369     3.8918 165.333711     2.7233     29.969  0.000e+00
     29.682     7.5741    29.2856    22.8470 2.5275e+00     0.1298      0.015    1474.25     39.368     3.8917 165.333711     2.7232     29.966  0.000e+00
     29.674     7.5741    29.2856    22.8470 2.2833e+00     0.1298      0.015    1474.25     39.374     3.8923 165.333712     2.7236     29.957  0.000e+00
     29.685     7.5740    29.2857    22.8471 2.0391e+00     0.1298      0.015    1474.25     39.372     3.8922 165.333712     2.7235     29.969  0.000e+00
     29.669     7.5740    29.2855    22.8469 1.7949e+00     0.1310      0.015    1474.25     39.371     3.8921 165.333713     2.7234     29.952  0.000e+00
     29.674     7.5741    29.2857    22.8471 1.5507e+00     0.1298      0.018    1474.25     39.370     3.8919 165.333713     2.7233     29.957  0.000e+00
     29.685     7.5743    29.2855    22.8469 1.3187e+00     0.1310      0.015    1474.25     39.369     3.8918 165.333714     2.7232     29.969  0.000e+00
     29.685     7.5740    29.2859    22.8473 1.1233e+00     0.1298      0.018    1474.25     39.429     3.8978 165.333714     2.7274     29.969  0.000e+00
     29.682     7.5741    29.2854    22.8469 9.6459e-01     0.1310      0.018    1474.25     39.373     3.8923 165.333715     2.7236     29.966  0.000e+00
     29.674     7.5740    29.2856    22.8470 8.1807e-01     0.1298      0.018    1474.25     39.372     3.8921 165.333715     2.7235     29.957  0.000e+00
     29.685     7.5743    29.2855    22.8469 7.0818e-01     0.1310      0.015    1474.25     39.370     3.8919 165.333716     2.7234     29.969  0.000e+00
     29.693     7.5741    29.2856    22.8470 6.1050e-01     0.1310      0.018    1474.25     39.369     3.8918 165.333716     2.7233     29.977  0.000e+00
     29.674     7.5741    29.2856    22.8470 5.6166e-01     0.1298      0.018    1474.25     39.367     3.8917 165.333717     2.7231     29.957  0.000e+00
     29.685     7.5740    29.2859    22.8473 5.2503e-01     0.1298      0.018    1474.25     39.366     3.8915 165.333717     2.7231     29.969  0.000e+00
     29.682     7.5745    29.2854    22.8468 5.1282e-01     0.1298      0.018    1474.25     39.364     3.8913 165.333718     2.7229     29.966  0.000e+00
     29.685     7.5740    29.2859    22.8473 4.8840e-01     0.1298      0.018    1474.25     39.363     3.8912 165.333718     2.7228     29.969  0.000e+00
     29.685     7.5741    29.2859    22.8472 4.5177e-01     0.1298      0.018    1474.25     39.361     3.8910 165.333719     2.7227     29.969  0.000e+00
     29.698     7.5740    29.2858    22.8472 4.3956e-01     0.1310      0.018    1474.25     39.360     3.8909 165.333719     2.7226     29.982  0.000e+00
     29.682     7.5741    29.2842    22.8459 4.2735e-01     0.1298      0.018    1474.25     39.358     3.8908 165.333720     2.7225     29.966  0.000e+00
     29.698     7.5743    29.2838    22.8456 4.1514e-01     0.1298      0.018    1474.25     39.357     3.8906 165.333720     2.7224     29.982  0.000e+00
     29.685     7.5741    29.2852    22.8467 4.1514e-01     0.1298      0.018    1474.25     39.355     3.8905 165.333721     2.7223     29.969  0.000e+00
     29.693     7.5740    29.2855    22.8469 4.1514e-01     0.1298      0.018    1474.25     39.354     3.8903 165.333721     2.7222     29.977  0.000e+00
     29.698     7.5743    29.2853    22.8468 4.1514e-01     0.1298      0.018    1474.25     39.352     3.8901 165.333722     2.7221     29.982  0.000e+00
     29.685     7.5743    29.2852    22.8467 4.2735e-01     0.1298      0.018    1474.25     39.350     3.8900 165.333722     2.7220     29.969  0.000e+00
     29.698     7.5741    29.2857    22.8471 4.3956e-01     0.1298      0.018    1474.25     39.349     3.8899 165.333723     2.7219     29.982  0.000e+00
     29.693     7.5743    29.2855    22.8469 4.6398e-01     0.1310      0.018    1474.25     39.347     3.8897 165.333723     2.7218     29.977  0.000e+00
     29.698     7.5741    29.2856    22.8470 4.7619e-01     0.1298      0.018    1474.25     39.346     3.8896 165.333723     2.7217     29.982  0.000e+00
     29.698     7.5740    29.2855    22.8469 4.5177e-01     0.1298      0.018    1474.25     39.344     3.8894 165.333724     2.7216     29.982  0.000e+00
     29.693     7.5741    29.2853    22.8468 4.2735e-01     0.1298      0.018    1474.25     39.343     3.8893 165.333724     2.7215     29.977  0.000e+00
     29.709     7.5741    29.2855    22.8469 4.0293e-01     0.1298      0.018    1474.25     39.341     3.8891 165.333725     2.7214     29.993  0.000e+00
     29.685     7.5743    29.2852    22.8467 4.0293e-01     0.1310      0.018    1474.25     39.340     3.8889 165.333725     2.7212     29.969  0.000e+00
     29.709     7.5741    29.2857    22.8471 4.0293e-01     0.1298      0.018    1474.25     39.338     3.8888 165.333726     2.7212     29.993  0.000e+00
     29.706     7.5740    29.2855    22.8470 4.1514e-01     0.1310      0.018    1474.25     39.337     3.8887 165.333726     2.7211     29.990  0.000e+00
