20190611/R5_20190614_down.cnv
* Sea-Bird SBE 9 Data File:
* FileName = C:\CTD Brukere\NIVA\OKOKYST2019\20190611\R5_20190614.hex
* Software Version Seasave V 7.23.2
* Temperature SN = 5352
* Conductivity SN = 3840
* Number of Bytes Per Scan = 28
* Number of Voltage Words = 4
* Number of Scans Averaged by the Deck Unit = 1
* NMEA baud rate = 4800
** Ship: R/V Trygve Braarud
** Cruise:
** Station:
** Operator:
# nquan = 14
# nvalues = 2380                                  
# units = specified
# name 0 = depSM: Depth [salt water, m], lat = 59.60
# name 1 = t090C: Temperature [ITS-90, deg C]
# name 2 = sal00: Salinity, Practical [PSU]
# name 3 = sigma-t00: Density [sigma-t, kg/m^3 ]
# name 4 = flSP: Fluorescence, Seapoint
# name 5 = wetStar: Fluorescence, WET Labs WETstar [mg/m^3]
# name 6 = seaTurbMtr: Turbidity, Seapoint [FTU]
# name 7 = svCM: Sound Velocity [Chen-Millero, m/s]
# name 8 = sbeox0PS: Oxygen, SBE 43 [% saturation]
# name 9 = sbeox0Mg/L: Oxygen, SBE 43 [mg/l]
# name 10 = timeJ: Julian Days
# name 11 = sbeox0ML/L: Oxygen, SBE 43 [ml/l]
# name 12 = prDM: Pressure, Digiquartz [db]
# name 13 = flag:  0.000e+00
# span 0 =      0.198,     32.563                 
# span 1 =     7.4506,    14.7851                 
# span 2 =    11.1269,    29.4229                 
# span 3 =     7.6894,    22.9710                 
# span 4 = 3.4188e-01, 8.1563e+00                 
# span 5 =     0.1285,     0.1322                 
# span 6 =      0.007,      0.018                 
# span 7 =    1473.99,    1483.54                 
# span 8 =     38.754,     80.052                 
# span 9 =     3.8299,     7.5489                 
# span 10 = 165.332731, 165.333879                
# span 11 =     2.6799,     5.2823                
# span 12 =      0.200,     32.875                
# span 13 = 0.0000e+00, 0.0000e+00                
# interval = seconds: 0.0416667
# start_time = Jun 14 2019 07:59:08 [System UpLoad Time]
# bad_flag = -9.990e-29
*END*
[from data line 2168]
     30.512     7.5702    29.2944    22.8544 3.9072e-01     0.1298      0.018    1474.26     39.356     3.8907 165.333777     2.7225     30.804  0.000e+00
     30.521     7.5702    29.2941    22.8542 3.9072e-01     0.1298      0.018    1474.26     39.356     3.8907 165.333777     2.7225     30.812  0.000e+00
     30.548     7.5702    29.2940    22.8541 3.9072e-01     0.1298      0.018    1474.26     39.357     3.8907 165.333778     2.7225     30.840  0.000e+00
     30.548     7.5700    29.2943    22.8544 3.6630e-01     0.1298      0.018    1474.26     39.357     3.8908 165.333778     2.7225     30.840  0.000e+00
     30.572     7.5703    29.2941    22.8542 3.6630e-01     0.1310      0.018    1474.26     39.357     3.8908 165.333779     2.7226     30.865  0.000e+00
     30.584     7.5705    29.2940    22.8541 3.7851e-01     0.1298      0.018    1474.26     39.358     3.8908 165.333779     2.7226     30.876  0.000e+00
     30.594     7.5708    29.2935    22.8536 3.9072e-01     0.1298      0.018    1474.26     39.358     3.8908 165.333780     2.7226     30.886  0.000e+00
     30.608     7.5708    29.2936    22.8537 3.7851e-01     0.1310      0.015    1474.26     39.358     3.8909 165.333780     2.7226     30.901  0.000e+00
     30.632     7.5711    29.2936    22.8537 3.6630e-01     0.1298      0.018    1474.26     39.359     3.8909 165.333781     2.7226     30.925  0.000e+00
     30.632     7.5719    29.2926    22.8528 3.5409e-01     0.1298      0.018    1474.26     39.359     3.8909 165.333781     2.7226     30.925  0.000e+00
     30.657     7.5714    29.2930    22.8532 3.5409e-01     0.1310      0.018    1474.26     39.360     3.8909 165.333782     2.7227     30.950  0.000e+00
     30.678     7.5703    29.2941    22.8542 3.6630e-01     0.1298      0.018    1474.26     39.360     3.8911 165.333782     2.7227     30.971  0.000e+00
     30.681     7.5689    29.2953    22.8553 3.5409e-01     0.1310      0.018    1474.26     39.360     3.8912 165.333783     2.7228     30.975  0.000e+00
     30.704     7.5684    29.2954    22.8555 3.6630e-01     0.1298      0.018    1474.25     39.361     3.8913 165.333783     2.7229     30.997  0.000e+00
     30.704     7.5679    29.2958    22.8558 3.6630e-01     0.1310      0.018    1474.25     39.361     3.8914 165.333784     2.7229     30.997  0.000e+00
     30.728     7.5676    29.2960    22.8561 3.6630e-01     0.1298      0.018    1474.25     39.362     3.8914 165.333784     2.7230     31.022  0.000e+00
     30.714     7.5673    29.2961    22.8561 3.6630e-01     0.1298      0.018    1474.25     39.362     3.8915 165.333785     2.7230     31.007  0.000e+00
     30.777     7.5668    29.2964    22.8564 3.9072e-01     0.1310      0.018    1474.25     39.424     3.8977 165.333785     2.7274     31.071  0.000e+00
     30.777     7.5665    29.2966    22.8567 3.9072e-01     0.1298      0.018    1474.25     39.432     3.8984 165.333786     2.7279     31.071  0.000e+00
     30.777     7.5665    29.2966    22.8567 3.9072e-01     0.1310      0.015    1474.25     39.377     3.8930 165.333786     2.7241     31.071  0.000e+00
     30.801     7.5663    29.2966    22.8566 3.7851e-01     0.1298      0.018    1474.25     39.377     3.8930 165.333787     2.7241     31.096  0.000e+00
     30.813     7.5669    29.2961    22.8562 3.6630e-01     0.1298      0.018    1474.25     39.438     3.8990 165.333787     2.7283     31.107  0.000e+00
     30.821     7.5673    29.2969    22.8568 3.5409e-01     0.1298      0.018    1474.25     39.383     3.8936 165.333788     2.7245     31.115  0.000e+00
     30.837     7.5692    29.2958    22.8556 3.5409e-01     0.1298      0.018    1474.26     39.383     3.8934 165.333788     2.7243     31.132  0.000e+00
     30.860     7.5698    29.2954    22.8552 3.5409e-01     0.1298      0.018    1474.26     39.382     3.8933 165.333789     2.7243     31.155  0.000e+00
     30.873     7.5695    29.2954    22.8553 3.6630e-01     0.1310      0.018    1474.26     39.443     3.8993 165.333789     2.7285     31.168  0.000e+00
     30.873     7.5687    29.2955    22.8555 3.5409e-01     0.1310      0.018    1474.26     39.450     3.9000 165.333790     2.7290     31.168  0.000e+00
     30.908     7.5681    29.2959    22.8559 3.6630e-01     0.1298      0.018    1474.26     39.394     3.8946 165.333790     2.7252     31.204  0.000e+00
     30.905     7.5681    29.2959    22.8559 3.7851e-01     0.1298      0.018    1474.26     39.393     3.8945 165.333791     2.7251     31.201  0.000e+00
     30.920     7.5686    29.2957    22.8556 3.9072e-01     0.1310      0.018    1474.26     39.392     3.8943 165.333791     2.7250     31.215  0.000e+00
     30.944     7.5677    29.2959    22.8560 3.9072e-01     0.1298      0.018    1474.26     39.391     3.8943 165.333791     2.7250     31.240  0.000e+00
     30.957     7.5663    29.2972    22.8572 3.7851e-01     0.1298      0.018    1474.25     39.390     3.8943 165.333792     2.7250     31.253  0.000e+00
     30.957     7.5655    29.2975    22.8575 3.6630e-01     0.1298      0.018    1474.25     39.450     3.9003 165.333792     2.7292     31.253  0.000e+00
     30.993     7.5657    29.2977    22.8576 3.6630e-01     0.1298      0.018    1474.25     39.395     3.8948 165.333793     2.7254     31.289  0.000e+00
     30.989     7.5666    29.2968    22.8568 3.6630e-01     0.1298      0.018    1474.25     39.393     3.8946 165.333793     2.7252     31.286  0.000e+00
     31.004     7.5669    29.2967    22.8566 3.6630e-01     0.1298      0.018    1474.26     39.392     3.8944 165.333794     2.7251     31.300  0.000e+00
     31.028     7.5666    29.2975    22.8573 3.6630e-01     0.1298      0.018    1474.26     39.382     3.8935 165.333794     2.7245     31.325  0.000e+00
     31.028     7.5663    29.2977    22.8575 3.7851e-01     0.1298      0.018    1474.25     39.381     3.8934 165.333795     2.7244     31.325  0.000e+00
     31.053     7.5668    29.2979    22.8576 3.6630e-01     0.1298      0.018    1474.26     39.379     3.8932 165.333795     2.7242     31.350  0.000e+00
     31.064     7.5689    29.2966    22.8563 3.7851e-01     0.1298      0.018    1474.26     39.377     3.8928 165.333796     2.7240     31.361  0.000e+00
     31.064     7.5703    29.2956    22.8554 3.9072e-01     0.1298      0.018    1474.27     39.437     3.8986 165.333796     2.7280     31.361  0.000e+00
     31.096     7.5706    29.2959    22.8555 4.0293e-01     0.1298      0.018    1474.27     39.381     3.8930 165.333797     2.7241     31.394  0.000e+00
     31.100     7.5716    29.2948    22.8545 4.3956e-01     0.1298      0.018    1474.27     39.378     3.8927 165.333797     2.7239     31.397  0.000e+00
     31.124     7.5703    29.2953    22.8551 4.8840e-01     0.1310      0.018    1474.27     39.376     3.8927 165.333798     2.7238     31.422  0.000e+00
     31.135     7.5690    29.2962    22.8560 4.8840e-01     0.1298      0.018    1474.27     39.374     3.8925 165.333798     2.7238     31.433  0.000e+00
     31.135     7.5683    29.2964    22.8562 4.7619e-01     0.1298      0.018    1474.26     39.372     3.8924 165.333799     2.7237     31.433  0.000e+00
     31.160     7.5681    29.2966    22.8564 4.2735e-01     0.1298      0.018    1474.26     39.370     3.8922 165.333799     2.7235     31.458  0.000e+00
     31.173     7.5689    29.2962    22.8560 4.0293e-01     0.1310      0.018    1474.27     39.368     3.8919 165.333800     2.7234     31.471  0.000e+00
     31.181     7.5692    29.2960    22.8559 3.9072e-01     0.1298      0.018    1474.27     39.428     3.8978 165.333800     2.7275     31.479  0.000e+00
     31.195     7.5695    29.2962    22.8559 3.9072e-01     0.1298      0.018    1474.27     39.433     3.8983 165.333801     2.7278     31.494  0.000e+00
     31.208     7.5695    29.2961    22.8559 3.7851e-01     0.1298      0.018    1474.27     39.376     3.8926 165.333801     2.7238     31.507  0.000e+00
     31.233     7.5689    29.2964    22.8562 3.6630e-01     0.1298      0.018    1474.27     39.373     3.8924 165.333802     2.7237     31.531  0.000e+00
     31.244     7.5687    29.2962    22.8560 3.5409e-01     0.1298      0.018    1474.27     39.370     3.8922 165.333802     2.7235     31.543  0.000e+00
     31.244     7.5684    29.2970    22.8567 3.5409e-01     0.1310      0.018    1474.27     39.368     3.8919 165.333803     2.7233     31.543  0.000e+00
     31.255     7.5692    29.2970    22.8566 3.6630e-01     0.1310      0.018    1474.27     39.365     3.8916 165.333803     2.7231     31.554  0.000e+00
     31.277     7.5716    29.2956    22.8552 3.7851e-01     0.1310      0.018    1474.28     39.362     3.8911 165.333804     2.7228     31.576  0.000e+00
     31.304     7.5719    29.2955    22.8551 3.7851e-01     0.1298      0.018    1474.28     39.360     3.8908 165.333804     2.7226     31.604  0.000e+00
     31.293     7.5705    29.2960    22.8556 3.6630e-01     0.1298      0.015    1474.27     39.357     3.8907 165.333804     2.7225     31.592  0.000e+00
     31.316     7.5690    29.2970    22.8567 3.6630e-01     0.1298      0.018    1474.27     39.354     3.8905 165.333805     2.7224     31.615  0.000e+00
     31.328     7.5677    29.2978    22.8575 3.6630e-01     0.1310      0.018    1474.27     39.352     3.8904 165.333805     2.7222     31.628  0.000e+00
     31.351     7.5665    29.2986    22.8582 3.6630e-01     0.1298      0.018    1474.26     39.349     3.8902 165.333806     2.7221     31.651  0.000e+00
     31.351     7.5658    29.2989    22.8585 3.6630e-01     0.1298      0.018    1474.26     39.346     3.8900 165.333806     2.7220     31.651  0.000e+00
     31.364     7.5653    29.2994    22.8590 3.5409e-01     0.1298      0.018    1474.26     39.344     3.8898 165.333807     2.7218     31.664  0.000e+00
     31.385     7.5653    29.2993    22.8589 3.6630e-01     0.1298      0.018    1474.26     39.341     3.8895 165.333807     2.7216     31.685  0.000e+00
     31.400     7.5665    29.2984    22.8581 3.6630e-01     0.1298      0.018    1474.26     39.338     3.8891 165.333808     2.7214     31.700  0.000e+00
     31.411     7.5660    29.2996    22.8591 3.7851e-01     0.1298      0.018    1474.26     39.397     3.8950 165.333808     2.7255     31.712  0.000e+00
     31.424     7.5633    29.3023    22.8616 4.3956e-01     0.1298      0.018    1474.26     39.348     3.8903 165.333809     2.7222     31.725  0.000e+00
     31.436     7.5645    29.3016    22.8608 4.5177e-01     0.1298      0.018    1474.26     39.353     3.8907 165.333809     2.7225     31.736  0.000e+00
     31.449     7.5673    29.2995    22.8588 4.2735e-01     0.1298      0.018    1474.27     39.350     3.8902 165.333810     2.7221     31.749  0.000e+00
     31.460     7.5694    29.2981    22.8574 3.9072e-01     0.1298      0.018    1474.27     39.348     3.8898 165.333810     2.7219     31.761  0.000e+00
     31.471     7.5710    29.2972    22.8566 4.0293e-01     0.1298      0.018    1474.28     39.414     3.8963 165.333811     2.7264     31.772  0.000e+00
     31.484     7.5722    29.2961    22.8555 4.5177e-01     0.1298      0.018    1474.28     39.358     3.8906 165.333811     2.7224     31.785  0.000e+00
     31.492     7.5732    29.2950    22.8545 4.5177e-01     0.1298      0.018    1474.29     39.355     3.8903 165.333812     2.7222     31.794  0.000e+00
     31.509     7.5741    29.2948    22.8542 4.1514e-01     0.1310      0.018    1474.29     39.353     3.8900 165.333812     2.7220     31.810  0.000e+00
     31.520     7.5749    29.2939    22.8534 4.0293e-01     0.1298      0.018    1474.29     39.420     3.8966 165.333813     2.7266     31.821  0.000e+00
     31.544     7.5737    29.2945    22.8541 4.0293e-01     0.1298      0.018    1474.29     39.432     3.8979 165.333813     2.7275     31.846  0.000e+00
     31.544     7.5705    29.2967    22.8562 4.1514e-01     0.1298      0.018    1474.28     39.438     3.8986 165.333814     2.7280     31.846  0.000e+00
     31.556     7.5681    29.2987    22.8581 4.0293e-01     0.1298      0.015    1474.27     39.381     3.8932 165.333814     2.7242     31.857  0.000e+00
     31.580     7.5673    29.2990    22.8585 3.9072e-01     0.1298      0.018    1474.27     39.440     3.8991 165.333815     2.7283     31.882  0.000e+00
     31.580     7.5671    29.2991    22.8586 3.7851e-01     0.1298      0.018    1474.27     39.382     3.8934 165.333815     2.7244     31.882  0.000e+00
     31.604     7.5666    29.2993    22.8587 3.6630e-01     0.1298      0.018    1474.27     39.441     3.8993 165.333816     2.7285     31.907  0.000e+00
     31.616     7.5655    29.3003    22.8597 3.7851e-01     0.1298      0.018    1474.26     39.453     3.9005 165.333816     2.7293     31.918  0.000e+00
     31.612     7.5645    29.3015    22.8607 3.9072e-01     0.1310      0.018    1474.26     39.395     3.8949 165.333817     2.7254     31.915  0.000e+00
     31.651     7.5645    29.3013    22.8606 3.9072e-01     0.1298      0.018    1474.26     39.392     3.8945 165.333817     2.7252     31.954  0.000e+00
     31.651     7.5649    29.3010    22.8603 3.9072e-01     0.1298      0.018    1474.26     39.389     3.8942 165.333818     2.7249     31.954  0.000e+00
     31.664     7.5642    29.3013    22.8606 4.1514e-01     0.1298      0.018    1474.26     39.385     3.8939 165.333818     2.7247     31.967  0.000e+00
     31.687     7.5636    29.3018    22.8611 4.5177e-01     0.1298      0.018    1474.26     39.382     3.8936 165.333818     2.7245     31.990  0.000e+00
     31.687     7.5633    29.3022    22.8615 4.5177e-01     0.1298      0.018    1474.26     39.440     3.8994 165.333819     2.7286     31.990  0.000e+00
     31.711     7.5634    29.3022    22.8614 4.2735e-01     0.1298      0.018    1474.26     39.382     3.8937 165.333819     2.7246     32.015  0.000e+00
     31.724     7.5644    29.3016    22.8608 4.0293e-01     0.1310      0.018    1474.26     39.386     3.8940 165.333820     2.7248     32.028  0.000e+00
     31.736     7.5661    29.3004    22.8597 4.0293e-01     0.1298      0.018    1474.27     39.383     3.8936 165.333820     2.7245     32.039  0.000e+00
     31.760     7.5663    29.3004    22.8596 4.1514e-01     0.1298      0.018    1474.27     39.380     3.8932 165.333821     2.7242     32.064  0.000e+00
     31.747     7.5665    29.3006    22.8598 4.1514e-01     0.1298      0.018    1474.27     39.376     3.8929 165.333821     2.7240     32.051  0.000e+00
     31.784     7.5669    29.3004    22.8595 4.1514e-01     0.1298      0.018    1474.27     39.435     3.8986 165.333822     2.7280     32.088  0.000e+00
     31.793     7.5652    29.3020    22.8611 4.1514e-01     0.1298      0.018    1474.27     39.377     3.8930 165.333822     2.7241     32.097  0.000e+00
     31.796     7.5623    29.3046    22.8635 4.1514e-01     0.1298      0.018    1474.26     39.435     3.8989 165.333823     2.7283     32.100  0.000e+00
     31.831     7.5626    29.3052    22.8639 4.1514e-01     0.1298      0.015    1474.26     39.377     3.8931 165.333823     2.7242     32.136  0.000e+00
     31.831     7.5614    29.3070    22.8655 4.0293e-01     0.1298      0.018    1474.26     39.381     3.8936 165.333824     2.7245     32.136  0.000e+00
     31.844     7.5519    29.3162    22.8740 4.0293e-01     0.1298      0.018    1474.24     39.385     3.8946 165.333824     2.7252     32.149  0.000e+00
     31.867     7.5428    29.3255    22.8824 4.0293e-01     0.1298      0.018    1474.21     39.382     3.8949 165.333825     2.7255     32.172  0.000e+00
     31.867     7.5361    29.3317    22.8882 4.0293e-01     0.1298      0.018    1474.19     39.379     3.8951 165.333825     2.7255     32.172  0.000e+00
     31.891     7.5295    29.3378    22.8939 4.0293e-01     0.1310      0.018    1474.18     39.438     3.9013 165.333826     2.7299     32.197  0.000e+00
