20190611/VT10_20190611_down_bin.cnv
* Sea-Bird SBE 9 Data File:
* FileName = C:\CTD Brukere\NIVA\OKOKYST2019\20190611\VT10_20190611.hex
* Software Version Seasave V 7.23.2
* Temperature SN = 5352
* Conductivity SN = 3840
* Number of Bytes Per Scan = 28
* Number of Voltage Words = 4
* Number of Scans Averaged by the Deck Unit = 1
* NMEA baud rate = 4800
** Ship: R/V Trygve Braarud
** Cruise:
** Station:
** Operator:
# nquan = 14
# nvalues = 197                         
# units = specified
# name 0 = depSM: Depth [salt water, m], lat = 59.60
# name 1 = t090C: Temperature [ITS-90, deg C]
# name 2 = sal00: Salinity, Practical [PSU]
# name 3 = sigma-t00: Density [sigma-t, kg/m^3 ]
# name 4 = flSP: Fluorescence, Seapoint
# name 5 = wetStar: Fluorescence, WET Labs WETstar [mg/m^3]
# name 6 = seaTurbMtr: Turbidity, Seapoint [FTU]
# name 7 = svCM: Sound Velocity [Chen-Millero, m/s]
# name 8 = sbeox0PS: Oxygen, SBE 43 [% saturation]
# name 9 = sbeox0Mg/L: Oxygen, SBE 43 [mg/l]
# name 10 = timeJ: Julian Days
# name 11 = sbeox0ML/L: Oxygen, SBE 43 [ml/l]
# name 12 = prDM: Pressure, Digiquartz [db]
# name 13 = flag: flag
# span 0 =      0.000,    196.000       
# span 1 =     6.8078,    15.0222       
# span 2 =    16.1983,    34.7568       
# span 3 =    11.5256,    27.2531       
# span 4 = 1.4234e-01, 3.8934e+00       
# span 5 =     0.1274,     0.1302       
# span 6 =      0.011,      0.018       
# span 7 =    1477.27,    1487.21       
# span 8 =     55.844,     86.226       
# span 9 =     5.3297,     7.8323       
# span 10 = 162.663848, 162.667991      
# span 11 =     3.7294,     5.4806      
# span 12 =      0.000,    197.954      
# span 13 = 0.0000e+00, 0.0000e+00      
# interval = meters: 1                  
# start_time = Jun 11 2019 15:55:51 [System UpLoad Time]
# bad_flag = -9.990e-29
*END*
[from data line 104]
    104.000     7.2503    34.7064    27.1524 1.4680e-01     0.1277      0.018    1480.98     57.309     5.5083 162.665998     3.8544    105.013 0.0000e+00
    105.000     7.2226    34.7111    27.1601 1.4652e-01     0.1277      0.018    1480.90     57.687     5.5479 162.666019     3.8821    106.023 0.0000e+00
    106.000     7.2068    34.7136    27.1643 1.4652e-01     0.1277      0.018    1480.85     58.027     5.5825 162.666039     3.9063    107.033 0.0000e+00
    107.000     7.1994    34.7173    27.1682 1.4679e-01     0.1278      0.018    1480.85     58.240     5.6039 162.666060     3.9212    108.043 0.0000e+00
    108.000     7.1867    34.7211    27.1730 1.4651e-01     0.1276      0.018    1480.82     58.428     5.6234 162.666081     3.9349    109.053 0.0000e+00
    109.000     7.1750    34.7224    27.1757 1.4681e-01     0.1276      0.018    1480.79     58.506     5.6324 162.666101     3.9412    110.063 0.0000e+00
    110.000     7.1625    34.7229    27.1778 1.4652e-01     0.1276      0.018    1480.76     58.403     5.6240 162.666122     3.9354    111.073 0.0000e+00
    111.000     7.1364    34.7236    27.1820 1.4652e-01     0.1276      0.018    1480.68     58.265     5.6140 162.666143     3.9284    112.083 0.0000e+00
    112.000     7.0985    34.7262    27.1894 1.4652e-01     0.1278      0.018    1480.55     58.345     5.6265 162.666163     3.9371    113.093 0.0000e+00
    113.000     7.0686    34.7296    27.1962 1.4680e-01     0.1275      0.018    1480.46     58.488     5.6440 162.666184     3.9494    114.103 0.0000e+00
    114.000     7.0396    34.7333    27.2032 1.4710e-01     0.1277      0.018    1480.37     58.912     5.6886 162.666205     3.9806    115.113 0.0000e+00
    115.000     7.0290    34.7341    27.2053 1.4739e-01     0.1277      0.018    1480.34     59.372     5.7344 162.666225     4.0126    116.124 0.0000e+00
    116.000     7.0112    34.7351    27.2086 1.4926e-01     0.1276      0.018    1480.29     59.559     5.7548 162.666246     4.0268    117.134 0.0000e+00
    117.000     6.9943    34.7366    27.2121 1.4646e-01     0.1277      0.018    1480.25     59.706     5.7711 162.666268     4.0383    118.144 0.0000e+00
    118.000     6.9810    34.7376    27.2147 1.4680e-01     0.1275      0.018    1480.21     59.969     5.7983 162.666288     4.0573    119.154 0.0000e+00
    119.000     6.9706    34.7383    27.2167 1.4652e-01     0.1275      0.018    1480.19     60.151     5.8173 162.666309     4.0706    120.164 0.0000e+00
    120.000     6.9653    34.7384    27.2175 1.4652e-01     0.1277      0.018    1480.19     60.365     5.8387 162.666330     4.0856    121.174 0.0000e+00
    121.000     6.9589    34.7381    27.2182 1.4595e-01     0.1276      0.018    1480.18     60.538     5.8562 162.666350     4.0979    122.184 0.0000e+00
    122.000     6.9477    34.7373    27.2191 1.4734e-01     0.1275      0.018    1480.15     60.737     5.8771 162.666372     4.1124    123.194 0.0000e+00
    123.000     6.9406    34.7378    27.2205 1.4622e-01     0.1274      0.018    1480.14     60.877     5.8916 162.666393     4.1226    124.204 0.0000e+00
    124.000     6.9384    34.7383    27.2211 1.4624e-01     0.1276      0.018    1480.15     61.071     5.9106 162.666413     4.1359    125.214 0.0000e+00
    125.000     6.9371    34.7386    27.2216 1.4599e-01     0.1278      0.018    1480.16     61.433     5.9458 162.666435     4.1605    126.224 0.0000e+00
    126.000     6.9372    34.7386    27.2216 1.4710e-01     0.1276      0.018    1480.18     61.519     5.9541 162.666456     4.1663    127.234 0.0000e+00
    127.000     6.9350    34.7390    27.2222 1.4507e-01     0.1276      0.018    1480.18     61.533     5.9558 162.666475     4.1675    128.245 0.0000e+00
    128.000     6.9318    34.7388    27.2225 1.4453e-01     0.1276      0.018    1480.19     61.512     5.9542 162.666496     4.1664    129.255 0.0000e+00
    129.000     6.9256    34.7391    27.2236 1.4598e-01     0.1275      0.018    1480.18     61.420     5.9461 162.666517     4.1607    130.265 0.0000e+00
    130.000     6.9195    34.7396    27.2248 1.4595e-01     0.1275      0.018    1480.18     61.526     5.9572 162.666537     4.1685    131.275 0.0000e+00
    131.000     6.9085    34.7399    27.2265 1.4814e-01     0.1275      0.018    1480.15     61.678     5.9734 162.666559     4.1798    132.285 0.0000e+00
    132.000     6.8955    34.7398    27.2283 1.4650e-01     0.1276      0.018    1480.11     61.738     5.9810 162.666581     4.1852    133.295 0.0000e+00
    133.000     6.8813    34.7391    27.2297 1.4652e-01     0.1276      0.018    1480.08     61.921     6.0007 162.666600     4.1989    134.305 0.0000e+00
    134.000     6.8767    34.7395    27.2307 1.4598e-01     0.1275      0.018    1480.07     62.100     6.0186 162.666622     4.2115    135.315 0.0000e+00
    135.000     6.8720    34.7393    27.2311 1.4535e-01     0.1274      0.018    1480.07     62.520     6.0600 162.666643     4.2404    136.326 0.0000e+00
    136.000     6.8661    34.7386    27.2313 1.4598e-01     0.1275      0.018    1480.07     62.789     6.0869 162.666664     4.2593    137.336 0.0000e+00
    137.000     6.8596    34.7387    27.2323 1.4596e-01     0.1275      0.018    1480.06     62.939     6.1024 162.666685     4.2701    138.346 0.0000e+00
    138.000     6.8570    34.7393    27.2332 1.4506e-01     0.1276      0.018    1480.06     63.080     6.1164 162.666706     4.2799    139.356 0.0000e+00
    139.000     6.8568    34.7393    27.2332 1.4510e-01     0.1275      0.018    1480.08     63.302     6.1380 162.666727     4.2950    140.366 0.0000e+00
    140.000     6.8560    34.7394    27.2334 1.4570e-01     0.1277      0.018    1480.09     63.494     6.1566 162.666748     4.3080    141.376 0.0000e+00
    141.000     6.8538    34.7395    27.2337 1.4451e-01     0.1275      0.018    1480.10     63.593     6.1666 162.666769     4.3150    142.387 0.0000e+00
    142.000     6.8506    34.7395    27.2342 1.4597e-01     0.1275      0.018    1480.11     63.536     6.1615 162.666790     4.3115    143.397 0.0000e+00
    143.000     6.8439    34.7397    27.2353 1.4572e-01     0.1275      0.018    1480.10     63.539     6.1627 162.666812     4.3123    144.407 0.0000e+00
    144.000     6.8411    34.7401    27.2360 1.4678e-01     0.1275      0.018    1480.10     63.611     6.1701 162.666833     4.3174    145.417 0.0000e+00
    145.000     6.8406    34.7405    27.2363 1.4517e-01     0.1275      0.018    1480.12     63.810     6.1894 162.666855     4.3310    146.427 0.0000e+00
    146.000     6.8398    34.7409    27.2368 1.4536e-01     0.1274      0.018    1480.13     63.938     6.2019 162.666876     4.3398    147.438 0.0000e+00
    147.000     6.8404    34.7415    27.2372 1.4522e-01     0.1276      0.018    1480.15     63.976     6.2055 162.666897     4.3423    148.448 0.0000e+00
    148.000     6.8407    34.7418    27.2374 1.4567e-01     0.1275      0.018    1480.17     64.032     6.2109 162.666919     4.3461    149.458 0.0000e+00
    149.000     6.8384    34.7421    27.2380 1.4623e-01     0.1275      0.018    1480.18     63.957     6.2040 162.666940     4.3412    150.468 0.0000e+00
    150.000     6.8368    34.7428    27.2387 1.4498e-01     0.1276      0.018    1480.19     63.944     6.2029 162.666962     4.3404    151.478 0.0000e+00
    151.000     6.8361    34.7430    27.2390 1.4510e-01     0.1275      0.018    1480.20     63.869     6.1957 162.666984     4.3354    152.489 0.0000e+00
    152.000     6.8353    34.7432    27.2392 1.4470e-01     0.1274      0.018    1480.22     63.852     6.1941 162.667005     4.3343    153.499 0.0000e+00
    153.000     6.8347    34.7433    27.2394 1.4313e-01     0.1274      0.018    1480.23     63.738     6.1832 162.667028     4.3267    154.509 0.0000e+00
    154.000     6.8335    34.7438    27.2399 1.4574e-01     0.1274      0.018    1480.24     63.777     6.1872 162.667050     4.3294    155.519 0.0000e+00
    155.000     6.8328    34.7442    27.2403 1.4597e-01     0.1275      0.018    1480.26     63.840     6.1934 162.667072     4.3338    156.530 0.0000e+00
    156.000     6.8322    34.7444    27.2406 1.4524e-01     0.1274      0.018    1480.27     63.860     6.1953 162.667095     4.3351    157.540 0.0000e+00
    157.000     6.8315    34.7448    27.2410 1.4331e-01     0.1274      0.018    1480.29     63.862     6.1956 162.667116     4.3353    158.550 0.0000e+00
    158.000     6.8313    34.7451    27.2412 1.4340e-01     0.1275      0.018    1480.30     63.776     6.1873 162.667137     4.3295    159.560 0.0000e+00
    159.000     6.8296    34.7452    27.2416 1.4807e-01     0.1274      0.018    1480.31     63.777     6.1876 162.667161     4.3297    160.571 0.0000e+00
    160.000     6.8273    34.7454    27.2420 1.4444e-01     0.1274      0.018    1480.32     63.825     6.1926 162.667182     4.3332    161.581 0.0000e+00
    161.000     6.8274    34.7457    27.2423 1.4413e-01     0.1275      0.018    1480.34     64.018     6.2113 162.667203     4.3463    162.591 0.0000e+00
    162.000     6.8269    34.7458    27.2424 1.4340e-01     0.1275      0.018    1480.35     63.965     6.2062 162.667226     4.3428    163.601 0.0000e+00
    163.000     6.8252    34.7460    27.2428 1.4246e-01     0.1274      0.018    1480.36     63.960     6.2060 162.667247     4.3426    164.612 0.0000e+00
    164.000     6.8239    34.7463    27.2432 1.4618e-01     0.1275      0.018    1480.38     64.057     6.2155 162.667267     4.3493    165.622 0.0000e+00
    165.000     6.8238    34.7467    27.2436 1.4521e-01     0.1274      0.018    1480.39     64.040     6.2139 162.667290     4.3481    166.632 0.0000e+00
    166.000     6.8237    34.7470    27.2438 1.4381e-01     0.1274      0.018    1480.41     64.139     6.2235 162.667312     4.3548    167.643 0.0000e+00
    167.000     6.8234    34.7472    27.2440 1.4545e-01     0.1274      0.018    1480.42     64.051     6.2150 162.667334     4.3489    168.653 0.0000e+00
    168.000     6.8233    34.7473    27.2441 1.4318e-01     0.1274      0.018    1480.44     63.883     6.1987 162.667356     4.3375    169.663 0.0000e+00
    169.000     6.8227    34.7478    27.2446 1.4234e-01     0.1274      0.018    1480.46     63.896     6.2001 162.667376     4.3385    170.674 0.0000e+00
    170.000     6.8211    34.7482    27.2451 1.4545e-01     0.1274      0.018    1480.47     63.804     6.1913 162.667397     4.3323    171.684 0.0000e+00
    171.000     6.8200    34.7484    27.2454 1.4365e-01     0.1274      0.018    1480.48     63.803     6.1914 162.667419     4.3324    172.694 0.0000e+00
    172.000     6.8187    34.7486    27.2458 1.4532e-01     0.1274      0.018    1480.49     63.755     6.1869 162.667439     4.3293    173.705 0.0000e+00
    173.000     6.8166    34.7486    27.2460 1.4478e-01     0.1274      0.018    1480.50     63.647     6.1767 162.667460     4.3221    174.715 0.0000e+00
    174.000     6.8154    34.7492    27.2467 1.4517e-01     0.1275      0.018    1480.51     63.619     6.1741 162.667483     4.3203    175.725 0.0000e+00
    175.000     6.8139    34.7495    27.2471 1.4559e-01     0.1275      0.018    1480.52     63.779     6.1899 162.667504     4.3313    176.736 0.0000e+00
    176.000     6.8122    34.7500    27.2477 1.4298e-01     0.1274      0.018    1480.53     63.910     6.2028 162.667525     4.3404    177.746 0.0000e+00
    177.000     6.8113    34.7503    27.2481 1.4410e-01     0.1276      0.018    1480.55     63.776     6.1899 162.667548     4.3313    178.756 0.0000e+00
    178.000     6.8093    34.7506    27.2486 1.4438e-01     0.1274      0.018    1480.56     63.807     6.1932 162.667568     4.3336    179.767 0.0000e+00
    179.000     6.8092    34.7509    27.2489 1.4382e-01     0.1276      0.018    1480.57     63.802     6.1927 162.667588     4.3333    180.777 0.0000e+00
    180.000     6.8092    34.7512    27.2491 1.4311e-01     0.1274      0.018    1480.59     63.820     6.1944 162.667610     4.3345    181.788 0.0000e+00
    181.000     6.8085    34.7512    27.2492 1.4504e-01     0.1274      0.018    1480.60     63.813     6.1939 162.667630     4.3341    182.798 0.0000e+00
    182.000     6.8086    34.7515    27.2494 1.4329e-01     0.1274      0.018    1480.62     63.770     6.1897 162.667650     4.3312    183.808 0.0000e+00
    183.000     6.8088    34.7518    27.2496 1.4629e-01     0.1274      0.018    1480.64     63.699     6.1827 162.667672     4.3263    184.819 0.0000e+00
    184.000     6.8091    34.7524    27.2501 1.4378e-01     0.1274      0.018    1480.66     63.527     6.1660 162.667692     4.3146    185.829 0.0000e+00
    185.000     6.8094    34.7527    27.2503 1.4551e-01     0.1275      0.018    1480.68     63.441     6.1576 162.667713     4.3087    186.839 0.0000e+00
    186.000     6.8095    34.7527    27.2503 1.4452e-01     0.1275      0.018    1480.69     63.494     6.1627 162.667735     4.3123    187.850 0.0000e+00
    187.000     6.8092    34.7532    27.2507 1.4591e-01     0.1274      0.018    1480.71     63.190     6.1332 162.667755     4.2917    188.860 0.0000e+00
    188.000     6.8091    34.7534    27.2509 1.4361e-01     0.1275      0.018    1480.72     63.124     6.1269 162.667776     4.2872    189.871 0.0000e+00
    189.000     6.8091    34.7536    27.2510 1.4574e-01     0.1274      0.018    1480.74     62.936     6.1086 162.667798     4.2744    190.881 0.0000e+00
    190.000     6.8092    34.7537    27.2511 1.4527e-01     0.1274      0.018    1480.76     62.940     6.1089 162.667818     4.2746    191.891 0.0000e+00
    191.000     6.8094    34.7541    27.2514 1.4525e-01     0.1274      0.018    1480.78     62.833     6.0985 162.667840     4.2674    192.902 0.0000e+00
    192.000     6.8094    34.7546    27.2517 1.4625e-01     0.1274      0.018    1480.79     62.838     6.0990 162.667862     4.2677    193.912 0.0000e+00
    193.000     6.8080    34.7552    27.2524 1.4836e-01     0.1275      0.018    1480.81     62.752     6.0908 162.667882     4.2620    194.923 0.0000e+00
    194.000     6.8078    34.7558    27.2529 1.4487e-01     0.1274      0.018    1480.82     62.473     6.0637 162.667902     4.2430    195.933 0.0000e+00
    195.000     6.8092    34.7562    27.2531 1.4653e-01     0.1274      0.018    1480.85     62.425     6.0588 162.667923     4.2396    196.944 0.0000e+00
    196.000     6.8129    34.7568    27.2530 1.5037e-01     0.1274      0.018    1480.88     61.513     5.9698 162.667991     4.1773    197.954 0.0000e+00
