20190611/VT10_20190611_down_bin.cnv
* Sea-Bird SBE 9 Data File:
* FileName = C:\CTD Brukere\NIVA\OKOKYST2019\20190611\VT10_20190611.hex
* Software Version Seasave V 7.23.2
* Temperature SN = 5352
* Conductivity SN = 3840
* Number of Bytes Per Scan = 28
* Number of Voltage Words = 4
* Number of Scans Averaged by the Deck Unit = 1
* NMEA baud rate = 4800
** Ship: R/V Trygve Braarud
** Cruise:
** Station:
** Operator:
# nquan = 14
# nvalues = 197                         
# units = specified
# name 0 = depSM: Depth [salt water, m], lat = 59.60
# name 1 = t090C: Temperature [ITS-90, deg C]
# name 2 = sal00: Salinity, Practical [PSU]
# name 3 = sigma-t00: Density [sigma-t, kg/m^3 ]
# name 4 = flSP: Fluorescence, Seapoint
# name 5 = wetStar: Fluorescence, WET Labs WETstar [mg/m^3]
# name 6 = seaTurbMtr: Turbidity, Seapoint [FTU]
# name 7 = svCM: Sound Velocity [Chen-Millero, m/s]
# name 8 = sbeox0PS: Oxygen, SBE 43 [% saturation]
# name 9 = sbeox0Mg/L: Oxygen, SBE 43 [mg/l]
# name 10 = timeJ: Julian Days
# name 11 = sbeox0ML/L: Oxygen, SBE 43 [ml/l]
# name 12 = prDM: Pressure, Digiquartz [db]
# name 13 = flag: flag
# span 0 =      0.000,    196.000       
# span 1 =     6.8078,    15.0222       
# span 2 =    16.1983,    34.7568       
# span 3 =    11.5256,    27.2531       
# span 4 = 1.4234e-01, 3.8934e+00       
# span 5 =     0.1274,     0.1302       
# span 6 =      0.011,      0.018       
# span 7 =    1477.27,    1487.21       
# span 8 =     55.844,     86.226       
# span 9 =     5.3297,     7.8323       
# span 10 = 162.663848, 162.667991      
# span 11 =     3.7294,     5.4806      
# span 12 =      0.000,    197.954      
# span 13 = 0.0000e+00, 0.0000e+00      
# interval = meters: 1                  
# start_time = Jun 11 2019 15:55:51 [System UpLoad Time]
# bad_flag = -9.990e-29
*END*
      0.000    15.0222    16.1983    11.5256 2.1450e+00     0.1296      0.011    1484.95     74.792     6.8262 162.663848     4.7766      0.000 0.0000e+00
      1.000    14.8461    16.4948    11.7852 2.0100e+00     0.1298      0.013    1484.72     78.429     7.1716 162.663966     5.0182      1.009 0.0000e+00
      2.000    14.5366    17.1927    12.3767 3.4706e+00     0.1302      0.014    1484.51     84.228     7.7182 162.663988     5.4007      2.019 0.0000e+00
      3.000    14.4633    17.8488    12.8933 3.7906e+00     0.1301      0.014    1485.04     85.684     7.8323 162.664010     5.4806      3.028 0.0000e+00
      4.000    14.4302    18.3721    13.3009 3.8934e+00     0.1302      0.014    1485.55     85.064     7.7559 162.664031     5.4271      4.038 0.0000e+00
      5.000    14.3051    19.4322    14.1376 2.8818e+00     0.1301      0.015    1486.38     86.042     7.8143 162.664051     5.4679      5.047 0.0000e+00
      6.000    14.2028    20.2434    14.7792 2.5253e+00     0.1301      0.015    1486.99     86.226     7.8085 162.664070     5.4639      6.057 0.0000e+00
      7.000    14.0861    20.7413    15.1833 2.3141e+00     0.1301      0.015    1487.20     86.052     7.7878 162.664090     5.4494      7.066 0.0000e+00
      8.000    14.0237    20.9099    15.3243 2.2307e+00     0.1301      0.015    1487.20     85.031     7.6974 162.664110     5.3862      8.076 0.0000e+00
      9.000    13.9795    21.0363    15.4296 1.6252e+00     0.1299      0.015    1487.21     82.965     7.5115 162.664129     5.2561      9.086 0.0000e+00
     10.000    13.7928    21.3029    15.6687 1.0303e+00     0.1299      0.015    1486.91     81.275     7.3750 162.664148     5.1606     10.095 0.0000e+00
     11.000    13.2719    22.1918    16.4467 8.0784e-01     0.1298      0.015    1486.19     80.502     7.3447 162.664168     5.1394     11.105 0.0000e+00
     12.000    12.8153    22.9882    17.1414 6.4859e-01     0.1299      0.016    1485.57     79.918     7.3259 162.664188     5.1262     12.114 0.0000e+00
     13.000    12.3681    23.7509    17.8078 4.3071e-01     0.1299      0.016    1484.93     79.328     7.3064 162.664207     5.1126     13.124 0.0000e+00
     14.000    11.7640    24.7033    18.6471 3.7793e-01     0.1299      0.017    1483.95     77.852     7.2206 162.664226     5.0526     14.133 0.0000e+00
     15.000    11.4068    25.3021    19.1703 4.6140e-01     0.1300      0.017    1483.41     76.363     7.1103 162.664246     4.9754     15.143 0.0000e+00
     16.000    11.1874    25.7647    19.5652 4.9640e-01     0.1299      0.017    1483.20     74.812     6.9787 162.664264     4.8833     16.152 0.0000e+00
     17.000    11.0757    25.9933    19.7608 3.7535e-01     0.1299      0.018    1483.09     74.367     6.9440 162.664284     4.8590     17.162 0.0000e+00
     18.000    10.9426    26.7846    20.3967 3.5595e-01     0.1300      0.018    1483.58     73.612     6.8589 162.664304     4.7994     18.172 0.0000e+00
     19.000    10.8403    27.0949    20.6544 3.0232e-01     0.1299      0.018    1483.60     72.915     6.7956 162.664323     4.7552     19.181 0.0000e+00
     20.000    10.7481    27.5386    21.0142 2.8469e-01     0.1298      0.018    1483.82     72.383     6.7405 162.664344     4.7166     20.191 0.0000e+00
     21.000    10.6024    27.8767    21.3006 2.8291e-01     0.1298      0.017    1483.72     72.338     6.7432 162.664364     4.7185     21.200 0.0000e+00
     22.000    10.5097    28.2876    21.6352 2.6305e-01     0.1298      0.016    1483.89     71.941     6.7022 162.664384     4.6898     22.210 0.0000e+00
     23.000    10.6186    28.5181    21.7968 2.5989e-01     0.1297      0.017    1484.58     71.809     6.6643 162.664404     4.6633     23.219 0.0000e+00
     24.000    10.5355    28.5932    21.8688 2.5897e-01     0.1296      0.015    1484.39     71.712     6.6641 162.664425     4.6632     24.229 0.0000e+00
     25.000    10.6628    28.8189    22.0234 2.5124e-01     0.1293      0.016    1485.14     72.327     6.6931 162.664446     4.6835     25.239 0.0000e+00
     26.000    10.7894    29.0584    22.1887 2.4448e-01     0.1297      0.018    1485.89     72.462     6.6770 162.664466     4.6722     26.248 0.0000e+00
     27.000    10.7672    29.2312    22.3267 2.4232e-01     0.1297      0.018    1486.04     72.563     6.6821 162.664487     4.6758     27.258 0.0000e+00
     28.000    10.7333    29.3613    22.4336 2.2885e-01     0.1297      0.018    1486.09     72.803     6.7036 162.664509     4.6908     28.268 0.0000e+00
     29.000    10.6324    29.5042    22.5615 2.1667e-01     0.1297      0.018    1485.92     73.088     6.7385 162.664529     4.7152     29.277 0.0000e+00
     30.000    10.4273    29.6860    22.7368 2.1449e-01     0.1297      0.018    1485.42     73.305     6.7809 162.664550     4.7449     30.287 0.0000e+00
     31.000    10.1079    29.8680    22.9305 2.1321e-01     0.1295      0.018    1484.50     73.282     6.8183 162.664571     4.7710     31.296 0.0000e+00
     32.000     9.9170    29.9628    23.0350 2.1655e-01     0.1297      0.018    1483.93     72.983     6.8148 162.664591     4.7686     32.306 0.0000e+00
     33.000     9.7907    30.0086    23.0907 2.0992e-01     0.1296      0.018    1483.54     72.797     6.8143 162.664611     4.7683     33.316 0.0000e+00
     34.000     9.5850    30.0672    23.1687 2.1077e-01     0.1296      0.018    1482.88     72.892     6.8517 162.664631     4.7944     34.325 0.0000e+00
     35.000     9.4390    30.0943    23.2127 2.0822e-01     0.1297      0.018    1482.39     72.752     6.8595 162.664651     4.7999     35.335 0.0000e+00
     36.000     9.2565    30.1425    23.2783 2.0494e-01     0.1296      0.018    1481.79     72.452     6.8568 162.664669     4.7980     36.345 0.0000e+00
     37.000     9.1459    30.2155    23.3521 2.0283e-01     0.1295      0.018    1481.48     72.416     6.8671 162.664689     4.8052     37.354 0.0000e+00
     38.000     9.0547    30.2915    23.4254 1.9987e-01     0.1295      0.018    1481.25     71.964     6.8348 162.664709     4.7826     38.364 0.0000e+00
     39.000     8.9365    30.3737    23.5074 1.9569e-01     0.1293      0.018    1480.93     71.760     6.8298 162.664729     4.7791     39.374 0.0000e+00
     40.000     8.7793    30.4820    23.6156 1.9766e-01     0.1293      0.018    1480.49     71.940     6.8662 162.664748     4.8046     40.383 0.0000e+00
     41.000     8.6322    30.5873    23.7197 1.9137e-01     0.1294      0.018    1480.08     71.900     6.8804 162.664768     4.8145     41.393 0.0000e+00
     42.000     8.3273    30.7846    23.9185 1.8449e-01     0.1293      0.018    1479.19     71.717     6.9013 162.664787     4.8291     42.403 0.0000e+00
     43.000     8.0266    30.9818    24.1160 1.9823e-01     0.1293      0.018    1478.31     71.367     6.9056 162.664807     4.8321     43.412 0.0000e+00
     44.000     7.8473    31.1830    24.2990 1.8261e-01     0.1291      0.018    1477.89     70.518     6.8423 162.664827     4.7879     44.422 0.0000e+00
     45.000     7.7403    31.3647    24.4566 1.7965e-01     0.1292      0.018    1477.72     70.151     6.8152 162.664847     4.7689     45.432 0.0000e+00
     46.000     7.6170    31.5858    24.6472 1.7899e-01     0.1291      0.018    1477.54     69.881     6.7982 162.664867     4.7570     46.442 0.0000e+00
     47.000     7.5057    31.8275    24.8525 1.7918e-01     0.1291      0.018    1477.43     69.006     6.7196 162.664887     4.7019     47.451 0.0000e+00
     48.000     7.4033    32.0504    25.0417 1.7255e-01     0.1290      0.018    1477.33     68.349     6.6615 162.664905     4.6613     48.461 0.0000e+00
     49.000     7.3728    32.2192    25.1786 1.7269e-01     0.1289      0.018    1477.44     67.832     6.6084 162.664925     4.6242     49.471 0.0000e+00
     50.000     7.1996    32.6193    25.5168 1.7030e-01     0.1291      0.018    1477.28     67.217     6.5573 162.664945     4.5884     50.480 0.0000e+00
     51.000     7.1552    32.7346    25.6136 1.6580e-01     0.1290      0.018    1477.27     66.594     6.4982 162.664963     4.5471     51.490 0.0000e+00
     52.000     7.1338    32.8505    25.7077 1.6946e-01     0.1290      0.018    1477.35     65.922     6.4309 162.664982     4.5000     52.500 0.0000e+00
     53.000     7.1156    32.9214    25.7660 1.7033e-01     0.1290      0.018    1477.38     65.666     6.4056 162.665002     4.4823     53.510 0.0000e+00
     54.000     7.0795    32.9566    25.7986 1.6636e-01     0.1288      0.018    1477.30     65.305     6.3742 162.665021     4.4603     54.520 0.0000e+00
     55.000     7.0816    33.0178    25.8465 1.6686e-01     0.1287      0.018    1477.40     64.970     6.3387 162.665040     4.4354     55.529 0.0000e+00
     56.000     7.0505    33.0881    25.9060 1.6443e-01     0.1287      0.018    1477.39     65.018     6.3449 162.665060     4.4398     56.539 0.0000e+00
     57.000     7.0228    33.1472    25.9563 1.6289e-01     0.1286      0.018    1477.37     65.087     6.3532 162.665081     4.4456     57.549 0.0000e+00
     58.000     7.0139    33.2136    26.0098 1.6231e-01     0.1286      0.018    1477.44     64.995     6.3427 162.665100     4.4383     58.558 0.0000e+00
     59.000     7.0059    33.3112    26.0878 1.6123e-01     0.1286      0.018    1477.54     65.131     6.3531 162.665120     4.4455     59.568 0.0000e+00
     60.000     7.0246    33.5042    26.2372 1.6016e-01     0.1285      0.018    1477.87     65.078     6.3373 162.665140     4.4344     60.578 0.0000e+00
     61.000     7.0345    33.5503    26.2722 1.6210e-01     0.1284      0.018    1477.99     64.686     6.2957 162.665159     4.4054     61.588 0.0000e+00
     62.000     7.0488    33.6039    26.3124 1.6320e-01     0.1283      0.018    1478.13     64.108     6.2352 162.665179     4.3630     62.598 0.0000e+00
     63.000     7.0775    33.6911    26.3771 1.6052e-01     0.1284      0.018    1478.36     63.945     6.2117 162.665198     4.3466     63.607 0.0000e+00
     64.000     7.1217    33.7790    26.4403 1.5874e-01     0.1283      0.018    1478.66     64.037     6.2107 162.665217     4.3459     64.617 0.0000e+00
     65.000     7.1683    33.8447    26.4856 1.5904e-01     0.1281      0.018    1478.94     63.956     6.1936 162.665237     4.3339     65.627 0.0000e+00
     66.000     7.2243    33.9065    26.5264 1.6023e-01     0.1281      0.018    1479.25     63.727     6.1610 162.665255     4.3111     66.637 0.0000e+00
     67.000     7.2924    33.9830    26.5771 1.6071e-01     0.1280      0.018    1479.62     63.351     6.1121 162.665274     4.2769     67.647 0.0000e+00
     68.000     7.4094    34.1380    26.6826 1.5998e-01     0.1281      0.018    1480.28     62.850     6.0415 162.665293     4.2275     68.656 0.0000e+00
     69.000     7.4062    34.1923    26.7257 1.5843e-01     0.1281      0.018    1480.36     62.347     5.9914 162.665312     4.1924     69.666 0.0000e+00
     70.000     7.4735    34.2441    26.7569 1.5810e-01     0.1280      0.018    1480.69     61.605     5.9091 162.665331     4.1348     70.676 0.0000e+00
     71.000     7.5380    34.2911    26.7846 1.5873e-01     0.1279      0.018    1481.02     61.079     5.8482 162.665350     4.0922     71.686 0.0000e+00
     72.000     7.5665    34.3448    26.8227 1.5960e-01     0.1280      0.018    1481.21     61.041     5.8387 162.665370     4.0856     72.696 0.0000e+00
     73.000     7.5946    34.3683    26.8372 1.5621e-01     0.1280      0.018    1481.36     60.390     5.7719 162.665390     4.0388     73.706 0.0000e+00
     74.000     7.5940    34.3772    26.8442 1.5659e-01     0.1279      0.018    1481.39     59.833     5.7184 162.665409     4.0014     74.716 0.0000e+00
     75.000     7.5680    34.3827    26.8524 1.5400e-01     0.1279      0.018    1481.31     59.532     5.6928 162.665428     3.9835     75.725 0.0000e+00
     76.000     7.6311    34.4120    26.8662 1.5576e-01     0.1281      0.018    1481.61     59.322     5.6635 162.665448     3.9630     76.735 0.0000e+00
     77.000     7.6764    34.4520    26.8911 1.6058e-01     0.1280      0.018    1481.85     59.532     5.6762 162.665467     3.9719     77.745 0.0000e+00
     78.000     7.7279    34.4788    26.9047 1.5482e-01     0.1281      0.018    1482.09     59.564     5.6717 162.665485     3.9687     78.755 0.0000e+00
     79.000     7.7234    34.4924    26.9160 1.5200e-01     0.1279      0.018    1482.11     59.377     5.6539 162.665505     3.9563     79.765 0.0000e+00
     80.000     7.7322    34.5160    26.9333 1.5520e-01     0.1280      0.018    1482.19     58.866     5.6033 162.665523     3.9209     80.775 0.0000e+00
     81.000     7.7964    34.5518    26.9520 1.5575e-01     0.1278      0.018    1482.49     58.344     5.5443 162.665542     3.8795     81.785 0.0000e+00
     82.000     7.7934    34.5832    26.9771 1.5164e-01     0.1280      0.018    1482.54     58.447     5.5534 162.665562     3.8859     82.794 0.0000e+00
     83.000     7.7805    34.6042    26.9955 1.4898e-01     0.1280      0.018    1482.53     58.222     5.5328 162.665581     3.8715     83.804 0.0000e+00
     84.000     7.7504    34.6184    27.0111 1.5665e-01     0.1279      0.018    1482.45     57.572     5.4742 162.665600     3.8305     84.814 0.0000e+00
     85.000     7.7223    34.6264    27.0215 1.4921e-01     0.1279      0.018    1482.37     56.885     5.4120 162.665619     3.7870     85.824 0.0000e+00
     86.000     7.6947    34.6336    27.0313 1.4814e-01     0.1280      0.018    1482.29     56.554     5.3837 162.665639     3.7672     86.834 0.0000e+00
     87.000     7.6709    34.6408    27.0404 1.4860e-01     0.1279      0.018    1482.23     56.481     5.3793 162.665658     3.7641     87.844 0.0000e+00
     88.000     7.6329    34.6532    27.0557 1.4802e-01     0.1279      0.018    1482.11     56.179     5.3548 162.665677     3.7470     88.854 0.0000e+00
     89.000     7.6015    34.6627    27.0677 1.4896e-01     0.1278      0.018    1482.02     55.880     5.3297 162.665697     3.7294     89.864 0.0000e+00
     90.000     7.5487    34.6672    27.0789 1.4654e-01     0.1278      0.018    1481.84     55.844     5.3325 162.665716     3.7314     90.874 0.0000e+00
     91.000     7.5189    34.6786    27.0921 1.4768e-01     0.1278      0.018    1481.76     56.101     5.3603 162.665736     3.7508     91.884 0.0000e+00
     92.000     7.4890    34.6876    27.1035 1.4928e-01     0.1277      0.018    1481.67     56.486     5.4004 162.665756     3.7789     92.894 0.0000e+00
     93.000     7.4671    34.6902    27.1087 1.4830e-01     0.1279      0.018    1481.61     56.893     5.4419 162.665776     3.8079     93.904 0.0000e+00
     94.000     7.4617    34.6911    27.1102 1.4623e-01     0.1278      0.018    1481.61     56.847     5.4381 162.665795     3.8053     94.913 0.0000e+00
     95.000     7.4628    34.6922    27.1109 1.4738e-01     0.1279      0.018    1481.63     56.827     5.4361 162.665816     3.8038     95.923 0.0000e+00
     96.000     7.4630    34.6944    27.1126 1.4744e-01     0.1278      0.018    1481.65     57.013     5.4538 162.665836     3.8162     96.933 0.0000e+00
     97.000     7.4382    34.6974    27.1185 1.4682e-01     0.1278      0.018    1481.57     57.136     5.4685 162.665856     3.8265     97.943 0.0000e+00
     98.000     7.4102    34.6973    27.1225 1.4710e-01     0.1277      0.018    1481.48     56.633     5.4238 162.665876     3.7952     98.953 0.0000e+00
     99.000     7.4005    34.6992    27.1254 1.4710e-01     0.1277      0.018    1481.47     56.367     5.3995 162.665897     3.7782     99.963 0.0000e+00
    100.000     7.3844    34.6997    27.1281 1.4652e-01     0.1277      0.018    1481.42     56.542     5.4182 162.665916     3.7913    100.973 0.0000e+00
    101.000     7.3647    34.7016    27.1324 1.4652e-01     0.1278      0.018    1481.36     56.785     5.4439 162.665937     3.8093    101.983 0.0000e+00
    102.000     7.3014    34.7065    27.1452 1.4680e-01     0.1277      0.018    1481.14     56.918     5.4643 162.665958     3.8236    102.993 0.0000e+00
