20190611/VT2_20190611_down_bin.cnv
* Sea-Bird SBE 9 Data File:
* FileName = C:\CTD Brukere\NIVA\OKOKYST2019\20190611\VT2_20190611.hex
* Software Version Seasave V 7.23.2
* Temperature SN = 5352
* Conductivity SN = 3840
* Number of Bytes Per Scan = 28
* Number of Voltage Words = 4
* Number of Scans Averaged by the Deck Unit = 1
* NMEA baud rate = 4800
** Ship: R/V Trygve Braarud
** Cruise:
** Station:
** Operator:
# nquan = 14
# nvalues = 301                         
# units = specified
# name 0 = depSM: Depth [salt water, m], lat = 59.60
# name 1 = t090C: Temperature [ITS-90, deg C]
# name 2 = sal00: Salinity, Practical [PSU]
# name 3 = sigma-t00: Density [sigma-t, kg/m^3 ]
# name 4 = flSP: Fluorescence, Seapoint
# name 5 = wetStar: Fluorescence, WET Labs WETstar [mg/m^3]
# name 6 = seaTurbMtr: Turbidity, Seapoint [FTU]
# name 7 = svCM: Sound Velocity [Chen-Millero, m/s]
# name 8 = sbeox0PS: Oxygen, SBE 43 [% saturation]
# name 9 = sbeox0Mg/L: Oxygen, SBE 43 [mg/l]
# name 10 = timeJ: Julian Days
# name 11 = sbeox0ML/L: Oxygen, SBE 43 [ml/l]
# name 12 = prDM: Pressure, Digiquartz [db]
# name 13 = flag: flag
# span 0 =      0.000,    300.000       
# span 1 =     6.7816,    14.3959       
# span 2 =    20.5744,    34.7885       
# span 3 =    14.9977,    27.2821       
# span 4 = 1.3968e-01, 3.8062e+00       
# span 5 =     0.1276,     0.1306       
# span 6 =      0.013,      0.018       
# span 7 =    1477.93,    1488.50       
# span 8 =     59.769,     83.302       
# span 9 =     5.7323,     7.5370       
# span 10 = 162.736122, 162.742412      
# span 11 =     4.0112,     5.2740      
# span 12 =      0.000,    303.068      
# span 13 = 0.0000e+00, 0.0000e+00      
# interval = meters: 1                  
# start_time = Jun 11 2019 17:39:58 [System UpLoad Time]
# bad_flag = -9.990e-29
*END*
      0.000    14.3959    20.5744    14.9977 3.5589e+00     0.1304      0.013    1487.93     82.235     7.4021 162.736122     5.1796      0.000 0.0000e+00
      1.000    14.1193    20.9464    15.3347 3.8062e+00     0.1305      0.014    1487.45     82.674     7.4674 162.736182     5.2253      1.009 0.0000e+00
      2.000    13.9508    21.2389    15.5906 3.4227e+00     0.1304      0.014    1487.24     83.302     7.5370 162.736215     5.2740      2.019 0.0000e+00
      3.000    13.9329    21.3161    15.6532 2.6742e+00     0.1306      0.015    1487.28     82.353     7.4504 162.736239     5.2134      3.028 0.0000e+00
      4.000    13.8805    21.4010    15.7281 2.0762e+00     0.1306      0.015    1487.22     81.704     7.3959 162.736257     5.1752      4.038 0.0000e+00
      5.000    13.7029    21.6599    15.9597 1.8406e+00     0.1303      0.015    1486.94     81.232     7.3688 162.736276     5.1562      5.048 0.0000e+00
      6.000    13.5230    21.9039    16.1801 1.7981e+00     0.1304      0.015    1486.63     80.249     7.2961 162.736297     5.1054      6.057 0.0000e+00
      7.000    13.4284    22.0280    16.2926 1.8976e+00     0.1305      0.015    1486.47     79.557     7.2420 162.736318     5.0675      7.066 0.0000e+00
      8.000    13.4015    22.1014    16.3539 1.6013e+00     0.1305      0.015    1486.48     79.284     7.2180 162.736337     5.0507      8.076 0.0000e+00
      9.000    13.3826    22.1729    16.4124 1.4553e+00     0.1305      0.015    1486.51     79.124     7.2030 162.736357     5.0402      9.086 0.0000e+00
     10.000    13.1927    22.5288    16.7206 1.0701e+00     0.1305      0.016    1486.29     78.764     7.1832 162.736375     5.0264     10.095 0.0000e+00
     11.000    12.3733    24.1786    18.1374 7.8876e-01     0.1305      0.016    1485.42     78.771     7.2349 162.736395     5.0626     11.105 0.0000e+00
     12.000    11.8527    24.9696    18.8383 6.3099e-01     0.1304      0.016    1484.55     78.517     7.2562 162.736414     5.0775     12.114 0.0000e+00
     13.000    11.5784    25.5272    19.3163 6.6683e-01     0.1303      0.016    1484.26     76.697     7.1049 162.736432     4.9716     13.124 0.0000e+00
     14.000    11.3041    26.0630    19.7773 5.6594e-01     0.1302      0.015    1483.94     74.701     6.9376 162.736451     4.8545     14.133 0.0000e+00
     15.000    11.0301    26.6400    20.2702 4.9725e-01     0.1300      0.015    1483.67     73.621     6.8529 162.736470     4.7953     15.143 0.0000e+00
     16.000    11.3825    27.2889    20.7143 5.8107e-01     0.1300      0.015    1485.71     72.917     6.7087 162.736489     4.6943     16.152 0.0000e+00
     17.000    11.7054    28.1488    21.3263 6.1633e-01     0.1299      0.015    1487.90     72.377     6.5767 162.736509     4.6020     17.162 0.0000e+00
     18.000    11.6988    28.3971    21.5200 6.0299e-01     0.1302      0.016    1488.19     72.259     6.5566 162.736529     4.5879     18.172 0.0000e+00
     19.000    11.5254    28.5632    21.6790 5.4157e-01     0.1302      0.017    1487.80     73.348     6.6731 162.736549     4.6695     19.181 0.0000e+00
     20.000    11.4853    28.7188    21.8066 5.2728e-01     0.1302      0.017    1487.86     74.269     6.7561 162.736570     4.7275     20.191 0.0000e+00
     21.000    11.6051    28.8767    21.9082 4.9962e-01     0.1302      0.017    1488.49     74.349     6.7393 162.736591     4.7158     21.200 0.0000e+00
     22.000    11.5779    28.9506    21.9703 4.5085e-01     0.1303      0.017    1488.50     74.574     6.7605 162.736611     4.7306     22.210 0.0000e+00
     23.000    11.4281    28.9734    22.0141 3.9919e-01     0.1301      0.018    1488.01     74.906     6.8114 162.736631     4.7662     23.220 0.0000e+00
     24.000    11.3395    28.9939    22.0453 3.5444e-01     0.1301      0.018    1487.74     74.787     6.8127 162.736651     4.7671     24.229 0.0000e+00
     25.000    11.3189    29.0077    22.0596 3.3892e-01     0.1301      0.018    1487.70     74.183     6.7600 162.736671     4.7303     25.239 0.0000e+00
     26.000    11.2871    29.0301    22.0824 3.4401e-01     0.1304      0.018    1487.63     73.565     6.7074 162.736691     4.6934     26.248 0.0000e+00
     27.000    11.1733    29.0829    22.1429 3.2806e-01     0.1302      0.018    1487.31     73.279     6.6954 162.736712     4.6851     27.258 0.0000e+00
     28.000    11.0389    29.1738    22.2364 3.0002e-01     0.1303      0.018    1486.96     73.227     6.7062 162.736732     4.6926     28.267 0.0000e+00
     29.000    11.1133    29.2393    22.2746 3.0108e-01     0.1302      0.018    1487.32     73.278     6.6974 162.736753     4.6864     29.277 0.0000e+00
     30.000    11.1210    29.2919    22.3142 2.8906e-01     0.1302      0.018    1487.42     73.576     6.7212 162.736774     4.7031     30.287 0.0000e+00
     31.000    11.0219    29.3956    22.4116 2.7450e-01     0.1303      0.018    1487.21     74.204     6.7886 162.736795     4.7502     31.296 0.0000e+00
     32.000    11.0752    29.5807    22.5464 2.7900e-01     0.1301      0.018    1487.64     74.054     6.7592 162.736815     4.7297     32.306 0.0000e+00
     33.000    10.9232    29.7259    22.6850 2.6835e-01     0.1303      0.018    1487.29     73.963     6.7669 162.736836     4.7351     33.316 0.0000e+00
     34.000    10.3546    29.9853    22.9817 2.4805e-01     0.1301      0.018    1485.58     74.304     6.8711 162.736856     4.8080     34.325 0.0000e+00
     35.000     9.9374    30.2974    23.2926 2.3049e-01     0.1300      0.018    1484.46     73.724     6.8662 162.736876     4.8045     35.335 0.0000e+00
     36.000     9.6287    30.4789    23.4829 2.2819e-01     0.1303      0.018    1483.57     72.952     6.8329 162.736897     4.7812     36.345 0.0000e+00
     37.000     8.9499    30.6067    23.6876 2.1211e-01     0.1300      0.018    1481.23     73.351     6.9686 162.736918     4.8762     37.354 0.0000e+00
     38.000     8.6491    30.7820    23.8696 2.0846e-01     0.1300      0.018    1480.34     72.450     6.9216 162.736938     4.8433     38.364 0.0000e+00
     39.000     8.5110    30.8478    23.9414 2.0473e-01     0.1300      0.018    1479.92     71.484     6.8476 162.736960     4.7915     39.374 0.0000e+00
     40.000     8.4105    30.9410    24.0290 1.9944e-01     0.1298      0.018    1479.67     70.689     6.7827 162.736980     4.7461     40.383 0.0000e+00
     41.000     8.2963    31.0517    24.1323 2.0132e-01     0.1300      0.018    1479.39     70.768     6.8028 162.736999     4.7602     41.393 0.0000e+00
     42.000     8.2996    31.0988    24.1688 1.9760e-01     0.1299      0.018    1479.48     70.482     6.7728 162.737020     4.7392     42.403 0.0000e+00
     43.000     8.2780    31.1956    24.2477 1.9536e-01     0.1298      0.018    1479.53     70.313     6.7556 162.737040     4.7272     43.412 0.0000e+00
     44.000     8.1451    31.5579    24.5509 1.9476e-01     0.1297      0.018    1479.49     70.311     6.7598 162.737059     4.7301     44.422 0.0000e+00
     45.000     7.9032    31.8220    24.7927 1.9125e-01     0.1298      0.018    1478.91     69.945     6.7500 162.737080     4.7232     45.432 0.0000e+00
     46.000     8.0383    32.0367    24.9419 1.9183e-01     0.1298      0.018    1479.71     69.250     6.6531 162.737100     4.6554     46.442 0.0000e+00
     47.000     8.0092    32.1329    25.0215 1.9025e-01     0.1297      0.018    1479.73     68.868     6.6166 162.737120     4.6299     47.451 0.0000e+00
     48.000     7.9312    32.2264    25.1061 1.8772e-01     0.1298      0.018    1479.57     69.332     6.6689 162.737141     4.6665     48.461 0.0000e+00
     49.000     7.8450    32.4683    25.3083 1.8712e-01     0.1296      0.018    1479.56     69.601     6.6973 162.737161     4.6864     49.471 0.0000e+00
     50.000     7.7746    32.5510    25.3833 1.8772e-01     0.1295      0.018    1479.41     69.633     6.7075 162.737180     4.6935     50.480 0.0000e+00
     51.000     7.6967    32.6270    25.4540 1.8506e-01     0.1297      0.018    1479.22     69.745     6.7268 162.737201     4.7070     51.490 0.0000e+00
     52.000     7.5382    32.7551    25.5770 1.8315e-01     0.1294      0.018    1478.79     69.657     6.7369 162.737221     4.7141     52.500 0.0000e+00
     53.000     7.5304    32.7651    25.5859 1.8169e-01     0.1294      0.018    1478.79     69.208     6.6942 162.737240     4.6842     53.510 0.0000e+00
     54.000     7.5101    32.7923    25.6101 1.8288e-01     0.1294      0.018    1478.76     68.598     6.6371 162.737261     4.6442     54.520 0.0000e+00
     55.000     7.4249    32.8433    25.6621 1.7585e-01     0.1292      0.018    1478.51     68.140     6.6034 162.737282     4.6207     55.529 0.0000e+00
     56.000     7.3632    32.8712    25.6926 1.7248e-01     0.1293      0.018    1478.33     68.056     6.6034 162.737301     4.6206     56.539 0.0000e+00
     57.000     7.3180    32.9357    25.7496 1.7679e-01     0.1292      0.018    1478.25     67.666     6.5695 162.737322     4.5970     57.549 0.0000e+00
     58.000     7.2254    33.2036    25.9731 1.7487e-01     0.1292      0.018    1478.24     67.080     6.5150 162.737343     4.5588     58.559 0.0000e+00
     59.000     7.0973    33.3601    26.1138 1.6652e-01     0.1291      0.018    1477.96     66.599     6.4807 162.737362     4.5348     59.568 0.0000e+00
     60.000     7.0655    33.4194    26.1648 1.6687e-01     0.1290      0.018    1477.93     66.584     6.4814 162.737382     4.5353     60.578 0.0000e+00
     61.000     7.0592    33.4732    26.2081 1.6322e-01     0.1291      0.018    1477.99     66.520     6.4738 162.737403     4.5300     61.588 0.0000e+00
     62.000     7.0539    33.5650    26.2811 1.6196e-01     0.1288      0.018    1478.10     65.675     6.3885 162.737422     4.4703     62.598 0.0000e+00
     63.000     7.0519    33.6230    26.3270 1.6665e-01     0.1291      0.018    1478.18     65.194     6.3396 162.737442     4.4361     63.607 0.0000e+00
     64.000     7.0492    33.6956    26.3845 1.6792e-01     0.1289      0.018    1478.28     64.874     6.3058 162.737463     4.4124     64.617 0.0000e+00
     65.000     7.0754    33.7506    26.4243 1.6323e-01     0.1288      0.018    1478.46     64.973     6.3094 162.737481     4.4150     65.627 0.0000e+00
     66.000     7.1186    33.8216    26.4742 1.6251e-01     0.1287      0.018    1478.74     65.094     6.3119 162.737501     4.4167     66.637 0.0000e+00
     67.000     7.1458    33.8809    26.5172 1.6024e-01     0.1289      0.018    1478.93     64.981     6.2946 162.737521     4.4046     67.647 0.0000e+00
     68.000     7.1621    33.9252    26.5498 1.5968e-01     0.1289      0.018    1479.07     64.423     6.2364 162.737541     4.3639     68.656 0.0000e+00
     69.000     7.1453    33.9701    26.5875 1.6388e-01     0.1289      0.018    1479.07     63.876     6.1839 162.737559     4.3272     69.666 0.0000e+00
     70.000     7.1458    34.0161    26.6236 1.6626e-01     0.1289      0.018    1479.15     63.393     6.1353 162.737580     4.2931     70.676 0.0000e+00
     71.000     7.1773    34.0812    26.6705 1.5970e-01     0.1288      0.018    1479.37     63.257     6.1151 162.737600     4.2790     71.686 0.0000e+00
     72.000     7.1958    34.1060    26.6874 1.6620e-01     0.1286      0.018    1479.49     63.743     6.1585 162.737619     4.3094     72.696 0.0000e+00
     73.000     7.2540    34.1787    26.7365 1.5930e-01     0.1287      0.018    1479.82     63.914     6.1639 162.737639     4.3131     73.706 0.0000e+00
     74.000     7.3577    34.2682    26.7924 1.5963e-01     0.1288      0.018    1480.35     63.591     6.1147 162.737660     4.2787     74.716 0.0000e+00
     75.000     7.3720    34.2935    26.8102 1.6065e-01     0.1285      0.018    1480.45     63.404     6.0936 162.737679     4.2640     75.725 0.0000e+00
     76.000     7.3914    34.3291    26.8354 1.5872e-01     0.1286      0.018    1480.59     62.651     6.0173 162.737698     4.2105     76.735 0.0000e+00
     77.000     7.4150    34.3861    26.8769 1.5689e-01     0.1285      0.018    1480.76     61.581     5.9091 162.737718     4.1348     77.745 0.0000e+00
     78.000     7.3890    34.4400    26.9230 1.5584e-01     0.1286      0.018    1480.75     61.281     5.8817 162.737737     4.1157     78.755 0.0000e+00
     79.000     7.3966    34.4791    26.9528 1.5405e-01     0.1287      0.018    1480.84     60.857     5.8385 162.737755     4.0854     79.765 0.0000e+00
     80.000     7.4004    34.5114    26.9776 1.5336e-01     0.1285      0.018    1480.91     60.709     5.8226 162.737775     4.0743     80.775 0.0000e+00
     81.000     7.3956    34.5305    26.9933 1.5230e-01     0.1285      0.018    1480.94     60.753     5.8267 162.737794     4.0772     81.785 0.0000e+00
     82.000     7.4176    34.5469    27.0031 1.5513e-01     0.1284      0.018    1481.06     60.636     5.8119 162.737813     4.0668     82.794 0.0000e+00
     83.000     7.4273    34.5644    27.0155 1.5205e-01     0.1286      0.018    1481.13     60.642     5.8106 162.737833     4.0659     83.804 0.0000e+00
     84.000     7.4175    34.5721    27.0229 1.4972e-01     0.1284      0.018    1481.12     60.442     5.7924 162.737852     4.0532     84.814 0.0000e+00
     85.000     7.4202    34.5861    27.0336 1.5111e-01     0.1285      0.018    1481.17     60.047     5.7537 162.737871     4.0261     85.824 0.0000e+00
     86.000     7.4092    34.5928    27.0404 1.4942e-01     0.1284      0.018    1481.15     59.982     5.7486 162.737891     4.0225     86.834 0.0000e+00
     87.000     7.3939    34.5992    27.0476 1.4682e-01     0.1283      0.018    1481.11     59.997     5.7518 162.737911     4.0248     87.844 0.0000e+00
     88.000     7.3892    34.6016    27.0502 1.4769e-01     0.1284      0.018    1481.12     59.868     5.7399 162.737930     4.0165     88.854 0.0000e+00
     89.000     7.3880    34.6105    27.0574 1.5069e-01     0.1284      0.018    1481.14     59.790     5.7323 162.737949     4.0112     89.864 0.0000e+00
     90.000     7.3875    34.6165    27.0621 1.4905e-01     0.1284      0.018    1481.16     59.966     5.7490 162.737969     4.0228     90.874 0.0000e+00
     91.000     7.3750    34.6247    27.0704 1.4845e-01     0.1284      0.018    1481.14     59.876     5.7418 162.737989     4.0177     91.884 0.0000e+00
     92.000     7.3620    34.6314    27.0775 1.4840e-01     0.1283      0.018    1481.12     59.898     5.7453 162.738007     4.0202     92.894 0.0000e+00
     93.000     7.3273    34.6430    27.0916 1.4734e-01     0.1283      0.018    1481.01     59.859     5.7456 162.738027     4.0205     93.904 0.0000e+00
     94.000     7.2891    34.6515    27.1037 1.4831e-01     0.1282      0.018    1480.89     59.805     5.7451 162.738048     4.0201     94.913 0.0000e+00
     95.000     7.2730    34.6568    27.1102 1.4687e-01     0.1283      0.018    1480.86     59.769     5.7436 162.738067     4.0190     95.923 0.0000e+00
     96.000     7.2573    34.6615    27.1161 1.5429e-01     0.1282      0.018    1480.82     59.954     5.7632 162.738088     4.0327     96.933 0.0000e+00
     97.000     7.2477    34.6661    27.1211 1.4798e-01     0.1281      0.018    1480.80     60.105     5.7789 162.738109     4.0437     97.943 0.0000e+00
     98.000     7.2278    34.6703    27.1272 1.4835e-01     0.1282      0.018    1480.75     60.081     5.7790 162.738128     4.0438     98.953 0.0000e+00
     99.000     7.2226    34.6714    27.1288 1.4763e-01     0.1282      0.018    1480.75     60.179     5.7891 162.738148     4.0509     99.963 0.0000e+00
    100.000     7.2147    34.6741    27.1320 1.4741e-01     0.1282      0.018    1480.73     60.190     5.7910 162.738169     4.0522    100.973 0.0000e+00
    101.000     7.1979    34.6805    27.1394 1.4652e-01     0.1282      0.018    1480.70     60.235     5.7974 162.738189     4.0566    101.983 0.0000e+00
    102.000     7.1910    34.6838    27.1430 1.4652e-01     0.1282      0.018    1480.69     60.432     5.8171 162.738209     4.0705    102.993 0.0000e+00
