20190611/VT2_20190611_down_bin.cnv
* Sea-Bird SBE 9 Data File:
* FileName = C:\CTD Brukere\NIVA\OKOKYST2019\20190611\VT2_20190611.hex
* Software Version Seasave V 7.23.2
* Temperature SN = 5352
* Conductivity SN = 3840
* Number of Bytes Per Scan = 28
* Number of Voltage Words = 4
* Number of Scans Averaged by the Deck Unit = 1
* NMEA baud rate = 4800
** Ship: R/V Trygve Braarud
** Cruise:
** Station:
** Operator:
# nquan = 14
# nvalues = 301                         
# units = specified
# name 0 = depSM: Depth [salt water, m], lat = 59.60
# name 1 = t090C: Temperature [ITS-90, deg C]
# name 2 = sal00: Salinity, Practical [PSU]
# name 3 = sigma-t00: Density [sigma-t, kg/m^3 ]
# name 4 = flSP: Fluorescence, Seapoint
# name 5 = wetStar: Fluorescence, WET Labs WETstar [mg/m^3]
# name 6 = seaTurbMtr: Turbidity, Seapoint [FTU]
# name 7 = svCM: Sound Velocity [Chen-Millero, m/s]
# name 8 = sbeox0PS: Oxygen, SBE 43 [% saturation]
# name 9 = sbeox0Mg/L: Oxygen, SBE 43 [mg/l]
# name 10 = timeJ: Julian Days
# name 11 = sbeox0ML/L: Oxygen, SBE 43 [ml/l]
# name 12 = prDM: Pressure, Digiquartz [db]
# name 13 = flag: flag
# span 0 =      0.000,    300.000       
# span 1 =     6.7816,    14.3959       
# span 2 =    20.5744,    34.7885       
# span 3 =    14.9977,    27.2821       
# span 4 = 1.3968e-01, 3.8062e+00       
# span 5 =     0.1276,     0.1306       
# span 6 =      0.013,      0.018       
# span 7 =    1477.93,    1488.50       
# span 8 =     59.769,     83.302       
# span 9 =     5.7323,     7.5370       
# span 10 = 162.736122, 162.742412      
# span 11 =     4.0112,     5.2740      
# span 12 =      0.000,    303.068      
# span 13 = 0.0000e+00, 0.0000e+00      
# interval = meters: 1                  
# start_time = Jun 11 2019 17:39:58 [System UpLoad Time]
# bad_flag = -9.990e-29
*END*
[from data line 104]
    104.000     7.1846    34.6860    27.1456 1.4712e-01     0.1281      0.018    1480.70     60.153     5.7910 162.738250     4.0522    105.013 0.0000e+00
    105.000     7.1752    34.6860    27.1470 1.4879e-01     0.1282      0.018    1480.68     60.115     5.7886 162.738270     4.0505    106.023 0.0000e+00
    106.000     7.1667    34.6861    27.1483 1.5456e-01     0.1281      0.018    1480.67     60.196     5.7976 162.738291     4.0568    107.033 0.0000e+00
    107.000     7.1582    34.6860    27.1494 1.4686e-01     0.1280      0.018    1480.65     60.289     5.8077 162.738311     4.0639    108.043 0.0000e+00
    108.000     7.1409    34.6885    27.1537 1.4652e-01     0.1279      0.018    1480.60     60.381     5.8187 162.738332     4.0716    109.053 0.0000e+00
    109.000     7.1405    34.6891    27.1543 1.4678e-01     0.1282      0.018    1480.62     60.420     5.8225 162.738353     4.0743    110.063 0.0000e+00
    110.000     7.1353    34.6909    27.1564 1.4652e-01     0.1281      0.018    1480.62     60.557     5.8363 162.738373     4.0839    111.073 0.0000e+00
    111.000     7.1042    34.6946    27.1637 1.4889e-01     0.1280      0.018    1480.52     60.691     5.8532 162.738393     4.0957    112.083 0.0000e+00
    112.000     7.0891    34.6972    27.1678 1.4650e-01     0.1279      0.018    1480.48     60.595     5.8459 162.738413     4.0906    113.093 0.0000e+00
    113.000     7.0649    34.7032    27.1759 1.4681e-01     0.1281      0.018    1480.41     60.634     5.8527 162.738433     4.0954    114.103 0.0000e+00
    114.000     7.0509    34.7071    27.1810 1.4621e-01     0.1279      0.018    1480.38     60.996     5.8894 162.738453     4.1210    115.113 0.0000e+00
    115.000     7.0460    34.7088    27.1830 1.4652e-01     0.1278      0.018    1480.38     60.930     5.8835 162.738473     4.1170    116.123 0.0000e+00
    116.000     7.0407    34.7101    27.1848 1.4652e-01     0.1279      0.018    1480.38     61.036     5.8945 162.738494     4.1246    117.134 0.0000e+00
    117.000     7.0371    34.7118    27.1866 1.4682e-01     0.1281      0.018    1480.38     61.194     5.9101 162.738514     4.1356    118.144 0.0000e+00
    118.000     7.0292    34.7140    27.1895 1.4680e-01     0.1280      0.018    1480.37     61.138     5.9057 162.738534     4.1325    119.154 0.0000e+00
    119.000     7.0178    34.7149    27.1917 1.4651e-01     0.1282      0.018    1480.34     61.224     5.9155 162.738555     4.1393    120.164 0.0000e+00
    120.000     7.0036    34.7160    27.1946 1.4709e-01     0.1281      0.018    1480.31     61.186     5.9138 162.738575     4.1381    121.174 0.0000e+00
    121.000     6.9984    34.7161    27.1953 1.4653e-01     0.1280      0.018    1480.30     61.331     5.9284 162.738595     4.1484    122.184 0.0000e+00
    122.000     6.9953    34.7160    27.1957 1.4681e-01     0.1279      0.018    1480.31     61.671     5.9617 162.738616     4.1717    123.194 0.0000e+00
    123.000     6.9850    34.7168    27.1978 1.4652e-01     0.1278      0.018    1480.28     61.782     5.9739 162.738635     4.1802    124.204 0.0000e+00
    124.000     6.9733    34.7181    27.2005 1.4981e-01     0.1279      0.018    1480.26     61.968     5.9935 162.738655     4.1939    125.214 0.0000e+00
    125.000     6.9692    34.7185    27.2013 1.4785e-01     0.1280      0.018    1480.26     62.043     6.0012 162.738677     4.1993    126.224 0.0000e+00
    126.000     6.9636    34.7190    27.2025 1.4652e-01     0.1278      0.018    1480.25     62.245     6.0215 162.738697     4.2135    127.234 0.0000e+00
    127.000     6.9542    34.7204    27.2048 1.4652e-01     0.1279      0.018    1480.23     62.394     6.0372 162.738717     4.2245    128.245 0.0000e+00
    128.000     6.9470    34.7216    27.2068 1.4543e-01     0.1279      0.018    1480.23     62.469     6.0454 162.738738     4.2302    129.255 0.0000e+00
    129.000     6.9434    34.7223    27.2079 1.4622e-01     0.1280      0.018    1480.23     62.591     6.0577 162.738758     4.2388    130.265 0.0000e+00
    130.000     6.9396    34.7236    27.2094 1.4595e-01     0.1279      0.018    1480.23     62.943     6.0922 162.738778     4.2629    131.275 0.0000e+00
    131.000     6.9340    34.7249    27.2112 1.4513e-01     0.1280      0.018    1480.23     62.911     6.0898 162.738799     4.2613    132.285 0.0000e+00
    132.000     6.9308    34.7257    27.2123 1.4625e-01     0.1279      0.018    1480.23     62.993     6.0982 162.738821     4.2671    133.295 0.0000e+00
    133.000     6.9305    34.7257    27.2124 1.5342e-01     0.1280      0.018    1480.25     63.157     6.1141 162.738841     4.2783    134.305 0.0000e+00
    134.000     6.9249    34.7273    27.2144 1.4572e-01     0.1278      0.018    1480.25     63.263     6.1250 162.738861     4.2859    135.315 0.0000e+00
    135.000     6.9161    34.7296    27.2174 1.4594e-01     0.1277      0.018    1480.23     63.208     6.1208 162.738882     4.2830    136.326 0.0000e+00
    136.000     6.9065    34.7320    27.2206 1.4681e-01     0.1279      0.018    1480.22     63.212     6.1225 162.738901     4.2842    137.336 0.0000e+00
    137.000     6.9010    34.7335    27.2225 1.4568e-01     0.1279      0.018    1480.21     63.333     6.1350 162.738922     4.2929    138.346 0.0000e+00
    138.000     6.9003    34.7334    27.2226 1.4902e-01     0.1278      0.018    1480.22     63.439     6.1453 162.738943     4.3001    139.356 0.0000e+00
    139.000     6.8978    34.7339    27.2233 1.5595e-01     0.1279      0.018    1480.23     63.528     6.1543 162.738963     4.3064    140.366 0.0000e+00
    140.000     6.8944    34.7350    27.2247 1.4590e-01     0.1278      0.018    1480.24     63.615     6.1632 162.738985     4.3126    141.377 0.0000e+00
    141.000     6.8932    34.7354    27.2251 1.4651e-01     0.1279      0.018    1480.25     63.701     6.1716 162.739005     4.3185    142.387 0.0000e+00
    142.000     6.8910    34.7363    27.2262 1.4595e-01     0.1279      0.018    1480.26     63.688     6.1707 162.739026     4.3179    143.397 0.0000e+00
    143.000     6.8894    34.7369    27.2269 1.4653e-01     0.1279      0.018    1480.27     63.623     6.1645 162.739047     4.3136    144.407 0.0000e+00
    144.000     6.8880    34.7372    27.2273 1.4593e-01     0.1278      0.018    1480.28     63.587     6.1612 162.739068     4.3113    145.417 0.0000e+00
    145.000     6.8810    34.7399    27.2303 1.4454e-01     0.1279      0.018    1480.27     63.742     6.1771 162.739088     4.3224    146.427 0.0000e+00
    146.000     6.8802    34.7400    27.2305 1.4545e-01     0.1280      0.018    1480.29     63.857     6.1884 162.739110     4.3303    147.438 0.0000e+00
    147.000     6.8776    34.7404    27.2312 1.4558e-01     0.1281      0.018    1480.29     63.754     6.1788 162.739130     4.3235    148.448 0.0000e+00
    148.000     6.8756    34.7407    27.2317 1.4624e-01     0.1278      0.018    1480.30     63.806     6.1841 162.739150     4.3273    149.458 0.0000e+00
    149.000     6.8700    34.7418    27.2334 1.4490e-01     0.1280      0.018    1480.30     63.789     6.1832 162.739172     4.3267    150.468 0.0000e+00
    150.000     6.8667    34.7435    27.2351 1.4414e-01     0.1278      0.018    1480.31     63.859     6.1904 162.739193     4.3317    151.478 0.0000e+00
    151.000     6.8617    34.7442    27.2364 1.4460e-01     0.1278      0.018    1480.30     64.049     6.2095 162.739213     4.3450    152.489 0.0000e+00
    152.000     6.8584    34.7451    27.2376 1.4573e-01     0.1277      0.018    1480.31     64.098     6.2146 162.739236     4.3486    153.499 0.0000e+00
    153.000     6.8582    34.7452    27.2376 1.4088e-01     0.1277      0.018    1480.32     64.084     6.2133 162.739256     4.3477    154.509 0.0000e+00
    154.000     6.8583    34.7450    27.2375 1.4474e-01     0.1279      0.018    1480.34     64.271     6.2315 162.739277     4.3604    155.519 0.0000e+00
    155.000     6.8557    34.7460    27.2386 1.4453e-01     0.1278      0.018    1480.35     64.394     6.2437 162.739300     4.3690    156.530 0.0000e+00
    156.000     6.8551    34.7463    27.2390 1.4466e-01     0.1277      0.018    1480.36     64.469     6.2510 162.739321     4.3741    157.540 0.0000e+00
    157.000     6.8564    34.7475    27.2397 1.4400e-01     0.1279      0.018    1480.39     64.468     6.2507 162.739343     4.3739    158.550 0.0000e+00
    158.000     6.8458    34.7528    27.2453 1.4170e-01     0.1279      0.018    1480.37     64.404     6.2458 162.739366     4.3705    159.560 0.0000e+00
    159.000     6.8444    34.7531    27.2458 1.4153e-01     0.1279      0.018    1480.38     64.444     6.2498 162.739385     4.3733    160.571 0.0000e+00
    160.000     6.8436    34.7535    27.2462 1.4324e-01     0.1278      0.018    1480.39     64.458     6.2514 162.739408     4.3743    161.581 0.0000e+00
    161.000     6.8429    34.7539    27.2466 1.4031e-01     0.1280      0.018    1480.41     64.636     6.2687 162.739430     4.3865    162.591 0.0000e+00
    162.000     6.8417    34.7545    27.2472 1.4836e-01     0.1279      0.018    1480.42     64.627     6.2680 162.739451     4.3860    163.601 0.0000e+00
    163.000     6.8396    34.7550    27.2479 1.4301e-01     0.1279      0.018    1480.43     64.605     6.2661 162.739473     4.3847    164.612 0.0000e+00
    164.000     6.8394    34.7551    27.2480 1.4375e-01     0.1278      0.018    1480.45     64.706     6.2760 162.739494     4.3916    165.622 0.0000e+00
    165.000     6.8390    34.7552    27.2482 1.4181e-01     0.1277      0.018    1480.46     64.735     6.2788 162.739514     4.3935    166.632 0.0000e+00
    166.000     6.8401    34.7549    27.2478 1.4455e-01     0.1279      0.018    1480.48     64.702     6.2755 162.739535     4.3912    167.643 0.0000e+00
    167.000     6.8396    34.7547    27.2477 1.4517e-01     0.1279      0.018    1480.50     64.759     6.2811 162.739558     4.3951    168.653 0.0000e+00
    168.000     6.8399    34.7536    27.2468 1.4180e-01     0.1278      0.018    1480.51     64.710     6.2763 162.739579     4.3918    169.663 0.0000e+00
    169.000     6.8394    34.7544    27.2475 1.4358e-01     0.1278      0.018    1480.53     64.709     6.2762 162.739600     4.3917    170.674 0.0000e+00
    170.000     6.8392    34.7540    27.2472 1.4432e-01     0.1279      0.018    1480.54     64.682     6.2737 162.739623     4.3899    171.684 0.0000e+00
    171.000     6.8426    34.7523    27.2454 1.4293e-01     0.1278      0.018    1480.57     64.765     6.2813 162.739643     4.3953    172.694 0.0000e+00
    172.000     6.8419    34.7523    27.2455 1.4440e-01     0.1278      0.018    1480.59     64.875     6.2921 162.739665     4.4028    173.705 0.0000e+00
    173.000     6.8267    34.7562    27.2507 1.4408e-01     0.1278      0.018    1480.55     64.772     6.2842 162.739687     4.3973    174.715 0.0000e+00
    174.000     6.8210    34.7582    27.2530 1.4209e-01     0.1277      0.018    1480.54     64.677     6.2757 162.739708     4.3913    175.725 0.0000e+00
    175.000     6.8200    34.7586    27.2534 1.4314e-01     0.1278      0.018    1480.56     64.819     6.2896 162.739730     4.4011    176.736 0.0000e+00
    176.000     6.8193    34.7588    27.2537 1.4217e-01     0.1278      0.018    1480.57     64.887     6.2963 162.739752     4.4057    177.746 0.0000e+00
    177.000     6.8190    34.7590    27.2539 1.4206e-01     0.1278      0.018    1480.59     65.008     6.3080 162.739772     4.4140    178.756 0.0000e+00
    178.000     6.8197    34.7588    27.2536 1.4263e-01     0.1277      0.018    1480.61     65.029     6.3100 162.739793     4.4153    179.767 0.0000e+00
    179.000     6.8193    34.7589    27.2538 1.4529e-01     0.1278      0.018    1480.62     64.948     6.3022 162.739814     4.4099    180.777 0.0000e+00
    180.000     6.8176    34.7593    27.2543 1.4312e-01     0.1279      0.018    1480.63     64.995     6.3069 162.739834     4.4132    181.787 0.0000e+00
    181.000     6.8145    34.7602    27.2555 1.4528e-01     0.1278      0.018    1480.64     64.979     6.3058 162.739856     4.4124    182.798 0.0000e+00
    182.000     6.8122    34.7610    27.2564 1.4125e-01     0.1277      0.018    1480.65     64.900     6.2985 162.739877     4.4073    183.808 0.0000e+00
    183.000     6.8161    34.7602    27.2552 1.4399e-01     0.1279      0.018    1480.68     64.975     6.3052 162.739898     4.4120    184.819 0.0000e+00
    184.000     6.8156    34.7601    27.2552 1.4306e-01     0.1279      0.018    1480.69     65.037     6.3113 162.739920     4.4162    185.829 0.0000e+00
    185.000     6.8145    34.7604    27.2556 1.4339e-01     0.1279      0.018    1480.71     65.053     6.3130 162.739940     4.4175    186.839 0.0000e+00
    186.000     6.8130    34.7612    27.2565 1.4210e-01     0.1278      0.018    1480.72     65.063     6.3141 162.739961     4.4182    187.850 0.0000e+00
    187.000     6.8076    34.7627    27.2584 1.4308e-01     0.1279      0.018    1480.71     65.153     6.3236 162.739984     4.4249    188.860 0.0000e+00
    188.000     6.8073    34.7628    27.2585 1.4008e-01     0.1278      0.018    1480.73     65.095     6.3180 162.740003     4.4210    189.871 0.0000e+00
    189.000     6.8068    34.7634    27.2591 1.4028e-01     0.1280      0.018    1480.75     65.122     6.3207 162.740023     4.4229    190.881 0.0000e+00
    190.000     6.8081    34.7625    27.2582 1.4224e-01     0.1277      0.018    1480.77     65.223     6.3303 162.740046     4.4296    191.892 0.0000e+00
    191.000     6.8053    34.7638    27.2596 1.4309e-01     0.1280      0.018    1480.77     65.224     6.3308 162.740066     4.4299    192.902 0.0000e+00
    192.000     6.8038    34.7646    27.2604 1.4255e-01     0.1279      0.018    1480.79     65.208     6.3294 162.740086     4.4290    193.912 0.0000e+00
    193.000     6.8036    34.7648    27.2606 1.4312e-01     0.1279      0.018    1480.80     65.239     6.3325 162.740110     4.4311    194.923 0.0000e+00
    194.000     6.8027    34.7654    27.2612 1.4130e-01     0.1278      0.018    1480.82     65.231     6.3317 162.740130     4.4306    195.933 0.0000e+00
    195.000     6.8018    34.7659    27.2617 1.4398e-01     0.1277      0.018    1480.83     65.317     6.3402 162.740150     4.4365    196.944 0.0000e+00
    196.000     6.8010    34.7664    27.2622 1.4346e-01     0.1277      0.018    1480.84     65.340     6.3426 162.740172     4.4382    197.954 0.0000e+00
    197.000     6.8002    34.7669    27.2627 1.4234e-01     0.1278      0.018    1480.86     65.354     6.3440 162.740193     4.4391    198.965 0.0000e+00
    198.000     6.8006    34.7668    27.2626 1.4290e-01     0.1278      0.018    1480.88     65.318     6.3405 162.740212     4.4367    199.975 0.0000e+00
    199.000     6.7995    34.7673    27.2631 1.4502e-01     0.1276      0.018    1480.89     65.448     6.3532 162.740235     4.4456    200.985 0.0000e+00
    200.000     6.7989    34.7675    27.2633 1.4589e-01     0.1279      0.018    1480.90     65.387     6.3474 162.740255     4.4415    201.996 0.0000e+00
    201.000     6.7987    34.7676    27.2635 1.4546e-01     0.1280      0.018    1480.92     65.285     6.3375 162.740276     4.4346    203.006 0.0000e+00
    202.000     6.7992    34.7674    27.2633 1.4147e-01     0.1278      0.018    1480.94     65.322     6.3410 162.740297     4.4371    204.017 0.0000e+00
    203.000     6.7986    34.7677    27.2635 1.4356e-01     0.1278      0.018    1480.95     65.420     6.3506 162.740318     4.4438    205.027 0.0000e+00
    204.000     6.7973    34.7687    27.2645 1.4468e-01     0.1278      0.018    1480.96     65.451     6.3538 162.740337     4.4460    206.038 0.0000e+00
    205.000     6.7969    34.7689    27.2648 1.4183e-01     0.1277      0.018    1480.98     65.432     6.3520 162.740357     4.4448    207.048 0.0000e+00
