20190611/VT2_20190611_down_bin.cnv
* Sea-Bird SBE 9 Data File:
* FileName = C:\CTD Brukere\NIVA\OKOKYST2019\20190611\VT2_20190611.hex
* Software Version Seasave V 7.23.2
* Temperature SN = 5352
* Conductivity SN = 3840
* Number of Bytes Per Scan = 28
* Number of Voltage Words = 4
* Number of Scans Averaged by the Deck Unit = 1
* NMEA baud rate = 4800
** Ship: R/V Trygve Braarud
** Cruise:
** Station:
** Operator:
# nquan = 14
# nvalues = 301                         
# units = specified
# name 0 = depSM: Depth [salt water, m], lat = 59.60
# name 1 = t090C: Temperature [ITS-90, deg C]
# name 2 = sal00: Salinity, Practical [PSU]
# name 3 = sigma-t00: Density [sigma-t, kg/m^3 ]
# name 4 = flSP: Fluorescence, Seapoint
# name 5 = wetStar: Fluorescence, WET Labs WETstar [mg/m^3]
# name 6 = seaTurbMtr: Turbidity, Seapoint [FTU]
# name 7 = svCM: Sound Velocity [Chen-Millero, m/s]
# name 8 = sbeox0PS: Oxygen, SBE 43 [% saturation]
# name 9 = sbeox0Mg/L: Oxygen, SBE 43 [mg/l]
# name 10 = timeJ: Julian Days
# name 11 = sbeox0ML/L: Oxygen, SBE 43 [ml/l]
# name 12 = prDM: Pressure, Digiquartz [db]
# name 13 = flag: flag
# span 0 =      0.000,    300.000       
# span 1 =     6.7816,    14.3959       
# span 2 =    20.5744,    34.7885       
# span 3 =    14.9977,    27.2821       
# span 4 = 1.3968e-01, 3.8062e+00       
# span 5 =     0.1276,     0.1306       
# span 6 =      0.013,      0.018       
# span 7 =    1477.93,    1488.50       
# span 8 =     59.769,     83.302       
# span 9 =     5.7323,     7.5370       
# span 10 = 162.736122, 162.742412      
# span 11 =     4.0112,     5.2740      
# span 12 =      0.000,    303.068      
# span 13 = 0.0000e+00, 0.0000e+00      
# interval = meters: 1                  
# start_time = Jun 11 2019 17:39:58 [System UpLoad Time]
# bad_flag = -9.990e-29
*END*
[from data line 207]
    207.000     6.7971    34.7689    27.2647 1.4201e-01     0.1277      0.018    1481.01     65.446     6.3533 162.740397     4.4457    209.069 0.0000e+00
    208.000     6.7962    34.7695    27.2653 1.4274e-01     0.1277      0.018    1481.03     65.482     6.3569 162.740418     4.4482    210.080 0.0000e+00
    209.000     6.7963    34.7695    27.2653 1.3968e-01     0.1277      0.018    1481.04     65.436     6.3524 162.740438     4.4450    211.090 0.0000e+00
    210.000     6.7964    34.7695    27.2653 1.4335e-01     0.1279      0.018    1481.06     65.449     6.3537 162.740458     4.4459    212.101 0.0000e+00
    211.000     6.7965    34.7695    27.2653 1.4244e-01     0.1279      0.018    1481.08     65.291     6.3383 162.740480     4.4352    213.111 0.0000e+00
    212.000     6.7960    34.7698    27.2655 1.4255e-01     0.1277      0.018    1481.09     65.372     6.3463 162.740500     4.4407    214.122 0.0000e+00
    213.000     6.7951    34.7704    27.2662 1.4188e-01     0.1279      0.018    1481.11     65.412     6.3502 162.740519     4.4435    215.132 0.0000e+00
    214.000     6.7950    34.7706    27.2663 1.4448e-01     0.1278      0.018    1481.12     65.357     6.3449 162.740541     4.4398    216.143 0.0000e+00
    215.000     6.7948    34.7707    27.2664 1.4338e-01     0.1279      0.018    1481.14     65.393     6.3485 162.740562     4.4423    217.154 0.0000e+00
    216.000     6.7944    34.7709    27.2667 1.4489e-01     0.1278      0.018    1481.16     65.482     6.3571 162.740582     4.4483    218.164 0.0000e+00
    217.000     6.7932    34.7719    27.2676 1.4203e-01     0.1279      0.018    1481.17     65.503     6.3593 162.740605     4.4499    219.175 0.0000e+00
    218.000     6.7917    34.7732    27.2688 1.4089e-01     0.1278      0.018    1481.18     65.498     6.3590 162.740625     4.4497    220.185 0.0000e+00
    219.000     6.7919    34.7731    27.2687 1.4314e-01     0.1276      0.018    1481.20     65.482     6.3574 162.740645     4.4485    221.196 0.0000e+00
    220.000     6.7918    34.7732    27.2688 1.4347e-01     0.1279      0.018    1481.21     65.496     6.3588 162.740668     4.4495    222.206 0.0000e+00
    221.000     6.7916    34.7734    27.2690 1.4173e-01     0.1278      0.018    1481.23     65.504     6.3596 162.740688     4.4500    223.217 0.0000e+00
    222.000     6.7905    34.7747    27.2702 1.4148e-01     0.1278      0.018    1481.24     65.507     6.3599 162.740708     4.4503    224.228 0.0000e+00
    223.000     6.7904    34.7750    27.2704 1.3988e-01     0.1276      0.018    1481.26     65.526     6.3618 162.740731     4.4516    225.238 0.0000e+00
    224.000     6.7904    34.7751    27.2705 1.4299e-01     0.1276      0.018    1481.28     65.557     6.3648 162.740752     4.4537    226.249 0.0000e+00
    225.000     6.7906    34.7749    27.2704 1.4272e-01     0.1279      0.018    1481.30     65.535     6.3626 162.740772     4.4522    227.259 0.0000e+00
    226.000     6.7908    34.7750    27.2704 1.4105e-01     0.1277      0.018    1481.31     65.599     6.3688 162.740795     4.4565    228.270 0.0000e+00
    227.000     6.7908    34.7751    27.2704 1.4132e-01     0.1279      0.018    1481.33     65.614     6.3702 162.740815     4.4575    229.281 0.0000e+00
    228.000     6.7908    34.7751    27.2705 1.4228e-01     0.1279      0.018    1481.35     65.536     6.3627 162.740837     4.4523    230.291 0.0000e+00
    229.000     6.7907    34.7752    27.2705 1.4421e-01     0.1278      0.018    1481.36     65.563     6.3654 162.740860     4.4541    231.301 0.0000e+00
    230.000     6.7907    34.7753    27.2706 1.4318e-01     0.1278      0.018    1481.38     65.479     6.3572 162.740880     4.4484    232.312 0.0000e+00
    231.000     6.7908    34.7752    27.2706 1.4183e-01     0.1277      0.018    1481.40     65.511     6.3602 162.740902     4.4505    233.323 0.0000e+00
    232.000     6.7911    34.7752    27.2705 1.4430e-01     0.1278      0.018    1481.41     65.451     6.3544 162.740926     4.4464    234.334 0.0000e+00
    233.000     6.7911    34.7760    27.2711 1.4301e-01     0.1277      0.018    1481.43     65.503     6.3594 162.740945     4.4499    235.344 0.0000e+00
    234.000     6.7914    34.7761    27.2712 1.4310e-01     0.1278      0.018    1481.45     65.556     6.3645 162.740968     4.4535    236.355 0.0000e+00
    235.000     6.7915    34.7760    27.2710 1.4353e-01     0.1277      0.018    1481.47     65.583     6.3672 162.740989     4.4554    237.365 0.0000e+00
    236.000     6.7916    34.7765    27.2715 1.4263e-01     0.1278      0.018    1481.48     65.493     6.3584 162.741010     4.4492    238.376 0.0000e+00
    237.000     6.7917    34.7770    27.2718 1.4132e-01     0.1278      0.018    1481.50     65.515     6.3605 162.741032     4.4507    239.387 0.0000e+00
    238.000     6.7919    34.7769    27.2717 1.4426e-01     0.1278      0.018    1481.52     65.539     6.3627 162.741054     4.4523    240.397 0.0000e+00
    239.000     6.7919    34.7769    27.2717 1.4015e-01     0.1277      0.018    1481.53     65.453     6.3544 162.741075     4.4464    241.408 0.0000e+00
    240.000     6.7920    34.7770    27.2718 1.4016e-01     0.1279      0.018    1481.55     65.481     6.3571 162.741098     4.4483    242.419 0.0000e+00
    241.000     6.7921    34.7772    27.2720 1.4257e-01     0.1276      0.018    1481.57     65.527     6.3616 162.741119     4.4515    243.429 0.0000e+00
    242.000     6.7923    34.7768    27.2716 1.4220e-01     0.1278      0.018    1481.59     65.499     6.3588 162.741141     4.4495    244.440 0.0000e+00
    243.000     6.7924    34.7785    27.2729 1.4216e-01     0.1280      0.018    1481.61     65.512     6.3600 162.741162     4.4504    245.451 0.0000e+00
    244.000     6.7924    34.7794    27.2736 1.4042e-01     0.1277      0.018    1481.62     65.490     6.3578 162.741183     4.4488    246.461 0.0000e+00
    245.000     6.7915    34.7815    27.2754 1.4170e-01     0.1277      0.018    1481.64     65.453     6.3543 162.741204     4.4464    247.472 0.0000e+00
    246.000     6.7904    34.7826    27.2764 1.4067e-01     0.1279      0.018    1481.65     65.516     6.3605 162.741226     4.4507    248.483 0.0000e+00
    247.000     6.7895    34.7835    27.2773 1.4386e-01     0.1278      0.018    1481.67     65.500     6.3590 162.741248     4.4497    249.494 0.0000e+00
    248.000     6.7898    34.7832    27.2770 1.4244e-01     0.1278      0.018    1481.69     65.502     6.3592 162.741269     4.4498    250.504 0.0000e+00
    249.000     6.7888    34.7842    27.2779 1.4289e-01     0.1276      0.018    1481.70     65.528     6.3618 162.741292     4.4516    251.515 0.0000e+00
    250.000     6.7883    34.7861    27.2794 1.4403e-01     0.1278      0.018    1481.71     65.654     6.3741 162.741313     4.4602    252.526 0.0000e+00
    251.000     6.7882    34.7864    27.2797 1.4080e-01     0.1278      0.018    1481.73     65.580     6.3669 162.741336     4.4552    253.536 0.0000e+00
    252.000     6.7882    34.7866    27.2799 1.4355e-01     0.1276      0.018    1481.75     65.483     6.3575 162.741358     4.4486    254.547 0.0000e+00
    253.000     6.7884    34.7868    27.2800 1.4264e-01     0.1278      0.018    1481.77     65.540     6.3629 162.741379     4.4524    255.558 0.0000e+00
    254.000     6.7885    34.7868    27.2800 1.4180e-01     0.1278      0.018    1481.78     65.599     6.3687 162.741400     4.4564    256.569 0.0000e+00
    255.000     6.7871    34.7869    27.2802 1.4147e-01     0.1278      0.018    1481.79     65.485     6.3578 162.741422     4.4488    257.579 0.0000e+00
    256.000     6.7861    34.7870    27.2805 1.4169e-01     0.1277      0.018    1481.81     65.497     6.3591 162.741443     4.4497    258.590 0.0000e+00
    257.000     6.7874    34.7867    27.2801 1.4526e-01     0.1279      0.018    1481.83     65.594     6.3684 162.741465     4.4562    259.601 0.0000e+00
    258.000     6.7871    34.7868    27.2802 1.4282e-01     0.1278      0.018    1481.84     65.569     6.3659 162.741487     4.4545    260.612 0.0000e+00
    259.000     6.7860    34.7871    27.2805 1.4199e-01     0.1277      0.018    1481.86     65.650     6.3739 162.741509     4.4601    261.622 0.0000e+00
    260.000     6.7849    34.7875    27.2810 1.4237e-01     0.1277      0.018    1481.87     65.451     6.3548 162.741532     4.4467    262.633 0.0000e+00
    261.000     6.7848    34.7874    27.2810 1.4254e-01     0.1278      0.018    1481.89     65.465     6.3562 162.741554     4.4477    263.644 0.0000e+00
    262.000     6.7850    34.7874    27.2809 1.4303e-01     0.1279      0.018    1481.90     65.512     6.3607 162.741576     4.4508    264.655 0.0000e+00
    263.000     6.7850    34.7875    27.2810 1.4011e-01     0.1277      0.018    1481.92     65.549     6.3643 162.741600     4.4533    265.665 0.0000e+00
    264.000     6.7853    34.7874    27.2809 1.4228e-01     0.1277      0.018    1481.94     65.630     6.3721 162.741621     4.4588    266.676 0.0000e+00
    265.000     6.7853    34.7874    27.2809 1.4071e-01     0.1277      0.018    1481.95     65.577     6.3669 162.741644     4.4552    267.687 0.0000e+00
    266.000     6.7859    34.7875    27.2809 1.4170e-01     0.1278      0.018    1481.97     65.436     6.3532 162.741666     4.4456    268.698 0.0000e+00
    267.000     6.7865    34.7876    27.2809 1.4437e-01     0.1279      0.018    1481.99     65.624     6.3714 162.741688     4.4583    269.709 0.0000e+00
    268.000     6.7867    34.7879    27.2811 1.4387e-01     0.1277      0.018    1482.01     65.605     6.3694 162.741709     4.4569    270.719 0.0000e+00
    269.000     6.7857    34.7884    27.2817 1.4196e-01     0.1278      0.018    1482.02     65.544     6.3637 162.741732     4.4529    271.730 0.0000e+00
    270.000     6.7858    34.7885    27.2817 1.4244e-01     0.1277      0.018    1482.04     65.580     6.3672 162.741753     4.4554    272.741 0.0000e+00
    271.000     6.7850    34.7885    27.2818 1.4203e-01     0.1279      0.018    1482.05     65.568     6.3661 162.741776     4.4546    273.752 0.0000e+00
    272.000     6.7865    34.7881    27.2813 1.4208e-01     0.1280      0.018    1482.08     65.418     6.3513 162.741798     4.4443    274.763 0.0000e+00
    273.000     6.7849    34.7881    27.2815 1.4504e-01     0.1276      0.018    1482.09     65.590     6.3683 162.741821     4.4561    275.774 0.0000e+00
    274.000     6.7826    34.7885    27.2821 1.4301e-01     0.1278      0.018    1482.10     65.611     6.3706 162.741845     4.4578    276.784 0.0000e+00
    275.000     6.7821    34.7883    27.2820 1.4545e-01     0.1276      0.018    1482.11     65.602     6.3698 162.741867     4.4572    277.795 0.0000e+00
    276.000     6.7821    34.7883    27.2821 1.4480e-01     0.1279      0.018    1482.13     65.565     6.3663 162.741889     4.4547    278.806 0.0000e+00
    277.000     6.7823    34.7884    27.2821 1.4600e-01     0.1277      0.018    1482.14     65.488     6.3587 162.741913     4.4495    279.817 0.0000e+00
    278.000     6.7822    34.7883    27.2820 1.4461e-01     0.1279      0.018    1482.16     65.448     6.3548 162.741935     4.4467    280.828 0.0000e+00
    279.000     6.7822    34.7883    27.2821 1.4322e-01     0.1280      0.018    1482.18     65.429     6.3530 162.741958     4.4454    281.839 0.0000e+00
    280.000     6.7823    34.7882    27.2820 1.4503e-01     0.1276      0.018    1482.19     65.408     6.3510 162.741980     4.4441    282.849 0.0000e+00
    281.000     6.7822    34.7882    27.2820 1.4530e-01     0.1278      0.018    1482.21     65.453     6.3554 162.742003     4.4471    283.860 0.0000e+00
    282.000     6.7816    34.7879    27.2818 1.4732e-01     0.1278      0.018    1482.22     65.487     6.3588 162.742027     4.4495    284.871 0.0000e+00
    283.000     6.7819    34.7881    27.2819 1.4568e-01     0.1278      0.018    1482.24     65.584     6.3681 162.742047     4.4560    285.882 0.0000e+00
    284.000     6.7819    34.7880    27.2818 1.4458e-01     0.1277      0.018    1482.26     65.421     6.3523 162.742069     4.4449    286.893 0.0000e+00
    285.000     6.7821    34.7880    27.2818 1.4508e-01     0.1279      0.018    1482.28     65.420     6.3522 162.742090     4.4449    287.904 0.0000e+00
    286.000     6.7821    34.7880    27.2818 1.4433e-01     0.1277      0.018    1482.29     65.478     6.3578 162.742109     4.4488    288.915 0.0000e+00
    287.000     6.7820    34.7879    27.2818 1.4436e-01     0.1277      0.018    1482.31     65.523     6.3622 162.742130     4.4519    289.926 0.0000e+00
    288.000     6.7819    34.7879    27.2818 1.4465e-01     0.1278      0.018    1482.32     65.402     6.3505 162.742153     4.4437    290.937 0.0000e+00
    289.000     6.7820    34.7879    27.2818 1.4449e-01     0.1278      0.018    1482.34     65.384     6.3487 162.742171     4.4425    291.947 0.0000e+00
    290.000     6.7821    34.7879    27.2817 1.4606e-01     0.1279      0.018    1482.36     65.405     6.3508 162.742194     4.4439    292.958 0.0000e+00
    291.000     6.7824    34.7879    27.2817 1.4343e-01     0.1277      0.018    1482.38     65.364     6.3467 162.742216     4.4410    293.969 0.0000e+00
    292.000     6.7824    34.7879    27.2817 1.4466e-01     0.1279      0.018    1482.39     65.426     6.3527 162.742234     4.4453    294.980 0.0000e+00
    293.000     6.7824    34.7879    27.2817 1.4485e-01     0.1279      0.018    1482.41     65.446     6.3546 162.742257     4.4466    295.991 0.0000e+00
    294.000     6.7825    34.7879    27.2817 1.4565e-01     0.1278      0.018    1482.43     65.474     6.3573 162.742279     4.4485    297.002 0.0000e+00
    295.000     6.7832    34.7883    27.2819 1.4587e-01     0.1278      0.018    1482.45     65.459     6.3558 162.742297     4.4474    298.013 0.0000e+00
    296.000     6.7834    34.7883    27.2818 1.4559e-01     0.1278      0.018    1482.46     65.463     6.3561 162.742321     4.4477    299.024 0.0000e+00
    297.000     6.7834    34.7882    27.2818 1.4547e-01     0.1278      0.018    1482.48     65.385     6.3486 162.742341     4.4424    300.035 0.0000e+00
    298.000     6.7837    34.7883    27.2818 1.4317e-01     0.1277      0.018    1482.50     65.476     6.3574 162.742359     4.4485    301.046 0.0000e+00
    299.000     6.7841    34.7884    27.2819 1.4496e-01     0.1277      0.018    1482.52     65.433     6.3531 162.742383     4.4455    302.057 0.0000e+00
    300.000     6.7843    34.7885    27.2819 1.4576e-01     0.1277      0.018    1482.53     65.449     6.3547 162.742412     4.4466    303.068 0.0000e+00
