20190611/VT3_20190613_down.cnv
* Sea-Bird SBE 9 Data File:
* FileName = C:\CTD Brukere\NIVA\OKOKYST2019\20190611\VT3_20190613.hex
* Software Version Seasave V 7.23.2
* Temperature SN = 5352
* Conductivity SN = 3840
* Number of Bytes Per Scan = 28
* Number of Voltage Words = 4
* Number of Scans Averaged by the Deck Unit = 1
* NMEA baud rate = 4800
** Ship: R/V Trygve Braarud
** Cruise:
** Station:
** Operator:
# nquan = 14
# nvalues = 22615                                 
# units = specified
# name 0 = depSM: Depth [salt water, m], lat = 59.60
# name 1 = t090C: Temperature [ITS-90, deg C]
# name 2 = sal00: Salinity, Practical [PSU]
# name 3 = sigma-t00: Density [sigma-t, kg/m^3 ]
# name 4 = flSP: Fluorescence, Seapoint
# name 5 = wetStar: Fluorescence, WET Labs WETstar [mg/m^3]
# name 6 = seaTurbMtr: Turbidity, Seapoint [FTU]
# name 7 = svCM: Sound Velocity [Chen-Millero, m/s]
# name 8 = sbeox0PS: Oxygen, SBE 43 [% saturation]
# name 9 = sbeox0Mg/L: Oxygen, SBE 43 [mg/l]
# name 10 = timeJ: Julian Days
# name 11 = sbeox0ML/L: Oxygen, SBE 43 [ml/l]
# name 12 = prDM: Pressure, Digiquartz [db]
# name 13 = flag:  0.000e+00
# span 0 =      0.360,    450.174                 
# span 1 =     6.6417,    13.2623                 
# span 2 =    22.5243,    35.0435                 
# span 3 =    16.7660,    27.5023                 
# span 4 = 1.3431e-01, 1.5263e+00                 
# span 5 =     0.1273,     0.1310                 
# span 6 =      0.011,      0.022                 
# span 7 =    1481.15,    1493.59                 
# span 8 =     49.949,     77.732                 
# span 9 =     4.8574,     7.0774                 
# span 10 = 164.508611, 164.519517                
# span 11 =     3.3989,     4.9523                
# span 12 =      0.364,    454.944                
# span 13 = 0.0000e+00, 0.0000e+00                
# interval = seconds: 0.0416667
# start_time = Jun 13 2019 12:12:24 [System UpLoad Time]
# bad_flag = -9.990e-29
*END*
[from data line 10323]
    238.812     7.5241    34.9468    27.3024 1.7094e-01     0.1285      0.018    1484.57     68.663     6.5482 164.513589     4.5821    241.218  0.000e+00
    238.824     7.5238    34.9468    27.3025 1.7094e-01     0.1285      0.018    1484.57     68.658     6.5478 164.513590     4.5818    241.230  0.000e+00
    238.837     7.5238    34.9471    27.3027 1.5873e-01     0.1285      0.018    1484.57     68.653     6.5474 164.513590     4.5815    241.243  0.000e+00
    238.862     7.5238    34.9471    27.3027 1.5873e-01     0.1285      0.018    1484.57     68.648     6.5469 164.513591     4.5811    241.268  0.000e+00
    238.873     7.5239    34.9467    27.3024 1.5873e-01     0.1285      0.018    1484.57     68.644     6.5464 164.513591     4.5808    241.280  0.000e+00
    238.898     7.5239    34.9468    27.3025 1.7094e-01     0.1285      0.018    1484.57     68.639     6.5460 164.513592     4.5805    241.305  0.000e+00
    238.886     7.5239    34.9472    27.3027 1.7094e-01     0.1285      0.018    1484.57     68.634     6.5455 164.513592     4.5801    241.293  0.000e+00
    238.923     7.5238    34.9475    27.3030 1.7094e-01     0.1273      0.018    1484.57     68.629     6.5451 164.513593     4.5798    241.330  0.000e+00
    238.923     7.5239    34.9473    27.3028 1.5873e-01     0.1273      0.018    1484.57     68.624     6.5446 164.513593     4.5795    241.330  0.000e+00
    238.936     7.5238    34.9475    27.3030 1.5873e-01     0.1285      0.018    1484.57     68.620     6.5441 164.513594     4.5792    241.343  0.000e+00
    238.972     7.5239    34.9471    27.3026 1.7094e-01     0.1285      0.018    1484.57     68.615     6.5437 164.513594     4.5789    241.380  0.000e+00
    238.972     7.5239    34.9469    27.3025 1.5873e-01     0.1273      0.018    1484.57     68.610     6.5432 164.513595     4.5786    241.380  0.000e+00
    238.997     7.5238    34.9473    27.3028 1.5873e-01     0.1285      0.018    1484.57     68.605     6.5428 164.513595     4.5783    241.405  0.000e+00
    239.010     7.5239    34.9468    27.3024 1.5873e-01     0.1285      0.018    1484.57     68.600     6.5423 164.513596     4.5779    241.418  0.000e+00
    239.035     7.5238    34.9467    27.3023 1.5873e-01     0.1285      0.018    1484.57     68.604     6.5427 164.513596     4.5782    241.444  0.000e+00
    239.035     7.5239    34.9473    27.3028 1.5873e-01     0.1273      0.018    1484.57     68.599     6.5422 164.513597     4.5778    241.444  0.000e+00
    239.060     7.5238    34.9470    27.3026 1.5873e-01     0.1273      0.018    1484.57     68.603     6.5426 164.513597     4.5781    241.469  0.000e+00
    239.085     7.5238    34.9472    27.3027 1.5873e-01     0.1285      0.018    1484.57     68.607     6.5430 164.513598     4.5784    241.494  0.000e+00
    239.096     7.5238    34.9474    27.3029 1.5873e-01     0.1273      0.018    1484.57     68.612     6.5434 164.513598     4.5787    241.505  0.000e+00
    239.109     7.5238    34.9470    27.3026 1.5873e-01     0.1285      0.018    1484.57     68.608     6.5431 164.513599     4.5785    241.519  0.000e+00
    239.121     7.5238    34.9472    27.3028 1.5873e-01     0.1273      0.018    1484.57     68.613     6.5435 164.513599     4.5788    241.530  0.000e+00
    239.146     7.5239    34.9472    27.3027 1.5873e-01     0.1285      0.018    1484.57     68.610     6.5432 164.513600     4.5786    241.555  0.000e+00
    239.159     7.5238    34.9470    27.3026 1.5873e-01     0.1285      0.018    1484.57     68.615     6.5437 164.513600     4.5789    241.569  0.000e+00
    239.184     7.5239    34.9470    27.3026 1.5873e-01     0.1285      0.018    1484.57     68.620     6.5442 164.513601     4.5793    241.594  0.000e+00
    239.195     7.5241    34.9473    27.3028 1.5873e-01     0.1273      0.018    1484.57     68.626     6.5447 164.513601     4.5796    241.605  0.000e+00
    239.195     7.5239    34.9472    27.3028 1.5873e-01     0.1285      0.018    1484.57     68.624     6.5445 164.513601     4.5795    241.605  0.000e+00
    239.258     7.5241    34.9472    27.3027 1.5873e-01     0.1273      0.018    1484.58     68.630     6.5451 164.513602     4.5799    241.669  0.000e+00
    239.258     7.5241    34.9471    27.3026 1.5873e-01     0.1273      0.018    1484.58     68.628     6.5449 164.513602     4.5798    241.669  0.000e+00
    239.283     7.5241    34.9470    27.3025 1.5873e-01     0.1273      0.018    1484.58     68.635     6.5456 164.513603     4.5802    241.694  0.000e+00
    239.294     7.5241    34.9470    27.3025 1.5873e-01     0.1285      0.018    1484.58     68.641     6.5462 164.513603     4.5806    241.705  0.000e+00
    239.307     7.5241    34.9470    27.3025 1.5873e-01     0.1285      0.018    1484.58     68.648     6.5469 164.513604     4.5811    241.719  0.000e+00
    239.332     7.5239    34.9471    27.3027 1.5873e-01     0.1285      0.018    1484.58     68.648     6.5468 164.513604     4.5811    241.744  0.000e+00
    239.368     7.5241    34.9469    27.3025 1.5873e-01     0.1273      0.018    1484.58     68.647     6.5467 164.513605     4.5810    241.781  0.000e+00
    239.382     7.5243    34.9467    27.3023 1.5873e-01     0.1273      0.018    1484.58     68.654     6.5474 164.513605     4.5815    241.794  0.000e+00
    239.393     7.5239    34.9473    27.3028 1.5873e-01     0.1273      0.018    1484.58     68.662     6.5482 164.513606     4.5820    241.806  0.000e+00
    239.418     7.5239    34.9474    27.3029 1.5873e-01     0.1285      0.018    1484.58     68.662     6.5482 164.513606     4.5820    241.831  0.000e+00
    239.443     7.5238    34.9475    27.3030 1.5873e-01     0.1273      0.018    1484.58     68.670     6.5490 164.513607     4.5826    241.856  0.000e+00
    239.468     7.5241    34.9472    27.3027 1.5873e-01     0.1273      0.018    1484.58     68.670     6.5489 164.513607     4.5826    241.881  0.000e+00
    239.481     7.5243    34.9474    27.3028 1.5873e-01     0.1285      0.018    1484.58     68.670     6.5489 164.513608     4.5825    241.894  0.000e+00
    239.505     7.5243    34.9471    27.3026 1.5873e-01     0.1285      0.018    1484.58     68.671     6.5489 164.513608     4.5826    241.919  0.000e+00
    239.542     7.5241    34.9470    27.3025 1.5873e-01     0.1273      0.018    1484.58     68.671     6.5490 164.513609     4.5826    241.956  0.000e+00
    239.555     7.5239    34.9473    27.3028 1.5873e-01     0.1285      0.018    1484.58     68.671     6.5490 164.513609     4.5826    241.969  0.000e+00
    239.591     7.5241    34.9474    27.3028 1.5873e-01     0.1273      0.018    1484.58     68.671     6.5490 164.513610     4.5826    242.006  0.000e+00
    239.605     7.5241    34.9470    27.3026 1.5873e-01     0.1273      0.018    1484.58     68.735     6.5552 164.513610     4.5869    242.019  0.000e+00
    239.641     7.5241    34.9471    27.3026 1.5873e-01     0.1273      0.018    1484.58     68.743     6.5559 164.513611     4.5874    242.056  0.000e+00
    239.654     7.5239    34.9478    27.3032 1.5873e-01     0.1273      0.018    1484.58     68.751     6.5566 164.513611     4.5879    242.069  0.000e+00
    239.679     7.5241    34.9473    27.3028 1.5873e-01     0.1285      0.022    1484.58     68.694     6.5512 164.513612     4.5841    242.094  0.000e+00
    239.704     7.5239    34.9473    27.3028 1.5873e-01     0.1285      0.018    1484.58     68.693     6.5511 164.513612     4.5841    242.119  0.000e+00
    239.740     7.5243    34.9471    27.3026 1.5873e-01     0.1273      0.018    1484.58     68.756     6.5571 164.513613     4.5883    242.156  0.000e+00
    239.753     7.5243    34.9470    27.3025 1.5873e-01     0.1273      0.015    1484.58     68.763     6.5578 164.513613     4.5887    242.169  0.000e+00
    239.778     7.5243    34.9469    27.3024 1.5873e-01     0.1285      0.018    1484.58     68.769     6.5584 164.513614     4.5892    242.194  0.000e+00
    239.803     7.5244    34.9470    27.3025 1.5873e-01     0.1273      0.018    1484.59     68.775     6.5589 164.513614     4.5896    242.219  0.000e+00
    239.839     7.5246    34.9469    27.3024 1.5873e-01     0.1285      0.018    1484.59     68.781     6.5595 164.513614     4.5899    242.256  0.000e+00
    239.852     7.5244    34.9470    27.3025 1.5873e-01     0.1285      0.018    1484.59     68.787     6.5600 164.513615     4.5903    242.269  0.000e+00
    239.839     7.5244    34.9474    27.3028 1.5873e-01     0.1273      0.018    1484.59     68.792     6.5605 164.513615     4.5906    242.256  0.000e+00
    239.951     7.5244    34.9470    27.3025 1.5873e-01     0.1285      0.015    1484.59     68.797     6.5610 164.513616     4.5910    242.369  0.000e+00
    239.926     7.5243    34.9471    27.3026 1.5873e-01     0.1273      0.018    1484.59     68.801     6.5614 164.513616     4.5913    242.344  0.000e+00
    239.964     7.5244    34.9470    27.3025 1.5873e-01     0.1285      0.018    1484.59     68.805     6.5618 164.513617     4.5916    242.383  0.000e+00
    239.976     7.5244    34.9472    27.3027 1.5873e-01     0.1285      0.018    1484.59     68.809     6.5621 164.513617     4.5918    242.394  0.000e+00
    240.001     7.5243    34.9472    27.3027 1.5873e-01     0.1273      0.018    1484.59     68.813     6.5625 164.513618     4.5921    242.420  0.000e+00
    240.025     7.5243    34.9472    27.3026 1.5873e-01     0.1273      0.018    1484.59     68.816     6.5628 164.513618     4.5923    242.445  0.000e+00
    240.050     7.5244    34.9469    27.3024 1.5873e-01     0.1285      0.018    1484.59     68.883     6.5692 164.513619     4.5967    242.470  0.000e+00
    240.087     7.5243    34.9474    27.3028 1.5873e-01     0.1273      0.018    1484.59     68.893     6.5701 164.513619     4.5974    242.506  0.000e+00
    240.113     7.5244    34.9472    27.3027 1.5873e-01     0.1273      0.018    1484.59     68.838     6.5649 164.513620     4.5937    242.533  0.000e+00
    240.136     7.5243    34.9471    27.3026 1.5873e-01     0.1285      0.018    1484.59     68.840     6.5651 164.513620     4.5938    242.556  0.000e+00
    240.149     7.5243    34.9471    27.3026 1.5873e-01     0.1285      0.018    1484.59     68.840     6.5651 164.513621     4.5939    242.570  0.000e+00
    240.186     7.5243    34.9470    27.3025 1.5873e-01     0.1285      0.018    1484.59     68.841     6.5652 164.513621     4.5939    242.606  0.000e+00
    240.199     7.5244    34.9471    27.3025 1.5873e-01     0.1285      0.018    1484.59     68.841     6.5652 164.513622     4.5939    242.620  0.000e+00
    240.248     7.5243    34.9471    27.3026 1.5873e-01     0.1273      0.018    1484.59     68.841     6.5652 164.513622     4.5940    242.670  0.000e+00
    240.260     7.5241    34.9472    27.3027 1.5873e-01     0.1285      0.018    1484.59     68.841     6.5652 164.513623     4.5939    242.681  0.000e+00
    240.298     7.5241    34.9474    27.3028 1.5873e-01     0.1285      0.018    1484.59     68.904     6.5712 164.513623     4.5982    242.720  0.000e+00
    240.311     7.5241    34.9470    27.3026 1.5873e-01     0.1285      0.018    1484.59     68.846     6.5658 164.513624     4.5943    242.733  0.000e+00
    240.347     7.5241    34.9475    27.3030 1.5873e-01     0.1273      0.018    1484.59     68.845     6.5656 164.513624     4.5942    242.770  0.000e+00
    240.372     7.5244    34.9467    27.3023 1.5873e-01     0.1285      0.018    1484.59     68.843     6.5654 164.513625     4.5940    242.795  0.000e+00
    240.397     7.5241    34.9470    27.3026 1.5873e-01     0.1273      0.018    1484.59     68.840     6.5652 164.513625     4.5939    242.820  0.000e+00
    240.422     7.5241    34.9468    27.3024 1.5873e-01     0.1273      0.018    1484.59     68.901     6.5710 164.513626     4.5980    242.845  0.000e+00
    240.446     7.5243    34.9472    27.3026 1.5873e-01     0.1285      0.018    1484.60     68.842     6.5653 164.513626     4.5940    242.870  0.000e+00
    240.471     7.5239    34.9473    27.3028 1.5873e-01     0.1273      0.018    1484.60     68.838     6.5650 164.513627     4.5938    242.895  0.000e+00
    240.483     7.5241    34.9471    27.3026 1.5873e-01     0.1285      0.018    1484.60     68.834     6.5646 164.513627     4.5935    242.907  0.000e+00
    240.532     7.5243    34.9472    27.3027 1.5873e-01     0.1273      0.018    1484.60     68.830     6.5641 164.513628     4.5932    242.957  0.000e+00
    240.534     7.5243    34.9472    27.3027 1.5873e-01     0.1273      0.018    1484.60     68.825     6.5637 164.513628     4.5929    242.958  0.000e+00
    240.582     7.5243    34.9472    27.3026 1.5873e-01     0.1285      0.018    1484.60     68.820     6.5632 164.513628     4.5926    243.007  0.000e+00
    240.595     7.5244    34.9471    27.3025 1.5873e-01     0.1273      0.018    1484.60     68.815     6.5627 164.513629     4.5922    243.020  0.000e+00
    240.607     7.5243    34.9471    27.3026 1.5873e-01     0.1273      0.018    1484.60     68.809     6.5621 164.513629     4.5918    243.032  0.000e+00
    240.645     7.5243    34.9471    27.3026 1.5873e-01     0.1273      0.018    1484.60     68.803     6.5616 164.513630     4.5914    243.070  0.000e+00
    240.656     7.5243    34.9469    27.3025 1.5873e-01     0.1273      0.018    1484.60     68.797     6.5610 164.513630     4.5910    243.082  0.000e+00
    240.706     7.5243    34.9470    27.3025 1.5873e-01     0.1273      0.018    1484.60     68.790     6.5604 164.513631     4.5906    243.132  0.000e+00
    240.707     7.5243    34.9472    27.3026 1.5873e-01     0.1285      0.018    1484.60     68.783     6.5597 164.513631     4.5901    243.134  0.000e+00
    240.719     7.5243    34.9474    27.3028 1.5873e-01     0.1285      0.018    1484.60     68.776     6.5589 164.513632     4.5896    243.145  0.000e+00
    240.768     7.5243    34.9471    27.3026 1.5873e-01     0.1273      0.018    1484.60     68.768     6.5582 164.513632     4.5891    243.195  0.000e+00
    240.768     7.5246    34.9471    27.3026 1.7094e-01     0.1273      0.018    1484.60     68.760     6.5574 164.513633     4.5885    243.195  0.000e+00
    240.818     7.5244    34.9472    27.3027 1.7094e-01     0.1273      0.018    1484.60     68.752     6.5567 164.513633     4.5880    243.245  0.000e+00
    240.793     7.5246    34.9471    27.3025 1.5873e-01     0.1285      0.018    1484.60     68.751     6.5566 164.513634     4.5879    243.220  0.000e+00
    240.843     7.5246    34.9471    27.3026 1.5873e-01     0.1285      0.018    1484.60     68.751     6.5565 164.513634     4.5879    243.270  0.000e+00
    240.867     7.5246    34.9474    27.3028 1.5873e-01     0.1273      0.018    1484.60     68.750     6.5565 164.513635     4.5878    243.295  0.000e+00
    240.879     7.5247    34.9471    27.3025 1.5873e-01     0.1273      0.018    1484.60     68.742     6.5556 164.513635     4.5873    243.307  0.000e+00
    240.892     7.5246    34.9468    27.3023 1.5873e-01     0.1285      0.018    1484.60     68.669     6.5487 164.513636     4.5824    243.321  0.000e+00
    240.917     7.5246    34.9469    27.3024 1.5873e-01     0.1273      0.018    1484.60     68.724     6.5540 164.513636     4.5861    243.346  0.000e+00
    240.953     7.5247    34.9469    27.3024 1.5873e-01     0.1285      0.018    1484.61     68.659     6.5478 164.513637     4.5818    243.382  0.000e+00
    240.966     7.5244    34.9471    27.3026 1.5873e-01     0.1273      0.018    1484.61     68.715     6.5531 164.513637     4.5855    243.396  0.000e+00
    240.978     7.5246    34.9473    27.3027 1.5873e-01     0.1273      0.018    1484.61     68.650     6.5470 164.513638     4.5812    243.407  0.000e+00
    241.004     7.5244    34.9473    27.3028 1.5873e-01     0.1285      0.018    1484.61     68.642     6.5462 164.513638     4.5807    243.434  0.000e+00
