20190611/VT3_20190613_down.cnv
* Sea-Bird SBE 9 Data File:
* FileName = C:\CTD Brukere\NIVA\OKOKYST2019\20190611\VT3_20190613.hex
* Software Version Seasave V 7.23.2
* Temperature SN = 5352
* Conductivity SN = 3840
* Number of Bytes Per Scan = 28
* Number of Voltage Words = 4
* Number of Scans Averaged by the Deck Unit = 1
* NMEA baud rate = 4800
** Ship: R/V Trygve Braarud
** Cruise:
** Station:
** Operator:
# nquan = 14
# nvalues = 22615                                 
# units = specified
# name 0 = depSM: Depth [salt water, m], lat = 59.60
# name 1 = t090C: Temperature [ITS-90, deg C]
# name 2 = sal00: Salinity, Practical [PSU]
# name 3 = sigma-t00: Density [sigma-t, kg/m^3 ]
# name 4 = flSP: Fluorescence, Seapoint
# name 5 = wetStar: Fluorescence, WET Labs WETstar [mg/m^3]
# name 6 = seaTurbMtr: Turbidity, Seapoint [FTU]
# name 7 = svCM: Sound Velocity [Chen-Millero, m/s]
# name 8 = sbeox0PS: Oxygen, SBE 43 [% saturation]
# name 9 = sbeox0Mg/L: Oxygen, SBE 43 [mg/l]
# name 10 = timeJ: Julian Days
# name 11 = sbeox0ML/L: Oxygen, SBE 43 [ml/l]
# name 12 = prDM: Pressure, Digiquartz [db]
# name 13 = flag:  0.000e+00
# span 0 =      0.360,    450.174                 
# span 1 =     6.6417,    13.2623                 
# span 2 =    22.5243,    35.0435                 
# span 3 =    16.7660,    27.5023                 
# span 4 = 1.3431e-01, 1.5263e+00                 
# span 5 =     0.1273,     0.1310                 
# span 6 =      0.011,      0.022                 
# span 7 =    1481.15,    1493.59                 
# span 8 =     49.949,     77.732                 
# span 9 =     4.8574,     7.0774                 
# span 10 = 164.508611, 164.519517                
# span 11 =     3.3989,     4.9523                
# span 12 =      0.364,    454.944                
# span 13 = 0.0000e+00, 0.0000e+00                
# interval = seconds: 0.0416667
# start_time = Jun 13 2019 12:12:24 [System UpLoad Time]
# bad_flag = -9.990e-29
*END*
[from data line 16826]
    383.940     6.6512    35.0254    27.4869 1.4652e-01     0.1285      0.018    1483.71     53.600     5.2120 164.516726     3.6471    387.945  0.000e+00
    383.951     6.6514    35.0248    27.4864 1.3431e-01     0.1285      0.018    1483.71     53.601     5.2121 164.516726     3.6471    387.957  0.000e+00
    384.005     6.6511    35.0253    27.4868 1.3431e-01     0.1285      0.018    1483.71     53.538     5.2060 164.516726     3.6429    388.011  0.000e+00
    384.015     6.6511    35.0254    27.4869 1.3431e-01     0.1285      0.018    1483.71     53.534     5.2056 164.516727     3.6426    388.021  0.000e+00
    384.065     6.6511    35.0254    27.4869 1.4652e-01     0.1285      0.018    1483.71     53.532     5.2054 164.516727     3.6424    388.072  0.000e+00
    384.117     6.6509    35.0260    27.4874 1.4652e-01     0.1285      0.018    1483.71     53.532     5.2054 164.516728     3.6424    388.124  0.000e+00
    384.157     6.6509    35.0254    27.4869 1.3431e-01     0.1285      0.018    1483.71     53.524     5.2046 164.516728     3.6419    388.165  0.000e+00
    384.205     6.6509    35.0256    27.4871 1.4652e-01     0.1273      0.018    1483.71     53.518     5.2040 164.516729     3.6415    388.214  0.000e+00
    384.230     6.6507    35.0259    27.4874 1.4652e-01     0.1273      0.018    1483.71     53.513     5.2036 164.516729     3.6412    388.239  0.000e+00
    384.269     6.6507    35.0257    27.4871 1.4652e-01     0.1273      0.018    1483.71     53.444     5.1969 164.516730     3.6365    388.278  0.000e+00
    384.309     6.6509    35.0256    27.4871 1.3431e-01     0.1285      0.018    1483.71     53.500     5.2023 164.516730     3.6402    388.318  0.000e+00
    384.344     6.6511    35.0256    27.4870 1.3431e-01     0.1285      0.018    1483.72     53.508     5.2031 164.516731     3.6408    388.354  0.000e+00
    384.382     6.6512    35.0257    27.4871 1.3431e-01     0.1273      0.018    1483.72     53.510     5.2032 164.516731     3.6409    388.393  0.000e+00
    384.432     6.6512    35.0254    27.4869 1.4652e-01     0.1285      0.018    1483.72     53.513     5.2036 164.516732     3.6412    388.443  0.000e+00
    384.457     6.6512    35.0254    27.4868 1.4652e-01     0.1273      0.018    1483.72     53.452     5.1976 164.516732     3.6370    388.469  0.000e+00
    384.497     6.6511    35.0255    27.4870 1.4652e-01     0.1285      0.018    1483.72     53.450     5.1974 164.516733     3.6368    388.509  0.000e+00
    384.534     6.6515    35.0250    27.4865 1.3431e-01     0.1285      0.018    1483.72     53.449     5.1973 164.516733     3.6368    388.547  0.000e+00
    384.571     6.6509    35.0259    27.4873 1.3431e-01     0.1285      0.018    1483.72     53.385     5.1911 164.516734     3.6324    388.584  0.000e+00
    384.598     6.6512    35.0257    27.4871 1.3431e-01     0.1285      0.018    1483.72     53.380     5.1906 164.516734     3.6321    388.611  0.000e+00
    384.648     6.6511    35.0255    27.4870 1.4652e-01     0.1285      0.018    1483.72     53.377     5.1903 164.516735     3.6319    388.661  0.000e+00
    384.688     6.6512    35.0255    27.4870 1.3431e-01     0.1273      0.018    1483.72     53.367     5.1893 164.516735     3.6312    388.702  0.000e+00
    384.711     6.6511    35.0258    27.4872 1.4652e-01     0.1285      0.018    1483.72     53.368     5.1894 164.516736     3.6313    388.726  0.000e+00
    384.761     6.6511    35.0254    27.4869 1.3431e-01     0.1273      0.018    1483.72     53.362     5.1889 164.516736     3.6309    388.776  0.000e+00
    384.800     6.6511    35.0253    27.4868 1.4652e-01     0.1273      0.018    1483.72     53.358     5.1885 164.516737     3.6306    388.815  0.000e+00
    384.825     6.6511    35.0256    27.4870 1.3431e-01     0.1273      0.018    1483.72     53.356     5.1883 164.516737     3.6304    388.840  0.000e+00
    384.850     6.6511    35.0257    27.4871 1.4652e-01     0.1285      0.018    1483.72     53.290     5.1818 164.516738     3.6259    388.866  0.000e+00
    384.903     6.6507    35.0260    27.4874 1.4652e-01     0.1273      0.018    1483.72     53.349     5.1876 164.516738     3.6300    388.920  0.000e+00
    384.927     6.6511    35.0254    27.4868 1.3431e-01     0.1285      0.018    1483.73     53.286     5.1815 164.516739     3.6257    388.944  0.000e+00
    384.952     6.6507    35.0259    27.4873 1.4652e-01     0.1273      0.018    1483.73     53.349     5.1876 164.516739     3.6300    388.969  0.000e+00
    384.988     6.6507    35.0260    27.4874 1.3431e-01     0.1285      0.018    1483.73     53.291     5.1819 164.516739     3.6260    389.006  0.000e+00
    385.002     6.6509    35.0258    27.4872 1.4652e-01     0.1273      0.018    1483.73     53.291     5.1820 164.516740     3.6261    389.020  0.000e+00
    385.040     6.6511    35.0258    27.4872 1.3431e-01     0.1273      0.018    1483.73     53.285     5.1814 164.516740     3.6256    389.058  0.000e+00
    385.069     6.6509    35.0258    27.4873 1.3431e-01     0.1285      0.018    1483.73     53.290     5.1819 164.516741     3.6260    389.087  0.000e+00
    385.090     6.6509    35.0260    27.4874 1.3431e-01     0.1273      0.018    1483.73     53.288     5.1817 164.516741     3.6259    389.109  0.000e+00
    385.115     6.6509    35.0258    27.4872 1.4652e-01     0.1273      0.018    1483.73     53.288     5.1817 164.516742     3.6258    389.134  0.000e+00
    385.140     6.6509    35.0259    27.4873 1.4652e-01     0.1285      0.018    1483.73     53.290     5.1818 164.516742     3.6260    389.160  0.000e+00
    385.167     6.6509    35.0258    27.4872 1.4652e-01     0.1273      0.018    1483.73     53.293     5.1822 164.516743     3.6262    389.187  0.000e+00
    385.179     6.6511    35.0258    27.4872 1.4652e-01     0.1285      0.018    1483.73     53.233     5.1763 164.516743     3.6220    389.199  0.000e+00
    385.217     6.6507    35.0259    27.4873 1.4652e-01     0.1273      0.018    1483.73     53.297     5.1826 164.516744     3.6265    389.237  0.000e+00
    385.221     6.6507    35.0261    27.4874 1.4652e-01     0.1285      0.018    1483.73     53.306     5.1835 164.516744     3.6271    389.241  0.000e+00
    385.242     6.6509    35.0258    27.4872 1.4652e-01     0.1285      0.018    1483.73     53.251     5.1781 164.516745     3.6233    389.263  0.000e+00
    385.267     6.6509    35.0259    27.4873 1.5873e-01     0.1285      0.018    1483.73     53.247     5.1777 164.516745     3.6230    389.288  0.000e+00
    385.281     6.6511    35.0252    27.4868 1.5873e-01     0.1285      0.018    1483.73     53.244     5.1774 164.516746     3.6228    389.302  0.000e+00
    385.306     6.6507    35.0260    27.4874 1.4652e-01     0.1273      0.018    1483.73     53.243     5.1773 164.516746     3.6228    389.327  0.000e+00
    385.318     6.6505    35.0261    27.4875 1.4652e-01     0.1273      0.018    1483.73     53.244     5.1774 164.516747     3.6229    389.339  0.000e+00
    385.331     6.6507    35.0258    27.4872 1.4652e-01     0.1285      0.018    1483.73     53.247     5.1777 164.516747     3.6230    389.352  0.000e+00
    385.346     6.6507    35.0258    27.4872 1.4652e-01     0.1273      0.018    1483.73     53.185     5.1717 164.516748     3.6189    389.368  0.000e+00
    385.369     6.6502    35.0265    27.4879 1.4652e-01     0.1273      0.018    1483.73     53.249     5.1779 164.516748     3.6232    389.391  0.000e+00
    385.381     6.6504    35.0265    27.4878 1.4652e-01     0.1285      0.018    1483.73     53.257     5.1787 164.516749     3.6238    389.403  0.000e+00
    385.394     6.6503    35.0263    27.4877 1.4652e-01     0.1285      0.018    1483.73     53.267     5.1797 164.516749     3.6245    389.417  0.000e+00
    385.408     6.6507    35.0258    27.4872 1.4652e-01     0.1285      0.018    1483.73     53.279     5.1809 164.516750     3.6253    389.430  0.000e+00
    385.433     6.6505    35.0264    27.4878 1.3431e-01     0.1273      0.018    1483.73     53.284     5.1813 164.516750     3.6256    389.455  0.000e+00
    385.444     6.6505    35.0264    27.4877 1.3431e-01     0.1285      0.018    1483.73     53.225     5.1755 164.516751     3.6215    389.467  0.000e+00
    385.444     6.6505    35.0263    27.4877 1.3431e-01     0.1273      0.018    1483.73     53.290     5.1819 164.516751     3.6260    389.467  0.000e+00
    385.470     6.6505    35.0265    27.4878 1.3431e-01     0.1285      0.018    1483.73     53.299     5.1828 164.516752     3.6266    389.493  0.000e+00
    385.473     6.6509    35.0260    27.4874 1.4652e-01     0.1285      0.018    1483.73     53.244     5.1774 164.516752     3.6229    389.496  0.000e+00
    385.483     6.6505    35.0263    27.4876 1.4652e-01     0.1273      0.018    1483.73     53.248     5.1778 164.516753     3.6232    389.506  0.000e+00
    385.508     6.6509    35.0256    27.4871 1.4652e-01     0.1273      0.018    1483.73     53.254     5.1784 164.516753     3.6235    389.531  0.000e+00
    385.521     6.6506    35.0263    27.4877 1.4652e-01     0.1285      0.018    1483.73     53.253     5.1783 164.516753     3.6235    389.545  0.000e+00
    385.546     6.6505    35.0260    27.4875 1.4652e-01     0.1273      0.018    1483.73     53.262     5.1792 164.516754     3.6241    389.570  0.000e+00
    385.546     6.6505    35.0261    27.4875 1.4652e-01     0.1285      0.018    1483.73     53.273     5.1802 164.516754     3.6248    389.570  0.000e+00
    385.571     6.6507    35.0260    27.4874 1.4652e-01     0.1285      0.018    1483.74     53.351     5.1879 164.516755     3.6302    389.596  0.000e+00
    385.571     6.6507    35.0262    27.4876 1.4652e-01     0.1285      0.018    1483.74     53.308     5.1836 164.516755     3.6272    389.596  0.000e+00
    385.585     6.6509    35.0259    27.4873 1.3431e-01     0.1273      0.018    1483.74     53.315     5.1843 164.516756     3.6277    389.609  0.000e+00
    385.586     6.6509    35.0261    27.4874 1.3431e-01     0.1285      0.018    1483.74     53.323     5.1851 164.516756     3.6282    389.611  0.000e+00
    385.647     6.6505    35.0263    27.4876 1.3431e-01     0.1285      0.018    1483.74     53.334     5.1861 164.516757     3.6290    389.672  0.000e+00
    385.635     6.6509    35.0263    27.4876 1.3431e-01     0.1285      0.018    1483.74     53.336     5.1863 164.516757     3.6291    389.660  0.000e+00
    385.647     6.6511    35.0261    27.4874 1.4652e-01     0.1285      0.018    1483.74     53.339     5.1866 164.516758     3.6293    389.672  0.000e+00
    385.685     6.6505    35.0265    27.4878 1.4652e-01     0.1273      0.018    1483.74     53.344     5.1871 164.516758     3.6296    389.711  0.000e+00
    385.685     6.6509    35.0264    27.4877 1.4652e-01     0.1273      0.018    1483.74     53.349     5.1876 164.516759     3.6300    389.711  0.000e+00
    385.710     6.6511    35.0258    27.4872 1.4652e-01     0.1273      0.018    1483.74     53.356     5.1882 164.516759     3.6304    389.736  0.000e+00
    385.723     6.6509    35.0260    27.4874 1.4652e-01     0.1285      0.018    1483.74     53.363     5.1890 164.516760     3.6309    389.749  0.000e+00
    385.748     6.6507    35.0260    27.4874 1.4652e-01     0.1273      0.018    1483.74     53.306     5.1835 164.516760     3.6271    389.775  0.000e+00
    385.748     6.6505    35.0264    27.4877 1.4652e-01     0.1285      0.018    1483.74     53.308     5.1836 164.516761     3.6272    389.775  0.000e+00
    385.787     6.6507    35.0260    27.4874 1.4652e-01     0.1285      0.018    1483.74     53.302     5.1830 164.516761     3.6268    389.814  0.000e+00
    385.799     6.6505    35.0261    27.4875 1.3431e-01     0.1273      0.018    1483.74     53.372     5.1898 164.516762     3.6315    389.825  0.000e+00
    385.815     6.6504    35.0262    27.4876 1.4652e-01     0.1285      0.018    1483.74     53.311     5.1839 164.516762     3.6274    389.842  0.000e+00
    385.837     6.6502    35.0264    27.4878 1.4652e-01     0.1285      0.018    1483.74     53.317     5.1846 164.516763     3.6278    389.864  0.000e+00
    385.875     6.6501    35.0266    27.4879 1.4652e-01     0.1273      0.018    1483.74     53.316     5.1845 164.516763     3.6278    389.903  0.000e+00
    385.887     6.6502    35.0264    27.4878 1.4652e-01     0.1285      0.018    1483.74     53.381     5.1908 164.516764     3.6322    389.915  0.000e+00
    385.901     6.6501    35.0265    27.4879 1.3431e-01     0.1285      0.018    1483.74     53.325     5.1853 164.516764     3.6284    389.928  0.000e+00
    385.926     6.6501    35.0265    27.4879 1.4652e-01     0.1285      0.018    1483.74     53.326     5.1855 164.516765     3.6285    389.954  0.000e+00
    385.951     6.6502    35.0261    27.4875 1.3431e-01     0.1285      0.018    1483.74     53.329     5.1857 164.516765     3.6287    389.979  0.000e+00
    385.964     6.6501    35.0266    27.4880 1.4652e-01     0.1285      0.018    1483.74     53.333     5.1861 164.516766     3.6289    389.993  0.000e+00
    386.002     6.6501    35.0266    27.4879 1.4652e-01     0.1273      0.018    1483.74     53.337     5.1866 164.516766     3.6293    390.032  0.000e+00
    386.014     6.6502    35.0261    27.4875 1.3431e-01     0.1285      0.018    1483.74     53.343     5.1871 164.516766     3.6296    390.043  0.000e+00
    386.053     6.6501    35.0265    27.4879 1.3431e-01     0.1273      0.018    1483.74     53.341     5.1869 164.516767     3.6295    390.082  0.000e+00
    386.053     6.6502    35.0261    27.4875 1.4652e-01     0.1285      0.018    1483.74     53.349     5.1877 164.516767     3.6300    390.082  0.000e+00
    386.078     6.6502    35.0264    27.4878 1.3431e-01     0.1273      0.018    1483.74     53.358     5.1885 164.516768     3.6306    390.108  0.000e+00
    386.128     6.6501    35.0265    27.4879 1.4652e-01     0.1273      0.018    1483.74     53.359     5.1886 164.516768     3.6307    390.158  0.000e+00
    386.128     6.6501    35.0262    27.4876 1.3431e-01     0.1285      0.018    1483.74     53.295     5.1824 164.516769     3.6263    390.158  0.000e+00
    386.166     6.6501    35.0263    27.4877 1.4652e-01     0.1285      0.018    1483.74     53.289     5.1818 164.516769     3.6259    390.197  0.000e+00
    386.195     6.6501    35.0261    27.4876 1.4652e-01     0.1285      0.018    1483.74     53.284     5.1814 164.516770     3.6256    390.226  0.000e+00
    386.216     6.6502    35.0261    27.4875 1.5873e-01     0.1285      0.018    1483.74     53.280     5.1810 164.516770     3.6253    390.248  0.000e+00
    386.243     6.6501    35.0266    27.4879 1.4652e-01     0.1273      0.018    1483.75     53.277     5.1807 164.516771     3.6252    390.275  0.000e+00
    386.268     6.6501    35.0266    27.4880 1.4652e-01     0.1285      0.018    1483.75     53.267     5.1797 164.516771     3.6244    390.300  0.000e+00
    386.293     6.6502    35.0265    27.4879 1.4652e-01     0.1273      0.018    1483.75     53.266     5.1796 164.516772     3.6244    390.326  0.000e+00
    386.318     6.6504    35.0261    27.4875 1.4652e-01     0.1285      0.018    1483.75     53.200     5.1732 164.516772     3.6199    390.351  0.000e+00
    386.357     6.6501    35.0268    27.4881 1.4652e-01     0.1285      0.018    1483.75     53.259     5.1789 164.516773     3.6239    390.390  0.000e+00
    386.395     6.6504    35.0264    27.4878 1.4652e-01     0.1273      0.018    1483.75     53.262     5.1792 164.516773     3.6241    390.429  0.000e+00
    386.407     6.6502    35.0262    27.4876 1.4652e-01     0.1273      0.018    1483.75     53.266     5.1796 164.516774     3.6244    390.440  0.000e+00
    386.445     6.6502    35.0266    27.4879 1.3431e-01     0.1273      0.018    1483.75     53.262     5.1792 164.516774     3.6241    390.479  0.000e+00
    386.470     6.6505    35.0259    27.4874 1.3431e-01     0.1285      0.018    1483.75     53.267     5.1797 164.516775     3.6244    390.505  0.000e+00
