20190611/VT3_20190613_down.cnv
* Sea-Bird SBE 9 Data File:
* FileName = C:\CTD Brukere\NIVA\OKOKYST2019\20190611\VT3_20190613.hex
* Software Version Seasave V 7.23.2
* Temperature SN = 5352
* Conductivity SN = 3840
* Number of Bytes Per Scan = 28
* Number of Voltage Words = 4
* Number of Scans Averaged by the Deck Unit = 1
* NMEA baud rate = 4800
** Ship: R/V Trygve Braarud
** Cruise:
** Station:
** Operator:
# nquan = 14
# nvalues = 22615                                 
# units = specified
# name 0 = depSM: Depth [salt water, m], lat = 59.60
# name 1 = t090C: Temperature [ITS-90, deg C]
# name 2 = sal00: Salinity, Practical [PSU]
# name 3 = sigma-t00: Density [sigma-t, kg/m^3 ]
# name 4 = flSP: Fluorescence, Seapoint
# name 5 = wetStar: Fluorescence, WET Labs WETstar [mg/m^3]
# name 6 = seaTurbMtr: Turbidity, Seapoint [FTU]
# name 7 = svCM: Sound Velocity [Chen-Millero, m/s]
# name 8 = sbeox0PS: Oxygen, SBE 43 [% saturation]
# name 9 = sbeox0Mg/L: Oxygen, SBE 43 [mg/l]
# name 10 = timeJ: Julian Days
# name 11 = sbeox0ML/L: Oxygen, SBE 43 [ml/l]
# name 12 = prDM: Pressure, Digiquartz [db]
# name 13 = flag:  0.000e+00
# span 0 =      0.360,    450.174                 
# span 1 =     6.6417,    13.2623                 
# span 2 =    22.5243,    35.0435                 
# span 3 =    16.7660,    27.5023                 
# span 4 = 1.3431e-01, 1.5263e+00                 
# span 5 =     0.1273,     0.1310                 
# span 6 =      0.011,      0.022                 
# span 7 =    1481.15,    1493.59                 
# span 8 =     49.949,     77.732                 
# span 9 =     4.8574,     7.0774                 
# span 10 = 164.508611, 164.519517                
# span 11 =     3.3989,     4.9523                
# span 12 =      0.364,    454.944                
# span 13 = 0.0000e+00, 0.0000e+00                
# interval = seconds: 0.0416667
# start_time = Jun 13 2019 12:12:24 [System UpLoad Time]
# bad_flag = -9.990e-29
*END*
[from data line 3923]
     89.515     7.6324    34.9053    27.2540 1.5873e-01     0.1273      0.018    1482.45     68.835     6.5504 164.510503     4.5836     90.384  0.000e+00
     89.525     7.6322    34.9047    27.2535 1.5873e-01     0.1285      0.018    1482.45     68.840     6.5509 164.510503     4.5839     90.394  0.000e+00
     89.550     7.6318    34.9052    27.2540 1.5873e-01     0.1285      0.018    1482.45     68.844     6.5513 164.510504     4.5842     90.419  0.000e+00
     89.576     7.6318    34.9051    27.2539 1.5873e-01     0.1298      0.018    1482.45     68.909     6.5575 164.510504     4.5886     90.445  0.000e+00
     89.585     7.6314    34.9057    27.2545 1.5873e-01     0.1285      0.018    1482.45     68.864     6.5532 164.510505     4.5856     90.455  0.000e+00
     89.597     7.6317    34.9060    27.2547 1.7094e-01     0.1273      0.018    1482.45     68.935     6.5599 164.510505     4.5902     90.467  0.000e+00
     89.625     7.6325    34.9060    27.2545 1.7094e-01     0.1285      0.018    1482.45     68.880     6.5546 164.510506     4.5865     90.495  0.000e+00
     89.646     7.6335    34.9056    27.2541 1.5873e-01     0.1273      0.018    1482.46     68.941     6.5603 164.510506     4.5905     90.516  0.000e+00
     89.646     7.6337    34.9056    27.2540 1.5873e-01     0.1285      0.018    1482.46     68.947     6.5608 164.510507     4.5908     90.516  0.000e+00
     89.670     7.6336    34.9058    27.2542 1.7094e-01     0.1285      0.018    1482.46     68.951     6.5612 164.510507     4.5911     90.541  0.000e+00
     89.685     7.6339    34.9059    27.2542 1.7094e-01     0.1285      0.018    1482.46     68.954     6.5614 164.510508     4.5913     90.556  0.000e+00
     89.706     7.6338    34.9058    27.2542 1.7094e-01     0.1285      0.018    1482.46     68.956     6.5616 164.510508     4.5914     90.577  0.000e+00
     89.731     7.6337    34.9056    27.2540 1.7094e-01     0.1285      0.018    1482.46     68.956     6.5617 164.510509     4.5915     90.602  0.000e+00
     89.734     7.6334    34.9058    27.2542 1.7094e-01     0.1298      0.018    1482.46     69.018     6.5676 164.510509     4.5956     90.605  0.000e+00
     89.766     7.6331    34.9063    27.2547 1.7094e-01     0.1285      0.018    1482.46     69.023     6.5681 164.510510     4.5960     90.638  0.000e+00
     89.766     7.6333    34.9063    27.2546 1.7094e-01     0.1285      0.015    1482.46     69.034     6.5691 164.510510     4.5967     90.638  0.000e+00
     89.791     7.6337    34.9062    27.2544 1.7094e-01     0.1285      0.018    1482.46     69.036     6.5693 164.510511     4.5968     90.663  0.000e+00
     89.794     7.6337    34.9060    27.2543 1.7094e-01     0.1285      0.018    1482.46     69.037     6.5694 164.510511     4.5968     90.666  0.000e+00
     89.840     7.6340    34.9064    27.2546 1.7094e-01     0.1273      0.018    1482.46     69.044     6.5700 164.510512     4.5973     90.712  0.000e+00
     89.840     7.6342    34.9064    27.2545 1.7094e-01     0.1285      0.018    1482.46     69.050     6.5705 164.510512     4.5976     90.712  0.000e+00
     89.851     7.6342    34.9067    27.2548 1.7094e-01     0.1273      0.018    1482.46     69.117     6.5768 164.510513     4.6021     90.723  0.000e+00
     89.866     7.6347    34.9073    27.2552 1.7094e-01     0.1285      0.018    1482.47     69.127     6.5777 164.510513     4.6027     90.738  0.000e+00
     89.887     7.6352    34.9073    27.2551 1.7094e-01     0.1285      0.018    1482.47     69.136     6.5785 164.510514     4.6032     90.760  0.000e+00
     89.912     7.6362    34.9071    27.2548 1.7094e-01     0.1285      0.018    1482.47     69.143     6.5790 164.510514     4.6036     90.784  0.000e+00
     89.936     7.6365    34.9071    27.2548 1.7094e-01     0.1285      0.018    1482.47     69.149     6.5795 164.510515     4.6040     90.809  0.000e+00
     89.939     7.6368    34.9071    27.2548 1.7094e-01     0.1285      0.018    1482.48     69.153     6.5799 164.510515     4.6042     90.812  0.000e+00
     89.972     7.6370    34.9070    27.2547 1.5873e-01     0.1285      0.018    1482.48     69.156     6.5801 164.510516     4.6044     90.845  0.000e+00
     89.985     7.6371    34.9072    27.2548 1.5873e-01     0.1285      0.018    1482.48     69.157     6.5802 164.510516     4.6044     90.858  0.000e+00
     90.009     7.6371    34.9072    27.2548 1.5873e-01     0.1273      0.018    1482.48     69.156     6.5801 164.510516     4.6044     90.883  0.000e+00
     90.011     7.6374    34.9070    27.2546 1.5873e-01     0.1273      0.018    1482.48     69.154     6.5799 164.510517     4.6042     90.885  0.000e+00
     90.045     7.6375    34.9073    27.2548 1.7094e-01     0.1285      0.018    1482.48     69.151     6.5796 164.510517     4.6040     90.919  0.000e+00
     90.081     7.6376    34.9072    27.2547 1.5873e-01     0.1285      0.018    1482.48     69.208     6.5850 164.510518     4.6078     90.956  0.000e+00
     90.081     7.6378    34.9072    27.2547 1.5873e-01     0.1285      0.018    1482.48     69.146     6.5791 164.510518     4.6036     90.956  0.000e+00
     90.109     7.6377    34.9075    27.2549 1.5873e-01     0.1285      0.018    1482.48     69.200     6.5842 164.510519     4.6072     90.984  0.000e+00
     90.130     7.6375    34.9074    27.2549 1.5873e-01     0.1273      0.018    1482.48     69.205     6.5847 164.510519     4.6076     91.005  0.000e+00
     90.154     7.6376    34.9070    27.2546 1.5873e-01     0.1285      0.018    1482.48     69.208     6.5850 164.510520     4.6078     91.030  0.000e+00
     90.177     7.6376    34.9072    27.2547 1.5873e-01     0.1285      0.018    1482.48     69.210     6.5852 164.510520     4.6079     91.053  0.000e+00
     90.205     7.6370    34.9072    27.2548 1.5873e-01     0.1285      0.018    1482.48     69.210     6.5853 164.510521     4.6080     91.081  0.000e+00
     90.226     7.6370    34.9072    27.2548 1.5873e-01     0.1273      0.018    1482.48     69.209     6.5852 164.510521     4.6079     91.102  0.000e+00
     90.262     7.6368    34.9074    27.2550 1.5873e-01     0.1285      0.018    1482.48     69.206     6.5849 164.510522     4.6077     91.138  0.000e+00
     90.275     7.6366    34.9069    27.2546 1.5873e-01     0.1285      0.018    1482.48     69.201     6.5845 164.510522     4.6075     91.152  0.000e+00
     90.303     7.6364    34.9071    27.2548 1.5873e-01     0.1273      0.018    1482.48     69.195     6.5840 164.510523     4.6071     91.180  0.000e+00
     90.335     7.6365    34.9078    27.2554 1.5873e-01     0.1285      0.018    1482.48     69.188     6.5832 164.510523     4.6066     91.213  0.000e+00
     90.347     7.6367    34.9087    27.2560 1.5873e-01     0.1285      0.018    1482.48     69.179     6.5823 164.510524     4.6059     91.224  0.000e+00
     90.384     7.6366    34.9095    27.2567 1.5873e-01     0.1285      0.018    1482.48     69.176     6.5820 164.510524     4.6057     91.262  0.000e+00
     90.407     7.6365    34.9097    27.2569 1.5873e-01     0.1285      0.018    1482.49     69.172     6.5816 164.510525     4.6054     91.285  0.000e+00
     90.435     7.6370    34.9093    27.2564 1.5873e-01     0.1285      0.018    1482.49     69.166     6.5811 164.510525     4.6050     91.313  0.000e+00
     90.469     7.6374    34.9089    27.2560 1.5873e-01     0.1273      0.018    1482.49     69.160     6.5804 164.510526     4.6046     91.348  0.000e+00
     90.481     7.6376    34.9086    27.2558 1.5873e-01     0.1285      0.018    1482.49     69.152     6.5796 164.510526     4.6040     91.359  0.000e+00
     90.529     7.6379    34.9087    27.2559 1.5873e-01     0.1285      0.018    1482.49     69.205     6.5846 164.510527     4.6075     91.408  0.000e+00
     90.541     7.6378    34.9083    27.2555 1.5873e-01     0.1285      0.018    1482.49     69.202     6.5844 164.510527     4.6073     91.420  0.000e+00
     90.593     7.6377    34.9082    27.2554 1.5873e-01     0.1285      0.015    1482.49     69.197     6.5839 164.510528     4.6071     91.473  0.000e+00
     90.601     7.6373    34.9090    27.2561 1.5873e-01     0.1273      0.018    1482.49     69.199     6.5841 164.510528     4.6072     91.481  0.000e+00
     90.626     7.6375    34.9091    27.2562 1.5873e-01     0.1285      0.018    1482.49     69.191     6.5833 164.510529     4.6066     91.506  0.000e+00
     90.662     7.6379    34.9085    27.2557 1.5873e-01     0.1273      0.018    1482.49     69.190     6.5832 164.510529     4.6065     91.542  0.000e+00
     90.699     7.6380    34.9087    27.2558 1.5873e-01     0.1273      0.018    1482.49     69.180     6.5822 164.510530     4.6058     91.580  0.000e+00
     90.702     7.6383    34.9086    27.2557 1.5873e-01     0.1273      0.018    1482.50     69.175     6.5817 164.510530     4.6055     91.583  0.000e+00
     90.771     7.6381    34.9086    27.2557 1.5873e-01     0.1273      0.018    1482.50     69.170     6.5813 164.510530     4.6052     91.652  0.000e+00
     90.782     7.6381    34.9092    27.2562 1.5873e-01     0.1285      0.018    1482.50     69.164     6.5806 164.510531     4.6047     91.664  0.000e+00
     90.795     7.6386    34.9087    27.2557 1.5873e-01     0.1285      0.018    1482.50     69.156     6.5798 164.510531     4.6042     91.677  0.000e+00
     90.831     7.6384    34.9090    27.2560 1.5873e-01     0.1285      0.018    1482.50     69.209     6.5849 164.510532     4.6077     91.713  0.000e+00
     90.867     7.6389    34.9088    27.2558 1.5873e-01     0.1273      0.018    1482.50     69.144     6.5786 164.510532     4.6033     91.749  0.000e+00
     90.896     7.6389    34.9088    27.2558 1.5873e-01     0.1285      0.018    1482.50     69.202     6.5841 164.510533     4.6072     91.779  0.000e+00
     90.916     7.6389    34.9090    27.2559 1.5873e-01     0.1285      0.018    1482.50     69.142     6.5784 164.510533     4.6032     91.799  0.000e+00
     90.965     7.6389    34.9091    27.2560 1.5873e-01     0.1285      0.018    1482.50     69.198     6.5837 164.510534     4.6069     91.848  0.000e+00
     90.976     7.6391    34.9090    27.2559 1.7094e-01     0.1273      0.018    1482.50     69.198     6.5837 164.510534     4.6069     91.860  0.000e+00
     91.014     7.6392    34.9090    27.2559 1.5873e-01     0.1285      0.018    1482.50     69.196     6.5836 164.510535     4.6068     91.898  0.000e+00
     91.037     7.6394    34.9090    27.2558 1.5873e-01     0.1285      0.018    1482.51     69.194     6.5833 164.510535     4.6066     91.921  0.000e+00
     91.074     7.6391    34.9095    27.2563 1.5873e-01     0.1273      0.018    1482.51     69.252     6.5889 164.510536     4.6105     91.958  0.000e+00
     91.102     7.6394    34.9090    27.2559 1.5873e-01     0.1285      0.018    1482.51     69.200     6.5839 164.510536     4.6070     91.986  0.000e+00
     91.121     7.6395    34.9088    27.2557 1.7094e-01     0.1273      0.018    1482.51     69.201     6.5840 164.510537     4.6071     92.006  0.000e+00
     91.159     7.6392    34.9096    27.2564 1.7094e-01     0.1285      0.018    1482.51     69.202     6.5841 164.510537     4.6072     92.044  0.000e+00
     91.195     7.6396    34.9092    27.2560 1.7094e-01     0.1285      0.018    1482.51     69.202     6.5840 164.510538     4.6071     92.080  0.000e+00
     91.206     7.6395    34.9094    27.2562 1.5873e-01     0.1285      0.018    1482.51     69.200     6.5839 164.510538     4.6070     92.092  0.000e+00
     91.231     7.6395    34.9091    27.2559 1.5873e-01     0.1285      0.018    1482.51     69.198     6.5837 164.510539     4.6069     92.117  0.000e+00
     91.280     7.6394    34.9090    27.2559 1.5873e-01     0.1285      0.018    1482.51     69.195     6.5834 164.510539     4.6067     92.166  0.000e+00
     91.291     7.6394    34.9085    27.2555 1.5873e-01     0.1285      0.018    1482.51     69.128     6.5771 164.510540     4.6023     92.178  0.000e+00
     91.332     7.6391    34.9091    27.2560 1.5873e-01     0.1273      0.018    1482.51     69.179     6.5819 164.510540     4.6056     92.219  0.000e+00
     91.351     7.6391    34.9091    27.2560 1.5873e-01     0.1285      0.018    1482.51     69.173     6.5814 164.510541     4.6053     92.238  0.000e+00
     91.376     7.6391    34.9093    27.2562 1.7094e-01     0.1273      0.018    1482.51     69.166     6.5807 164.510541     4.6048     92.263  0.000e+00
     91.412     7.6394    34.9097    27.2564 1.7094e-01     0.1285      0.018    1482.51     69.167     6.5807 164.510542     4.6048     92.299  0.000e+00
     91.425     7.6397    34.9095    27.2562 1.7094e-01     0.1285      0.018    1482.51     69.158     6.5799 164.510542     4.6042     92.313  0.000e+00
     91.461     7.6395    34.9099    27.2565 1.5873e-01     0.1285      0.018    1482.51     69.157     6.5798 164.510543     4.6041     92.349  0.000e+00
     91.496     7.6399    34.9097    27.2563 1.5873e-01     0.1285      0.018    1482.52     69.218     6.5855 164.510543     4.6081     92.385  0.000e+00
     91.521     7.6400    34.9092    27.2559 1.5873e-01     0.1285      0.018    1482.52     69.160     6.5800 164.510543     4.6043     92.410  0.000e+00
     91.545     7.6402    34.9095    27.2562 1.5873e-01     0.1285      0.018    1482.52     69.219     6.5855 164.510544     4.6082     92.434  0.000e+00
     91.550     7.6404    34.9097    27.2563 1.5873e-01     0.1285      0.015    1482.52     69.221     6.5858 164.510544     4.6083     92.439  0.000e+00
     91.606     7.6407    34.9095    27.2560 1.5873e-01     0.1285      0.018    1482.52     69.224     6.5859 164.510545     4.6085     92.495  0.000e+00
     91.630     7.6407    34.9093    27.2559 1.5873e-01     0.1285      0.018    1482.52     69.225     6.5861 164.510545     4.6085     92.520  0.000e+00
     91.666     7.6402    34.9093    27.2560 1.5873e-01     0.1285      0.015    1482.52     69.163     6.5802 164.510546     4.6045     92.556  0.000e+00
     91.690     7.6404    34.9093    27.2559 1.5873e-01     0.1285      0.018    1482.52     69.155     6.5795 164.510546     4.6039     92.581  0.000e+00
     91.715     7.6403    34.9092    27.2559 1.5873e-01     0.1285      0.018    1482.52     69.209     6.5846 164.510547     4.6075     92.606  0.000e+00
     91.739     7.6403    34.9098    27.2564 1.5873e-01     0.1273      0.018    1482.52     69.207     6.5844 164.510547     4.6074     92.630  0.000e+00
     91.751     7.6407    34.9095    27.2561 1.5873e-01     0.1285      0.018    1482.52     69.204     6.5841 164.510548     4.6071     92.642  0.000e+00
     91.800     7.6407    34.9097    27.2562 1.5873e-01     0.1273      0.018    1482.52     69.138     6.5778 164.510548     4.6027     92.691  0.000e+00
     91.824     7.6408    34.9098    27.2563 1.5873e-01     0.1285      0.018    1482.53     69.188     6.5825 164.510549     4.6061     92.716  0.000e+00
     91.836     7.6405    34.9098    27.2563 1.5873e-01     0.1273      0.018    1482.52     69.183     6.5821 164.510549     4.6057     92.728  0.000e+00
     91.896     7.6405    34.9098    27.2563 1.5873e-01     0.1273      0.018    1482.53     69.177     6.5815 164.510550     4.6053     92.789  0.000e+00
     91.909     7.6405    34.9101    27.2566 1.5873e-01     0.1285      0.018    1482.53     69.177     6.5815 164.510550     4.6054     92.802  0.000e+00
     91.925     7.6407    34.9099    27.2563 1.5873e-01     0.1285      0.018    1482.53     69.177     6.5815 164.510551     4.6053     92.818  0.000e+00
     91.945     7.6408    34.9103    27.2567 1.5873e-01     0.1285      0.018    1482.53     69.176     6.5814 164.510551     4.6053     92.838  0.000e+00
     91.994     7.6405    34.9102    27.2566 1.5873e-01     0.1273      0.018    1482.53     69.175     6.5813 164.510552     4.6052     92.887  0.000e+00
