20190611/VT3_20190613_down.cnv
* Sea-Bird SBE 9 Data File:
* FileName = C:\CTD Brukere\NIVA\OKOKYST2019\20190611\VT3_20190613.hex
* Software Version Seasave V 7.23.2
* Temperature SN = 5352
* Conductivity SN = 3840
* Number of Bytes Per Scan = 28
* Number of Voltage Words = 4
* Number of Scans Averaged by the Deck Unit = 1
* NMEA baud rate = 4800
** Ship: R/V Trygve Braarud
** Cruise:
** Station:
** Operator:
# nquan = 14
# nvalues = 22615                                 
# units = specified
# name 0 = depSM: Depth [salt water, m], lat = 59.60
# name 1 = t090C: Temperature [ITS-90, deg C]
# name 2 = sal00: Salinity, Practical [PSU]
# name 3 = sigma-t00: Density [sigma-t, kg/m^3 ]
# name 4 = flSP: Fluorescence, Seapoint
# name 5 = wetStar: Fluorescence, WET Labs WETstar [mg/m^3]
# name 6 = seaTurbMtr: Turbidity, Seapoint [FTU]
# name 7 = svCM: Sound Velocity [Chen-Millero, m/s]
# name 8 = sbeox0PS: Oxygen, SBE 43 [% saturation]
# name 9 = sbeox0Mg/L: Oxygen, SBE 43 [mg/l]
# name 10 = timeJ: Julian Days
# name 11 = sbeox0ML/L: Oxygen, SBE 43 [ml/l]
# name 12 = prDM: Pressure, Digiquartz [db]
# name 13 = flag:  0.000e+00
# span 0 =      0.360,    450.174                 
# span 1 =     6.6417,    13.2623                 
# span 2 =    22.5243,    35.0435                 
# span 3 =    16.7660,    27.5023                 
# span 4 = 1.3431e-01, 1.5263e+00                 
# span 5 =     0.1273,     0.1310                 
# span 6 =      0.011,      0.022                 
# span 7 =    1481.15,    1493.59                 
# span 8 =     49.949,     77.732                 
# span 9 =     4.8574,     7.0774                 
# span 10 = 164.508611, 164.519517                
# span 11 =     3.3989,     4.9523                
# span 12 =      0.364,    454.944                
# span 13 = 0.0000e+00, 0.0000e+00                
# interval = seconds: 0.0416667
# start_time = Jun 13 2019 12:12:24 [System UpLoad Time]
# bad_flag = -9.990e-29
*END*
[from data line 310]
      3.346    12.7704    24.0009    17.9309 1.3309e+00     0.1298      0.015    1486.46     77.122     7.0316 164.508761     4.9203      3.378  0.000e+00
      3.357    12.7709    23.9801    17.9147 1.3553e+00     0.1298      0.015    1486.44     77.147     7.0347 164.508761     4.9225      3.389  0.000e+00
      3.395    12.7701    23.9614    17.9004 1.3553e+00     0.1298      0.015    1486.42     77.170     7.0377 164.508762     4.9246      3.427  0.000e+00
      3.417    12.7663    23.9696    17.9075 1.3431e+00     0.1298      0.015    1486.41     77.251     7.0453 164.508762     4.9299      3.450  0.000e+00
      3.430    12.7653    24.0102    17.9390 1.3309e+00     0.1285      0.015    1486.46     77.282     7.0465 164.508763     4.9307      3.463  0.000e+00
      3.466    12.7645    24.0420    17.9636 1.3309e+00     0.1298      0.015    1486.49     77.306     7.0474 164.508763     4.9314      3.499  0.000e+00
      3.490    12.7529    24.0761    17.9920 1.3309e+00     0.1298      0.015    1486.49     77.387     7.0551 164.508764     4.9367      3.523  0.000e+00
      3.537    12.7395    24.1458    18.0482 1.2943e+00     0.1298      0.015    1486.53     77.353     7.0509 164.508764     4.9338      3.571  0.000e+00
      3.548    12.7291    24.2428    18.1249 1.2943e+00     0.1298      0.015    1486.61     77.430     7.0552 164.508764     4.9368      3.582  0.000e+00
      3.573    12.7201    24.3325    18.1957 1.2943e+00     0.1298      0.018    1486.68     77.451     7.0545 164.508765     4.9363      3.607  0.000e+00
      3.608    12.7183    24.3912    18.2414 1.2821e+00     0.1298      0.018    1486.75     77.530     7.0594 164.508765     4.9397      3.643  0.000e+00
      3.633    12.7214    24.4094    18.2549 1.2943e+00     0.1298      0.015    1486.78     77.493     7.0547 164.508766     4.9365      3.667  0.000e+00
      3.668    12.7237    24.3977    18.2455 1.3065e+00     0.1298      0.015    1486.78     77.567     7.0616 164.508766     4.9413      3.703  0.000e+00
      3.704    12.7230    24.3821    18.2336 1.3187e+00     0.1298      0.015    1486.76     77.585     7.0641 164.508767     4.9430      3.739  0.000e+00
      3.741    12.7197    24.3844    18.2359 1.3065e+00     0.1298      0.015    1486.75     77.601     7.0659 164.508767     4.9443      3.777  0.000e+00
      3.752    12.7176    24.4059    18.2529 1.3065e+00     0.1298      0.015    1486.77     77.608     7.0659 164.508768     4.9443      3.788  0.000e+00
      3.777    12.7186    24.4254    18.2677 1.3065e+00     0.1298      0.015    1486.79     77.672     7.0707 164.508768     4.9477      3.813  0.000e+00
      3.824    12.7204    24.4286    18.2699 1.2821e+00     0.1298      0.015    1486.80     77.680     7.0710 164.508769     4.9479      3.860  0.000e+00
      3.837    12.7214    24.4195    18.2627 1.2821e+00     0.1298      0.015    1486.80     77.690     7.0722 164.508769     4.9487      3.873  0.000e+00
      3.895    12.7192    24.4099    18.2557 1.2698e+00     0.1285      0.015    1486.78     77.692     7.0732 164.508770     4.9494      3.932  0.000e+00
      3.919    12.7155    24.4100    18.2564 1.2576e+00     0.1298      0.015    1486.77     77.692     7.0737 164.508770     4.9497      3.956  0.000e+00
      3.955    12.7156    24.4173    18.2620 1.2454e+00     0.1298      0.015    1486.78     77.688     7.0730 164.508771     4.9493      3.992  0.000e+00
      3.979    12.7113    24.4254    18.2691 1.2210e+00     0.1298      0.018    1486.77     77.681     7.0727 164.508771     4.9490      4.017  0.000e+00
      4.028    12.7063    24.4403    18.2814 1.1966e+00     0.1298      0.015    1486.77     77.732     7.0774 164.508772     4.9523      4.066  0.000e+00
      4.050    12.7046    24.4602    18.2971 1.1722e+00     0.1298      0.015    1486.79     77.725     7.0761 164.508772     4.9514      4.089  0.000e+00
      4.063    12.7039    24.4745    18.3082 1.1600e+00     0.1298      0.015    1486.80     77.715     7.0747 164.508773     4.9504      4.102  0.000e+00
      4.099    12.7023    24.4887    18.3195 1.1477e+00     0.1298      0.018    1486.82     77.708     7.0736 164.508773     4.9497      4.138  0.000e+00
      4.146    12.7017    24.5029    18.3306 1.1477e+00     0.1298      0.018    1486.83     77.698     7.0722 164.508774     4.9487      4.185  0.000e+00
      4.168    12.7010    24.5139    18.3392 1.1477e+00     0.1298      0.015    1486.84     77.685     7.0706 164.508774     4.9476      4.208  0.000e+00
      4.206    12.7015    24.5165    18.3411 1.1355e+00     0.1298      0.015    1486.85     77.670     7.0691 164.508775     4.9465      4.246  0.000e+00
      4.241    12.7032    24.5133    18.3383 1.1600e+00     0.1298      0.015    1486.85     77.657     7.0678 164.508775     4.9456      4.282  0.000e+00
      4.266    12.7009    24.5094    18.3357 1.1722e+00     0.1298      0.015    1486.84     77.642     7.0669 164.508776     4.9450      4.306  0.000e+00
      4.301    12.6961    24.5204    18.3451 1.1722e+00     0.1298      0.015    1486.84     77.624     7.0656 164.508776     4.9441      4.342  0.000e+00
      4.325    12.6941    24.5608    18.3766 1.1722e+00     0.1298      0.015    1486.88     77.604     7.0622 164.508777     4.9417      4.366  0.000e+00
      4.372    12.6959    24.6310    18.4305 1.1722e+00     0.1298      0.015    1486.97     77.581     7.0567 164.508777     4.9379      4.414  0.000e+00
      4.385    12.6987    24.6847    18.4715 1.1722e+00     0.1298      0.018    1487.04     77.621     7.0576 164.508777     4.9385      4.427  0.000e+00
      4.410    12.7005    24.7141    18.4939 1.1844e+00     0.1298      0.018    1487.08     77.610     7.0550 164.508778     4.9367      4.451  0.000e+00
      4.457    12.7016    24.7284    18.5048 1.1722e+00     0.1298      0.015    1487.10     77.537     7.0476 164.508778     4.9315      4.499  0.000e+00
      4.481    12.7022    24.7406    18.5140 1.1966e+00     0.1298      0.015    1487.12     77.517     7.0451 164.508779     4.9298      4.523  0.000e+00
      4.505    12.7018    24.7605    18.5295 1.2088e+00     0.1285      0.015    1487.14     77.499     7.0427 164.508779     4.9281      4.548  0.000e+00
      4.539    12.6996    24.7989    18.5595 1.2332e+00     0.1298      0.015    1487.18     77.540     7.0451 164.508780     4.9297      4.582  0.000e+00
      4.528    12.6974    24.8536    18.6022 1.2332e+00     0.1298      0.018    1487.24     77.465     7.0361 164.508780     4.9235      4.571  0.000e+00
      4.588    12.6970    24.9122    18.6475 1.2332e+00     0.1298      0.015    1487.31     77.448     7.0321 164.508781     4.9206      4.631  0.000e+00
      4.601    12.6977    24.9467    18.6740 1.2576e+00     0.1298      0.015    1487.35     77.429     7.0287 164.508781     4.9183      4.644  0.000e+00
      4.636    12.7004    24.9517    18.6774 1.2698e+00     0.1298      0.015    1487.37     77.409     7.0263 164.508782     4.9166      4.680  0.000e+00
      4.670    12.7056    24.9503    18.6754 1.2698e+00     0.1298      0.015    1487.38     77.392     7.0241 164.508782     4.9151      4.715  0.000e+00
      4.683    12.7083    24.9794    18.6974 1.2698e+00     0.1298      0.015    1487.43     77.375     7.0208 164.508783     4.9127      4.728  0.000e+00
      4.707    12.7060    25.0520    18.7539 1.2454e+00     0.1298      0.015    1487.50     77.356     7.0162 164.508783     4.9095      4.752  0.000e+00
      4.707    12.7024    25.1679    18.8440 1.2454e+00     0.1298      0.015    1487.63     77.335     7.0098 164.508784     4.9050      4.752  0.000e+00
      4.732    12.7021    25.2879    18.9367 1.2454e+00     0.1298      0.015    1487.77     77.319     7.0031 164.508784     4.9004      4.777  0.000e+00
      4.766    12.7045    25.3698    18.9996 1.2576e+00     0.1298      0.015    1487.88     77.302     6.9976 164.508785     4.8965      4.811  0.000e+00
      4.779    12.7155    25.4173    19.0343 1.2576e+00     0.1298      0.015    1487.97     77.284     6.9923 164.508785     4.8928      4.824  0.000e+00
      4.803    12.7274    25.4311    19.0428 1.2454e+00     0.1298      0.015    1488.03     77.270     6.9887 164.508786     4.8903      4.849  0.000e+00
      4.839    12.7340    25.4338    19.0437 1.2576e+00     0.1298      0.015    1488.05     77.256     6.9863 164.508786     4.8886      4.885  0.000e+00
      4.863    12.7380    25.4475    19.0536 1.2821e+00     0.1298      0.015    1488.08     77.240     6.9837 164.508787     4.8868      4.909  0.000e+00
      4.873    12.7498    25.4735    19.0715 1.2821e+00     0.1298      0.015    1488.16     77.230     6.9799 164.508787     4.8841      4.919  0.000e+00
      4.887    12.7862    25.4789    19.0692 1.2698e+00     0.1298      0.015    1488.29     77.213     6.9727 164.508788     4.8791      4.934  0.000e+00
      4.911    12.8128    25.5176    19.0943 1.2698e+00     0.1298      0.015    1488.43     77.201     6.9661 164.508788     4.8744      4.958  0.000e+00
      4.934    12.8220    25.5982    19.1548 1.2943e+00     0.1298      0.015    1488.55     77.188     6.9600 164.508789     4.8702      4.981  0.000e+00
      4.957    12.8228    25.6975    19.2313 1.3309e+00     0.1298      0.015    1488.67     77.180     6.9549 164.508789     4.8667      5.004  0.000e+00
      4.983    12.8209    25.7499    19.2722 1.3675e+00     0.1298      0.015    1488.73     77.166     6.9517 164.508790     4.8644      5.030  0.000e+00
      5.007    12.8217    25.7681    19.2861 1.3431e+00     0.1298      0.015    1488.75     77.158     6.9500 164.508790     4.8632      5.054  0.000e+00
      5.018    12.8243    25.7681    19.2856 1.2943e+00     0.1298      0.018    1488.76     77.148     6.9488 164.508791     4.8623      5.066  0.000e+00
      5.039    12.8311    25.7713    19.2869 1.2698e+00     0.1298      0.015    1488.79     77.139     6.9467 164.508791     4.8609      5.087  0.000e+00
      5.054    12.8371    25.7754    19.2889 1.2454e+00     0.1298      0.015    1488.82     77.128     6.9448 164.508791     4.8595      5.102  0.000e+00
      5.065    12.8413    25.7846    19.2953 1.2210e+00     0.1285      0.015    1488.84     77.124     6.9433 164.508792     4.8585      5.113  0.000e+00
      5.102    12.8367    25.7820    19.2941 1.2210e+00     0.1298      0.015    1488.82     77.119     6.9437 164.508792     4.8588      5.151  0.000e+00
      5.102    12.8398    25.7403    19.2614 1.1966e+00     0.1298      0.015    1488.78     77.054     6.9392 164.508793     4.8556      5.151  0.000e+00
      5.148    12.8456    25.6843    19.2171 1.1966e+00     0.1298      0.015    1488.74     77.043     6.9398 164.508793     4.8560      5.197  0.000e+00
      5.161    12.8522    25.6488    19.1885 1.2088e+00     0.1298      0.015    1488.72     77.032     6.9394 164.508794     4.8558      5.210  0.000e+00
      5.198    12.8629    25.6642    19.1984 1.2210e+00     0.1310      0.015    1488.78     77.021     6.9362 164.508794     4.8535      5.247  0.000e+00
      5.185    12.8796    25.7146    19.2343 1.2210e+00     0.1298      0.015    1488.89     77.011     6.9306 164.508795     4.8496      5.234  0.000e+00
      5.255    12.9191    25.7708    19.2705 1.2210e+00     0.1298      0.015    1489.10     77.007     6.9220 164.508795     4.8436      5.305  0.000e+00
      5.245    12.9516    25.8820    19.3504 1.2210e+00     0.1298      0.015    1489.34     77.002     6.9121 164.508796     4.8367      5.295  0.000e+00
      5.281    12.9714    25.9930    19.4325 1.2332e+00     0.1298      0.015    1489.54     76.998     6.9040 164.508796     4.8310      5.331  0.000e+00
      5.290    12.9865    26.0999    19.5123 1.2454e+00     0.1298      0.015    1489.71     76.994     6.8969 164.508797     4.8260      5.340  0.000e+00
      5.293    12.9962    26.1581    19.5554 1.2454e+00     0.1298      0.018    1489.82     76.990     6.8926 164.508797     4.8230      5.344  0.000e+00
      5.329    13.0036    26.2076    19.5923 1.2454e+00     0.1298      0.015    1489.90     76.986     6.8891 164.508798     4.8206      5.380  0.000e+00
      5.365    13.0193    26.2338    19.6096 1.2454e+00     0.1298      0.015    1489.99     76.924     6.8801 164.508798     4.8143      5.416  0.000e+00
      5.363    13.0206    26.2902    19.6530 1.2576e+00     0.1298      0.015    1490.06     76.974     6.8820 164.508799     4.8156      5.414  0.000e+00
      5.389    13.0050    26.3410    19.6950 1.2576e+00     0.1298      0.015    1490.06     76.912     6.8765 164.508799     4.8117      5.440  0.000e+00
      5.412    12.9989    26.3597    19.7106 1.2576e+00     0.1298      0.015    1490.07     76.903     6.8758 164.508800     4.8113      5.463  0.000e+00
      5.425    13.0006    26.3398    19.6949 1.2332e+00     0.1310      0.015    1490.05     76.896     6.8757 164.508800     4.8112      5.476  0.000e+00
      5.446    12.9987    26.3263    19.6848 1.2210e+00     0.1298      0.015    1490.03     76.889     6.8760 164.508801     4.8114      5.497  0.000e+00
      5.472    12.9975    26.3248    19.6839 1.2210e+00     0.1298      0.015    1490.02     76.888     6.8761 164.508801     4.8115      5.524  0.000e+00
      5.496    13.0059    26.3202    19.6788 1.2332e+00     0.1298      0.015    1490.04     76.888     6.8751 164.508802     4.8108      5.548  0.000e+00
      5.517    13.0191    26.3260    19.6808 1.2332e+00     0.1298      0.015    1490.10     76.824     6.8672 164.508802     4.8053      5.569  0.000e+00
      5.531    13.0281    26.3622    19.7071 1.2210e+00     0.1298      0.015    1490.17     76.814     6.8635 164.508803     4.8026      5.584  0.000e+00
      5.556    13.0344    26.4023    19.7369 1.2332e+00     0.1298      0.018    1490.24     76.864     6.8653 164.508803     4.8040      5.608  0.000e+00
      5.567    13.0430    26.4458    19.7689 1.2454e+00     0.1298      0.015    1490.32     76.807     6.8571 164.508804     4.7982      5.620  0.000e+00
      5.590    13.0568    26.4855    19.7970 1.2332e+00     0.1298      0.015    1490.41     76.799     6.8528 164.508804     4.7952      5.643  0.000e+00
      5.616    13.0699    26.5351    19.8329 1.2332e+00     0.1298      0.015    1490.52     76.792     6.8481 164.508804     4.7919      5.669  0.000e+00
      5.627    13.0845    26.5804    19.8651 1.2332e+00     0.1298      0.015    1490.62     76.786     6.8436 164.508805     4.7887      5.680  0.000e+00
      5.648    13.0967    26.6366    19.9062 1.2210e+00     0.1298      0.015    1490.73     76.780     6.8389 164.508805     4.7855      5.702  0.000e+00
      5.651    13.1055    26.6879    19.9442 1.2088e+00     0.1298      0.015    1490.82     76.775     6.8350 164.508806     4.7827      5.705  0.000e+00
      5.687    13.1108    26.7334    19.9784 1.1966e+00     0.1298      0.015    1490.89     76.711     6.8266 164.508806     4.7769      5.741  0.000e+00
      5.708    13.1134    26.7599    19.9984 1.2088e+00     0.1298      0.015    1490.93     76.702     6.8243 164.508807     4.7753      5.762  0.000e+00
      5.735    13.1152    26.7748    20.0095 1.2088e+00     0.1310      0.015    1490.96     76.694     6.8227 164.508807     4.7741      5.790  0.000e+00
      5.747    13.1184    26.7817    20.0143 1.2210e+00     0.1298      0.015    1490.98     76.687     6.8213 164.508808     4.7731      5.801  0.000e+00
      5.771    13.1213    26.7922    20.0218 1.2088e+00     0.1298      0.015    1491.00     76.681     6.8199 164.508808     4.7722      5.826  0.000e+00
      5.781    13.1238    26.8043    20.0307 1.2088e+00     0.1310      0.015    1491.02     76.616     6.8132 164.508809     4.7675      5.836  0.000e+00
      5.807    13.1259    26.8147    20.0383 1.2088e+00     0.1298      0.015    1491.04     76.606     6.8116 164.508809     4.7664      5.862  0.000e+00
