20190611/VT65_20190612_down.cnv
* Sea-Bird SBE 9 Data File:
* FileName = C:\CTD Brukere\NIVA\OKOKYST2019\20190611\VT65_20190612.hex
* Software Version Seasave V 7.23.2
* Temperature SN = 5352
* Conductivity SN = 3840
* Number of Bytes Per Scan = 28
* Number of Voltage Words = 4
* Number of Scans Averaged by the Deck Unit = 1
* NMEA baud rate = 4800
** Ship: R/V Trygve Braarud
** Cruise:
** Station:
** Operator:
# nquan = 14
# nvalues = 17261                                 
# units = specified
# name 0 = depSM: Depth [salt water, m], lat = 59.60
# name 1 = t090C: Temperature [ITS-90, deg C]
# name 2 = sal00: Salinity, Practical [PSU]
# name 3 = sigma-t00: Density [sigma-t, kg/m^3 ]
# name 4 = flSP: Fluorescence, Seapoint
# name 5 = wetStar: Fluorescence, WET Labs WETstar [mg/m^3]
# name 6 = seaTurbMtr: Turbidity, Seapoint [FTU]
# name 7 = svCM: Sound Velocity [Chen-Millero, m/s]
# name 8 = sbeox0PS: Oxygen, SBE 43 [% saturation]
# name 9 = sbeox0Mg/L: Oxygen, SBE 43 [mg/l]
# name 10 = timeJ: Julian Days
# name 11 = sbeox0ML/L: Oxygen, SBE 43 [ml/l]
# name 12 = prDM: Pressure, Digiquartz [db]
# name 13 = flag:  0.000e+00
# span 0 =      0.404,    349.101                 
# span 1 =     6.7445,    13.4927                 
# span 2 =    25.3907,    34.8546                 
# span 3 =    18.8716,    27.3197                 
# span 4 = 1.2210e-01, 2.4298e+00                 
# span 5 =     0.1273,     0.1322                 
# span 6 =      0.011,      0.022                 
# span 7 =    1479.34,    1491.90                 
# span 8 =     58.050,     78.739                 
# span 9 =     5.6203,     7.0735                 
# span 10 = 163.335231, 163.343555                
# span 11 =     3.9328,     4.9496                
# span 12 =      0.408,    352.713                
# span 13 = 0.0000e+00, 0.0000e+00                
# interval = seconds: 0.0416667
# start_time = Jun 12 2019 08:02:44 [System UpLoad Time]
# bad_flag = -9.990e-29
*END*
[from data line 3097]
     47.496     8.3159    33.0538    25.6990 1.8315e-01     0.1298      0.018    1482.04     70.669     6.7026 163.336725     4.6901     47.953  0.000e+00
     47.505     8.3271    33.0422    25.6882 1.9536e-01     0.1298      0.018    1482.07     70.667     6.7012 163.336726     4.6891     47.961  0.000e+00
     47.519     8.3361    33.0322    25.6791 1.9536e-01     0.1298      0.018    1482.09     70.605     6.6944 163.336726     4.6843     47.975  0.000e+00
     47.553     8.3520    33.0151    25.6632 1.9536e-01     0.1298      0.018    1482.13     70.597     6.6920 163.336726     4.6827     48.010  0.000e+00
     47.557     8.3575    33.0096    25.6581 1.8315e-01     0.1310      0.018    1482.15     70.591     6.6908 163.336727     4.6819     48.013  0.000e+00
     47.576     8.3548    33.0134    25.6615 1.8315e-01     0.1298      0.018    1482.14     70.586     6.6906 163.336727     4.6817     48.033  0.000e+00
     47.604     8.3473    33.0216    25.6690 1.8315e-01     0.1310      0.018    1482.12     70.583     6.6911 163.336728     4.6820     48.061  0.000e+00
     47.636     8.3406    33.0292    25.6760 1.8315e-01     0.1310      0.018    1482.11     70.580     6.6915 163.336728     4.6823     48.094  0.000e+00
     47.628     8.3367    33.0329    25.6795 1.8315e-01     0.1298      0.018    1482.10     70.578     6.6917 163.336729     4.6825     48.085  0.000e+00
     47.673     8.3348    33.0346    25.6811 1.8315e-01     0.1310      0.018    1482.09     70.577     6.6918 163.336729     4.6826     48.131  0.000e+00
     47.677     8.3351    33.0345    25.6810 1.8315e-01     0.1298      0.018    1482.09     70.577     6.6917 163.336730     4.6825     48.135  0.000e+00
     47.709     8.3338    33.0353    25.6818 1.8315e-01     0.1298      0.018    1482.09     70.577     6.6920 163.336730     4.6826     48.167  0.000e+00
     47.712     8.3295    33.0397    25.6859 1.8315e-01     0.1298      0.018    1482.08     70.579     6.6926 163.336731     4.6831     48.171  0.000e+00
     47.756     8.3225    33.0462    25.6921 1.8315e-01     0.1298      0.018    1482.06     70.582     6.6936 163.336731     4.6838     48.215  0.000e+00
     47.760     8.3159    33.0525    25.6980 1.8315e-01     0.1298      0.018    1482.05     70.585     6.6946 163.336732     4.6845     48.218  0.000e+00
     47.784     8.3122    33.0558    25.7011 1.8315e-01     0.1298      0.018    1482.04     70.589     6.6955 163.336732     4.6851     48.243  0.000e+00
     47.805     8.3106    33.0568    25.7021 1.8315e-01     0.1298      0.018    1482.03     70.533     6.6903 163.336733     4.6815     48.264  0.000e+00
     47.820     8.3091    33.0580    25.7033 1.8315e-01     0.1298      0.018    1482.03     70.593     6.6962 163.336733     4.6856     48.279  0.000e+00
     47.854     8.3079    33.0586    25.7039 1.8315e-01     0.1298      0.018    1482.02     70.539     6.6912 163.336734     4.6821     48.313  0.000e+00
     47.868     8.3128    33.0533    25.6990 1.8315e-01     0.1298      0.018    1482.04     70.540     6.6908 163.336734     4.6818     48.328  0.000e+00
     47.877     8.3202    33.0464    25.6925 1.8315e-01     0.1298      0.018    1482.06     70.534     6.6894 163.336735     4.6809     48.336  0.000e+00
     47.904     8.3207    33.0461    25.6922 1.9536e-01     0.1298      0.018    1482.06     70.530     6.6890 163.336735     4.6805     48.364  0.000e+00
     47.925     8.3192    33.0464    25.6927 1.9536e-01     0.1298      0.018    1482.05     70.527     6.6889 163.336736     4.6805     48.386  0.000e+00
     47.940     8.3257    33.0400    25.6867 1.8315e-01     0.1298      0.018    1482.07     70.524     6.6879 163.336736     4.6798     48.400  0.000e+00
     47.974     8.3335    33.0322    25.6794 1.8315e-01     0.1298      0.018    1482.09     70.529     6.6876 163.336737     4.6796     48.435  0.000e+00
     48.000     8.3384    33.0271    25.6747 1.8315e-01     0.1310      0.018    1482.10     70.536     6.6877 163.336737     4.6797     48.461  0.000e+00
     48.010     8.3414    33.0245    25.6722 1.8315e-01     0.1298      0.018    1482.11     70.536     6.6874 163.336738     4.6795     48.471  0.000e+00
     48.049     8.3397    33.0259    25.6736 1.8315e-01     0.1298      0.018    1482.11     70.477     6.6820 163.336738     4.6756     48.510  0.000e+00
     48.060     8.3375    33.0278    25.6754 1.8315e-01     0.1298      0.018    1482.10     70.534     6.6876 163.336739     4.6796     48.522  0.000e+00
     48.081     8.3330    33.0328    25.6800 1.8315e-01     0.1298      0.018    1482.09     70.538     6.6885 163.336739     4.6802     48.543  0.000e+00
     48.085     8.3303    33.0351    25.6822 1.8315e-01     0.1310      0.018    1482.08     70.481     6.6834 163.336739     4.6766     48.546  0.000e+00
     48.154     8.3268    33.0391    25.6859 1.8315e-01     0.1298      0.018    1482.08     70.481     6.6837 163.336740     4.6768     48.617  0.000e+00
     48.133     8.3202    33.0452    25.6916 1.8315e-01     0.1310      0.018    1482.06     70.480     6.6844 163.336740     4.6773     48.596  0.000e+00
     48.190     8.3147    33.0499    25.6961 1.8315e-01     0.1298      0.018    1482.05     70.482     6.6852 163.336741     4.6779     48.653  0.000e+00
     48.205     8.3058    33.0569    25.7030 1.8315e-01     0.1298      0.018    1482.02     70.477     6.6858 163.336741     4.6783     48.668  0.000e+00
     48.240     8.2956    33.0655    25.7112 1.8315e-01     0.1298      0.018    1481.99     70.481     6.6873 163.336742     4.6794     48.704  0.000e+00
     48.262     8.2899    33.0695    25.7152 1.8315e-01     0.1298      0.018    1481.98     70.417     6.6819 163.336742     4.6756     48.725  0.000e+00
     48.289     8.2883    33.0709    25.7165 1.8315e-01     0.1310      0.018    1481.97     70.408     6.6812 163.336743     4.6751     48.753  0.000e+00
     48.322     8.2881    33.0699    25.7158 1.8315e-01     0.1298      0.018    1481.97     70.400     6.6805 163.336743     4.6746     48.786  0.000e+00
     48.336     8.2832    33.0731    25.7190 1.8315e-01     0.1298      0.018    1481.96     70.394     6.6805 163.336744     4.6746     48.801  0.000e+00
     48.346     8.2788    33.0759    25.7219 1.8315e-01     0.1298      0.018    1481.94     70.389     6.6806 163.336744     4.6747     48.810  0.000e+00
     48.396     8.2744    33.0780    25.7242 1.8315e-01     0.1298      0.018    1481.93     70.323     6.6749 163.336745     4.6707     48.861  0.000e+00
     48.409     8.2683    33.0816    25.7279 1.8315e-01     0.1298      0.018    1481.91     70.314     6.6748 163.336745     4.6706     48.874  0.000e+00
     48.442     8.2627    33.0849    25.7313 1.8315e-01     0.1298      0.018    1481.90     70.306     6.6747 163.336746     4.6706     48.907  0.000e+00
     48.470     8.2591    33.0869    25.7334 1.8315e-01     0.1298      0.018    1481.89     70.299     6.6745 163.336746     4.6704     48.935  0.000e+00
     48.502     8.2570    33.0899    25.7361 1.8315e-01     0.1298      0.018    1481.88     70.294     6.6742 163.336747     4.6702     48.968  0.000e+00
     48.517     8.2569    33.0897    25.7359 1.9536e-01     0.1298      0.018    1481.88     70.282     6.6731 163.336747     4.6695     48.983  0.000e+00
     48.554     8.2524    33.0904    25.7371 1.8315e-01     0.1298      0.018    1481.87     70.218     6.6677 163.336748     4.6657     49.020  0.000e+00
     48.575     8.2477    33.0923    25.7393 1.8315e-01     0.1298      0.018    1481.85     70.210     6.6676 163.336748     4.6656     49.042  0.000e+00
     48.577     8.2513    33.0892    25.7364 1.8315e-01     0.1298      0.018    1481.86     70.204     6.6665 163.336749     4.6649     49.043  0.000e+00
     48.635     8.2521    33.0885    25.7357 1.8315e-01     0.1298      0.018    1481.86     70.199     6.6661 163.336749     4.6645     49.102  0.000e+00
     48.637     8.2526    33.0881    25.7353 1.8315e-01     0.1298      0.018    1481.87     70.189     6.6650 163.336750     4.6638     49.104  0.000e+00
     48.674     8.2495    33.0891    25.7365 1.8315e-01     0.1298      0.018    1481.86     70.180     6.6646 163.336750     4.6635     49.142  0.000e+00
     48.720     8.2442    33.0908    25.7387 1.8315e-01     0.1298      0.018    1481.84     70.112     6.6588 163.336751     4.6595     49.188  0.000e+00
     48.734     8.2424    33.0899    25.7383 1.8315e-01     0.1298      0.018    1481.83     70.161     6.6638 163.336751     4.6629     49.203  0.000e+00
     48.757     8.2402    33.0912    25.7396 1.7094e-01     0.1298      0.018    1481.82     70.157     6.6637 163.336752     4.6629     49.226  0.000e+00
     48.780     8.2373    33.0943    25.7424 1.8315e-01     0.1298      0.018    1481.82     70.093     6.6579 163.336752     4.6588     49.249  0.000e+00
     48.806     8.2356    33.0965    25.7444 1.8315e-01     0.1298      0.018    1481.82     70.147     6.6632 163.336753     4.6625     49.275  0.000e+00
     48.827     8.2321    33.0998    25.7475 1.8315e-01     0.1298      0.018    1481.81     70.087     6.6578 163.336753     4.6588     49.296  0.000e+00
     48.866     8.2284    33.1033    25.7508 1.8315e-01     0.1298      0.018    1481.80     70.082     6.6578 163.336753     4.6588     49.335  0.000e+00
     48.877     8.2296    33.1044    25.7515 1.8315e-01     0.1298      0.018    1481.80     70.079     6.6573 163.336754     4.6584     49.347  0.000e+00
     48.900     8.2369    33.1012    25.7479 1.8315e-01     0.1298      0.018    1481.83     70.140     6.6621 163.336754     4.6617     49.370  0.000e+00
     48.938     8.2442    33.0968    25.7434 1.8315e-01     0.1298      0.018    1481.85     70.147     6.6619 163.336755     4.6616     49.408  0.000e+00
     48.962     8.2495    33.0936    25.7401 1.8315e-01     0.1298      0.018    1481.87     70.094     6.6563 163.336755     4.6577     49.432  0.000e+00
     48.972     8.2547    33.0898    25.7363 1.8315e-01     0.1298      0.018    1481.88     70.098     6.6560 163.336756     4.6574     49.442  0.000e+00
     48.998     8.2564    33.0879    25.7346 1.8315e-01     0.1298      0.018    1481.89     70.096     6.6556 163.336756     4.6572     49.468  0.000e+00
     49.046     8.2537    33.0893    25.7361 1.8315e-01     0.1298      0.018    1481.88     70.103     6.6567 163.336757     4.6579     49.518  0.000e+00
     49.045     8.2519    33.0900    25.7369 1.8315e-01     0.1298      0.018    1481.87     70.104     6.6570 163.336757     4.6582     49.516  0.000e+00
     49.071     8.2495    33.0902    25.7374 1.8315e-01     0.1298      0.018    1481.86     70.108     6.6577 163.336758     4.6586     49.542  0.000e+00
     49.082     8.2440    33.0920    25.7396 1.8315e-01     0.1298      0.018    1481.85     70.112     6.6588 163.336758     4.6595     49.554  0.000e+00
     49.116     8.2394    33.0925    25.7408 1.8315e-01     0.1298      0.018    1481.83     70.118     6.6601 163.336759     4.6603     49.588  0.000e+00
     49.142     8.2332    33.0954    25.7439 1.8315e-01     0.1298      0.018    1481.81     70.003     6.6499 163.336759     4.6532     49.614  0.000e+00
     49.155     8.2291    33.0992    25.7475 1.8315e-01     0.1298      0.018    1481.80     70.060     6.6557 163.336760     4.6573     49.628  0.000e+00
     49.176     8.2287    33.1007    25.7487 1.8315e-01     0.1310      0.018    1481.80     70.125     6.6620 163.336760     4.6617     49.649  0.000e+00
     49.202     8.2286    33.1007    25.7488 1.8315e-01     0.1298      0.018    1481.80     70.138     6.6632 163.336761     4.6625     49.675  0.000e+00
     49.227     8.2276    33.1017    25.7497 1.8315e-01     0.1298      0.018    1481.80     70.152     6.6647 163.336761     4.6636     49.700  0.000e+00
     49.261     8.2268    33.1026    25.7505 1.8315e-01     0.1310      0.018    1481.80     70.099     6.6597 163.336762     4.6601     49.734  0.000e+00
     49.275     8.2257    33.1030    25.7510 1.8315e-01     0.1298      0.018    1481.79     70.048     6.6550 163.336762     4.6567     49.749  0.000e+00
     49.287     8.2244    33.1041    25.7521 2.0757e-01     0.1298      0.018    1481.79     70.114     6.6614 163.336763     4.6613     49.760  0.000e+00
     49.321     8.2236    33.1047    25.7526 2.3199e-01     0.1298      0.018    1481.79     70.182     6.6680 163.336763     4.6659     49.795  0.000e+00
     49.347     8.2229    33.1050    25.7530 2.1978e-01     0.1298      0.018    1481.79     70.074     6.6578 163.336764     4.6587     49.821  0.000e+00
     49.371     8.2221    33.1063    25.7541 1.9536e-01     0.1298      0.018    1481.79     70.138     6.6639 163.336764     4.6630     49.846  0.000e+00
     49.392     8.2229    33.1068    25.7544 1.9536e-01     0.1298      0.018    1481.79     70.149     6.6648 163.336765     4.6637     49.867  0.000e+00
     49.407     8.2233    33.1070    25.7545 1.9536e-01     0.1310      0.018    1481.79     70.100     6.6601 163.336765     4.6603     49.882  0.000e+00
     49.443     8.2239    33.1056    25.7533 1.8315e-01     0.1298      0.018    1481.79     70.168     6.6666 163.336766     4.6649     49.918  0.000e+00
     49.466     8.2254    33.1034    25.7513 1.8315e-01     0.1310      0.018    1481.80     70.115     6.6614 163.336766     4.6612     49.941  0.000e+00
     49.479     8.2249    33.1018    25.7502 1.8315e-01     0.1298      0.018    1481.79     70.117     6.6618 163.336766     4.6615     49.954  0.000e+00
     49.527     8.2216    33.1030    25.7516 1.8315e-01     0.1310      0.018    1481.78     70.122     6.6626 163.336767     4.6621     50.003  0.000e+00
     49.526     8.2160    33.1036    25.7529 1.8315e-01     0.1298      0.018    1481.76     70.128     6.6640 163.336767     4.6631     50.002  0.000e+00
     49.539     8.2080    33.1048    25.7550 1.8315e-01     0.1298      0.018    1481.73     70.197     6.6717 163.336768     4.6685     50.015  0.000e+00
     49.587     8.2004    33.1063    25.7574 1.7094e-01     0.1298      0.018    1481.71     70.144     6.6677 163.336768     4.6657     50.064  0.000e+00
     49.612     8.1911    33.1112    25.7626 1.8315e-01     0.1298      0.018    1481.68     70.208     6.6750 163.336769     4.6708     50.089  0.000e+00
     49.622     8.1865    33.1143    25.7657 1.8315e-01     0.1298      0.018    1481.67     70.156     6.6707 163.336769     4.6678     50.098  0.000e+00
     49.659     8.1869    33.1149    25.7661 1.8315e-01     0.1298      0.018    1481.67     70.161     6.6710 163.336770     4.6680     50.136  0.000e+00
     49.696     8.1892    33.1152    25.7660 1.8315e-01     0.1310      0.018    1481.68     70.166     6.6711 163.336770     4.6681     50.174  0.000e+00
     49.717     8.1941    33.1129    25.7635 1.8315e-01     0.1298      0.022    1481.69     70.172     6.6711 163.336771     4.6680     50.195  0.000e+00
     49.732     8.1972    33.1116    25.7619 1.8315e-01     0.1298      0.018    1481.70     70.172     6.6707 163.336771     4.6677     50.210  0.000e+00
     49.743     8.2001    33.1094    25.7598 1.8315e-01     0.1298      0.018    1481.71     70.173     6.6704 163.336772     4.6676     50.221  0.000e+00
     49.792     8.2034    33.1068    25.7573 1.8315e-01     0.1298      0.018    1481.72     70.175     6.6702 163.336772     4.6674     50.271  0.000e+00
     49.791     8.2038    33.1072    25.7575 1.8315e-01     0.1298      0.018    1481.72     70.116     6.6645 163.336773     4.6635     50.269  0.000e+00
     49.852     8.2041    33.1070    25.7573 1.8315e-01     0.1298      0.018    1481.73     70.113     6.6642 163.336773     4.6632     50.331  0.000e+00
     49.852     8.2041    33.1060    25.7565 1.8315e-01     0.1298      0.018    1481.73     70.173     6.6700 163.336774     4.6672     50.331  0.000e+00
     49.877     8.2022    33.1067    25.7574 1.8315e-01     0.1298      0.018    1481.72     70.110     6.6642 163.336774     4.6632     50.356  0.000e+00
