20190611/VT65_20190612_down.cnv
* Sea-Bird SBE 9 Data File:
* FileName = C:\CTD Brukere\NIVA\OKOKYST2019\20190611\VT65_20190612.hex
* Software Version Seasave V 7.23.2
* Temperature SN = 5352
* Conductivity SN = 3840
* Number of Bytes Per Scan = 28
* Number of Voltage Words = 4
* Number of Scans Averaged by the Deck Unit = 1
* NMEA baud rate = 4800
** Ship: R/V Trygve Braarud
** Cruise:
** Station:
** Operator:
# nquan = 14
# nvalues = 17261                                 
# units = specified
# name 0 = depSM: Depth [salt water, m], lat = 59.60
# name 1 = t090C: Temperature [ITS-90, deg C]
# name 2 = sal00: Salinity, Practical [PSU]
# name 3 = sigma-t00: Density [sigma-t, kg/m^3 ]
# name 4 = flSP: Fluorescence, Seapoint
# name 5 = wetStar: Fluorescence, WET Labs WETstar [mg/m^3]
# name 6 = seaTurbMtr: Turbidity, Seapoint [FTU]
# name 7 = svCM: Sound Velocity [Chen-Millero, m/s]
# name 8 = sbeox0PS: Oxygen, SBE 43 [% saturation]
# name 9 = sbeox0Mg/L: Oxygen, SBE 43 [mg/l]
# name 10 = timeJ: Julian Days
# name 11 = sbeox0ML/L: Oxygen, SBE 43 [ml/l]
# name 12 = prDM: Pressure, Digiquartz [db]
# name 13 = flag:  0.000e+00
# span 0 =      0.404,    349.101                 
# span 1 =     6.7445,    13.4927                 
# span 2 =    25.3907,    34.8546                 
# span 3 =    18.8716,    27.3197                 
# span 4 = 1.2210e-01, 2.4298e+00                 
# span 5 =     0.1273,     0.1322                 
# span 6 =      0.011,      0.022                 
# span 7 =    1479.34,    1491.90                 
# span 8 =     58.050,     78.739                 
# span 9 =     5.6203,     7.0735                 
# span 10 = 163.335231, 163.343555                
# span 11 =     3.9328,     4.9496                
# span 12 =      0.408,    352.713                
# span 13 = 0.0000e+00, 0.0000e+00                
# interval = seconds: 0.0416667
# start_time = Jun 12 2019 08:02:44 [System UpLoad Time]
# bad_flag = -9.990e-29
*END*
[from data line 7226]
    143.835     6.8517    34.7180    27.2171 1.4652e-01     0.1285      0.018    1480.11     64.798     6.2846 163.338716     4.3976    145.251  0.000e+00
    143.858     6.8520    34.7177    27.2168 1.3431e-01     0.1285      0.018    1480.11     64.807     6.2854 163.338717     4.3982    145.274  0.000e+00
    143.896     6.8517    34.7176    27.2168 1.4652e-01     0.1285      0.018    1480.11     64.815     6.2863 163.338717     4.3988    145.312  0.000e+00
    143.927     6.8513    34.7179    27.2171 1.4652e-01     0.1285      0.018    1480.11     64.823     6.2871 163.338718     4.3994    145.344  0.000e+00
    143.945     6.8511    34.7180    27.2172 1.4652e-01     0.1285      0.018    1480.11     64.822     6.2871 163.338718     4.3993    145.362  0.000e+00
    143.968     6.8511    34.7181    27.2173 1.3431e-01     0.1273      0.018    1480.11     64.828     6.2876 163.338719     4.3997    145.385  0.000e+00
    143.981     6.8511    34.7180    27.2172 1.4652e-01     0.1285      0.018    1480.11     64.834     6.2882 163.338719     4.4001    145.398  0.000e+00
    144.030     6.8507    34.7177    27.2170 1.3431e-01     0.1273      0.018    1480.11     64.839     6.2887 163.338720     4.4005    145.448  0.000e+00
    144.042     6.8503    34.7177    27.2171 1.4652e-01     0.1285      0.018    1480.11     64.843     6.2892 163.338720     4.4008    145.459  0.000e+00
    144.055     6.8498    34.7183    27.2176 1.4652e-01     0.1285      0.018    1480.11     64.846     6.2896 163.338721     4.4011    145.473  0.000e+00
    144.097     6.8488    34.7191    27.2184 1.4652e-01     0.1273      0.018    1480.11     64.849     6.2900 163.338721     4.4013    145.516  0.000e+00
    144.102     6.8489    34.7190    27.2183 1.4652e-01     0.1273      0.015    1480.11     64.851     6.2902 163.338722     4.4015    145.521  0.000e+00
    144.127     6.8490    34.7189    27.2182 1.4652e-01     0.1285      0.018    1480.11     64.853     6.2903 163.338722     4.4016    145.545  0.000e+00
    144.140     6.8490    34.7189    27.2182 1.4652e-01     0.1285      0.018    1480.11     64.917     6.2965 163.338723     4.4059    145.559  0.000e+00
    144.189     6.8485    34.7185    27.2180 1.4652e-01     0.1285      0.018    1480.11     64.925     6.2973 163.338723     4.4065    145.608  0.000e+00
    144.201     6.8475    34.7190    27.2185 1.4652e-01     0.1285      0.018    1480.10     64.868     6.2920 163.338723     4.4028    145.620  0.000e+00
    144.225     6.8468    34.7196    27.2191 1.4652e-01     0.1285      0.018    1480.10     64.930     6.2980 163.338724     4.4070    145.645  0.000e+00
    144.232     6.8468    34.7196    27.2190 1.4652e-01     0.1285      0.018    1480.10     64.872     6.2924 163.338724     4.4031    145.651  0.000e+00
    144.286     6.8472    34.7197    27.2190 1.4652e-01     0.1285      0.018    1480.11     64.868     6.2920 163.338725     4.4028    145.706  0.000e+00
    144.286     6.8473    34.7196    27.2189 1.3431e-01     0.1285      0.018    1480.11     64.864     6.2916 163.338725     4.4025    145.706  0.000e+00
    144.310     6.8472    34.7192    27.2187 1.3431e-01     0.1285      0.018    1480.11     64.859     6.2912 163.338726     4.4022    145.731  0.000e+00
    144.323     6.8468    34.7193    27.2188 1.4652e-01     0.1273      0.018    1480.10     64.854     6.2907 163.338726     4.4019    145.744  0.000e+00
    144.360     6.8463    34.7197    27.2192 1.3431e-01     0.1285      0.018    1480.10     64.911     6.2963 163.338727     4.4058    145.780  0.000e+00
    144.371     6.8460    34.7200    27.2195 1.3431e-01     0.1273      0.018    1480.10     64.912     6.2964 163.338727     4.4059    145.792  0.000e+00
    144.391     6.8460    34.7200    27.2195 1.4652e-01     0.1285      0.018    1480.10     64.912     6.2964 163.338728     4.4059    145.812  0.000e+00
    144.420     6.8457    34.7201    27.2196 1.4652e-01     0.1285      0.018    1480.10     64.911     6.2964 163.338728     4.4058    145.842  0.000e+00
    144.433     6.8457    34.7202    27.2197 1.4652e-01     0.1273      0.018    1480.10     64.909     6.2961 163.338729     4.4057    145.855  0.000e+00
    144.458     6.8457    34.7203    27.2198 1.3431e-01     0.1285      0.018    1480.10     64.906     6.2958 163.338729     4.4055    145.880  0.000e+00
    144.469     6.8455    34.7199    27.2195 1.4652e-01     0.1298      0.018    1480.10     64.901     6.2955 163.338730     4.4052    145.891  0.000e+00
    144.487     6.8455    34.7200    27.2195 1.3431e-01     0.1285      0.018    1480.10     64.896     6.2950 163.338730     4.4049    145.909  0.000e+00
    144.518     6.8449    34.7204    27.2200 1.4652e-01     0.1298      0.018    1480.10     64.899     6.2953 163.338731     4.4051    145.941  0.000e+00
    144.518     6.8441    34.7212    27.2207 1.4652e-01     0.1285      0.018    1480.10     64.892     6.2947 163.338731     4.4047    145.941  0.000e+00
    144.554     6.8441    34.7209    27.2204 1.3431e-01     0.1285      0.018    1480.10     64.892     6.2948 163.338732     4.4047    145.977  0.000e+00
    144.568     6.8437    34.7214    27.2209 1.4652e-01     0.1285      0.018    1480.10     64.892     6.2948 163.338732     4.4047    145.990  0.000e+00
    144.592     6.8438    34.7211    27.2206 1.4652e-01     0.1285      0.018    1480.10     64.955     6.3008 163.338733     4.4090    146.015  0.000e+00
    144.610     6.8437    34.7211    27.2206 1.4652e-01     0.1285      0.018    1480.10     64.898     6.2953 163.338733     4.4051    146.033  0.000e+00
    144.628     6.8439    34.7207    27.2203 1.4652e-01     0.1273      0.018    1480.10     64.895     6.2951 163.338734     4.4049    146.052  0.000e+00
    144.640     6.8436    34.7211    27.2207 1.4652e-01     0.1285      0.018    1480.10     64.892     6.2948 163.338734     4.4047    146.063  0.000e+00
    144.664     6.8437    34.7211    27.2207 1.4652e-01     0.1285      0.018    1480.10     64.888     6.2944 163.338735     4.4044    146.088  0.000e+00
    144.689     6.8437    34.7211    27.2207 1.4652e-01     0.1285      0.018    1480.10     64.939     6.2993 163.338735     4.4079    146.113  0.000e+00
    144.695     6.8441    34.7205    27.2201 1.3431e-01     0.1273      0.018    1480.10     64.941     6.2995 163.338736     4.4080    146.120  0.000e+00
    144.726     6.8439    34.7208    27.2204 1.3431e-01     0.1273      0.018    1480.10     64.942     6.2996 163.338736     4.4081    146.151  0.000e+00
    144.738     6.8437    34.7211    27.2206 1.3431e-01     0.1285      0.018    1480.10     64.879     6.2935 163.338736     4.4038    146.163  0.000e+00
    144.774     6.8437    34.7208    27.2204 1.4652e-01     0.1285      0.018    1480.10     64.934     6.2988 163.338737     4.4076    146.199  0.000e+00
    144.762     6.8441    34.7206    27.2202 1.4652e-01     0.1285      0.018    1480.10     64.869     6.2925 163.338737     4.4031    146.187  0.000e+00
    144.805     6.8438    34.7210    27.2206 1.4652e-01     0.1285      0.018    1480.10     64.922     6.2977 163.338738     4.4068    146.230  0.000e+00
    144.823     6.8436    34.7212    27.2208 1.4652e-01     0.1273      0.018    1480.10     64.927     6.2982 163.338738     4.4071    146.249  0.000e+00
    144.836     6.8437    34.7211    27.2206 1.3431e-01     0.1285      0.018    1480.10     64.932     6.2986 163.338739     4.4074    146.262  0.000e+00
    144.861     6.8441    34.7207    27.2203 1.4652e-01     0.1285      0.018    1480.10     64.936     6.2990 163.338739     4.4076    146.287  0.000e+00
    144.884     6.8442    34.7202    27.2199 1.4652e-01     0.1285      0.018    1480.10     64.939     6.2993 163.338740     4.4078    146.310  0.000e+00
    144.903     6.8441    34.7208    27.2204 1.4652e-01     0.1285      0.018    1480.11     64.941     6.2995 163.338740     4.4080    146.330  0.000e+00
    144.921     6.8437    34.7216    27.2210 1.4652e-01     0.1273      0.018    1480.11     64.943     6.2997 163.338741     4.4082    146.348  0.000e+00
    144.933     6.8438    34.7210    27.2206 1.3431e-01     0.1285      0.018    1480.10     64.944     6.2998 163.338741     4.4082    146.359  0.000e+00
    144.946     6.8441    34.7203    27.2200 1.4652e-01     0.1285      0.018    1480.11     64.945     6.2998 163.338742     4.4083    146.373  0.000e+00
    144.975     6.8439    34.7205    27.2201 1.3431e-01     0.1285      0.018    1480.11     64.944     6.2999 163.338742     4.4083    146.402  0.000e+00
    145.006     6.8438    34.7203    27.2200 1.4652e-01     0.1285      0.018    1480.11     64.944     6.2998 163.338743     4.4082    146.434  0.000e+00
    145.018     6.8436    34.7202    27.2199 1.3431e-01     0.1273      0.018    1480.10     64.942     6.2997 163.338743     4.4082    146.445  0.000e+00
    145.031     6.8433    34.7209    27.2205 1.4652e-01     0.1285      0.018    1480.10     64.940     6.2995 163.338744     4.4080    146.459  0.000e+00
    145.067     6.8434    34.7206    27.2203 1.4652e-01     0.1285      0.018    1480.11     65.001     6.3054 163.338744     4.4121    146.495  0.000e+00
    145.074     6.8431    34.7211    27.2207 1.4652e-01     0.1285      0.018    1480.10     64.941     6.2996 163.338745     4.4081    146.502  0.000e+00
    145.105     6.8434    34.7209    27.2205 1.4652e-01     0.1285      0.018    1480.11     64.937     6.2992 163.338745     4.4078    146.533  0.000e+00
    145.105     6.8436    34.7207    27.2204 1.4652e-01     0.1273      0.018    1480.11     64.932     6.2987 163.338746     4.4074    146.533  0.000e+00
    145.141     6.8436    34.7209    27.2205 1.4652e-01     0.1273      0.015    1480.11     64.998     6.3050 163.338746     4.4119    146.570  0.000e+00
    145.170     6.8439    34.7204    27.2201 1.4652e-01     0.1285      0.018    1480.11     65.007     6.3059 163.338747     4.4125    146.599  0.000e+00
    145.177     6.8439    34.7204    27.2201 1.4652e-01     0.1285      0.018    1480.11     65.008     6.3060 163.338747     4.4126    146.606  0.000e+00
    145.201     6.8437    34.7205    27.2202 1.4652e-01     0.1273      0.018    1480.11     65.016     6.3068 163.338748     4.4131    146.631  0.000e+00
    145.226     6.8436    34.7208    27.2204 1.4652e-01     0.1285      0.018    1480.11     65.015     6.3068 163.338748     4.4131    146.656  0.000e+00
    145.244     6.8439    34.7209    27.2205 1.4652e-01     0.1285      0.018    1480.11     65.014     6.3065 163.338749     4.4129    146.674  0.000e+00
    145.275     6.8441    34.7205    27.2202 1.4652e-01     0.1285      0.018    1480.11     65.011     6.3063 163.338749     4.4128    146.705  0.000e+00
    145.287     6.8439    34.7209    27.2204 1.4652e-01     0.1285      0.018    1480.11     65.007     6.3059 163.338750     4.4125    146.717  0.000e+00
    145.311     6.8439    34.7207    27.2203 1.4652e-01     0.1285      0.018    1480.11     65.002     6.3054 163.338750     4.4122    146.742  0.000e+00
    145.342     6.8439    34.7206    27.2203 1.4652e-01     0.1285      0.018    1480.11     65.005     6.3057 163.338750     4.4124    146.773  0.000e+00
    145.349     6.8437    34.7210    27.2206 1.4652e-01     0.1285      0.018    1480.11     65.007     6.3059 163.338751     4.4125    146.780  0.000e+00
    145.385     6.8436    34.7210    27.2206 1.4652e-01     0.1285      0.018    1480.11     65.008     6.3060 163.338751     4.4126    146.816  0.000e+00
    145.360     6.8433    34.7210    27.2206 1.4652e-01     0.1273      0.018    1480.11     65.008     6.3061 163.338752     4.4126    146.791  0.000e+00
    145.452     6.8431    34.7210    27.2207 1.3431e-01     0.1285      0.018    1480.11     65.009     6.3062 163.338752     4.4127    146.884  0.000e+00
    145.445     6.8431    34.7210    27.2207 1.4652e-01     0.1285      0.018    1480.11     65.007     6.3061 163.338753     4.4126    146.877  0.000e+00
    145.470     6.8430    34.7209    27.2206 1.3431e-01     0.1285      0.018    1480.11     65.006     6.3059 163.338753     4.4125    146.902  0.000e+00
    145.488     6.8426    34.7206    27.2204 1.4652e-01     0.1285      0.018    1480.11     65.004     6.3058 163.338754     4.4124    146.920  0.000e+00
    145.519     6.8420    34.7213    27.2210 1.3431e-01     0.1273      0.018    1480.11     65.001     6.3056 163.338754     4.4123    146.952  0.000e+00
    145.544     6.8417    34.7217    27.2214 1.3431e-01     0.1285      0.018    1480.11     65.061     6.3114 163.338755     4.4164    146.977  0.000e+00
    145.555     6.8419    34.7212    27.2210 1.4652e-01     0.1285      0.018    1480.11     65.001     6.3056 163.338755     4.4123    146.988  0.000e+00
    145.586     6.8417    34.7213    27.2211 1.3431e-01     0.1285      0.018    1480.11     64.996     6.3052 163.338756     4.4120    147.020  0.000e+00
    145.604     6.8419    34.7214    27.2212 1.4652e-01     0.1285      0.018    1480.11     65.062     6.3115 163.338756     4.4164    147.038  0.000e+00
    145.629     6.8420    34.7214    27.2211 1.4652e-01     0.1273      0.018    1480.11     65.063     6.3116 163.338757     4.4165    147.063  0.000e+00
    145.658     6.8422    34.7209    27.2207 1.3431e-01     0.1285      0.018    1480.11     65.064     6.3117 163.338757     4.4165    147.092  0.000e+00
    145.678     6.8420    34.7210    27.2208 1.4652e-01     0.1285      0.018    1480.11     65.064     6.3117 163.338758     4.4165    147.112  0.000e+00
    145.714     6.8417    34.7214    27.2212 1.4652e-01     0.1285      0.018    1480.11     65.062     6.3116 163.338758     4.4165    147.149  0.000e+00
    145.727     6.8414    34.7219    27.2216 1.4652e-01     0.1285      0.018    1480.11     65.068     6.3121 163.338759     4.4169    147.162  0.000e+00
    145.757     6.8413    34.7222    27.2218 1.4652e-01     0.1285      0.018    1480.11     65.073     6.3126 163.338759     4.4172    147.192  0.000e+00
    145.776     6.8417    34.7220    27.2216 1.4652e-01     0.1285      0.018    1480.11     65.078     6.3130 163.338760     4.4175    147.212  0.000e+00
    145.799     6.8419    34.7215    27.2212 1.3431e-01     0.1285      0.018    1480.11     65.073     6.3126 163.338760     4.4172    147.235  0.000e+00
    145.842     6.8412    34.7218    27.2215 1.3431e-01     0.1285      0.018    1480.11     65.076     6.3130 163.338761     4.4174    147.278  0.000e+00
    145.848     6.8409    34.7217    27.2215 1.4652e-01     0.1285      0.018    1480.11     65.070     6.3124 163.338761     4.4171    147.284  0.000e+00
    145.873     6.8409    34.7222    27.2219 1.3431e-01     0.1285      0.018    1480.11     65.071     6.3125 163.338762     4.4171    147.309  0.000e+00
    145.902     6.8409    34.7218    27.2216 1.3431e-01     0.1273      0.018    1480.11     65.072     6.3126 163.338762     4.4172    147.339  0.000e+00
    145.934     6.8404    34.7221    27.2219 1.4652e-01     0.1285      0.018    1480.11     65.072     6.3126 163.338763     4.4172    147.370  0.000e+00
    145.958     6.8401    34.7226    27.2224 1.3431e-01     0.1285      0.018    1480.11     65.071     6.3126 163.338763     4.4172    147.395  0.000e+00
    145.988     6.8401    34.7222    27.2220 1.3431e-01     0.1285      0.018    1480.11     65.070     6.3125 163.338764     4.4171    147.425  0.000e+00
    145.996     6.8395    34.7227    27.2225 1.3431e-01     0.1285      0.018    1480.11     65.068     6.3123 163.338764     4.4170    147.433  0.000e+00
    146.032     6.8392    34.7224    27.2223 1.3431e-01     0.1285      0.018    1480.11     65.065     6.3121 163.338764     4.4169    147.470  0.000e+00
    146.061     6.8386    34.7233    27.2231 1.3431e-01     0.1285      0.018    1480.11     65.062     6.3119 163.338765     4.4167    147.500  0.000e+00
    146.068     6.8385    34.7234    27.2231 1.3431e-01     0.1273      0.018    1480.11     65.057     6.3115 163.338765     4.4164    147.506  0.000e+00
