20190611/VT65_20190612_down.cnv
* Sea-Bird SBE 9 Data File:
* FileName = C:\CTD Brukere\NIVA\OKOKYST2019\20190611\VT65_20190612.hex
* Software Version Seasave V 7.23.2
* Temperature SN = 5352
* Conductivity SN = 3840
* Number of Bytes Per Scan = 28
* Number of Voltage Words = 4
* Number of Scans Averaged by the Deck Unit = 1
* NMEA baud rate = 4800
** Ship: R/V Trygve Braarud
** Cruise:
** Station:
** Operator:
# nquan = 14
# nvalues = 17261                                 
# units = specified
# name 0 = depSM: Depth [salt water, m], lat = 59.60
# name 1 = t090C: Temperature [ITS-90, deg C]
# name 2 = sal00: Salinity, Practical [PSU]
# name 3 = sigma-t00: Density [sigma-t, kg/m^3 ]
# name 4 = flSP: Fluorescence, Seapoint
# name 5 = wetStar: Fluorescence, WET Labs WETstar [mg/m^3]
# name 6 = seaTurbMtr: Turbidity, Seapoint [FTU]
# name 7 = svCM: Sound Velocity [Chen-Millero, m/s]
# name 8 = sbeox0PS: Oxygen, SBE 43 [% saturation]
# name 9 = sbeox0Mg/L: Oxygen, SBE 43 [mg/l]
# name 10 = timeJ: Julian Days
# name 11 = sbeox0ML/L: Oxygen, SBE 43 [ml/l]
# name 12 = prDM: Pressure, Digiquartz [db]
# name 13 = flag:  0.000e+00
# span 0 =      0.404,    349.101                 
# span 1 =     6.7445,    13.4927                 
# span 2 =    25.3907,    34.8546                 
# span 3 =    18.8716,    27.3197                 
# span 4 = 1.2210e-01, 2.4298e+00                 
# span 5 =     0.1273,     0.1322                 
# span 6 =      0.011,      0.022                 
# span 7 =    1479.34,    1491.90                 
# span 8 =     58.050,     78.739                 
# span 9 =     5.6203,     7.0735                 
# span 10 = 163.335231, 163.343555                
# span 11 =     3.9328,     4.9496                
# span 12 =      0.408,    352.713                
# span 13 = 0.0000e+00, 0.0000e+00                
# interval = seconds: 0.0416667
# start_time = Jun 12 2019 08:02:44 [System UpLoad Time]
# bad_flag = -9.990e-29
*END*
[from data line 207]
      0.488    13.4629    25.4715    18.9394 1.7338e+00     0.1310      0.018    1490.52     78.128     6.9562 163.335331     4.8675      0.493  0.000e+00
      0.526    13.4629    25.4672    18.9361 1.7216e+00     0.1310      0.015    1490.51     78.126     6.9561 163.335332     4.8675      0.531  0.000e+00
      0.535    13.4631    25.4645    18.9339 1.7094e+00     0.1310      0.015    1490.51     78.117     6.9555 163.335332     4.8670      0.540  0.000e+00
      0.548    13.4634    25.4595    18.9300 1.6972e+00     0.1298      0.015    1490.50     78.114     6.9553 163.335333     4.8669      0.553  0.000e+00
      0.561    13.4635    25.4538    18.9256 1.6972e+00     0.1298      0.015    1490.50     78.111     6.9553 163.335333     4.8669      0.567  0.000e+00
      0.573    13.4637    25.4497    18.9224 1.7094e+00     0.1298      0.015    1490.49     78.167     6.9605 163.335334     4.8705      0.578  0.000e+00
      0.573    13.4644    25.4478    18.9208 1.7460e+00     0.1298      0.015    1490.49     78.110     6.9554 163.335334     4.8669      0.578  0.000e+00
      0.571    13.4652    25.4451    18.9185 1.7705e+00     0.1298      0.015    1490.49     78.106     6.9550 163.335335     4.8667      0.576  0.000e+00
      0.597    13.4661    25.4411    18.9153 1.8071e+00     0.1298      0.015    1490.49     78.103     6.9548 163.335335     4.8666      0.602  0.000e+00
      0.632    13.4661    25.4383    18.9132 1.8681e+00     0.1298      0.015    1490.49     78.100     6.9547 163.335336     4.8665      0.638  0.000e+00
      0.608    13.4657    25.4373    18.9124 1.9048e+00     0.1298      0.011    1490.49     78.096     6.9544 163.335336     4.8663      0.614  0.000e+00
      0.644    13.4661    25.4371    18.9122 1.9048e+00     0.1298      0.015    1490.49     78.093     6.9541 163.335337     4.8661      0.650  0.000e+00
      0.655    13.4661    25.4373    18.9124 1.9170e+00     0.1298      0.015    1490.49     78.090     6.9538 163.335337     4.8659      0.661  0.000e+00
      0.632    13.4664    25.4371    18.9122 1.9414e+00     0.1310      0.015    1490.49     78.086     6.9534 163.335338     4.8656      0.638  0.000e+00
      0.621    13.4661    25.4380    18.9129 1.9048e+00     0.1298      0.015    1490.49     78.083     6.9531 163.335338     4.8654      0.627  0.000e+00
      0.632    13.4664    25.4389    18.9135 1.8559e+00     0.1310      0.015    1490.49     78.079     6.9527 163.335339     4.8651      0.638  0.000e+00
      0.631    13.4661    25.4400    18.9145 1.8315e+00     0.1298      0.011    1490.49     78.076     6.9524 163.335339     4.8649      0.637  0.000e+00
      0.668    13.4665    25.4401    18.9144 1.8193e+00     0.1298      0.015    1490.49     78.073     6.9521 163.335340     4.8647      0.674  0.000e+00
      0.632    13.4667    25.4391    18.9137 1.7827e+00     0.1298      0.015    1490.49     78.069     6.9518 163.335340     4.8644      0.638  0.000e+00
      0.621    13.4667    25.4370    18.9121 1.7827e+00     0.1298      0.015    1490.49     78.065     6.9515 163.335340     4.8643      0.627  0.000e+00
      0.632    13.4669    25.4351    18.9105 1.7582e+00     0.1310      0.015    1490.49     78.062     6.9513 163.335341     4.8641      0.638  0.000e+00
      0.631    13.4670    25.4339    18.9096 1.7338e+00     0.1310      0.015    1490.49     78.059     6.9510 163.335341     4.8639      0.637  0.000e+00
      0.608    13.4670    25.4332    18.9090 1.7094e+00     0.1310      0.015    1490.49     78.055     6.9507 163.335342     4.8637      0.614  0.000e+00
      0.597    13.4672    25.4324    18.9084 1.6850e+00     0.1310      0.015    1490.49     78.051     6.9504 163.335342     4.8635      0.602  0.000e+00
      0.597    13.4665    25.4330    18.9090 1.7216e+00     0.1310      0.015    1490.48     78.048     6.9502 163.335343     4.8633      0.602  0.000e+00
      0.584    13.4659    25.4356    18.9111 1.7460e+00     0.1298      0.015    1490.49     78.110     6.9557 163.335343     4.8672      0.589  0.000e+00
      0.607    13.4652    25.4395    18.9142 1.7705e+00     0.1310      0.015    1490.49     78.112     6.9558 163.335344     4.8673      0.612  0.000e+00
      0.584    13.4649    25.4437    18.9176 1.8071e+00     0.1298      0.015    1490.49     78.119     6.9563 163.335344     4.8676      0.589  0.000e+00
      0.573    13.4654    25.4452    18.9186 1.8681e+00     0.1298      0.015    1490.49     78.127     6.9568 163.335345     4.8680      0.578  0.000e+00
      0.561    13.4656    25.4445    18.9180 1.9658e+00     0.1298      0.015    1490.49     78.134     6.9575 163.335345     4.8685      0.567  0.000e+00
      0.573    13.4659    25.4415    18.9157 2.0757e+00     0.1310      0.015    1490.49     78.077     6.9525 163.335346     4.8649      0.578  0.000e+00
      0.560    13.4654    25.4391    18.9139 2.1612e+00     0.1310      0.011    1490.49     78.138     6.9581 163.335346     4.8689      0.565  0.000e+00
      0.561    13.4656    25.4383    18.9133 2.1490e+00     0.1298      0.015    1490.49     78.140     6.9583 163.335347     4.8690      0.567  0.000e+00
      0.548    13.4654    25.4393    18.9141 2.0757e+00     0.1298      0.015    1490.49     78.142     6.9584 163.335347     4.8691      0.553  0.000e+00
      0.513    13.4657    25.4401    18.9146 2.0147e+00     0.1310      0.015    1490.49     78.089     6.9536 163.335348     4.8657      0.518  0.000e+00
      0.526    13.4656    25.4404    18.9149 2.0147e+00     0.1298      0.015    1490.49     78.144     6.9586 163.335348     4.8692      0.531  0.000e+00
      0.511    13.4654    25.4414    18.9157 2.0635e+00     0.1298      0.015    1490.49     78.146     6.9587 163.335349     4.8693      0.516  0.000e+00
      0.501    13.4654    25.4424    18.9164 2.1123e+00     0.1310      0.015    1490.49     78.153     6.9593 163.335349     4.8697      0.506  0.000e+00
      0.513    13.4656    25.4430    18.9169 2.1490e+00     0.1310      0.011    1490.49     78.160     6.9598 163.335350     4.8701      0.518  0.000e+00
      0.513    13.4654    25.4432    18.9170 2.1734e+00     0.1310      0.015    1490.49     78.166     6.9605 163.335350     4.8705      0.518  0.000e+00
      0.511    13.4656    25.4429    18.9168 2.2711e+00     0.1298      0.011    1490.49     78.173     6.9610 163.335351     4.8709      0.516  0.000e+00
      0.526    13.4656    25.4418    18.9160 2.2589e+00     0.1310      0.015    1490.49     78.180     6.9617 163.335351     4.8714      0.531  0.000e+00
      0.501    13.4662    25.4406    18.9149 2.2589e+00     0.1298      0.015    1490.49     78.187     6.9623 163.335352     4.8718      0.506  0.000e+00
      0.526    13.4670    25.4389    18.9134 2.2589e+00     0.1298      0.015    1490.49     78.194     6.9629 163.335352     4.8722      0.531  0.000e+00
      0.526    13.4680    25.4358    18.9109 2.1856e+00     0.1298      0.015    1490.49     78.195     6.9630 163.335353     4.8723      0.531  0.000e+00
      0.548    13.4673    25.4338    18.9095 2.0757e+00     0.1298      0.015    1490.49     78.202     6.9638 163.335353     4.8728      0.553  0.000e+00
      0.548    13.4669    25.4331    18.9090 2.0391e+00     0.1298      0.015    1490.49     78.203     6.9639 163.335353     4.8729      0.553  0.000e+00
      0.561    13.4672    25.4327    18.9086 1.9902e+00     0.1298      0.015    1490.49     78.144     6.9587 163.335354     4.8693      0.567  0.000e+00
      0.584    13.4673    25.4327    18.9086 1.9170e+00     0.1298      0.015    1490.49     78.140     6.9582 163.335354     4.8690      0.589  0.000e+00
      0.560    13.4672    25.4335    18.9092 1.8926e+00     0.1298      0.015    1490.49     78.135     6.9578 163.335355     4.8686      0.565  0.000e+00
      0.608    13.4670    25.4337    18.9094 1.8559e+00     0.1298      0.015    1490.49     78.130     6.9574 163.335355     4.8684      0.614  0.000e+00
      0.608    13.4665    25.4344    18.9101 1.8681e+00     0.1298      0.015    1490.49     78.125     6.9570 163.335356     4.8681      0.614  0.000e+00
      0.632    13.4661    25.4347    18.9104 1.9048e+00     0.1298      0.015    1490.49     78.121     6.9567 163.335356     4.8679      0.638  0.000e+00
      0.632    13.4656    25.4353    18.9110 1.9170e+00     0.1298      0.011    1490.48     78.116     6.9563 163.335357     4.8676      0.638  0.000e+00
      0.644    13.4651    25.4358    18.9114 1.8681e+00     0.1310      0.015    1490.48     78.117     6.9564 163.335357     4.8677      0.650  0.000e+00
      0.632    13.4642    25.4361    18.9118 1.8071e+00     0.1298      0.015    1490.48     78.053     6.9508 163.335358     4.8638      0.638  0.000e+00
      0.644    13.4642    25.4357    18.9115 1.7949e+00     0.1298      0.015    1490.48     78.103     6.9553 163.335358     4.8669      0.650  0.000e+00
      0.657    13.4642    25.4351    18.9111 1.7949e+00     0.1310      0.015    1490.48     78.098     6.9549 163.335359     4.8666      0.663  0.000e+00
      0.668    13.4640    25.4344    18.9105 1.8193e+00     0.1298      0.015    1490.48     78.094     6.9546 163.335359     4.8664      0.674  0.000e+00
      0.644    13.4645    25.4336    18.9098 1.8071e+00     0.1298      0.015    1490.48     78.090     6.9541 163.335360     4.8661      0.650  0.000e+00
      0.657    13.4647    25.4334    18.9096 1.7582e+00     0.1298      0.015    1490.48     78.085     6.9537 163.335360     4.8658      0.663  0.000e+00
      0.644    13.4647    25.4334    18.9097 1.7216e+00     0.1298      0.015    1490.48     78.081     6.9533 163.335361     4.8655      0.650  0.000e+00
      0.668    13.4645    25.4341    18.9102 1.7338e+00     0.1298      0.015    1490.48     78.077     6.9530 163.335361     4.8653      0.674  0.000e+00
      0.657    13.4649    25.4341    18.9102 1.7582e+00     0.1310      0.015    1490.48     78.072     6.9525 163.335362     4.8650      0.663  0.000e+00
      0.655    13.4649    25.4333    18.9095 1.7705e+00     0.1298      0.015    1490.48     78.068     6.9522 163.335362     4.8647      0.661  0.000e+00
      0.632    13.4651    25.4316    18.9082 1.7949e+00     0.1298      0.015    1490.48     78.004     6.9465 163.335363     4.8608      0.638  0.000e+00
      0.621    13.4651    25.4297    18.9067 1.8193e+00     0.1310      0.015    1490.48     78.054     6.9510 163.335363     4.8639      0.627  0.000e+00
      0.621    13.4652    25.4284    18.9057 1.8437e+00     0.1310      0.015    1490.48     78.049     6.9507 163.335364     4.8637      0.627  0.000e+00
      0.621    13.4654    25.4271    18.9046 1.8803e+00     0.1298      0.015    1490.47     77.986     6.9451 163.335364     4.8597      0.627  0.000e+00
      0.595    13.4656    25.4265    18.9041 1.9048e+00     0.1298      0.015    1490.47     78.036     6.9495 163.335365     4.8629      0.601  0.000e+00
      0.597    13.4659    25.4261    18.9038 1.8559e+00     0.1310      0.015    1490.47     78.032     6.9491 163.335365     4.8626      0.602  0.000e+00
      0.584    13.4661    25.4260    18.9037 1.8193e+00     0.1310      0.015    1490.47     78.028     6.9487 163.335366     4.8623      0.589  0.000e+00
      0.573    13.4662    25.4265    18.9041 1.8071e+00     0.1298      0.015    1490.48     77.964     6.9430 163.335366     4.8583      0.578  0.000e+00
      0.561    13.4661    25.4273    18.9047 1.7705e+00     0.1298      0.015    1490.48     77.955     6.9422 163.335367     4.8577      0.567  0.000e+00
      0.584    13.4659    25.4275    18.9049 1.7338e+00     0.1298      0.015    1490.48     78.011     6.9473 163.335367     4.8613      0.589  0.000e+00
      0.573    13.4659    25.4282    18.9054 1.7338e+00     0.1310      0.015    1490.48     78.014     6.9474 163.335367     4.8614      0.578  0.000e+00
      0.573    13.4659    25.4287    18.9058 1.7216e+00     0.1298      0.015    1490.48     77.957     6.9424 163.335368     4.8579      0.578  0.000e+00
      0.573    13.4659    25.4293    18.9063 1.7094e+00     0.1310      0.015    1490.48     77.955     6.9421 163.335368     4.8577      0.578  0.000e+00
      0.524    13.4659    25.4292    18.9062 1.6972e+00     0.1298      0.015    1490.48     77.952     6.9419 163.335369     4.8576      0.529  0.000e+00
      0.608    13.4661    25.4287    18.9057 1.7216e+00     0.1298      0.015    1490.48     77.946     6.9414 163.335369     4.8572      0.614  0.000e+00
      0.548    13.4661    25.4289    18.9059 1.7338e+00     0.1310      0.015    1490.48     77.944     6.9412 163.335370     4.8570      0.553  0.000e+00
      0.548    13.4662    25.4290    18.9060 1.7094e+00     0.1298      0.015    1490.48     77.944     6.9411 163.335370     4.8570      0.553  0.000e+00
      0.548    13.4665    25.4295    18.9063 1.7216e+00     0.1298      0.015    1490.48     77.943     6.9410 163.335371     4.8569      0.553  0.000e+00
      0.548    13.4677    25.4284    18.9053 1.7949e+00     0.1298      0.015    1490.48     77.938     6.9404 163.335371     4.8565      0.553  0.000e+00
      0.561    13.4689    25.4268    18.9038 1.8437e+00     0.1310      0.015    1490.48     77.939     6.9404 163.335372     4.8565      0.567  0.000e+00
      0.537    13.4702    25.4250    18.9022 1.8803e+00     0.1310      0.015    1490.49     77.939     6.9403 163.335372     4.8564      0.542  0.000e+00
      0.548    13.4712    25.4239    18.9011 1.8559e+00     0.1298      0.015    1490.49     77.881     6.9351 163.335373     4.8527      0.553  0.000e+00
      0.548    13.4722    25.4225    18.8998 1.8193e+00     0.1298      0.015    1490.49     77.937     6.9400 163.335373     4.8562      0.553  0.000e+00
      0.535    13.4722    25.4215    18.8991 1.8071e+00     0.1298      0.015    1490.49     77.940     6.9402 163.335374     4.8564      0.540  0.000e+00
      0.537    13.4724    25.4207    18.8984 1.7949e+00     0.1310      0.015    1490.49     77.883     6.9352 163.335374     4.8528      0.542  0.000e+00
      0.526    13.4725    25.4203    18.8981 1.8071e+00     0.1310      0.015    1490.49     77.881     6.9350 163.335375     4.8527      0.531  0.000e+00
      0.526    13.4730    25.4201    18.8978 1.7827e+00     0.1298      0.015    1490.49     77.940     6.9402 163.335375     4.8563      0.531  0.000e+00
      0.488    13.4735    25.4192    18.8971 1.7705e+00     0.1298      0.015    1490.49     77.944     6.9405 163.335376     4.8566      0.493  0.000e+00
      0.573    13.4738    25.4188    18.8967 1.8193e+00     0.1310      0.015    1490.49     77.950     6.9410 163.335376     4.8569      0.578  0.000e+00
      0.513    13.4742    25.4184    18.8963 1.8315e+00     0.1298      0.015    1490.49     77.896     6.9362 163.335377     4.8535      0.518  0.000e+00
      0.526    13.4745    25.4181    18.8960 1.8071e+00     0.1310      0.015    1490.49     77.897     6.9362 163.335377     4.8536      0.531  0.000e+00
      0.526    13.4746    25.4180    18.8959 1.7827e+00     0.1298      0.015    1490.49     77.952     6.9411 163.335378     4.8570      0.531  0.000e+00
      0.535    13.4747    25.4180    18.8959 1.7460e+00     0.1298      0.015    1490.49     77.954     6.9413 163.335378     4.8571      0.540  0.000e+00
      0.526    13.4747    25.4180    18.8959 1.7460e+00     0.1298      0.015    1490.49     77.896     6.9361 163.335379     4.8535      0.531  0.000e+00
      0.513    13.4750    25.4180    18.8958 1.7338e+00     0.1310      0.015    1490.49     77.953     6.9411 163.335379     4.8570      0.517  0.000e+00
      0.526    13.4754    25.4176    18.8955 1.7216e+00     0.1310      0.015    1490.50     77.896     6.9360 163.335380     4.8534      0.531  0.000e+00
      0.513    13.4758    25.4177    18.8954 1.6972e+00     0.1310      0.015    1490.50     77.893     6.9357 163.335380     4.8532      0.517  0.000e+00
