20190611/VT65_20190612_down.cnv
* Sea-Bird SBE 9 Data File:
* FileName = C:\CTD Brukere\NIVA\OKOKYST2019\20190611\VT65_20190612.hex
* Software Version Seasave V 7.23.2
* Temperature SN = 5352
* Conductivity SN = 3840
* Number of Bytes Per Scan = 28
* Number of Voltage Words = 4
* Number of Scans Averaged by the Deck Unit = 1
* NMEA baud rate = 4800
** Ship: R/V Trygve Braarud
** Cruise:
** Station:
** Operator:
# nquan = 14
# nvalues = 17261                                 
# units = specified
# name 0 = depSM: Depth [salt water, m], lat = 59.60
# name 1 = t090C: Temperature [ITS-90, deg C]
# name 2 = sal00: Salinity, Practical [PSU]
# name 3 = sigma-t00: Density [sigma-t, kg/m^3 ]
# name 4 = flSP: Fluorescence, Seapoint
# name 5 = wetStar: Fluorescence, WET Labs WETstar [mg/m^3]
# name 6 = seaTurbMtr: Turbidity, Seapoint [FTU]
# name 7 = svCM: Sound Velocity [Chen-Millero, m/s]
# name 8 = sbeox0PS: Oxygen, SBE 43 [% saturation]
# name 9 = sbeox0Mg/L: Oxygen, SBE 43 [mg/l]
# name 10 = timeJ: Julian Days
# name 11 = sbeox0ML/L: Oxygen, SBE 43 [ml/l]
# name 12 = prDM: Pressure, Digiquartz [db]
# name 13 = flag:  0.000e+00
# span 0 =      0.404,    349.101                 
# span 1 =     6.7445,    13.4927                 
# span 2 =    25.3907,    34.8546                 
# span 3 =    18.8716,    27.3197                 
# span 4 = 1.2210e-01, 2.4298e+00                 
# span 5 =     0.1273,     0.1322                 
# span 6 =      0.011,      0.022                 
# span 7 =    1479.34,    1491.90                 
# span 8 =     58.050,     78.739                 
# span 9 =     5.6203,     7.0735                 
# span 10 = 163.335231, 163.343555                
# span 11 =     3.9328,     4.9496                
# span 12 =      0.408,    352.713                
# span 13 = 0.0000e+00, 0.0000e+00                
# interval = seconds: 0.0416667
# start_time = Jun 12 2019 08:02:44 [System UpLoad Time]
# bad_flag = -9.990e-29
*END*
[from data line 8259]
    167.018     6.7705    34.7552    27.2575 1.3431e-01     0.1273      0.018    1480.23     66.836     6.4928 163.339214     4.5433    168.671  0.000e+00
    167.027     6.7710    34.7547    27.2570 1.3431e-01     0.1285      0.018    1480.23     66.837     6.4929 163.339215     4.5433    168.681  0.000e+00
    167.078     6.7709    34.7552    27.2575 1.3431e-01     0.1285      0.018    1480.23     66.838     6.4930 163.339215     4.5434    168.732  0.000e+00
    167.077     6.7710    34.7550    27.2573 1.3431e-01     0.1285      0.018    1480.23     66.838     6.4929 163.339216     4.5433    168.730  0.000e+00
    167.101     6.7712    34.7550    27.2573 1.3431e-01     0.1285      0.018    1480.23     66.836     6.4927 163.339216     4.5432    168.755  0.000e+00
    167.141     6.7712    34.7548    27.2571 1.4652e-01     0.1285      0.018    1480.23     66.842     6.4933 163.339217     4.5436    168.795  0.000e+00
    167.150     6.7712    34.7545    27.2569 1.3431e-01     0.1273      0.018    1480.23     66.839     6.4930 163.339217     4.5434    168.805  0.000e+00
    167.177     6.7713    34.7550    27.2572 1.3431e-01     0.1285      0.018    1480.23     66.843     6.4934 163.339218     4.5437    168.831  0.000e+00
    167.200     6.7712    34.7548    27.2572 1.3431e-01     0.1273      0.018    1480.23     66.910     6.4999 163.339218     4.5483    168.855  0.000e+00
    167.213     6.7712    34.7549    27.2572 1.4652e-01     0.1285      0.018    1480.23     66.920     6.5009 163.339219     4.5490    168.868  0.000e+00
    167.224     6.7712    34.7552    27.2575 1.4652e-01     0.1273      0.018    1480.24     66.858     6.4948 163.339219     4.5447    168.880  0.000e+00
    167.247     6.7712    34.7551    27.2574 1.4652e-01     0.1285      0.018    1480.24     66.850     6.4941 163.339220     4.5442    168.903  0.000e+00
    167.275     6.7712    34.7550    27.2573 1.3431e-01     0.1285      0.015    1480.24     66.913     6.5002 163.339220     4.5485    168.931  0.000e+00
    167.296     6.7713    34.7548    27.2571 1.4652e-01     0.1285      0.018    1480.24     66.856     6.4947 163.339221     4.5446    168.953  0.000e+00
    167.311     6.7710    34.7551    27.2574 1.3431e-01     0.1273      0.018    1480.24     66.854     6.4945 163.339221     4.5445    168.967  0.000e+00
    167.321     6.7712    34.7550    27.2573 1.4652e-01     0.1285      0.018    1480.24     66.915     6.5004 163.339222     4.5486    168.977  0.000e+00
    167.349     6.7712    34.7550    27.2573 1.3431e-01     0.1273      0.018    1480.24     66.919     6.5008 163.339222     4.5489    169.006  0.000e+00
    167.370     6.7713    34.7548    27.2571 1.3431e-01     0.1285      0.018    1480.24     66.859     6.4949 163.339223     4.5447    169.027  0.000e+00
    167.372     6.7713    34.7553    27.2575 1.3431e-01     0.1285      0.018    1480.24     66.917     6.5005 163.339223     4.5487    169.029  0.000e+00
    167.408     6.7713    34.7549    27.2572 1.3431e-01     0.1285      0.018    1480.24     66.918     6.5007 163.339224     4.5488    169.065  0.000e+00
    167.420     6.7710    34.7553    27.2575 1.3431e-01     0.1285      0.018    1480.24     66.919     6.5007 163.339224     4.5488    169.077  0.000e+00
    167.434     6.7713    34.7553    27.2575 1.3431e-01     0.1273      0.018    1480.24     66.855     6.4945 163.339225     4.5445    169.092  0.000e+00
    167.456     6.7712    34.7553    27.2575 1.3431e-01     0.1285      0.018    1480.24     66.909     6.4998 163.339225     4.5482    169.113  0.000e+00
    167.484     6.7715    34.7554    27.2576 1.3431e-01     0.1273      0.018    1480.24     66.907     6.4995 163.339226     4.5480    169.142  0.000e+00
    167.493     6.7715    34.7553    27.2575 1.4652e-01     0.1285      0.018    1480.24     66.904     6.4992 163.339226     4.5478    169.151  0.000e+00
    167.520     6.7713    34.7551    27.2574 1.4652e-01     0.1285      0.018    1480.24     66.900     6.4989 163.339226     4.5475    169.178  0.000e+00
    167.529     6.7715    34.7554    27.2575 1.4652e-01     0.1285      0.018    1480.24     66.831     6.4921 163.339227     4.5428    169.188  0.000e+00
    167.556     6.7715    34.7553    27.2575 1.3431e-01     0.1273      0.018    1480.24     66.881     6.4970 163.339227     4.5462    169.214  0.000e+00
    167.567     6.7713    34.7554    27.2576 1.3431e-01     0.1285      0.018    1480.24     66.874     6.4963 163.339228     4.5458    169.226  0.000e+00
    167.605     6.7715    34.7544    27.2568 1.3431e-01     0.1285      0.018    1480.24     66.874     6.4964 163.339228     4.5458    169.264  0.000e+00
    167.615     6.7713    34.7551    27.2573 1.3431e-01     0.1285      0.018    1480.24     66.874     6.4964 163.339229     4.5458    169.274  0.000e+00
    167.630     6.7713    34.7551    27.2573 1.3431e-01     0.1285      0.018    1480.24     66.865     6.4955 163.339229     4.5452    169.289  0.000e+00
    167.653     6.7713    34.7555    27.2576 1.3431e-01     0.1285      0.018    1480.24     66.863     6.4953 163.339230     4.5450    169.312  0.000e+00
    167.679     6.7715    34.7555    27.2577 1.3431e-01     0.1285      0.018    1480.24     66.861     6.4950 163.339230     4.5448    169.339  0.000e+00
    167.702     6.7716    34.7551    27.2573 1.3431e-01     0.1273      0.018    1480.24     66.858     6.4947 163.339231     4.5446    169.362  0.000e+00
    167.726     6.7716    34.7552    27.2574 1.3431e-01     0.1273      0.018    1480.25     66.854     6.4944 163.339231     4.5444    169.387  0.000e+00
    167.728     6.7712    34.7555    27.2577 1.4652e-01     0.1285      0.018    1480.24     66.849     6.4940 163.339232     4.5441    169.389  0.000e+00
    167.776     6.7713    34.7553    27.2575 1.4652e-01     0.1285      0.018    1480.24     66.844     6.4935 163.339232     4.5438    169.437  0.000e+00
    167.789     6.7710    34.7553    27.2576 1.4652e-01     0.1285      0.018    1480.24     66.839     6.4930 163.339233     4.5434    169.450  0.000e+00
    167.812     6.7713    34.7554    27.2576 1.4652e-01     0.1285      0.018    1480.25     66.832     6.4923 163.339233     4.5429    169.473  0.000e+00
    167.827     6.7712    34.7552    27.2574 1.4652e-01     0.1285      0.018    1480.25     66.825     6.4916 163.339234     4.5425    169.488  0.000e+00
    167.872     6.7712    34.7552    27.2575 1.3431e-01     0.1285      0.018    1480.25     66.817     6.4909 163.339234     4.5419    169.534  0.000e+00
    167.874     6.7710    34.7561    27.2582 1.4652e-01     0.1285      0.018    1480.25     66.809     6.4900 163.339235     4.5413    169.536  0.000e+00
    167.910     6.7712    34.7550    27.2573 1.3431e-01     0.1273      0.018    1480.25     66.808     6.4900 163.339235     4.5413    169.573  0.000e+00
    167.936     6.7710    34.7556    27.2578 1.3431e-01     0.1273      0.018    1480.25     66.799     6.4891 163.339236     4.5407    169.599  0.000e+00
    167.946     6.7712    34.7554    27.2576 1.3431e-01     0.1285      0.018    1480.25     66.797     6.4889 163.339236     4.5405    169.609  0.000e+00
    167.986     6.7712    34.7553    27.2575 1.4652e-01     0.1285      0.018    1480.25     66.795     6.4887 163.339237     4.5404    169.649  0.000e+00
    167.996     6.7712    34.7550    27.2573 1.3431e-01     0.1285      0.018    1480.25     66.792     6.4884 163.339237     4.5402    169.659  0.000e+00
    168.033     6.7712    34.7552    27.2574 1.3431e-01     0.1273      0.018    1480.25     66.789     6.4882 163.339238     4.5400    169.697  0.000e+00
    168.032     6.7708    34.7557    27.2579 1.3431e-01     0.1273      0.018    1480.25     66.786     6.4879 163.339238     4.5398    169.695  0.000e+00
    168.096     6.7709    34.7556    27.2578 1.3431e-01     0.1285      0.018    1480.25     66.783     6.4876 163.339239     4.5396    169.760  0.000e+00
    168.107     6.7707    34.7555    27.2578 1.3431e-01     0.1273      0.018    1480.25     66.779     6.4872 163.339239     4.5394    169.772  0.000e+00
    168.130     6.7707    34.7554    27.2577 1.3431e-01     0.1285      0.018    1480.25     66.775     6.4868 163.339239     4.5391    169.795  0.000e+00
    168.156     6.7705    34.7556    27.2578 1.3431e-01     0.1273      0.018    1480.25     66.771     6.4864 163.339240     4.5388    169.821  0.000e+00
    168.179     6.7705    34.7558    27.2580 1.3431e-01     0.1273      0.018    1480.25     66.766     6.4860 163.339240     4.5385    169.845  0.000e+00
    168.206     6.7702    34.7559    27.2582 1.3431e-01     0.1285      0.018    1480.25     66.761     6.4855 163.339241     4.5382    169.871  0.000e+00
    168.229     6.7704    34.7562    27.2583 1.3431e-01     0.1285      0.018    1480.25     66.755     6.4849 163.339241     4.5378    169.894  0.000e+00
    168.255     6.7704    34.7564    27.2585 1.3431e-01     0.1285      0.018    1480.25     66.758     6.4852 163.339242     4.5380    169.921  0.000e+00
    168.278     6.7702    34.7565    27.2586 1.4652e-01     0.1285      0.018    1480.25     66.760     6.4854 163.339242     4.5381    169.944  0.000e+00
    168.304     6.7705    34.7564    27.2585 1.3431e-01     0.1285      0.018    1480.25     66.755     6.4848 163.339243     4.5377    169.971  0.000e+00
    168.327     6.7707    34.7566    27.2586 1.3431e-01     0.1273      0.018    1480.25     66.749     6.4842 163.339243     4.5373    169.994  0.000e+00
    168.365     6.7710    34.7569    27.2588 1.3431e-01     0.1285      0.018    1480.26     66.751     6.4843 163.339244     4.5374    170.032  0.000e+00
    168.363     6.7712    34.7571    27.2590 1.3431e-01     0.1285      0.015    1480.26     66.744     6.4837 163.339244     4.5369    170.030  0.000e+00
    168.401     6.7720    34.7569    27.2587 1.3431e-01     0.1285      0.018    1480.26     66.737     6.4829 163.339245     4.5364    170.068  0.000e+00
    168.426     6.7721    34.7567    27.2585 1.4652e-01     0.1285      0.018    1480.26     66.738     6.4830 163.339245     4.5364    170.093  0.000e+00
    168.437     6.7723    34.7566    27.2584 1.4652e-01     0.1285      0.018    1480.26     66.739     6.4831 163.339246     4.5365    170.105  0.000e+00
    168.475     6.7719    34.7561    27.2580 1.3431e-01     0.1285      0.018    1480.26     66.732     6.4825 163.339246     4.5361    170.143  0.000e+00
    168.486     6.7716    34.7560    27.2580 1.4652e-01     0.1285      0.018    1480.26     66.733     6.4826 163.339247     4.5361    170.155  0.000e+00
    168.499     6.7715    34.7559    27.2580 1.3431e-01     0.1285      0.018    1480.26     66.734     6.4827 163.339247     4.5362    170.168  0.000e+00
    168.534     6.7712    34.7561    27.2582 1.4652e-01     0.1285      0.018    1480.26     66.735     6.4828 163.339248     4.5363    170.203  0.000e+00
    168.549     6.7712    34.7563    27.2583 1.4652e-01     0.1285      0.018    1480.26     66.728     6.4821 163.339248     4.5358    170.218  0.000e+00
    168.572     6.7715    34.7564    27.2583 1.4652e-01     0.1285      0.018    1480.26     66.728     6.4821 163.339249     4.5358    170.241  0.000e+00
    168.585     6.7715    34.7562    27.2582 1.4652e-01     0.1273      0.018    1480.26     66.728     6.4822 163.339249     4.5358    170.254  0.000e+00
    168.609     6.7713    34.7563    27.2583 1.3431e-01     0.1285      0.018    1480.26     66.729     6.4822 163.339250     4.5359    170.279  0.000e+00
    168.621     6.7713    34.7565    27.2584 1.3431e-01     0.1273      0.018    1480.26     66.729     6.4823 163.339250     4.5359    170.291  0.000e+00
    168.645     6.7710    34.7564    27.2584 1.3431e-01     0.1273      0.018    1480.26     66.722     6.4816 163.339251     4.5354    170.315  0.000e+00
    168.670     6.7713    34.7561    27.2582 1.4652e-01     0.1285      0.018    1480.26     66.722     6.4816 163.339251     4.5354    170.340  0.000e+00
    168.683     6.7712    34.7566    27.2586 1.4652e-01     0.1285      0.018    1480.26     66.722     6.4816 163.339252     4.5354    170.354  0.000e+00
    168.695     6.7712    34.7567    27.2587 1.4652e-01     0.1285      0.018    1480.26     66.722     6.4816 163.339252     4.5354    170.365  0.000e+00
    168.732     6.7715    34.7574    27.2592 1.3431e-01     0.1285      0.018    1480.26     66.722     6.4815 163.339253     4.5354    170.403  0.000e+00
    168.732     6.7718    34.7580    27.2596 1.3431e-01     0.1285      0.018    1480.27     66.722     6.4815 163.339253     4.5353    170.403  0.000e+00
    168.755     6.7723    34.7582    27.2596 1.3431e-01     0.1273      0.018    1480.27     66.723     6.4814 163.339253     4.5353    170.426  0.000e+00
    168.782     6.7729    34.7577    27.2592 1.3431e-01     0.1273      0.018    1480.27     66.723     6.4813 163.339254     4.5353    170.453  0.000e+00
    168.805     6.7731    34.7580    27.2594 1.4652e-01     0.1273      0.018    1480.27     66.723     6.4813 163.339254     4.5352    170.476  0.000e+00
    168.818     6.7740    34.7573    27.2587 1.3431e-01     0.1273      0.018    1480.28     66.723     6.4812 163.339255     4.5352    170.489  0.000e+00
    168.829     6.7739    34.7576    27.2590 1.3431e-01     0.1285      0.018    1480.28     66.723     6.4812 163.339255     4.5352    170.501  0.000e+00
    168.854     6.7745    34.7573    27.2587 1.3431e-01     0.1273      0.018    1480.28     66.723     6.4812 163.339256     4.5351    170.526  0.000e+00
    168.867     6.7744    34.7573    27.2587 1.3431e-01     0.1273      0.018    1480.28     66.723     6.4812 163.339256     4.5352    170.539  0.000e+00
    168.890     6.7745    34.7571    27.2585 1.3431e-01     0.1285      0.018    1480.28     66.724     6.4812 163.339257     4.5352    170.562  0.000e+00
    168.903     6.7742    34.7569    27.2583 1.3431e-01     0.1285      0.018    1480.28     66.724     6.4813 163.339257     4.5352    170.576  0.000e+00
    168.941     6.7743    34.7568    27.2582 1.3431e-01     0.1285      0.018    1480.28     66.724     6.4813 163.339258     4.5352    170.614  0.000e+00
    168.951     6.7742    34.7570    27.2585 1.3431e-01     0.1285      0.018    1480.28     66.724     6.4813 163.339258     4.5352    170.624  0.000e+00
    168.964     6.7742    34.7572    27.2586 1.4652e-01     0.1285      0.018    1480.28     66.724     6.4813 163.339259     4.5352    170.637  0.000e+00
    168.988     6.7740    34.7575    27.2589 1.3431e-01     0.1285      0.015    1480.28     66.724     6.4813 163.339259     4.5353    170.662  0.000e+00
    169.013     6.7743    34.7574    27.2587 1.3431e-01     0.1273      0.018    1480.28     66.661     6.4752 163.339260     4.5309    170.687  0.000e+00
    169.026     6.7742    34.7582    27.2594 1.3431e-01     0.1285      0.018    1480.28     66.717     6.4806 163.339260     4.5347    170.700  0.000e+00
    169.062     6.7745    34.7581    27.2593 1.3431e-01     0.1285      0.018    1480.28     66.718     6.4806 163.339261     4.5347    170.737  0.000e+00
    169.062     6.7747    34.7586    27.2597 1.3431e-01     0.1273      0.018    1480.28     66.718     6.4806 163.339261     4.5347    170.737  0.000e+00
    169.098     6.7754    34.7586    27.2595 1.3431e-01     0.1285      0.018    1480.29     66.719     6.4805 163.339262     4.5347    170.773  0.000e+00
    169.112     6.7755    34.7585    27.2594 1.3431e-01     0.1273      0.018    1480.29     66.719     6.4806 163.339262     4.5347    170.786  0.000e+00
    169.136     6.7754    34.7582    27.2592 1.3431e-01     0.1273      0.018    1480.29     66.720     6.4806 163.339263     4.5348    170.811  0.000e+00
    169.159     6.7757    34.7579    27.2590 1.3431e-01     0.1285      0.018    1480.29     66.784     6.4868 163.339263     4.5391    170.834  0.000e+00
