20190611/VT66_20190612_down_bin.cnv
* Sea-Bird SBE 9 Data File:
* FileName = C:\CTD Brukere\NIVA\OKOKYST2019\20190611\VT66_20190612.hex
* Software Version Seasave V 7.23.2
* Temperature SN = 5352
* Conductivity SN = 3840
* Number of Bytes Per Scan = 28
* Number of Voltage Words = 4
* Number of Scans Averaged by the Deck Unit = 1
* NMEA baud rate = 4800
** Ship: R/V Trygve Braarud
** Cruise:
** Station:
** Operator:
# nquan = 14
# nvalues = 202                         
# units = specified
# name 0 = depSM: Depth [salt water, m], lat = 59.60
# name 1 = t090C: Temperature [ITS-90, deg C]
# name 2 = sal00: Salinity, Practical [PSU]
# name 3 = sigma-t00: Density [sigma-t, kg/m^3 ]
# name 4 = flSP: Fluorescence, Seapoint
# name 5 = wetStar: Fluorescence, WET Labs WETstar [mg/m^3]
# name 6 = seaTurbMtr: Turbidity, Seapoint [FTU]
# name 7 = svCM: Sound Velocity [Chen-Millero, m/s]
# name 8 = sbeox0PS: Oxygen, SBE 43 [% saturation]
# name 9 = sbeox0Mg/L: Oxygen, SBE 43 [mg/l]
# name 10 = timeJ: Julian Days
# name 11 = sbeox0ML/L: Oxygen, SBE 43 [ml/l]
# name 12 = prDM: Pressure, Digiquartz [db]
# name 13 = flag: flag
# span 0 =      0.000,    201.000       
# span 1 =     6.8038,    13.5223       
# span 2 =    17.5711,    34.6110       
# span 3 =    12.9063,    27.0895       
# span 4 = 1.5691e-01, 3.5213e+00       
# span 5 =     0.1284,     0.1311       
# span 6 =      0.009,      0.018       
# span 7 =    1476.58,    1490.50       
# span 8 =     23.156,     81.572       
# span 9 =     2.2314,     7.3208       
# span 10 = 163.642438, 163.646376      
# span 11 =     1.5614,     5.1227      
# span 12 =     -0.000,    203.006      
# span 13 = 0.0000e+00, 0.0000e+00      
# interval = meters: 1                  
# start_time = Jun 12 2019 15:25:03 [System UpLoad Time]
# bad_flag = -9.990e-29
*END*
[from data line 104]
    104.000     7.2204    34.5816    27.0584 1.5906e-01     0.1291      0.018    1480.71     30.894     2.9739 163.644369     2.0809    105.013 0.0000e+00
    105.000     7.2189    34.5823    27.0591 1.6132e-01     0.1289      0.018    1480.72     30.773     2.9622 163.644387     2.0728    106.023 0.0000e+00
    106.000     7.2168    34.5832    27.0602 1.6004e-01     0.1290      0.018    1480.73     30.808     2.9657 163.644405     2.0752    107.033 0.0000e+00
    107.000     7.2158    34.5836    27.0607 1.6345e-01     0.1291      0.018    1480.74     30.762     2.9614 163.644422     2.0722    108.043 0.0000e+00
    108.000     7.2141    34.5842    27.0613 1.6012e-01     0.1290      0.018    1480.75     30.694     2.9550 163.644440     2.0677    109.053 0.0000e+00
    109.000     7.2129    34.5848    27.0620 1.6034e-01     0.1292      0.018    1480.77     30.549     2.9411 163.644457     2.0580    110.063 0.0000e+00
    110.000     7.2125    34.5852    27.0623 1.6388e-01     0.1291      0.018    1480.78     30.393     2.9260 163.644476     2.0475    111.073 0.0000e+00
    111.000     7.2117    34.5856    27.0628 1.6049e-01     0.1289      0.018    1480.80     30.289     2.9161 163.644493     2.0405    112.083 0.0000e+00
    112.000     7.2102    34.5865    27.0637 1.6104e-01     0.1289      0.018    1480.81     30.175     2.9052 163.644511     2.0328    113.093 0.0000e+00
    113.000     7.2088    34.5873    27.0645 1.5805e-01     0.1289      0.018    1480.82     30.136     2.9015 163.644529     2.0303    114.103 0.0000e+00
    114.000     7.2074    34.5880    27.0653 1.5907e-01     0.1287      0.018    1480.83     30.202     2.9080 163.644546     2.0348    115.113 0.0000e+00
    115.000     7.2062    34.5886    27.0659 1.5873e-01     0.1290      0.018    1480.85     30.181     2.9060 163.644564     2.0335    116.123 0.0000e+00
    116.000     7.2052    34.5892    27.0665 1.6026e-01     0.1288      0.018    1480.86     30.239     2.9117 163.644582     2.0374    117.134 0.0000e+00
    117.000     7.2026    34.5902    27.0677 1.6005e-01     0.1289      0.018    1480.87     30.270     2.9148 163.644601     2.0396    118.144 0.0000e+00
    118.000     7.2006    34.5910    27.0686 1.5873e-01     0.1288      0.018    1480.88     30.311     2.9189 163.644618     2.0424    119.154 0.0000e+00
    119.000     7.2000    34.5914    27.0690 1.5905e-01     0.1288      0.018    1480.89     30.270     2.9149 163.644636     2.0397    120.164 0.0000e+00
    120.000     7.1994    34.5916    27.0692 1.5936e-01     0.1289      0.018    1480.91     30.121     2.9006 163.644654     2.0297    121.174 0.0000e+00
    121.000     7.1982    34.5922    27.0698 1.5836e-01     0.1288      0.018    1480.92     29.987     2.8877 163.644672     2.0207    122.184 0.0000e+00
    122.000     7.1970    34.5927    27.0704 1.5803e-01     0.1287      0.018    1480.93     29.921     2.8815 163.644688     2.0163    123.194 0.0000e+00
    123.000     7.1965    34.5931    27.0709 1.5843e-01     0.1289      0.018    1480.95     29.886     2.8782 163.644707     2.0140    124.204 0.0000e+00
    124.000     7.1948    34.5939    27.0717 1.6005e-01     0.1288      0.018    1480.96     29.943     2.8837 163.644726     2.0179    125.214 0.0000e+00
    125.000     7.1935    34.5945    27.0723 1.5873e-01     0.1289      0.018    1480.97     29.938     2.8833 163.644743     2.0176    126.224 0.0000e+00
    126.000     7.1923    34.5949    27.0729 1.5809e-01     0.1288      0.018    1480.98     29.979     2.8874 163.644761     2.0204    127.234 0.0000e+00
    127.000     7.1914    34.5953    27.0733 1.6190e-01     0.1287      0.018    1481.00     30.026     2.8919 163.644780     2.0236    128.245 0.0000e+00
    128.000     7.1896    34.5962    27.0742 1.5841e-01     0.1288      0.018    1481.01     29.970     2.8866 163.644798     2.0199    129.255 0.0000e+00
    129.000     7.1889    34.5965    27.0746 1.5873e-01     0.1288      0.018    1481.02     29.803     2.8706 163.644815     2.0087    130.265 0.0000e+00
    130.000     7.1885    34.5968    27.0748 1.5965e-01     0.1289      0.018    1481.03     29.704     2.8611 163.644833     2.0020    131.275 0.0000e+00
    131.000     7.1872    34.5973    27.0754 1.5906e-01     0.1288      0.018    1481.05     29.584     2.8496 163.644852     1.9940    132.285 0.0000e+00
    132.000     7.1867    34.5975    27.0757 1.5873e-01     0.1289      0.018    1481.06     29.496     2.8411 163.644870     1.9881    133.295 0.0000e+00
    133.000     7.1866    34.5977    27.0758 1.5873e-01     0.1288      0.018    1481.08     29.454     2.8371 163.644887     1.9852    134.305 0.0000e+00
    134.000     7.1859    34.5980    27.0762 1.5841e-01     0.1289      0.018    1481.09     29.427     2.8345 163.644905     1.9834    135.316 0.0000e+00
    135.000     7.1854    34.5983    27.0765 1.5906e-01     0.1289      0.018    1481.11     29.392     2.8313 163.644923     1.9811    136.326 0.0000e+00
    136.000     7.1852    34.5984    27.0766 1.5741e-01     0.1287      0.018    1481.12     29.295     2.8219 163.644941     1.9746    137.336 0.0000e+00
    137.000     7.1845    34.5987    27.0769 1.5805e-01     0.1288      0.018    1481.14     29.337     2.8259 163.644958     1.9774    138.346 0.0000e+00
    138.000     7.1837    34.5991    27.0774 1.5874e-01     0.1286      0.018    1481.15     29.444     2.8363 163.644976     1.9846    139.356 0.0000e+00
    139.000     7.1831    34.5993    27.0776 1.6036e-01     0.1289      0.018    1481.17     29.502     2.8419 163.644994     1.9886    140.366 0.0000e+00
    140.000     7.1832    34.5993    27.0775 1.5774e-01     0.1286      0.018    1481.18     29.456     2.8375 163.645012     1.9855    141.376 0.0000e+00
    141.000     7.1825    34.5997    27.0780 1.5872e-01     0.1287      0.018    1481.20     29.554     2.8470 163.645030     1.9922    142.387 0.0000e+00
    142.000     7.1819    34.6000    27.0783 1.5691e-01     0.1286      0.018    1481.21     29.441     2.8362 163.645049     1.9846    143.397 0.0000e+00
    143.000     7.1811    34.6004    27.0787 1.5803e-01     0.1288      0.018    1481.23     29.386     2.8309 163.645067     1.9809    144.407 0.0000e+00
    144.000     7.1813    34.6003    27.0786 1.5839e-01     0.1287      0.018    1481.24     29.355     2.8279 163.645085     1.9788    145.417 0.0000e+00
    145.000     7.1808    34.6006    27.0789 1.5873e-01     0.1287      0.018    1481.26     29.363     2.8287 163.645103     1.9793    146.427 0.0000e+00
    146.000     7.1798    34.6010    27.0793 1.5996e-01     0.1286      0.018    1481.27     29.317     2.8243 163.645123     1.9762    147.437 0.0000e+00
    147.000     7.1794    34.6012    27.0796 1.6353e-01     0.1288      0.018    1481.29     29.320     2.8246 163.645141     1.9765    148.448 0.0000e+00
    148.000     7.1794    34.6012    27.0796 1.5905e-01     0.1287      0.018    1481.30     29.256     2.8184 163.645159     1.9722    149.458 0.0000e+00
    149.000     7.1793    34.6013    27.0797 1.5903e-01     0.1287      0.018    1481.32     29.225     2.8155 163.645178     1.9701    150.468 0.0000e+00
    150.000     7.1789    34.6015    27.0799 1.6158e-01     0.1286      0.018    1481.34     29.112     2.8045 163.645198     1.9625    151.479 0.0000e+00
    151.000     7.1787    34.6017    27.0801 1.5842e-01     0.1287      0.018    1481.35     29.113     2.8047 163.645216     1.9626    152.489 0.0000e+00
    152.000     7.1782    34.6020    27.0804 1.6067e-01     0.1286      0.018    1481.37     29.139     2.8072 163.645236     1.9644    153.499 0.0000e+00
    153.000     7.1779    34.6021    27.0805 1.5746e-01     0.1286      0.018    1481.38     29.046     2.7983 163.645256     1.9581    154.509 0.0000e+00
    154.000     7.1772    34.6025    27.0809 1.5708e-01     0.1287      0.018    1481.40     29.049     2.7986 163.645274     1.9583    155.519 0.0000e+00
    155.000     7.1769    34.6027    27.0811 1.5812e-01     0.1287      0.018    1481.41     29.003     2.7942 163.645293     1.9552    156.530 0.0000e+00
    156.000     7.1770    34.6027    27.0811 1.6113e-01     0.1286      0.018    1481.43     29.058     2.7995 163.645313     1.9589    157.540 0.0000e+00
    157.000     7.1766    34.6028    27.0813 1.5751e-01     0.1286      0.018    1481.45     28.970     2.7910 163.645332     1.9530    158.550 0.0000e+00
    158.000     7.1758    34.6028    27.0814 1.6194e-01     0.1286      0.018    1481.46     28.900     2.7843 163.645350     1.9483    159.560 0.0000e+00
    159.000     7.1753    34.6035    27.0820 1.5938e-01     0.1286      0.018    1481.47     28.948     2.7890 163.645369     1.9516    160.571 0.0000e+00
    160.000     7.1753    34.6035    27.0820 1.5838e-01     0.1286      0.018    1481.49     28.946     2.7888 163.645387     1.9514    161.581 0.0000e+00
    161.000     7.1751    34.6036    27.0821 1.6095e-01     0.1286      0.018    1481.51     28.833     2.7779 163.645406     1.9438    162.591 0.0000e+00
    162.000     7.1750    34.6038    27.0822 1.5810e-01     0.1287      0.018    1481.52     28.764     2.7713 163.645424     1.9392    163.602 0.0000e+00
    163.000     7.1748    34.6039    27.0824 1.5873e-01     0.1286      0.018    1481.54     28.618     2.7572 163.645443     1.9293    164.612 0.0000e+00
    164.000     7.1744    34.6041    27.0826 1.6289e-01     0.1286      0.018    1481.55     28.457     2.7417 163.645462     1.9185    165.622 0.0000e+00
    165.000     7.1743    34.6041    27.0826 1.5900e-01     0.1287      0.018    1481.57     28.468     2.7428 163.645481     1.9193    166.632 0.0000e+00
    166.000     7.1740    34.6043    27.0828 1.6007e-01     0.1287      0.018    1481.59     28.500     2.7459 163.645500     1.9214    167.643 0.0000e+00
    167.000     7.1742    34.6043    27.0828 1.6452e-01     0.1287      0.018    1481.60     28.620     2.7574 163.645518     1.9295    168.653 0.0000e+00
    168.000     7.1742    34.6044    27.0828 1.6003e-01     0.1286      0.018    1481.62     28.661     2.7613 163.645537     1.9322    169.663 0.0000e+00
    169.000     7.1741    34.6045    27.0829 1.6093e-01     0.1285      0.018    1481.64     28.615     2.7570 163.645556     1.9292    170.674 0.0000e+00
    170.000     7.1740    34.6045    27.0830 1.5875e-01     0.1285      0.018    1481.65     28.517     2.7475 163.645574     1.9225    171.684 0.0000e+00
    171.000     7.1736    34.6047    27.0832 1.5873e-01     0.1286      0.018    1481.67     28.348     2.7312 163.645593     1.9111    172.694 0.0000e+00
    172.000     7.1735    34.6049    27.0833 1.5873e-01     0.1286      0.018    1481.68     28.407     2.7369 163.645611     1.9151    173.705 0.0000e+00
    173.000     7.1732    34.6050    27.0835 1.5905e-01     0.1286      0.018    1481.70     28.448     2.7410 163.645630     1.9180    174.715 0.0000e+00
    174.000     7.1732    34.6052    27.0836 1.5873e-01     0.1284      0.018    1481.72     28.345     2.7310 163.645648     1.9110    175.725 0.0000e+00
    175.000     7.1725    34.6055    27.0840 1.6083e-01     0.1287      0.018    1481.73     28.337     2.7302 163.645668     1.9104    176.736 0.0000e+00
    176.000     7.1720    34.6058    27.0843 1.5874e-01     0.1287      0.018    1481.75     28.320     2.7286 163.645686     1.9093    177.746 0.0000e+00
    177.000     7.1713    34.6062    27.0847 1.5807e-01     0.1286      0.018    1481.76     28.334     2.7300 163.645704     1.9103    178.756 0.0000e+00
    178.000     7.1705    34.6065    27.0850 1.5873e-01     0.1286      0.018    1481.77     28.260     2.7230 163.645723     1.9054    179.767 0.0000e+00
    179.000     7.1699    34.6069    27.0854 1.5873e-01     0.1285      0.018    1481.79     28.350     2.7316 163.645742     1.9114    180.777 0.0000e+00
    180.000     7.1696    34.6071    27.0856 1.6098e-01     0.1286      0.018    1481.81     28.329     2.7296 163.645760     1.9100    181.788 0.0000e+00
    181.000     7.1686    34.6076    27.0862 1.5906e-01     0.1287      0.018    1481.82     28.103     2.7079 163.645779     1.8948    182.798 0.0000e+00
    182.000     7.1679    34.6081    27.0866 1.6062e-01     0.1286      0.018    1481.83     27.921     2.6905 163.645798     1.8826    183.808 0.0000e+00
    183.000     7.1675    34.6084    27.0869 1.5875e-01     0.1286      0.018    1481.85     27.899     2.6883 163.645817     1.8811    184.819 0.0000e+00
    184.000     7.1674    34.6084    27.0869 1.5873e-01     0.1286      0.018    1481.87     27.861     2.6846 163.645835     1.8785    185.829 0.0000e+00
    185.000     7.1670    34.6087    27.0872 1.6254e-01     0.1285      0.018    1481.88     27.652     2.6646 163.645854     1.8645    186.839 0.0000e+00
    186.000     7.1665    34.6090    27.0876 1.6038e-01     0.1286      0.018    1481.90     27.540     2.6538 163.645872     1.8569    187.850 0.0000e+00
    187.000     7.1660    34.6094    27.0879 1.5968e-01     0.1286      0.018    1481.91     27.395     2.6398 163.645891     1.8472    188.860 0.0000e+00
    188.000     7.1660    34.6093    27.0879 1.6087e-01     0.1286      0.018    1481.93     27.136     2.6149 163.645909     1.8297    189.871 0.0000e+00
    189.000     7.1659    34.6094    27.0879 1.5938e-01     0.1284      0.018    1481.94     26.896     2.5918 163.645928     1.8136    190.881 0.0000e+00
    190.000     7.1654    34.6097    27.0883 1.6117e-01     0.1285      0.018    1481.96     26.730     2.5758 163.645947     1.8024    191.891 0.0000e+00
    191.000     7.1653    34.6098    27.0884 1.6544e-01     0.1285      0.018    1481.97     26.672     2.5702 163.645966     1.7985    192.902 0.0000e+00
    192.000     7.1648    34.6101    27.0887 1.6499e-01     0.1286      0.018    1481.99     26.525     2.5560 163.645985     1.7886    193.912 0.0000e+00
    193.000     7.1645    34.6104    27.0889 1.6624e-01     0.1286      0.018    1482.01     26.399     2.5439 163.646004     1.7801    194.923 0.0000e+00
    194.000     7.1642    34.6106    27.0891 1.6896e-01     0.1286      0.018    1482.02     26.200     2.5248 163.646023     1.7667    195.933 0.0000e+00
    195.000     7.1642    34.6106    27.0891 1.6856e-01     0.1286      0.018    1482.04     25.967     2.5023 163.646040     1.7510    196.944 0.0000e+00
    196.000     7.1641    34.6107    27.0892 1.7146e-01     0.1286      0.018    1482.05     24.622     2.3727 163.646131     1.6603    197.954 0.0000e+00
    197.000     7.1640    34.6107    27.0892 1.7005e-01     0.1285      0.018    1482.07     23.680     2.2819 163.646296     1.5967    198.965 0.0000e+00
    198.000     7.1639    34.6108    27.0893 1.7032e-01     0.1286      0.018    1482.09     23.819     2.2953 163.646311     1.6062    199.975 0.0000e+00
    199.000     7.1637    34.6110    27.0895 1.7093e-01     0.1287      0.018    1482.10     23.695     2.2833 163.646329     1.5977    200.986 0.0000e+00
    200.000     7.1636    34.6110    27.0895 1.7159e-01     0.1287      0.018    1482.12     23.580     2.2723 163.646346     1.5901    201.996 0.0000e+00
    201.000     7.1639    34.6109    27.0894 1.7322e-01     0.1286      0.018    1482.14     23.156     2.2314 163.646376     1.5614    203.006 0.0000e+00
