20190611/VT66_20190612_down_bin.cnv
* Sea-Bird SBE 9 Data File:
* FileName = C:\CTD Brukere\NIVA\OKOKYST2019\20190611\VT66_20190612.hex
* Software Version Seasave V 7.23.2
* Temperature SN = 5352
* Conductivity SN = 3840
* Number of Bytes Per Scan = 28
* Number of Voltage Words = 4
* Number of Scans Averaged by the Deck Unit = 1
* NMEA baud rate = 4800
** Ship: R/V Trygve Braarud
** Cruise:
** Station:
** Operator:
# nquan = 14
# nvalues = 202                         
# units = specified
# name 0 = depSM: Depth [salt water, m], lat = 59.60
# name 1 = t090C: Temperature [ITS-90, deg C]
# name 2 = sal00: Salinity, Practical [PSU]
# name 3 = sigma-t00: Density [sigma-t, kg/m^3 ]
# name 4 = flSP: Fluorescence, Seapoint
# name 5 = wetStar: Fluorescence, WET Labs WETstar [mg/m^3]
# name 6 = seaTurbMtr: Turbidity, Seapoint [FTU]
# name 7 = svCM: Sound Velocity [Chen-Millero, m/s]
# name 8 = sbeox0PS: Oxygen, SBE 43 [% saturation]
# name 9 = sbeox0Mg/L: Oxygen, SBE 43 [mg/l]
# name 10 = timeJ: Julian Days
# name 11 = sbeox0ML/L: Oxygen, SBE 43 [ml/l]
# name 12 = prDM: Pressure, Digiquartz [db]
# name 13 = flag: flag
# span 0 =      0.000,    201.000       
# span 1 =     6.8038,    13.5223       
# span 2 =    17.5711,    34.6110       
# span 3 =    12.9063,    27.0895       
# span 4 = 1.5691e-01, 3.5213e+00       
# span 5 =     0.1284,     0.1311       
# span 6 =      0.009,      0.018       
# span 7 =    1476.58,    1490.50       
# span 8 =     23.156,     81.572       
# span 9 =     2.2314,     7.3208       
# span 10 = 163.642438, 163.646376      
# span 11 =     1.5614,     5.1227      
# span 12 =     -0.000,    203.006      
# span 13 = 0.0000e+00, 0.0000e+00      
# interval = meters: 1                  
# start_time = Jun 12 2019 15:25:03 [System UpLoad Time]
# bad_flag = -9.990e-29
*END*
      0.000    13.1691    17.5711    12.9063 3.5213e+00     0.1300      0.009    1480.22     65.683     6.1825 163.642438     4.3261     -0.000 0.0000e+00
      1.000    13.3463    19.9554    14.7114 3.2947e+00     0.1305      0.012    1483.65     71.428     6.5969 163.642519     4.6161      1.010 0.0000e+00
      2.000    13.4148    21.2881    15.7253 3.2965e+00     0.1308      0.013    1485.47     78.347     7.1668 163.642548     5.0149      2.019 0.0000e+00
      3.000    13.5223    22.9567    16.9908 2.9071e+00     0.1310      0.014    1487.81     80.079     7.2333 163.642571     5.0614      3.029 0.0000e+00
      4.000    13.4864    23.6905    17.5626 2.4433e+00     0.1308      0.014    1488.56     81.313     7.3168 163.642591     5.1199      4.038 0.0000e+00
      5.000    13.3750    24.4882    18.1977 1.6486e+00     0.1309      0.015    1489.14     81.572     7.3208 163.642609     5.1227      5.048 0.0000e+00
      6.000    13.3144    24.9651    18.5765 1.6121e+00     0.1310      0.015    1489.51     81.407     7.2936 163.642628     5.1036      6.057 0.0000e+00
      7.000    13.1536    25.7822    19.2364 1.4978e+00     0.1310      0.015    1489.94     80.839     7.2303 163.642646     5.0594      7.067 0.0000e+00
      8.000    13.0989    26.1398    19.5224 1.3924e+00     0.1310      0.015    1490.19     79.806     7.1302 163.642664     4.9893      8.076 0.0000e+00
      9.000    13.0895    26.3741    19.7050 1.4014e+00     0.1308      0.015    1490.45     79.108     7.0588 163.642683     4.9393      9.086 0.0000e+00
     10.000    13.0054    26.6443    19.9291 1.3655e+00     0.1306      0.015    1490.50     78.862     7.0374 163.642701     4.9244     10.095 0.0000e+00
     11.000    12.8573    26.9409    20.1855 1.2553e+00     0.1309      0.015    1490.36     78.659     7.0282 163.642719     4.9179     11.105 0.0000e+00
     12.000    12.7786    27.1262    20.3430 1.1554e+00     0.1308      0.015    1490.33     78.618     7.0280 163.642738     4.9178     12.114 0.0000e+00
     13.000    12.4784    27.7179    20.8552 1.0755e+00     0.1311      0.015    1490.01     78.750     7.0583 163.642757     4.9390     13.124 0.0000e+00
     14.000    12.0751    28.2225    21.3180 9.2610e-01     0.1309      0.016    1489.23     78.549     7.0783 163.642775     4.9529     14.133 0.0000e+00
     15.000    11.8314    28.5313    21.6008 9.1066e-01     0.1310      0.016    1488.77     78.035     7.0547 163.642794     4.9364     15.143 0.0000e+00
     16.000    11.7183    28.7305    21.7751 8.3552e-01     0.1310      0.015    1488.63     77.632     7.0264 163.642814     4.9167     16.152 0.0000e+00
     17.000    11.5928    28.9483    21.9659 7.3024e-01     0.1311      0.016    1488.46     76.789     6.9591 163.642832     4.8696     17.162 0.0000e+00
     18.000    11.5716    28.9647    21.9824 6.5543e-01     0.1310      0.016    1488.42     76.677     6.9515 163.642850     4.8642     18.172 0.0000e+00
     19.000    11.4658    29.1311    22.1300 6.1117e-01     0.1307      0.015    1488.27     76.285     6.9243 163.642871     4.8452     19.181 0.0000e+00
     20.000    11.3797    29.2528    22.2393 5.2699e-01     0.1305      0.015    1488.13     76.178     6.9221 163.642889     4.8436     20.191 0.0000e+00
     21.000    11.1863    29.4965    22.4619 4.5282e-01     0.1305      0.014    1487.75     75.985     6.9226 163.642907     4.8440     21.200 0.0000e+00
     22.000    10.9159    29.7472    22.7028 4.0530e-01     0.1306      0.016    1487.11     75.511     6.9086 163.642928     4.8342     22.210 0.0000e+00
     23.000    10.6771    29.9960    22.9366 3.7114e-01     0.1308      0.017    1486.57     75.211     6.9058 163.642947     4.8323     23.219 0.0000e+00
     24.000    10.5241    30.1596    23.0894 3.4681e-01     0.1308      0.017    1486.24     74.375     6.8446 163.642966     4.7895     24.229 0.0000e+00
     25.000    10.4178    30.2847    23.2045 3.1332e-01     0.1309      0.017    1486.02     73.585     6.7822 163.642986     4.7458     25.239 0.0000e+00
     26.000    10.1465    30.5729    23.4735 2.7183e-01     0.1308      0.017    1485.41     73.337     6.7870 163.643007     4.7491     26.248 0.0000e+00
     27.000     9.7037    30.7970    23.7194 2.5355e-01     0.1308      0.018    1484.08     73.550     6.8633 163.643025     4.8025     27.258 0.0000e+00
     28.000     9.2772    30.8798    23.8509 2.4379e-01     0.1308      0.018    1482.63     72.844     6.8581 163.643045     4.7989     28.268 0.0000e+00
     29.000     8.6573    31.1358    24.1453 2.3675e-01     0.1309      0.018    1480.65     71.791     6.8416 163.643065     4.7874     29.277 0.0000e+00
     30.000     8.3817    31.3502    24.3538 2.2612e-01     0.1308      0.018    1479.90     71.104     6.8088 163.643084     4.7644     30.287 0.0000e+00
     31.000     8.0187    31.6487    24.6401 2.1204e-01     0.1308      0.018    1478.91     70.283     6.7725 163.643104     4.7390     31.296 0.0000e+00
     32.000     7.6460    32.0633    25.0183 2.0326e-01     0.1308      0.018    1478.01     69.676     6.7527 163.643125     4.7252     32.306 0.0000e+00
     33.000     7.2153    32.6091    25.5067 1.9663e-01     0.1308      0.018    1477.05     68.714     6.7013 163.643144     4.6892     33.316 0.0000e+00
     34.000     7.0852    32.8621    25.7235 1.9780e-01     0.1306      0.018    1476.88     67.531     6.5947 163.643163     4.6146     34.325 0.0000e+00
     35.000     6.8714    33.2782    26.0798 1.9633e-01     0.1307      0.018    1476.58     66.069     6.4660 163.643182     4.5245     35.335 0.0000e+00
     36.000     6.8303    33.4216    26.1983 1.9425e-01     0.1306      0.018    1476.62     64.487     6.3112 163.643198     4.4162     36.345 0.0000e+00
     37.000     6.8038    33.5846    26.3303 1.9428e-01     0.1304      0.018    1476.73     63.332     6.1953 163.643214     4.3351     37.354 0.0000e+00
     38.000     6.8196    33.6448    26.3756 1.8773e-01     0.1304      0.018    1476.89     62.620     6.1210 163.643232     4.2831     38.364 0.0000e+00
     39.000     6.8377    33.7391    26.4475 1.8514e-01     0.1304      0.018    1477.09     61.976     6.0518 163.643250     4.2347     39.374 0.0000e+00
     40.000     6.8577    33.7922    26.4866 1.8202e-01     0.1304      0.018    1477.26     61.662     6.0163 163.643266     4.2098     40.383 0.0000e+00
     41.000     6.8837    33.8464    26.5258 1.8313e-01     0.1303      0.018    1477.44     61.459     5.9907 163.643283     4.1919     41.393 0.0000e+00
     42.000     6.8984    33.8907    26.5588 1.7911e-01     0.1303      0.018    1477.57     61.242     5.9658 163.643301     4.1745     42.403 0.0000e+00
     43.000     6.8978    33.9094    26.5736 1.7648e-01     0.1303      0.018    1477.61     60.855     5.9274 163.643319     4.1477     43.413 0.0000e+00
     44.000     6.9039    33.9256    26.5855 1.7670e-01     0.1303      0.018    1477.67     60.413     5.8830 163.643335     4.1166     44.422 0.0000e+00
     45.000     6.9074    33.9364    26.5936 1.7735e-01     0.1302      0.018    1477.71     60.221     5.8633 163.643354     4.1028     45.432 0.0000e+00
     46.000     6.9357    33.9598    26.6081 1.7738e-01     0.1301      0.018    1477.87     60.204     5.8570 163.643372     4.0984     46.441 0.0000e+00
     47.000     6.9667    33.9785    26.6186 1.7548e-01     0.1301      0.018    1478.03     60.297     5.8611 163.643389     4.1013     47.451 0.0000e+00
     48.000     6.9869    33.9919    26.6264 1.7327e-01     0.1300      0.018    1478.14     60.426     5.8704 163.643406     4.1077     48.461 0.0000e+00
     49.000     7.0190    34.0116    26.6375 1.7471e-01     0.1300      0.018    1478.31     60.156     5.8392 163.643425     4.0859     49.471 0.0000e+00
     50.000     7.0334    34.0211    26.6431 1.7297e-01     0.1300      0.018    1478.39     59.579     5.7809 163.643443     4.0451     50.481 0.0000e+00
     51.000     7.0490    34.0416    26.6571 1.7197e-01     0.1300      0.018    1478.49     59.187     5.7400 163.643460     4.0165     51.490 0.0000e+00
     52.000     7.0697    34.0557    26.6653 1.7127e-01     0.1299      0.018    1478.61     58.800     5.6993 163.643478     3.9880     52.500 0.0000e+00
     53.000     7.0909    34.0687    26.6726 1.7094e-01     0.1298      0.018    1478.72     58.368     5.6542 163.643496     3.9565     53.510 0.0000e+00
     54.000     7.1253    34.0924    26.6865 1.7169e-01     0.1300      0.018    1478.90     57.974     5.6106 163.643513     3.9260     54.519 0.0000e+00
     55.000     7.1659    34.1187    26.7016 1.7162e-01     0.1299      0.018    1479.11     57.651     5.5733 163.643530     3.8998     55.529 0.0000e+00
     56.000     7.2009    34.1335    26.7083 1.7126e-01     0.1298      0.018    1479.28     57.251     5.5297 163.643548     3.8693     56.539 0.0000e+00
     57.000     7.2212    34.1496    26.7182 1.7162e-01     0.1298      0.018    1479.39     56.536     5.4575 163.643566     3.8188     57.549 0.0000e+00
     58.000     7.2372    34.1638    26.7272 1.7057e-01     0.1298      0.018    1479.49     55.529     5.3578 163.643583     3.7491     58.559 0.0000e+00
     59.000     7.2597    34.1908    26.7452 1.7162e-01     0.1298      0.018    1479.62     54.777     5.2816 163.643600     3.6957     59.568 0.0000e+00
     60.000     7.2763    34.2113    26.7590 1.7094e-01     0.1298      0.018    1479.73     54.202     5.2235 163.643618     3.6551     60.578 0.0000e+00
     61.000     7.2870    34.2238    26.7674 1.7094e-01     0.1297      0.018    1479.81     53.682     5.1717 163.643636     3.6189     61.588 0.0000e+00
     62.000     7.3051    34.2478    26.7837 1.6993e-01     0.1297      0.018    1479.92     52.943     5.0976 163.643653     3.5670     62.598 0.0000e+00
     63.000     7.3292    34.2767    26.8031 1.6962e-01     0.1297      0.018    1480.07     52.257     5.0278 163.643671     3.5182     63.607 0.0000e+00
     64.000     7.3580    34.3133    26.8278 1.6889e-01     0.1298      0.018    1480.24     51.795     4.9789 163.643689     3.4840     64.617 0.0000e+00
     65.000     7.3700    34.3276    26.8373 1.6731e-01     0.1298      0.018    1480.32     51.011     4.9018 163.643706     3.4300     65.627 0.0000e+00
     66.000     7.3877    34.3540    26.8556 1.6987e-01     0.1297      0.018    1480.44     49.939     4.7960 163.643722     3.3559     66.637 0.0000e+00
     67.000     7.3969    34.3767    26.8721 1.6920e-01     0.1296      0.018    1480.52     48.600     4.6657 163.643739     3.2648     67.647 0.0000e+00
     68.000     7.3984    34.3990    26.8895 1.7062e-01     0.1296      0.018    1480.57     47.354     4.5453 163.643757     3.1805     68.657 0.0000e+00
     69.000     7.4027    34.4145    26.9011 1.6749e-01     0.1296      0.018    1480.62     46.064     4.4205 163.643774     3.0932     69.666 0.0000e+00
     70.000     7.4110    34.4351    26.9161 1.6308e-01     0.1296      0.018    1480.69     44.776     4.2956 163.643791     3.0058     70.676 0.0000e+00
     71.000     7.4142    34.4474    26.9253 1.6654e-01     0.1295      0.018    1480.74     43.418     4.1646 163.643808     2.9141     71.686 0.0000e+00
     72.000     7.4134    34.4617    26.9367 1.6882e-01     0.1295      0.018    1480.77     42.300     4.0571 163.643825     2.8389     72.696 0.0000e+00
     73.000     7.4106    34.4712    26.9446 1.6689e-01     0.1294      0.018    1480.79     41.282     3.9595 163.643841     2.7706     73.706 0.0000e+00
     74.000     7.4055    34.4803    26.9524 1.6501e-01     0.1296      0.018    1480.80     40.402     3.8753 163.643858     2.7117     74.715 0.0000e+00
     75.000     7.3968    34.4913    26.9623 1.6278e-01     0.1293      0.018    1480.79     39.614     3.8002 163.643875     2.6592     75.725 0.0000e+00
     76.000     7.3885    34.4995    26.9700 1.6416e-01     0.1292      0.018    1480.79     38.873     3.7296 163.643892     2.6098     76.735 0.0000e+00
     77.000     7.3808    34.5054    26.9757 1.6234e-01     0.1295      0.018    1480.78     38.213     3.6667 163.643909     2.5658     77.745 0.0000e+00
     78.000     7.3729    34.5104    26.9807 1.6670e-01     0.1292      0.018    1480.77     37.656     3.6139 163.643925     2.5288     78.755 0.0000e+00
     79.000     7.3672    34.5139    26.9843 1.6251e-01     0.1293      0.018    1480.77     37.056     3.5566 163.643942     2.4887     79.765 0.0000e+00
     80.000     7.3554    34.5210    26.9916 1.6375e-01     0.1291      0.018    1480.75     36.573     3.5111 163.643959     2.4568     80.775 0.0000e+00
     81.000     7.3446    34.5272    26.9980 1.6133e-01     0.1292      0.018    1480.74     36.162     3.4723 163.643976     2.4297     81.785 0.0000e+00
     82.000     7.3363    34.5308    27.0020 1.6083e-01     0.1292      0.018    1480.72     35.806     3.4388 163.643992     2.4062     82.794 0.0000e+00
     83.000     7.3284    34.5346    27.0061 1.6212e-01     0.1292      0.018    1480.72     35.346     3.3951 163.644009     2.3757     83.804 0.0000e+00
     84.000     7.3170    34.5406    27.0124 1.6125e-01     0.1293      0.018    1480.70     34.916     3.3545 163.644026     2.3473     84.814 0.0000e+00
     85.000     7.3035    34.5463    27.0189 1.6337e-01     0.1294      0.018    1480.67     34.519     3.3173 163.644042     2.3213     85.824 0.0000e+00
     86.000     7.2923    34.5510    27.0242 1.6603e-01     0.1293      0.018    1480.65     34.166     3.2841 163.644059     2.2980     86.834 0.0000e+00
     87.000     7.2892    34.5517    27.0251 1.6118e-01     0.1291      0.018    1480.65     33.727     3.2420 163.644076     2.2686     87.844 0.0000e+00
     88.000     7.2753    34.5583    27.0323 1.5908e-01     0.1293      0.018    1480.62     33.236     3.1958 163.644093     2.2362     88.854 0.0000e+00
     89.000     7.2713    34.5597    27.0340 1.6375e-01     0.1292      0.018    1480.63     32.806     3.1547 163.644109     2.2074     89.864 0.0000e+00
     90.000     7.2680    34.5611    27.0356 1.5946e-01     0.1293      0.018    1480.63     32.607     3.1357 163.644126     2.1942     90.874 0.0000e+00
     91.000     7.2605    34.5647    27.0394 1.6042e-01     0.1291      0.018    1480.63     32.372     3.1136 163.644143     2.1787     91.884 0.0000e+00
     92.000     7.2559    34.5664    27.0414 1.6012e-01     0.1292      0.018    1480.63     32.174     3.0949 163.644160     2.1656     92.894 0.0000e+00
     93.000     7.2524    34.5679    27.0431 1.6214e-01     0.1291      0.018    1480.63     32.109     3.0888 163.644177     2.1613     93.904 0.0000e+00
     94.000     7.2512    34.5685    27.0437 1.6137e-01     0.1292      0.018    1480.64     32.022     3.0805 163.644195     2.1555     94.914 0.0000e+00
     95.000     7.2471    34.5699    27.0454 1.6398e-01     0.1291      0.018    1480.65     31.885     3.0676 163.644212     2.1465     95.923 0.0000e+00
     96.000     7.2395    34.5733    27.0491 1.6135e-01     0.1290      0.018    1480.64     31.766     3.0566 163.644230     2.1388     96.933 0.0000e+00
     97.000     7.2356    34.5751    27.0511 1.6007e-01     0.1291      0.018    1480.64     31.722     3.0526 163.644247     2.1360     97.943 0.0000e+00
     98.000     7.2316    34.5769    27.0531 1.5908e-01     0.1290      0.018    1480.65     31.592     3.0403 163.644265     2.1274     98.953 0.0000e+00
     99.000     7.2301    34.5775    27.0538 1.5975e-01     0.1289      0.018    1480.66     31.473     3.0290 163.644282     2.1195     99.963 0.0000e+00
    100.000     7.2266    34.5791    27.0556 1.6012e-01     0.1288      0.018    1480.66     31.421     3.0242 163.644299     2.1162    100.973 0.0000e+00
    101.000     7.2237    34.5801    27.0568 1.6231e-01     0.1290      0.018    1480.67     31.301     3.0128 163.644316     2.1082    101.983 0.0000e+00
    102.000     7.2225    34.5807    27.0574 1.6434e-01     0.1290      0.018    1480.68     31.250     3.0079 163.644334     2.1048    102.993 0.0000e+00
