20190611/VT67_20190612_down.cnv
* Sea-Bird SBE 9 Data File:
* FileName = C:\CTD Brukere\NIVA\OKOKYST2019\20190611\VT67_20190612.hex
* Software Version Seasave V 7.23.2
* Temperature SN = 5352
* Conductivity SN = 3840
* Number of Bytes Per Scan = 28
* Number of Voltage Words = 4
* Number of Scans Averaged by the Deck Unit = 1
* NMEA baud rate = 4800
** Ship: R/V Trygve Braarud
** Cruise:
** Station:
** Operator:
# nquan = 14
# nvalues = 4238                                  
# units = specified
# name 0 = depSM: Depth [salt water, m], lat = 59.60
# name 1 = t090C: Temperature [ITS-90, deg C]
# name 2 = sal00: Salinity, Practical [PSU]
# name 3 = sigma-t00: Density [sigma-t, kg/m^3 ]
# name 4 = flSP: Fluorescence, Seapoint
# name 5 = wetStar: Fluorescence, WET Labs WETstar [mg/m^3]
# name 6 = seaTurbMtr: Turbidity, Seapoint [FTU]
# name 7 = svCM: Sound Velocity [Chen-Millero, m/s]
# name 8 = sbeox0PS: Oxygen, SBE 43 [% saturation]
# name 9 = sbeox0Mg/L: Oxygen, SBE 43 [mg/l]
# name 10 = timeJ: Julian Days
# name 11 = sbeox0ML/L: Oxygen, SBE 43 [ml/l]
# name 12 = prDM: Pressure, Digiquartz [db]
# name 13 = flag:  0.000e+00
# span 0 =      0.010,    102.387                 
# span 1 =     6.6505,    13.4173                 
# span 2 =    10.9047,    34.5608                 
# span 3 =     7.9405,    27.1156                 
# span 4 = 1.4652e-01, 2.8816e+00                 
# span 5 =     0.1273,     0.1310                 
# span 6 =      0.007,      0.018                 
# span 7 =    1468.30,    1490.90                 
# span 8 =     62.182,     81.094                 
# span 9 =     6.0603,     7.4886                 
# span 10 = 163.680810, 163.682853                
# span 11 =     4.2407,     5.2401                
# span 12 =      0.010,    103.384                
# span 13 = 0.0000e+00, 0.0000e+00                
# interval = seconds: 0.0416667
# start_time = Jun 12 2019 16:20:22 [System UpLoad Time]
# bad_flag = -9.990e-29
*END*
[from data line 1755]
     42.840     8.7321    31.0678    24.0810 3.7851e-01     0.1298      0.018    1481.08     69.866     6.6500 163.681657     4.6533     43.251  0.000e+00
     42.865     8.7120    31.0729    24.0880 4.2735e-01     0.1298      0.018    1481.01     69.805     6.6470 163.681657     4.6511     43.276  0.000e+00
     42.887     8.6832    31.0751    24.0940 3.9072e-01     0.1298      0.018    1480.91     69.802     6.6509 163.681658     4.6539     43.299  0.000e+00
     42.925     8.6552    31.0786    24.1008 3.4188e-01     0.1298      0.018    1480.81     69.741     6.6491 163.681658     4.6526     43.337  0.000e+00
     42.936     8.6340    31.0808    24.1057 3.0525e-01     0.1298      0.018    1480.73     69.791     6.6570 163.681658     4.6581     43.348  0.000e+00
     42.972     8.6053    31.0898    24.1170 2.9304e-01     0.1298      0.018    1480.63     69.791     6.6608 163.681659     4.6608     43.384  0.000e+00
     43.008     8.5819    31.1002    24.1287 2.8083e-01     0.1310      0.018    1480.56     69.786     6.6634 163.681659     4.6626     43.420  0.000e+00
     43.043     8.5697    31.1082    24.1367 2.8083e-01     0.1298      0.018    1480.52     69.660     6.6529 163.681660     4.6553     43.456  0.000e+00
     43.056     8.5631    31.1187    24.1459 2.6862e-01     0.1298      0.018    1480.51     69.646     6.6520 163.681660     4.6547     43.469  0.000e+00
     43.103     8.5625    31.1284    24.1536 2.6862e-01     0.1298      0.018    1480.52     69.635     6.6507 163.681661     4.6538     43.517  0.000e+00
     43.116     8.5628    31.1364    24.1598 2.5641e-01     0.1310      0.018    1480.53     69.689     6.6554 163.681661     4.6571     43.530  0.000e+00
     43.164     8.5626    31.1407    24.1632 2.5641e-01     0.1298      0.018    1480.54     69.630     6.6496 163.681662     4.6530     43.578  0.000e+00
     43.183     8.5578    31.1396    24.1630 2.5641e-01     0.1310      0.018    1480.52     69.567     6.6444 163.681662     4.6494     43.597  0.000e+00
     43.212     8.5415    31.1363    24.1628 2.5641e-01     0.1298      0.018    1480.46     69.555     6.6458 163.681663     4.6504     43.627  0.000e+00
     43.248     8.5241    31.1374    24.1663 2.5641e-01     0.1298      0.018    1480.39     69.547     6.6476 163.681663     4.6516     43.663  0.000e+00
     43.261     8.5079    31.1438    24.1737 2.5641e-01     0.1298      0.018    1480.34     69.541     6.6492 163.681664     4.6527     43.676  0.000e+00
     43.308     8.4913    31.1526    24.1830 2.5641e-01     0.1298      0.018    1480.29     69.539     6.6511 163.681664     4.6541     43.724  0.000e+00
     43.332     8.4708    31.1616    24.1930 2.5641e-01     0.1298      0.018    1480.22     69.479     6.6480 163.681665     4.6519     43.748  0.000e+00
     43.357     8.4547    31.1702    24.2021 2.5641e-01     0.1298      0.018    1480.17     69.476     6.6498 163.681665     4.6531     43.773  0.000e+00
     43.393     8.4485    31.1737    24.2058 2.6862e-01     0.1310      0.018    1480.15     69.415     6.6448 163.681666     4.6496     43.809  0.000e+00
     43.417     8.4430    31.1742    24.2070 2.6862e-01     0.1298      0.018    1480.13     69.406     6.6446 163.681666     4.6495     43.833  0.000e+00
     43.453     8.4330    31.1738    24.2082 2.6862e-01     0.1298      0.018    1480.10     69.399     6.6455 163.681667     4.6501     43.869  0.000e+00
     43.477     8.4210    31.1761    24.2117 2.5641e-01     0.1298      0.018    1480.05     69.397     6.6470 163.681667     4.6512     43.894  0.000e+00
     43.488     8.4104    31.1807    24.2168 2.5641e-01     0.1298      0.018    1480.02     69.397     6.6484 163.681668     4.6522     43.906  0.000e+00
     43.531     8.4014    31.1815    24.2188 2.5641e-01     0.1298      0.018    1479.99     69.395     6.6495 163.681668     4.6529     43.948  0.000e+00
     43.561     8.3904    31.1829    24.2215 2.5641e-01     0.1298      0.018    1479.95     69.395     6.6511 163.681669     4.6540     43.979  0.000e+00
     43.584     8.3813    31.1860    24.2252 2.5641e-01     0.1310      0.018    1479.92     69.406     6.6533 163.681669     4.6556     44.002  0.000e+00
     43.633     8.3755    31.1883    24.2279 2.4420e-01     0.1298      0.018    1479.90     69.413     6.6548 163.681670     4.6566     44.051  0.000e+00
     43.644     8.3710    31.1900    24.2299 2.4420e-01     0.1298      0.018    1479.89     69.361     6.6504 163.681670     4.6536     44.063  0.000e+00
     43.682     8.3664    31.1908    24.2311 2.4420e-01     0.1298      0.018    1479.87     69.368     6.6518 163.681671     4.6545     44.101  0.000e+00
     43.693     8.3608    31.1919    24.2328 2.4420e-01     0.1298      0.018    1479.85     69.378     6.6535 163.681671     4.6557     44.112  0.000e+00
     43.742     8.3562    31.1933    24.2346 2.4420e-01     0.1298      0.018    1479.84     69.384     6.6548 163.681671     4.6566     44.161  0.000e+00
     43.729     8.3526    31.1945    24.2361 2.4420e-01     0.1298      0.018    1479.82     69.394     6.6561 163.681672     4.6576     44.148  0.000e+00
     43.831     8.3510    31.1959    24.2374 2.4420e-01     0.1310      0.018    1479.82     69.345     6.6517 163.681672     4.6545     44.252  0.000e+00
     43.813     8.3491    31.1976    24.2390 2.4420e-01     0.1298      0.018    1479.82     69.347     6.6520 163.681673     4.6547     44.234  0.000e+00
     43.838     8.3460    31.1992    24.2407 2.4420e-01     0.1298      0.018    1479.81     69.413     6.6588 163.681673     4.6594     44.258  0.000e+00
     43.873     8.3436    31.2008    24.2423 2.4420e-01     0.1298      0.018    1479.80     69.367     6.6547 163.681674     4.6565     44.294  0.000e+00
     43.909     8.3428    31.2021    24.2435 2.5641e-01     0.1298      0.018    1479.80     69.378     6.6558 163.681674     4.6573     44.330  0.000e+00
     43.945     8.3427    31.2022    24.2436 2.4420e-01     0.1298      0.018    1479.80     69.393     6.6572 163.681675     4.6583     44.366  0.000e+00
     43.958     8.3430    31.2026    24.2438 2.4420e-01     0.1298      0.018    1479.80     69.403     6.6581 163.681675     4.6590     44.379  0.000e+00
     43.987     8.3427    31.2047    24.2455 2.4420e-01     0.1310      0.018    1479.80     69.416     6.6594 163.681676     4.6598     44.409  0.000e+00
     44.029     8.3435    31.2072    24.2473 2.4420e-01     0.1298      0.018    1479.81     69.433     6.6607 163.681676     4.6608     44.452  0.000e+00
     44.054     8.3455    31.2085    24.2481 2.4420e-01     0.1298      0.018    1479.82     69.452     6.6621 163.681677     4.6618     44.476  0.000e+00
     44.078     8.3489    31.2082    24.2474 2.4420e-01     0.1310      0.018    1479.83     69.405     6.6572 163.681677     4.6583     44.501  0.000e+00
     44.114     8.3492    31.2079    24.2471 2.4420e-01     0.1298      0.018    1479.83     69.415     6.6581 163.681678     4.6590     44.537  0.000e+00
     44.138     8.3463    31.2097    24.2489 2.4420e-01     0.1298      0.018    1479.83     69.429     6.6598 163.681678     4.6601     44.561  0.000e+00
     44.167     8.3441    31.2106    24.2499 2.4420e-01     0.1298      0.018    1479.82     69.377     6.6551 163.681679     4.6568     44.591  0.000e+00
     44.209     8.3428    31.2105    24.2500 2.4420e-01     0.1298      0.018    1479.81     69.382     6.6558 163.681679     4.6573     44.634  0.000e+00
     44.222     8.3405    31.2103    24.2502 2.5641e-01     0.1298      0.018    1479.81     69.390     6.6569 163.681680     4.6581     44.647  0.000e+00
     44.258     8.3386    31.2103    24.2505 2.5641e-01     0.1310      0.018    1479.80     69.401     6.6582 163.681680     4.6590     44.683  0.000e+00
     44.283     8.3358    31.2105    24.2511 2.4420e-01     0.1298      0.018    1479.79     69.346     6.6534 163.681681     4.6556     44.707  0.000e+00
     44.318     8.3319    31.2113    24.2522 2.4420e-01     0.1298      0.018    1479.78     69.348     6.6542 163.681681     4.6562     44.744  0.000e+00
     44.336     8.3284    31.2120    24.2533 2.4420e-01     0.1298      0.018    1479.76     69.285     6.6486 163.681682     4.6523     44.762  0.000e+00
     44.378     8.3239    31.2131    24.2548 2.4420e-01     0.1298      0.018    1479.75     69.286     6.6493 163.681682     4.6528     44.804  0.000e+00
     44.403     8.3196    31.2152    24.2571 2.4420e-01     0.1298      0.018    1479.74     69.291     6.6503 163.681683     4.6535     44.829  0.000e+00
     44.438     8.3159    31.2157    24.2580 2.5641e-01     0.1298      0.018    1479.72     69.237     6.6457 163.681683     4.6503     44.865  0.000e+00
     44.450     8.3100    31.2180    24.2607 2.4420e-01     0.1298      0.018    1479.70     69.226     6.6455 163.681684     4.6501     44.876  0.000e+00
     44.503     8.3045    31.2207    24.2636 2.4420e-01     0.1298      0.018    1479.69     69.219     6.6455 163.681684     4.6501     44.930  0.000e+00
     44.510     8.3010    31.2229    24.2658 2.4420e-01     0.1298      0.018    1479.68     69.214     6.6454 163.681685     4.6501     44.937  0.000e+00
     44.546     8.2992    31.2243    24.2672 2.4420e-01     0.1298      0.018    1479.67     69.158     6.6403 163.681685     4.6465     44.973  0.000e+00
     44.570     8.2965    31.2267    24.2694 2.4420e-01     0.1298      0.018    1479.66     69.153     6.6401 163.681685     4.6463     44.998  0.000e+00
     44.594     8.2935    31.2292    24.2718 2.4420e-01     0.1298      0.018    1479.66     69.082     6.6336 163.681686     4.6418     45.022  0.000e+00
     44.635     8.2896    31.2337    24.2759 2.4420e-01     0.1298      0.018    1479.65     69.069     6.6327 163.681686     4.6412     45.063  0.000e+00
     44.666     8.2848    31.2388    24.2806 2.4420e-01     0.1310      0.018    1479.64     69.059     6.6323 163.681687     4.6409     45.094  0.000e+00
     44.690     8.2794    31.2435    24.2851 2.4420e-01     0.1298      0.018    1479.62     68.991     6.6263 163.681687     4.6367     45.119  0.000e+00
     44.726     8.2738    31.2491    24.2903 2.4420e-01     0.1298      0.018    1479.61     68.981     6.6259 163.681688     4.6364     45.155  0.000e+00
     44.739     8.2701    31.2519    24.2930 2.4420e-01     0.1298      0.018    1479.60     68.905     6.6191 163.681688     4.6316     45.168  0.000e+00
     44.780     8.2677    31.2542    24.2952 2.3199e-01     0.1298      0.018    1479.59     68.887     6.6176 163.681689     4.6306     45.209  0.000e+00
     44.810     8.2659    31.2558    24.2967 2.3199e-01     0.1298      0.018    1479.59     68.865     6.6158 163.681689     4.6293     45.240  0.000e+00
     44.835     8.2625    31.2575    24.2985 2.4420e-01     0.1298      0.018    1479.58     68.785     6.6085 163.681690     4.6242     45.265  0.000e+00
     44.859     8.2592    31.2573    24.2988 2.3199e-01     0.1298      0.018    1479.57     68.763     6.6069 163.681690     4.6231     45.290  0.000e+00
     44.900     8.2506    31.2585    24.3010 2.4420e-01     0.1298      0.018    1479.54     68.745     6.6064 163.681691     4.6228     45.331  0.000e+00
     44.919     8.2395    31.2610    24.3045 2.4420e-01     0.1298      0.018    1479.50     68.669     6.6006 163.681691     4.6187     45.350  0.000e+00
     44.944     8.2318    31.2650    24.3088 2.4420e-01     0.1298      0.018    1479.47     68.651     6.5999 163.681692     4.6182     45.375  0.000e+00
     44.966     8.2304    31.2666    24.3103 2.4420e-01     0.1298      0.018    1479.47     68.575     6.5927 163.681692     4.6132     45.398  0.000e+00
     45.009     8.2301    31.2676    24.3111 2.3199e-01     0.1298      0.018    1479.47     68.558     6.5910 163.681693     4.6120     45.441  0.000e+00
     45.026     8.2298    31.2694    24.3125 2.3199e-01     0.1298      0.018    1479.47     68.545     6.5897 163.681693     4.6111     45.459  0.000e+00
     45.064     8.2281    31.2710    24.3141 2.3199e-01     0.1310      0.018    1479.47     68.467     6.5824 163.681694     4.6060     45.496  0.000e+00
     45.075     8.2242    31.2721    24.3154 2.4420e-01     0.1298      0.018    1479.46     68.447     6.5811 163.681694     4.6051     45.508  0.000e+00
     45.104     8.2181    31.2747    24.3183 2.4420e-01     0.1310      0.018    1479.44     68.371     6.5745 163.681695     4.6005     45.537  0.000e+00
     45.135     8.2117    31.2778    24.3217 2.5641e-01     0.1298      0.018    1479.42     68.353     6.5736 163.681695     4.5998     45.568  0.000e+00
     45.160     8.2067    31.2808    24.3248 2.5641e-01     0.1298      0.018    1479.40     68.340     6.5730 163.681696     4.5994     45.593  0.000e+00
     45.184     8.2026    31.2842    24.3281 2.5641e-01     0.1298      0.018    1479.39     68.262     6.5659 163.681696     4.5944     45.618  0.000e+00
     45.212     8.1985    31.2877    24.3314 2.4420e-01     0.1298      0.018    1479.38     68.181     6.5586 163.681697     4.5893     45.646  0.000e+00
     45.244     8.1909    31.2892    24.3337 2.4420e-01     0.1298      0.018    1479.35     68.229     6.5643 163.681697     4.5933     45.678  0.000e+00
     45.244     8.1636    31.3015    24.3472 2.4420e-01     0.1298      0.018    1479.26     68.158     6.5610 163.681698     4.5910     45.678  0.000e+00
     45.285     8.1306    31.3193    24.3659 2.4420e-01     0.1310      0.018    1479.16     68.147     6.5640 163.681698     4.5931     45.719  0.000e+00
     45.316     8.1064    31.3322    24.3795 2.4420e-01     0.1298      0.018    1479.09     68.078     6.5605 163.681698     4.5906     45.751  0.000e+00
     45.327     8.0853    31.3437    24.3915 2.6862e-01     0.1298      0.018    1479.02     68.069     6.5622 163.681699     4.5919     45.762  0.000e+00
     45.364     8.0743    31.3507    24.3986 2.6862e-01     0.1298      0.018    1478.99     68.003     6.5573 163.681699     4.5884     45.800  0.000e+00
     45.381     8.0661    31.3557    24.4036 2.5641e-01     0.1298      0.018    1478.96     67.997     6.5577 163.681700     4.5887     45.816  0.000e+00
     45.411     8.0567    31.3621    24.4100 2.4420e-01     0.1298      0.018    1478.94     67.935     6.5528 163.681700     4.5853     45.847  0.000e+00
     45.436     8.0507    31.3666    24.4144 2.4420e-01     0.1298      0.018    1478.92     67.926     6.5526 163.681701     4.5851     45.872  0.000e+00
     45.465     8.0466    31.3708    24.4183 2.4420e-01     0.1298      0.018    1478.91     67.922     6.5526 163.681701     4.5851     45.901  0.000e+00
     45.496     8.0415    31.3747    24.4221 2.4420e-01     0.1298      0.018    1478.89     67.861     6.5474 163.681702     4.5815     45.933  0.000e+00
     45.520     8.0384    31.3771    24.4244 2.4420e-01     0.1298      0.018    1478.89     67.853     6.5470 163.681702     4.5812     45.957  0.000e+00
     45.545     8.0288    31.3795    24.4277 2.4420e-01     0.1298      0.018    1478.85     67.851     6.5481 163.681703     4.5820     45.982  0.000e+00
     45.572     8.0147    31.3862    24.4349 2.3199e-01     0.1298      0.018    1478.81     67.792     6.5442 163.681703     4.5793     46.010  0.000e+00
     45.592     8.0111    31.3878    24.4367 2.3199e-01     0.1298      0.018    1478.80     67.794     6.5448 163.681704     4.5797     46.029  0.000e+00
     45.627     8.0087    31.3883    24.4374 2.3199e-01     0.1298      0.018    1478.79     67.732     6.5392 163.681704     4.5757     46.065  0.000e+00
     45.657     8.0034    31.3899    24.4394 2.3199e-01     0.1298      0.018    1478.77     67.730     6.5397 163.681705     4.5761     46.095  0.000e+00
     45.676     7.9965    31.3918    24.4419 2.3199e-01     0.1298      0.018    1478.75     67.727     6.5403 163.681705     4.5765     46.115  0.000e+00
     45.701     7.9865    31.3959    24.4465 2.3199e-01     0.1298      0.018    1478.71     67.667     6.5359 163.681706     4.5734     46.139  0.000e+00
