20190611/VT67_20190612_down.cnv
* Sea-Bird SBE 9 Data File:
* FileName = C:\CTD Brukere\NIVA\OKOKYST2019\20190611\VT67_20190612.hex
* Software Version Seasave V 7.23.2
* Temperature SN = 5352
* Conductivity SN = 3840
* Number of Bytes Per Scan = 28
* Number of Voltage Words = 4
* Number of Scans Averaged by the Deck Unit = 1
* NMEA baud rate = 4800
** Ship: R/V Trygve Braarud
** Cruise:
** Station:
** Operator:
# nquan = 14
# nvalues = 4238                                  
# units = specified
# name 0 = depSM: Depth [salt water, m], lat = 59.60
# name 1 = t090C: Temperature [ITS-90, deg C]
# name 2 = sal00: Salinity, Practical [PSU]
# name 3 = sigma-t00: Density [sigma-t, kg/m^3 ]
# name 4 = flSP: Fluorescence, Seapoint
# name 5 = wetStar: Fluorescence, WET Labs WETstar [mg/m^3]
# name 6 = seaTurbMtr: Turbidity, Seapoint [FTU]
# name 7 = svCM: Sound Velocity [Chen-Millero, m/s]
# name 8 = sbeox0PS: Oxygen, SBE 43 [% saturation]
# name 9 = sbeox0Mg/L: Oxygen, SBE 43 [mg/l]
# name 10 = timeJ: Julian Days
# name 11 = sbeox0ML/L: Oxygen, SBE 43 [ml/l]
# name 12 = prDM: Pressure, Digiquartz [db]
# name 13 = flag:  0.000e+00
# span 0 =      0.010,    102.387                 
# span 1 =     6.6505,    13.4173                 
# span 2 =    10.9047,    34.5608                 
# span 3 =     7.9405,    27.1156                 
# span 4 = 1.4652e-01, 2.8816e+00                 
# span 5 =     0.1273,     0.1310                 
# span 6 =      0.007,      0.018                 
# span 7 =    1468.30,    1490.90                 
# span 8 =     62.182,     81.094                 
# span 9 =     6.0603,     7.4886                 
# span 10 = 163.680810, 163.682853                
# span 11 =     4.2407,     5.2401                
# span 12 =      0.010,    103.384                
# span 13 = 0.0000e+00, 0.0000e+00                
# interval = seconds: 0.0416667
# start_time = Jun 12 2019 16:20:22 [System UpLoad Time]
# bad_flag = -9.990e-29
*END*
[from data line 2994]
     77.690     6.7447    34.3840    26.9684 1.5873e-01     0.1285      0.018    1478.18     66.540     6.4837 163.682254     4.5369     78.442  0.000e+00
     77.721     6.7413    34.3848    26.9694 1.5873e-01     0.1285      0.018    1478.17     66.540     6.4842 163.682255     4.5373     78.474  0.000e+00
     77.739     6.7381    34.3845    26.9696 1.4652e-01     0.1298      0.018    1478.16     66.540     6.4847 163.682255     4.5376     78.492  0.000e+00
     77.782     6.7343    34.3845    26.9702 1.5873e-01     0.1298      0.018    1478.14     66.539     6.4851 163.682255     4.5379     78.534  0.000e+00
     77.800     6.7305    34.3847    26.9709 1.5873e-01     0.1285      0.018    1478.13     66.537     6.4855 163.682256     4.5382     78.552  0.000e+00
     77.842     6.7268    34.3861    26.9725 1.5873e-01     0.1298      0.018    1478.12     66.535     6.4858 163.682256     4.5384     78.595  0.000e+00
     77.873     6.7237    34.3873    26.9738 1.5873e-01     0.1298      0.018    1478.11     66.532     6.4859 163.682257     4.5385     78.627  0.000e+00
     77.902     6.7215    34.3876    26.9743 1.5873e-01     0.1285      0.018    1478.10     66.528     6.4859 163.682257     4.5384     78.656  0.000e+00
     77.909     6.7191    34.3881    26.9751 1.4652e-01     0.1285      0.018    1478.09     66.524     6.4858 163.682258     4.5384     78.663  0.000e+00
     77.949     6.7169    34.3894    26.9764 1.5873e-01     0.1298      0.018    1478.08     66.527     6.4864 163.682258     4.5388     78.704  0.000e+00
     77.969     6.7165    34.3900    26.9769 1.5873e-01     0.1285      0.018    1478.08     66.521     6.4859 163.682259     4.5384     78.724  0.000e+00
     78.023     6.7167    34.3887    26.9759 1.4652e-01     0.1285      0.018    1478.08     66.515     6.4853 163.682259     4.5380     78.778  0.000e+00
     78.034     6.7148    34.3890    26.9763 1.5873e-01     0.1298      0.018    1478.08     66.516     6.4857 163.682260     4.5383     78.789  0.000e+00
     78.078     6.7126    34.3899    26.9773 1.5873e-01     0.1298      0.018    1478.07     66.518     6.4861 163.682260     4.5386     78.834  0.000e+00
     78.094     6.7111    34.3909    26.9784 1.4652e-01     0.1298      0.018    1478.07     66.581     6.4924 163.682261     4.5430     78.850  0.000e+00
     78.125     6.7103    34.3906    26.9782 1.4652e-01     0.1285      0.018    1478.06     66.589     6.4933 163.682261     4.5436     78.881  0.000e+00
     78.156     6.7089    34.3917    26.9793 1.4652e-01     0.1298      0.018    1478.06     66.596     6.4942 163.682262     4.5443     78.913  0.000e+00
     78.174     6.7076    34.3925    26.9801 1.4652e-01     0.1285      0.018    1478.06     66.602     6.4950 163.682262     4.5448     78.931  0.000e+00
     78.203     6.7070    34.3932    26.9807 1.5873e-01     0.1298      0.018    1478.05     66.608     6.4956 163.682263     4.5452     78.960  0.000e+00
     78.239     6.7065    34.3942    26.9815 1.4652e-01     0.1285      0.018    1478.05     66.551     6.4900 163.682263     4.5414     78.997  0.000e+00
     78.270     6.7065    34.3949    26.9821 1.5873e-01     0.1298      0.018    1478.06     66.610     6.4958 163.682264     4.5454     79.028  0.000e+00
     78.288     6.7057    34.3963    26.9834 1.5873e-01     0.1285      0.018    1478.05     66.615     6.4963 163.682264     4.5457     79.046  0.000e+00
     78.319     6.7057    34.3981    26.9847 1.4652e-01     0.1285      0.018    1478.06     66.618     6.4966 163.682265     4.5459     79.077  0.000e+00
     78.348     6.7059    34.3995    26.9858 1.4652e-01     0.1298      0.018    1478.06     66.621     6.4968 163.682265     4.5460     79.107  0.000e+00
     78.392     6.7062    34.4005    26.9866 1.4652e-01     0.1285      0.018    1478.06     66.623     6.4969 163.682266     4.5461     79.151  0.000e+00
     78.397     6.7073    34.4006    26.9865 1.4652e-01     0.1298      0.018    1478.07     66.624     6.4968 163.682266     4.5461     79.156  0.000e+00
     78.433     6.7086    34.4002    26.9861 1.4652e-01     0.1285      0.018    1478.07     66.625     6.4967 163.682267     4.5460     79.192  0.000e+00
     78.453     6.7085    34.4010    26.9867 1.4652e-01     0.1285      0.018    1478.07     66.625     6.4967 163.682267     4.5460     79.212  0.000e+00
     78.493     6.7086    34.4022    26.9876 1.4652e-01     0.1298      0.018    1478.08     66.625     6.4966 163.682268     4.5460     79.253  0.000e+00
     78.500     6.7086    34.4038    26.9889 1.4652e-01     0.1285      0.018    1478.08     66.624     6.4965 163.682268     4.5458     79.260  0.000e+00
     78.542     6.7091    34.4048    26.9895 1.4652e-01     0.1298      0.018    1478.08     66.622     6.4962 163.682269     4.5456     79.303  0.000e+00
     78.567     6.7099    34.4048    26.9894 1.5873e-01     0.1285      0.018    1478.09     66.682     6.5019 163.682269     4.5497     79.327  0.000e+00
     78.598     6.7103    34.4056    26.9900 1.4652e-01     0.1285      0.018    1478.09     66.632     6.4969 163.682269     4.5462     79.359  0.000e+00
     78.627     6.7098    34.4064    26.9907 1.5873e-01     0.1298      0.018    1478.09     66.637     6.4974 163.682270     4.5465     79.388  0.000e+00
     78.645     6.7095    34.4065    26.9909 1.4652e-01     0.1285      0.018    1478.09     66.633     6.4971 163.682270     4.5463     79.406  0.000e+00
     78.674     6.7086    34.4079    26.9921 1.4652e-01     0.1298      0.018    1478.09     66.636     6.4975 163.682271     4.5466     79.436  0.000e+00
     78.712     6.7078    34.4087    26.9929 1.4652e-01     0.1285      0.018    1478.09     66.632     6.4971 163.682271     4.5463     79.474  0.000e+00
     78.730     6.7072    34.4098    26.9937 1.4652e-01     0.1298      0.018    1478.08     66.626     6.4966 163.682272     4.5459     79.492  0.000e+00
     78.759     6.7067    34.4105    26.9944 1.4652e-01     0.1285      0.018    1478.08     66.620     6.4961 163.682272     4.5456     79.521  0.000e+00
     78.783     6.7057    34.4117    26.9955 1.4652e-01     0.1298      0.018    1478.08     66.621     6.4963 163.682273     4.5457     79.546  0.000e+00
     78.814     6.7051    34.4124    26.9961 1.5873e-01     0.1285      0.018    1478.08     66.685     6.5025 163.682273     4.5501     79.577  0.000e+00
     78.832     6.7055    34.4122    26.9959 1.5873e-01     0.1298      0.018    1478.08     66.622     6.4964 163.682274     4.5458     79.595  0.000e+00
     78.827     6.7049    34.4119    26.9958 1.5873e-01     0.1285      0.018    1478.08     66.613     6.4956 163.682274     4.5452     79.590  0.000e+00
     78.928     6.7035    34.4127    26.9966 1.4652e-01     0.1298      0.018    1478.08     66.613     6.4958 163.682275     4.5454     79.692  0.000e+00
     78.928     6.7020    34.4135    26.9974 1.4652e-01     0.1285      0.018    1478.07     66.603     6.4950 163.682275     4.5448     79.692  0.000e+00
     78.923     6.7005    34.4146    26.9985 1.5873e-01     0.1285      0.018    1478.07     66.601     6.4950 163.682276     4.5448     79.688  0.000e+00
     78.964     6.6992    34.4150    26.9990 1.5873e-01     0.1298      0.018    1478.06     66.599     6.4950 163.682276     4.5448     79.729  0.000e+00
     79.002     6.6978    34.4160    26.9999 1.5873e-01     0.1298      0.018    1478.06     66.597     6.4949 163.682277     4.5447     79.766  0.000e+00
     79.033     6.6966    34.4160    27.0001 1.7094e-01     0.1285      0.018    1478.06     66.586     6.4940 163.682277     4.5441     79.798  0.000e+00
     79.049     6.6952    34.4161    27.0003 1.7094e-01     0.1285      0.018    1478.05     66.645     6.5000 163.682278     4.5483     79.814  0.000e+00
     79.073     6.6931    34.4165    27.0009 1.5873e-01     0.1285      0.018    1478.04     66.586     6.4945 163.682278     4.5445     79.839  0.000e+00
     79.104     6.6909    34.4164    27.0012 1.5873e-01     0.1285      0.018    1478.04     66.581     6.4944 163.682279     4.5444     79.870  0.000e+00
     79.134     6.6881    34.4168    27.0018 1.5873e-01     0.1298      0.018    1478.03     66.577     6.4944 163.682279     4.5444     79.900  0.000e+00
     79.169     6.6853    34.4173    27.0026 1.5873e-01     0.1285      0.018    1478.02     66.572     6.4943 163.682280     4.5443     79.936  0.000e+00
     79.189     6.6823    34.4178    27.0034 1.5873e-01     0.1298      0.018    1478.01     66.566     6.4942 163.682280     4.5443     79.956  0.000e+00
     79.207     6.6804    34.4178    27.0037 1.5873e-01     0.1298      0.018    1478.00     66.561     6.4939 163.682281     4.5441     79.974  0.000e+00
     79.243     6.6785    34.4187    27.0047 1.5873e-01     0.1298      0.018    1477.99     66.492     6.4875 163.682281     4.5395     80.010  0.000e+00
     79.274     6.6770    34.4195    27.0055 1.4652e-01     0.1285      0.018    1477.99     66.541     6.4924 163.682282     4.5430     80.041  0.000e+00
     79.303     6.6761    34.4197    27.0058 1.4652e-01     0.1298      0.018    1477.99     66.534     6.4919 163.682282     4.5427     80.071  0.000e+00
     79.327     6.6754    34.4200    27.0061 1.4652e-01     0.1285      0.018    1477.98     66.465     6.4852 163.682283     4.5380     80.095  0.000e+00
     79.358     6.6748    34.4206    27.0066 1.4652e-01     0.1298      0.018    1477.98     66.450     6.4839 163.682283     4.5370     80.127  0.000e+00
     79.388     6.6745    34.4203    27.0065 1.5873e-01     0.1298      0.018    1477.98     66.436     6.4825 163.682283     4.5361     80.156  0.000e+00
     79.412     6.6740    34.4206    27.0068 1.4652e-01     0.1298      0.018    1477.98     66.421     6.4811 163.682284     4.5351     80.181  0.000e+00
     79.448     6.6735    34.4212    27.0073 1.4652e-01     0.1298      0.018    1477.98     66.415     6.4805 163.682284     4.5347     80.217  0.000e+00
     79.468     6.6734    34.4213    27.0074 1.4652e-01     0.1298      0.018    1477.98     66.408     6.4799 163.682285     4.5343     80.237  0.000e+00
     79.497     6.6732    34.4211    27.0072 1.4652e-01     0.1285      0.018    1477.98     66.402     6.4794 163.682285     4.5339     80.267  0.000e+00
     79.520     6.6727    34.4217    27.0078 1.4652e-01     0.1285      0.018    1477.98     66.397     6.4789 163.682286     4.5336     80.290  0.000e+00
     79.564     6.6725    34.4220    27.0080 1.4652e-01     0.1285      0.018    1477.98     66.454     6.4845 163.682286     4.5375     80.334  0.000e+00
     79.580     6.6727    34.4215    27.0076 1.4652e-01     0.1298      0.018    1477.98     66.386     6.4779 163.682287     4.5328     80.350  0.000e+00
     79.617     6.6725    34.4226    27.0085 1.4652e-01     0.1298      0.018    1477.98     66.381     6.4773 163.682287     4.5325     80.388  0.000e+00
     79.648     6.6729    34.4232    27.0089 1.4652e-01     0.1285      0.018    1477.98     66.376     6.4768 163.682288     4.5321     80.420  0.000e+00
     79.665     6.6741    34.4241    27.0095 1.4652e-01     0.1285      0.018    1477.99     66.371     6.4761 163.682288     4.5316     80.436  0.000e+00
     79.702     6.6764    34.4235    27.0088 1.4652e-01     0.1285      0.018    1478.00     66.367     6.4753 163.682289     4.5311     80.474  0.000e+00
     79.738     6.6764    34.4231    27.0084 1.4652e-01     0.1285      0.018    1478.00     66.363     6.4750 163.682289     4.5308     80.510  0.000e+00
     79.758     6.6759    34.4239    27.0091 1.4652e-01     0.1298      0.018    1478.00     66.359     6.4746 163.682290     4.5306     80.530  0.000e+00
     79.798     6.6756    34.4251    27.0101 1.4652e-01     0.1285      0.018    1478.00     66.356     6.4743 163.682290     4.5304     80.571  0.000e+00
     79.823     6.6756    34.4254    27.0103 1.4652e-01     0.1298      0.018    1478.00     66.353     6.4740 163.682291     4.5301     80.596  0.000e+00
     79.847     6.6759    34.4255    27.0104 1.4652e-01     0.1298      0.018    1478.00     66.287     6.4676 163.682291     4.5256     80.620  0.000e+00
     79.878     6.6756    34.4265    27.0112 1.4652e-01     0.1285      0.018    1478.00     66.278     6.4667 163.682292     4.5250     80.652  0.000e+00
     79.907     6.6756    34.4269    27.0115 1.4652e-01     0.1298      0.018    1478.00     66.331     6.4718 163.682292     4.5286     80.681  0.000e+00
     79.932     6.6759    34.4272    27.0117 1.4652e-01     0.1285      0.018    1478.00     66.338     6.4725 163.682293     4.5291     80.706  0.000e+00
     79.968     6.6758    34.4278    27.0122 1.4652e-01     0.1285      0.018    1478.01     66.338     6.4724 163.682293     4.5290     80.742  0.000e+00
     80.012     6.6756    34.4286    27.0128 1.4652e-01     0.1298      0.018    1478.01     66.275     6.4663 163.682294     4.5248     80.786  0.000e+00
     80.028     6.6758    34.4290    27.0132 1.4652e-01     0.1298      0.018    1478.01     66.331     6.4717 163.682294     4.5285     80.803  0.000e+00
     80.052     6.6755    34.4297    27.0138 1.4652e-01     0.1298      0.018    1478.01     66.331     6.4718 163.682295     4.5286     80.828  0.000e+00
     80.113     6.6751    34.4302    27.0142 1.4652e-01     0.1285      0.018    1478.01     66.270     6.4658 163.682295     4.5244     80.888  0.000e+00
     80.121     6.6751    34.4304    27.0143 1.4652e-01     0.1285      0.018    1478.01     66.327     6.4714 163.682296     4.5283     80.897  0.000e+00
     80.148     6.6746    34.4310    27.0149 1.5873e-01     0.1298      0.018    1478.01     66.329     6.4716 163.682296     4.5285     80.925  0.000e+00
     80.184     6.6748    34.4308    27.0147 1.5873e-01     0.1298      0.018    1478.01     66.332     6.4718 163.682296     4.5286     80.961  0.000e+00
     80.209     6.6752    34.4309    27.0147 1.5873e-01     0.1285      0.018    1478.01     66.343     6.4728 163.682297     4.5293     80.985  0.000e+00
     80.253     6.6781    34.4289    27.0128 1.5873e-01     0.1298      0.018    1478.02     66.346     6.4728 163.682297     4.5293     81.030  0.000e+00
     80.269     6.6792    34.4281    27.0119 1.5873e-01     0.1285      0.018    1478.02     66.350     6.4730 163.682298     4.5295     81.046  0.000e+00
     80.305     6.6780    34.4288    27.0127 1.5873e-01     0.1298      0.018    1478.02     66.354     6.4736 163.682298     4.5299     81.083  0.000e+00
     80.329     6.6767    34.4296    27.0135 1.4652e-01     0.1298      0.018    1478.02     66.358     6.4742 163.682299     4.5303     81.107  0.000e+00
     80.367     6.6758    34.4304    27.0143 1.5873e-01     0.1298      0.018    1478.02     66.363     6.4748 163.682299     4.5307     81.145  0.000e+00
     80.398     6.6755    34.4310    27.0147 1.4652e-01     0.1298      0.018    1478.02     66.368     6.4753 163.682300     4.5311     81.176  0.000e+00
     80.427     6.6751    34.4315    27.0152 1.4652e-01     0.1285      0.018    1478.01     66.374     6.4759 163.682300     4.5315     81.206  0.000e+00
     80.450     6.6749    34.4313    27.0150 1.4652e-01     0.1285      0.018    1478.01     66.380     6.4765 163.682301     4.5319     81.229  0.000e+00
     80.487     6.6748    34.4317    27.0154 1.4652e-01     0.1298      0.018    1478.01     66.394     6.4779 163.682301     4.5328     81.267  0.000e+00
     80.499     6.6746    34.4319    27.0156 1.5873e-01     0.1298      0.018    1478.01     66.401     6.4785 163.682302     4.5333     81.278  0.000e+00
     80.544     6.6746    34.4321    27.0157 1.5873e-01     0.1285      0.018    1478.02     66.408     6.4792 163.682302     4.5338     81.324  0.000e+00
     80.572     6.6745    34.4325    27.0161 1.4652e-01     0.1285      0.018    1478.02     66.415     6.4800 163.682303     4.5343     81.352  0.000e+00
