20190611/VT67_20190612_down.cnv
* Sea-Bird SBE 9 Data File:
* FileName = C:\CTD Brukere\NIVA\OKOKYST2019\20190611\VT67_20190612.hex
* Software Version Seasave V 7.23.2
* Temperature SN = 5352
* Conductivity SN = 3840
* Number of Bytes Per Scan = 28
* Number of Voltage Words = 4
* Number of Scans Averaged by the Deck Unit = 1
* NMEA baud rate = 4800
** Ship: R/V Trygve Braarud
** Cruise:
** Station:
** Operator:
# nquan = 14
# nvalues = 4238                                  
# units = specified
# name 0 = depSM: Depth [salt water, m], lat = 59.60
# name 1 = t090C: Temperature [ITS-90, deg C]
# name 2 = sal00: Salinity, Practical [PSU]
# name 3 = sigma-t00: Density [sigma-t, kg/m^3 ]
# name 4 = flSP: Fluorescence, Seapoint
# name 5 = wetStar: Fluorescence, WET Labs WETstar [mg/m^3]
# name 6 = seaTurbMtr: Turbidity, Seapoint [FTU]
# name 7 = svCM: Sound Velocity [Chen-Millero, m/s]
# name 8 = sbeox0PS: Oxygen, SBE 43 [% saturation]
# name 9 = sbeox0Mg/L: Oxygen, SBE 43 [mg/l]
# name 10 = timeJ: Julian Days
# name 11 = sbeox0ML/L: Oxygen, SBE 43 [ml/l]
# name 12 = prDM: Pressure, Digiquartz [db]
# name 13 = flag:  0.000e+00
# span 0 =      0.010,    102.387                 
# span 1 =     6.6505,    13.4173                 
# span 2 =    10.9047,    34.5608                 
# span 3 =     7.9405,    27.1156                 
# span 4 = 1.4652e-01, 2.8816e+00                 
# span 5 =     0.1273,     0.1310                 
# span 6 =      0.007,      0.018                 
# span 7 =    1468.30,    1490.90                 
# span 8 =     62.182,     81.094                 
# span 9 =     6.0603,     7.4886                 
# span 10 = 163.680810, 163.682853                
# span 11 =     4.2407,     5.2401                
# span 12 =      0.010,    103.384                
# span 13 = 0.0000e+00, 0.0000e+00                
# interval = seconds: 0.0416667
# start_time = Jun 12 2019 16:20:22 [System UpLoad Time]
# bad_flag = -9.990e-29
*END*
[from data line 310]
      3.914    13.1855    21.7620    16.1309 1.3675e+00     0.1310      0.015    1485.27     78.474     7.1920 163.680960     5.0326      3.951  0.000e+00
      3.949    13.1843    21.9690    16.2906 1.3675e+00     0.1298      0.015    1485.51     78.545     7.1894 163.680960     5.0308      3.987  0.000e+00
      3.974    13.1688    21.9878    16.3079 1.3919e+00     0.1298      0.015    1485.48     78.622     7.1980 163.680961     5.0368      4.011  0.000e+00
      3.998    13.2074    21.9184    16.2476 1.4042e+00     0.1298      0.015    1485.53     78.696     7.2020 163.680961     5.0395      4.036  0.000e+00
      4.034    13.2760    22.0312    16.3223 1.3797e+00     0.1298      0.015    1485.90     78.709     7.1877 163.680962     5.0296      4.072  0.000e+00
      4.034    13.3209    22.3727    16.5774 1.3675e+00     0.1298      0.015    1486.45     78.665     7.1617 163.680962     5.0113      4.072  0.000e+00
      4.080    13.3526    22.7137    16.8344 1.3675e+00     0.1298      0.015    1486.96     78.737     7.1483 163.680963     5.0019      4.119  0.000e+00
      4.103    13.3728    22.9386    17.0040 1.3553e+00     0.1298      0.015    1487.30     78.815     7.1423 163.680963     4.9978      4.142  0.000e+00
      4.140    13.3772    23.0526    17.0910 1.3553e+00     0.1298      0.015    1487.45     78.841     7.1389 163.680964     4.9954      4.180  0.000e+00
      4.153    13.3706    23.1073    17.1343 1.3431e+00     0.1298      0.015    1487.49     78.867     7.1399 163.680964     4.9961      4.193  0.000e+00
      4.176    13.3508    23.0902    17.1248 1.3187e+00     0.1298      0.015    1487.40     78.955     7.1515 163.680965     5.0042      4.216  0.000e+00
      4.213    13.3275    23.0115    17.0683 1.3065e+00     0.1285      0.015    1487.23     78.989     7.1616 163.680965     5.0113      4.253  0.000e+00
      4.225    13.3061    22.9118    16.9954 1.2943e+00     0.1298      0.018    1487.04     79.082     7.1778 163.680965     5.0226      4.265  0.000e+00
      4.259    13.2893    22.7928    16.9067 1.3065e+00     0.1298      0.015    1486.84     79.121     7.1891 163.680966     5.0305      4.299  0.000e+00
      4.284    13.2750    22.6760    16.8193 1.2943e+00     0.1310      0.015    1486.66     79.159     7.2000 163.680966     5.0382      4.325  0.000e+00
      4.296    13.2872    22.6266    16.7791 1.2698e+00     0.1298      0.015    1486.64     79.254     7.2090 163.680967     5.0445      4.337  0.000e+00
      4.331    13.3077    22.6773    16.8144 1.2943e+00     0.1298      0.015    1486.77     79.289     7.2068 163.680967     5.0429      4.373  0.000e+00
      4.344    13.3224    22.7936    16.9014 1.3065e+00     0.1298      0.018    1486.96     79.319     7.2020 163.680968     5.0396      4.386  0.000e+00
      4.369    13.3280    22.8984    16.9811 1.3065e+00     0.1298      0.018    1487.10     79.410     7.2048 163.680968     5.0415      4.410  0.000e+00
      4.403    13.3038    22.9222    17.0038 1.2821e+00     0.1298      0.015    1487.05     79.451     7.2112 163.680969     5.0459      4.444  0.000e+00
      4.427    13.2743    22.8267    16.9355 1.2576e+00     0.1298      0.015    1486.83     79.494     7.2238 163.680969     5.0548      4.469  0.000e+00
      4.440    13.2494    22.6531    16.8062 1.2332e+00     0.1298      0.015    1486.54     79.537     7.2394 163.680970     5.0657      4.482  0.000e+00
      4.475    13.2272    22.4726    16.6711 1.2332e+00     0.1298      0.015    1486.26     79.641     7.2603 163.680970     5.0804      4.518  0.000e+00
      4.500    13.2219    22.3652    16.5892 1.2210e+00     0.1298      0.015    1486.11     79.624     7.2645 163.680971     5.0833      4.542  0.000e+00
      4.511    13.2337    22.4481    16.6510 1.2088e+00     0.1298      0.015    1486.25     79.720     7.2677 163.680971     5.0855      4.554  0.000e+00
      4.545    13.2460    22.6828    16.8297 1.2210e+00     0.1298      0.015    1486.57     79.757     7.2586 163.680972     5.0791      4.588  0.000e+00
      4.571    13.2595    22.9356    17.0221 1.2332e+00     0.1298      0.015    1486.91     79.796     7.2486 163.680972     5.0721      4.614  0.000e+00
      4.571    13.2732    23.1569    17.1902 1.2698e+00     0.1310      0.015    1487.22     79.836     7.2402 163.680973     5.0662      4.614  0.000e+00
      4.595    13.2872    23.3110    17.3064 1.2698e+00     0.1298      0.015    1487.45     79.873     7.2344 163.680973     5.0622      4.639  0.000e+00
      4.631    13.3058    23.4411    17.4033 1.2821e+00     0.1298      0.015    1487.67     79.964     7.2340 163.680974     5.0619      4.675  0.000e+00
      4.641    13.3195    23.6011    17.5241 1.2943e+00     0.1285      0.015    1487.90     80.004     7.2283 163.680974     5.0579      4.685  0.000e+00
      4.678    13.3275    23.7151    17.6105 1.3065e+00     0.1298      0.015    1488.06     80.046     7.2257 163.680975     5.0562      4.722  0.000e+00
      4.691    13.3187    23.7618    17.6481 1.2698e+00     0.1298      0.015    1488.09     80.087     7.2286 163.680975     5.0582      4.735  0.000e+00
      4.713    13.3022    23.6884    17.5945 1.2454e+00     0.1298      0.015    1487.95     80.124     7.2379 163.680976     5.0646      4.758  0.000e+00
      4.726    13.2837    23.5229    17.4704 1.2210e+00     0.1298      0.018    1487.69     80.164     7.2518 163.680976     5.0744      4.771  0.000e+00
      4.747    13.2560    23.3217    17.3203 1.2210e+00     0.1310      0.018    1487.36     80.202     7.2685 163.680977     5.0861      4.792  0.000e+00
      4.773    13.2387    23.0868    17.1423 1.2210e+00     0.1298      0.015    1487.02     80.241     7.2853 163.680977     5.0978      4.819  0.000e+00
      4.786    13.2344    22.8973    16.9971 1.2088e+00     0.1298      0.015    1486.79     80.275     7.2977 163.680978     5.1065      4.832  0.000e+00
      4.811    13.2311    22.7935    16.9177 1.2088e+00     0.1298      0.015    1486.65     80.246     7.3003 163.680978     5.1083      4.856  0.000e+00
      4.833    13.2299    22.7452    16.8807 1.2210e+00     0.1298      0.015    1486.59     80.273     7.3051 163.680978     5.1117      4.879  0.000e+00
      4.856    13.2423    22.7527    16.8842 1.2088e+00     0.1298      0.015    1486.64     80.302     7.3055 163.680979     5.1120      4.902  0.000e+00
      4.869    13.2778    22.8733    16.9708 1.1966e+00     0.1310      0.015    1486.91     80.385     7.3021 163.680979     5.1096      4.915  0.000e+00
      4.893    13.3121    23.1364    17.1674 1.1966e+00     0.1298      0.015    1487.33     80.353     7.2820 163.680980     5.0955      4.940  0.000e+00
      4.906    13.3258    23.4430    17.4011 1.2210e+00     0.1298      0.015    1487.74     80.320     7.2630 163.680980     5.0822      4.953  0.000e+00
      4.938    13.3422    23.6330    17.5446 1.2332e+00     0.1298      0.015    1488.02     80.398     7.2590 163.680981     5.0794      4.985  0.000e+00
      4.953    13.3373    23.7683    17.6498 1.2332e+00     0.1298      0.015    1488.16     80.363     7.2505 163.680981     5.0735      5.000  0.000e+00
      4.953    13.3192    23.7364    17.6284 1.1966e+00     0.1298      0.015    1488.06     80.387     7.2568 163.680982     5.0779      5.000  0.000e+00
      5.002    13.3258    23.5919    17.5159 1.1844e+00     0.1298      0.015    1487.92     80.407     7.2641 163.680982     5.0830      5.049  0.000e+00
      4.977    13.3366    23.5817    17.5060 1.1844e+00     0.1298      0.015    1487.94     80.370     7.2596 163.680983     5.0799      5.025  0.000e+00
      5.071    13.3465    23.7092    17.6025 1.2088e+00     0.1298      0.015    1488.13     80.381     7.2534 163.680983     5.0755      5.119  0.000e+00
      5.037    13.3548    23.8317    17.6954 1.2088e+00     0.1298      0.015    1488.30     80.396     7.2479 163.680984     5.0716      5.085  0.000e+00
      5.060    13.3614    23.9667    17.7983 1.2088e+00     0.1298      0.015    1488.48     80.415     7.2425 163.680984     5.0679      5.108  0.000e+00
      5.084    13.3706    24.1104    17.9073 1.1966e+00     0.1310      0.018    1488.68     80.439     7.2368 163.680985     5.0639      5.132  0.000e+00
      5.118    13.3784    24.2916    18.0455 1.1966e+00     0.1310      0.018    1488.92     80.462     7.2296 163.680985     5.0588      5.167  0.000e+00
      5.120    13.3836    24.4592    18.1738 1.1844e+00     0.1298      0.018    1489.13     80.419     7.2174 163.680986     5.0503      5.168  0.000e+00
      5.133    13.3846    24.6051    18.2861 1.1844e+00     0.1310      0.015    1489.31     80.376     7.2068 163.680986     5.0429      5.181  0.000e+00
      5.180    13.3853    24.6892    18.3507 1.1966e+00     0.1298      0.015    1489.41     80.392     7.2044 163.680987     5.0412      5.229  0.000e+00
      5.189    13.3860    24.7506    18.3979 1.2088e+00     0.1298      0.015    1489.49     80.408     7.2029 163.680987     5.0402      5.239  0.000e+00
      5.204    13.3870    24.7819    18.4219 1.1844e+00     0.1310      0.015    1489.53     80.364     7.1974 163.680988     5.0363      5.253  0.000e+00
      5.240    13.3871    24.7997    18.4356 1.1844e+00     0.1298      0.015    1489.55     80.380     7.1981 163.680988     5.0368      5.289  0.000e+00
      5.264    13.3869    24.7930    18.4304 1.1600e+00     0.1298      0.015    1489.54     80.337     7.1945 163.680989     5.0343      5.314  0.000e+00
      5.285    13.3860    24.7869    18.4259 1.1477e+00     0.1298      0.015    1489.53     80.354     7.1964 163.680989     5.0356      5.335  0.000e+00
      5.299    13.3859    24.8147    18.4474 1.1477e+00     0.1298      0.015    1489.56     80.371     7.1968 163.680990     5.0359      5.350  0.000e+00
      5.335    13.3892    24.8681    18.4879 1.1600e+00     0.1310      0.015    1489.64     80.330     7.1902 163.680990     5.0313      5.386  0.000e+00
      5.345    13.4009    24.9721    18.5659 1.1722e+00     0.1298      0.018    1489.80     80.408     7.1908 163.680991     5.0317      5.396  0.000e+00
      5.384    13.4109    25.1510    18.7020 1.1722e+00     0.1298      0.015    1490.04     80.374     7.1782 163.680991     5.0229      5.435  0.000e+00
      5.395    13.4160    25.3027    18.8180 1.1722e+00     0.1298      0.015    1490.24     80.335     7.1672 163.680992     5.0152      5.446  0.000e+00
      5.431    13.4173    25.4047    18.8963 1.1600e+00     0.1298      0.015    1490.36     80.359     7.1646 163.680992     5.0133      5.482  0.000e+00
      5.440    13.4168    25.4619    18.9405 1.1477e+00     0.1298      0.015    1490.43     80.383     7.1643 163.680992     5.0132      5.492  0.000e+00
      5.479    13.4157    25.4942    18.9657 1.1233e+00     0.1310      0.015    1490.47     80.350     7.1601 163.680993     5.0102      5.531  0.000e+00
      5.502    13.4160    25.5233    18.9880 1.1233e+00     0.1298      0.015    1490.50     80.373     7.1608 163.680993     5.0107      5.554  0.000e+00
      5.490    13.4158    25.5489    19.0078 1.1355e+00     0.1298      0.015    1490.53     80.344     7.1570 163.680994     5.0081      5.543  0.000e+00
      5.584    13.4120    25.5146    18.9820 1.1233e+00     0.1298      0.015    1490.48     80.366     7.1611 163.680994     5.0109      5.637  0.000e+00
      5.586    13.4086    25.4355    18.9218 1.1233e+00     0.1298      0.015    1490.37     80.336     7.1624 163.680995     5.0119      5.639  0.000e+00
      5.599    13.4041    25.3640    18.8675 1.1111e+00     0.1298      0.015    1490.28     80.362     7.1686 163.680995     5.0162      5.652  0.000e+00
      5.631    13.3986    25.3103    18.8270 1.1233e+00     0.1298      0.015    1490.19     80.391     7.1745 163.680996     5.0203      5.685  0.000e+00
      5.670    13.3973    25.2856    18.8082 1.1233e+00     0.1298      0.015    1490.16     80.422     7.1786 163.680996     5.0231      5.724  0.000e+00
      5.681    13.3964    25.2793    18.8036 1.1355e+00     0.1298      0.015    1490.15     80.397     7.1767 163.680997     5.0218      5.735  0.000e+00
      5.715    13.3936    25.2447    18.7774 1.1477e+00     0.1298      0.015    1490.10     80.434     7.1819 163.680997     5.0255      5.770  0.000e+00
      5.741    13.3912    25.1949    18.7394 1.1477e+00     0.1298      0.015    1490.04     80.474     7.1881 163.680998     5.0298      5.796  0.000e+00
      5.766    13.3908    25.1681    18.7189 1.1600e+00     0.1298      0.015    1490.00     80.516     7.1932 163.680998     5.0334      5.820  0.000e+00
      5.798    13.3913    25.1822    18.7297 1.1600e+00     0.1298      0.018    1490.02     80.562     7.1966 163.680999     5.0357      5.853  0.000e+00
      5.826    13.3910    25.2213    18.7599 1.1600e+00     0.1298      0.015    1490.07     80.551     7.1939 163.680999     5.0339      5.881  0.000e+00
      5.848    13.3900    25.2579    18.7883 1.1600e+00     0.1298      0.015    1490.11     80.598     7.1966 163.681000     5.0357      5.904  0.000e+00
      5.885    13.3887    25.2912    18.8142 1.1722e+00     0.1298      0.015    1490.14     80.588     7.1944 163.681000     5.0342      5.941  0.000e+00
      5.918    13.3870    25.3300    18.8444 1.1722e+00     0.1298      0.015    1490.18     80.636     7.1972 163.681001     5.0362      5.974  0.000e+00
      5.932    13.3842    25.3721    18.8774 1.1355e+00     0.1298      0.015    1490.22     80.687     7.2003 163.681001     5.0384      5.989  0.000e+00
      5.968    13.3794    25.4015    18.9009 1.1111e+00     0.1298      0.015    1490.24     80.677     7.1988 163.681002     5.0373      6.025  0.000e+00
      5.989    13.3748    25.4061    18.9053 1.1111e+00     0.1298      0.015    1490.23     80.724     7.2035 163.681002     5.0406      6.046  0.000e+00
      6.028    13.3728    25.4064    18.9059 1.1233e+00     0.1298      0.015    1490.23     80.715     7.2029 163.681003     5.0402      6.085  0.000e+00
      6.041    13.3729    25.4180    18.9149 1.1477e+00     0.1310      0.015    1490.24     80.709     7.2019 163.681003     5.0394      6.098  0.000e+00
      6.085    13.3693    25.4586    18.9468 1.1722e+00     0.1298      0.015    1490.28     80.816     7.2101 163.681004     5.0452      6.142  0.000e+00
      6.112    13.3640    25.5181    18.9937 1.1722e+00     0.1298      0.015    1490.33     80.807     7.2075 163.681004     5.0434      6.170  0.000e+00
      6.133    13.3583    25.5828    19.0447 1.1966e+00     0.1298      0.015    1490.39     80.802     7.2050 163.681005     5.0416      6.191  0.000e+00
      6.159    13.3536    25.6304    19.0822 1.2088e+00     0.1298      0.015    1490.43     80.849     7.2078 163.681005     5.0436      6.218  0.000e+00
      6.195    13.3480    25.6665    19.1111 1.2210e+00     0.1298      0.015    1490.45     80.901     7.2116 163.681005     5.0462      6.254  0.000e+00
      6.204    13.3425    25.6954    19.1345 1.2088e+00     0.1298      0.015    1490.47     80.956     7.2160 163.681006     5.0494      6.263  0.000e+00
      6.243    13.3397    25.7210    19.1547 1.2088e+00     0.1310      0.015    1490.49     80.950     7.2148 163.681006     5.0485      6.303  0.000e+00
      6.292    13.3355    25.7598    19.1854 1.2088e+00     0.1298      0.015    1490.52     80.942     7.2130 163.681007     5.0472      6.352  0.000e+00
      6.300    13.3280    25.8187    19.2322 1.2088e+00     0.1298      0.018    1490.56     80.992     7.2159 163.681007     5.0493      6.360  0.000e+00
      6.327    13.3192    25.9013    19.2976 1.2088e+00     0.1298      0.015    1490.63     80.988     7.2131 163.681008     5.0473      6.388  0.000e+00
      6.350    13.3100    25.9846    19.3635 1.2088e+00     0.1298      0.015    1490.70     81.041     7.2155 163.681008     5.0490      6.410  0.000e+00
