20190611/VT67_20190612_down.cnv
* Sea-Bird SBE 9 Data File:
* FileName = C:\CTD Brukere\NIVA\OKOKYST2019\20190611\VT67_20190612.hex
* Software Version Seasave V 7.23.2
* Temperature SN = 5352
* Conductivity SN = 3840
* Number of Bytes Per Scan = 28
* Number of Voltage Words = 4
* Number of Scans Averaged by the Deck Unit = 1
* NMEA baud rate = 4800
** Ship: R/V Trygve Braarud
** Cruise:
** Station:
** Operator:
# nquan = 14
# nvalues = 4238                                  
# units = specified
# name 0 = depSM: Depth [salt water, m], lat = 59.60
# name 1 = t090C: Temperature [ITS-90, deg C]
# name 2 = sal00: Salinity, Practical [PSU]
# name 3 = sigma-t00: Density [sigma-t, kg/m^3 ]
# name 4 = flSP: Fluorescence, Seapoint
# name 5 = wetStar: Fluorescence, WET Labs WETstar [mg/m^3]
# name 6 = seaTurbMtr: Turbidity, Seapoint [FTU]
# name 7 = svCM: Sound Velocity [Chen-Millero, m/s]
# name 8 = sbeox0PS: Oxygen, SBE 43 [% saturation]
# name 9 = sbeox0Mg/L: Oxygen, SBE 43 [mg/l]
# name 10 = timeJ: Julian Days
# name 11 = sbeox0ML/L: Oxygen, SBE 43 [ml/l]
# name 12 = prDM: Pressure, Digiquartz [db]
# name 13 = flag:  0.000e+00
# span 0 =      0.010,    102.387                 
# span 1 =     6.6505,    13.4173                 
# span 2 =    10.9047,    34.5608                 
# span 3 =     7.9405,    27.1156                 
# span 4 = 1.4652e-01, 2.8816e+00                 
# span 5 =     0.1273,     0.1310                 
# span 6 =      0.007,      0.018                 
# span 7 =    1468.30,    1490.90                 
# span 8 =     62.182,     81.094                 
# span 9 =     6.0603,     7.4886                 
# span 10 = 163.680810, 163.682853                
# span 11 =     4.2407,     5.2401                
# span 12 =      0.010,    103.384                
# span 13 = 0.0000e+00, 0.0000e+00                
# interval = seconds: 0.0416667
# start_time = Jun 12 2019 16:20:22 [System UpLoad Time]
# bad_flag = -9.990e-29
*END*
[from data line 3097]
     80.644     6.6751    34.4318    27.0154 1.5873e-01     0.1298      0.018    1478.02     66.431     6.4814 163.682304     4.5353     81.425  0.000e+00
     80.657     6.6748    34.4322    27.0158 1.4652e-01     0.1298      0.018    1478.02     66.439     6.4823 163.682304     4.5359     81.438  0.000e+00
     80.689     6.6748    34.4323    27.0159 1.5873e-01     0.1285      0.018    1478.02     66.440     6.4823 163.682305     4.5360     81.471  0.000e+00
     80.728     6.6743    34.4325    27.0161 1.4652e-01     0.1285      0.018    1478.02     66.449     6.4833 163.682305     4.5366     81.510  0.000e+00
     80.740     6.6745    34.4328    27.0163 1.5873e-01     0.1285      0.018    1478.02     66.457     6.4841 163.682306     4.5372     81.522  0.000e+00
     80.789     6.6741    34.4335    27.0169 1.5873e-01     0.1298      0.018    1478.02     66.459     6.4842 163.682306     4.5373     81.571  0.000e+00
     80.813     6.6741    34.4333    27.0168 1.4652e-01     0.1285      0.018    1478.02     66.460     6.4844 163.682307     4.5374     81.596  0.000e+00
     80.849     6.6741    34.4334    27.0169 1.4652e-01     0.1285      0.018    1478.02     66.461     6.4845 163.682307     4.5375     81.632  0.000e+00
     80.870     6.6742    34.4337    27.0171 1.4652e-01     0.1285      0.018    1478.02     66.463     6.4846 163.682308     4.5375     81.653  0.000e+00
     80.898     6.6743    34.4337    27.0171 1.5873e-01     0.1298      0.018    1478.02     66.464     6.4847 163.682308     4.5376     81.681  0.000e+00
     80.922     6.6741    34.4339    27.0172 1.4652e-01     0.1285      0.018    1478.02     66.465     6.4848 163.682309     4.5377     81.706  0.000e+00
     80.958     6.6748    34.4335    27.0169 1.4652e-01     0.1285      0.018    1478.03     66.466     6.4849 163.682309     4.5377     81.742  0.000e+00
     80.994     6.6756    34.4333    27.0166 1.4652e-01     0.1298      0.018    1478.03     66.467     6.4849 163.682310     4.5377     81.779  0.000e+00
     81.007     6.6783    34.4304    27.0139 1.4652e-01     0.1298      0.018    1478.04     66.476     6.4854 163.682310     4.5381     81.792  0.000e+00
     81.040     6.6775    34.4311    27.0146 1.4652e-01     0.1298      0.018    1478.03     66.478     6.4857 163.682310     4.5383     81.825  0.000e+00
     81.067     6.6758    34.4328    27.0162 1.4652e-01     0.1298      0.018    1478.03     66.480     6.4861 163.682311     4.5386     81.853  0.000e+00
     81.092     6.6743    34.4343    27.0175 1.4652e-01     0.1285      0.018    1478.03     66.544     6.4925 163.682311     4.5431     81.877  0.000e+00
     81.139     6.6737    34.4349    27.0181 1.4652e-01     0.1298      0.018    1478.03     66.491     6.4873 163.682312     4.5395     81.925  0.000e+00
     81.152     6.6735    34.4353    27.0184 1.4652e-01     0.1285      0.018    1478.03     66.492     6.4875 163.682312     4.5395     81.938  0.000e+00
     81.188     6.6732    34.4351    27.0183 1.4652e-01     0.1298      0.018    1478.02     66.493     6.4876 163.682313     4.5397     81.974  0.000e+00
     81.212     6.6727    34.4356    27.0187 1.4652e-01     0.1285      0.018    1478.02     66.494     6.4878 163.682313     4.5398     81.999  0.000e+00
     81.237     6.6725    34.4357    27.0188 1.4652e-01     0.1285      0.018    1478.02     66.495     6.4879 163.682314     4.5399     82.024  0.000e+00
     81.269     6.6719    34.4360    27.0192 1.5873e-01     0.1298      0.018    1478.02     66.497     6.4882 163.682314     4.5400     82.057  0.000e+00
     81.297     6.6716    34.4360    27.0192 1.5873e-01     0.1285      0.018    1478.02     66.490     6.4875 163.682315     4.5396     82.085  0.000e+00
     81.320     6.6711    34.4364    27.0196 1.5873e-01     0.1285      0.018    1478.02     66.545     6.4930 163.682315     4.5434     82.108  0.000e+00
     81.344     6.6709    34.4366    27.0198 1.5873e-01     0.1285      0.018    1478.02     66.491     6.4877 163.682316     4.5397     82.132  0.000e+00
     81.382     6.6719    34.4355    27.0188 1.4652e-01     0.1298      0.018    1478.02     66.491     6.4876 163.682316     4.5396     82.170  0.000e+00
     81.405     6.6725    34.4349    27.0182 1.4652e-01     0.1285      0.018    1478.03     66.491     6.4876 163.682317     4.5396     82.193  0.000e+00
     81.442     6.6711    34.4355    27.0189 1.4652e-01     0.1298      0.018    1478.02     66.483     6.4870 163.682317     4.5392     82.231  0.000e+00
     81.478     6.6698    34.4355    27.0191 1.5873e-01     0.1298      0.018    1478.02     66.483     6.4872 163.682318     4.5394     82.267  0.000e+00
     81.478     6.6677    34.4358    27.0196 1.5873e-01     0.1285      0.018    1478.01     66.546     6.4936 163.682318     4.5438     82.267  0.000e+00
     81.524     6.6654    34.4352    27.0194 1.4652e-01     0.1285      0.018    1478.00     66.483     6.4878 163.682319     4.5398     82.313  0.000e+00
     81.550     6.6623    34.4348    27.0195 1.5873e-01     0.1298      0.018    1477.99     66.483     6.4883 163.682319     4.5401     82.340  0.000e+00
     81.574     6.6592    34.4364    27.0212 1.5873e-01     0.1298      0.018    1477.98     66.482     6.4886 163.682320     4.5404     82.364  0.000e+00
     81.623     6.6568    34.4379    27.0228 1.5873e-01     0.1285      0.018    1477.97     66.482     6.4889 163.682320     4.5405     82.414  0.000e+00
     81.623     6.6544    34.4397    27.0244 1.5873e-01     0.1298      0.018    1477.96     66.544     6.4952 163.682321     4.5450     82.414  0.000e+00
     81.672     6.6533    34.4410    27.0256 1.4652e-01     0.1298      0.018    1477.96     66.488     6.4899 163.682321     4.5412     82.463  0.000e+00
     81.695     6.6520    34.4425    27.0270 1.4652e-01     0.1298      0.018    1477.96     66.487     6.4899 163.682322     4.5413     82.486  0.000e+00
     81.719     6.6514    34.4442    27.0284 1.4652e-01     0.1285      0.018    1477.96     66.486     6.4898 163.682322     4.5412     82.511  0.000e+00
     81.743     6.6514    34.4448    27.0289 1.4652e-01     0.1298      0.018    1477.96     66.548     6.4958 163.682323     4.5454     82.535  0.000e+00
     81.792     6.6514    34.4457    27.0296 1.4652e-01     0.1298      0.018    1477.96     66.492     6.4903 163.682323     4.5415     82.585  0.000e+00
     81.817     6.6517    34.4464    27.0301 1.5873e-01     0.1298      0.018    1477.97     66.490     6.4901 163.682323     4.5414     82.609  0.000e+00
     81.840     6.6525    34.4466    27.0302 1.5873e-01     0.1298      0.018    1477.97     66.551     6.4959 163.682324     4.5455     82.632  0.000e+00
     81.874     6.6529    34.4472    27.0306 1.5873e-01     0.1285      0.018    1477.97     66.495     6.4903 163.682324     4.5415     82.667  0.000e+00
     81.913     6.6536    34.4481    27.0312 1.4652e-01     0.1285      0.018    1477.98     66.556     6.4961 163.682325     4.5456     82.707  0.000e+00
     81.937     6.6545    34.4478    27.0308 1.5873e-01     0.1298      0.018    1477.98     66.499     6.4904 163.682325     4.5416     82.731  0.000e+00
     81.973     6.6549    34.4483    27.0312 1.5873e-01     0.1285      0.018    1477.98     66.497     6.4902 163.682326     4.5414     82.767  0.000e+00
     81.998     6.6549    34.4488    27.0315 1.4652e-01     0.1298      0.018    1477.98     66.495     6.4900 163.682326     4.5413     82.792  0.000e+00
     82.034     6.6545    34.4494    27.0321 1.4652e-01     0.1285      0.018    1477.98     66.493     6.4898 163.682327     4.5412     82.828  0.000e+00
     82.047     6.6545    34.4503    27.0328 1.4652e-01     0.1298      0.018    1477.99     66.491     6.4895 163.682327     4.5410     82.841  0.000e+00
     82.094     6.6550    34.4511    27.0333 1.4652e-01     0.1298      0.018    1477.99     66.489     6.4892 163.682328     4.5408     82.889  0.000e+00
     82.118     6.6550    34.4518    27.0339 1.4652e-01     0.1285      0.018    1477.99     66.487     6.4890 163.682328     4.5406     82.914  0.000e+00
     82.143     6.6553    34.4520    27.0341 1.4652e-01     0.1298      0.018    1477.99     66.484     6.4888 163.682329     4.5405     82.939  0.000e+00
     82.203     6.6550    34.4532    27.0350 1.5873e-01     0.1285      0.018    1477.99     66.483     6.4886 163.682329     4.5403     82.999  0.000e+00
     82.203     6.6549    34.4538    27.0355 1.4652e-01     0.1285      0.018    1477.99     66.481     6.4884 163.682330     4.5402     82.999  0.000e+00
     82.252     6.6544    34.4550    27.0365 1.4652e-01     0.1285      0.018    1477.99     66.479     6.4882 163.682330     4.5401     83.049  0.000e+00
     82.275     6.6544    34.4552    27.0367 1.4652e-01     0.1298      0.018    1477.99     66.477     6.4880 163.682331     4.5399     83.072  0.000e+00
     82.312     6.6553    34.4542    27.0358 1.4652e-01     0.1285      0.018    1478.00     66.475     6.4877 163.682331     4.5397     83.110  0.000e+00
     82.337     6.6549    34.4546    27.0362 1.5873e-01     0.1298      0.018    1478.00     66.473     6.4876 163.682332     4.5396     83.134  0.000e+00
     82.372     6.6538    34.4558    27.0373 1.4652e-01     0.1285      0.018    1477.99     66.471     6.4875 163.682332     4.5396     83.171  0.000e+00
     82.397     6.6529    34.4571    27.0384 1.5873e-01     0.1298      0.018    1477.99     66.469     6.4874 163.682333     4.5395     83.195  0.000e+00
     82.444     6.6523    34.4586    27.0396 1.4652e-01     0.1298      0.018    1477.99     66.467     6.4872 163.682333     4.5394     83.243  0.000e+00
     82.457     6.6523    34.4599    27.0406 1.4652e-01     0.1298      0.018    1478.00     66.465     6.4869 163.682334     4.5392     83.256  0.000e+00
     82.482     6.6536    34.4597    27.0404 1.5873e-01     0.1298      0.018    1478.00     66.463     6.4866 163.682334     4.5389     83.281  0.000e+00
     82.529     6.6544    34.4607    27.0410 1.4652e-01     0.1285      0.018    1478.01     66.461     6.4862 163.682335     4.5387     83.329  0.000e+00
     82.566     6.6549    34.4615    27.0416 1.4652e-01     0.1285      0.018    1478.01     66.467     6.4867 163.682335     4.5390     83.366  0.000e+00
     82.589     6.6553    34.4628    27.0426 1.4652e-01     0.1298      0.018    1478.01     66.402     6.4803 163.682336     4.5345     83.389  0.000e+00
     82.627     6.6560    34.4637    27.0432 1.4652e-01     0.1285      0.018    1478.02     66.456     6.4854 163.682336     4.5381     83.427  0.000e+00
     82.649     6.6566    34.4642    27.0435 1.4652e-01     0.1298      0.018    1478.02     66.392     6.4790 163.682337     4.5336     83.450  0.000e+00
     82.687     6.6569    34.4652    27.0442 1.4652e-01     0.1285      0.018    1478.02     66.383     6.4780 163.682337     4.5330     83.488  0.000e+00
     82.711     6.6571    34.4658    27.0446 1.4652e-01     0.1285      0.018    1478.03     66.437     6.4833 163.682337     4.5366     83.513  0.000e+00
     82.734     6.6572    34.4653    27.0443 1.4652e-01     0.1285      0.018    1478.03     66.436     6.4832 163.682338     4.5366     83.536  0.000e+00
     82.772     6.6574    34.4637    27.0430 1.4652e-01     0.1298      0.018    1478.03     66.373     6.4771 163.682338     4.5323     83.574  0.000e+00
     82.807     6.6579    34.4625    27.0420 1.4652e-01     0.1298      0.018    1478.03     66.373     6.4770 163.682339     4.5322     83.610  0.000e+00
     82.832     6.6579    34.4632    27.0425 1.5873e-01     0.1298      0.018    1478.03     66.365     6.4763 163.682339     4.5317     83.635  0.000e+00
     82.856     6.6585    34.4633    27.0425 1.4652e-01     0.1298      0.018    1478.03     66.358     6.4754 163.682340     4.5311     83.659  0.000e+00
     82.879     6.6590    34.4645    27.0434 1.4652e-01     0.1285      0.018    1478.03     66.351     6.4746 163.682340     4.5306     83.682  0.000e+00
     82.928     6.6580    34.4671    27.0455 1.5873e-01     0.1298      0.015    1478.03     66.345     6.4741 163.682341     4.5302     83.732  0.000e+00
     82.939     6.6571    34.4691    27.0473 1.4652e-01     0.1285      0.018    1478.03     66.338     6.4735 163.682341     4.5298     83.743  0.000e+00
     82.964     6.6568    34.4689    27.0471 1.4652e-01     0.1285      0.018    1478.03     66.340     6.4738 163.682342     4.5300     83.768  0.000e+00
     83.001     6.6579    34.4659    27.0446 1.4652e-01     0.1285      0.018    1478.03     66.335     6.4732 163.682342     4.5296     83.806  0.000e+00
     83.037     6.6587    34.4646    27.0435 1.5873e-01     0.1285      0.018    1478.04     66.330     6.4727 163.682343     4.5292     83.842  0.000e+00
     83.049     6.6609    34.4615    27.0408 1.4652e-01     0.1285      0.018    1478.04     66.325     6.4720 163.682343     4.5287     83.853  0.000e+00
     83.075     6.6633    34.4593    27.0387 1.4652e-01     0.1285      0.018    1478.05     66.321     6.4713 163.682344     4.5282     83.880  0.000e+00
     83.122     6.6616    34.4633    27.0421 1.4652e-01     0.1285      0.018    1478.05     66.325     6.4718 163.682344     4.5286     83.928  0.000e+00
     83.122     6.6587    34.4680    27.0462 1.4652e-01     0.1285      0.015    1478.04     66.322     6.4717 163.682345     4.5285     83.928  0.000e+00
     83.158     6.6565    34.4711    27.0490 1.5873e-01     0.1298      0.018    1478.04     66.319     6.4716 163.682345     4.5285     83.964  0.000e+00
     83.194     6.6558    34.4720    27.0497 1.4652e-01     0.1298      0.018    1478.04     66.317     6.4714 163.682346     4.5283     84.000  0.000e+00
     83.218     6.6544    34.4736    27.0512 1.5873e-01     0.1298      0.018    1478.03     66.322     6.4722 163.682346     4.5288     84.025  0.000e+00
     83.243     6.6536    34.4747    27.0522 1.4652e-01     0.1285      0.018    1478.03     66.321     6.4721 163.682347     4.5288     84.049  0.000e+00
     83.267     6.6528    34.4758    27.0532 1.4652e-01     0.1285      0.018    1478.03     66.319     6.4720 163.682347     4.5287     84.074  0.000e+00
     83.291     6.6523    34.4766    27.0539 1.4652e-01     0.1298      0.018    1478.03     66.389     6.4789 163.682348     4.5335     84.099  0.000e+00
     83.314     6.6518    34.4770    27.0542 1.4652e-01     0.1285      0.018    1478.03     66.334     6.4735 163.682348     4.5298     84.122  0.000e+00
     83.352     6.6520    34.4769    27.0541 1.4652e-01     0.1298      0.018    1478.03     66.341     6.4742 163.682349     4.5303     84.160  0.000e+00
     83.376     6.6515    34.4776    27.0547 1.4652e-01     0.1285      0.018    1478.03     66.342     6.4743 163.682349     4.5303     84.184  0.000e+00
     83.399     6.6517    34.4771    27.0543 1.4652e-01     0.1298      0.018    1478.03     66.342     6.4743 163.682350     4.5304     84.207  0.000e+00
     83.425     6.6528    34.4764    27.0536 1.4652e-01     0.1298      0.018    1478.03     66.343     6.4743 163.682350     4.5303     84.234  0.000e+00
     83.461     6.6526    34.4765    27.0537 1.4652e-01     0.1285      0.018    1478.03     66.344     6.4744 163.682351     4.5304     84.270  0.000e+00
     83.484     6.6520    34.4774    27.0545 1.4652e-01     0.1285      0.018    1478.03     66.346     6.4746 163.682351     4.5306     84.293  0.000e+00
     83.497     6.6518    34.4776    27.0547 1.4652e-01     0.1285      0.018    1478.03     66.410     6.4809 163.682351     4.5350     84.306  0.000e+00
     83.533     6.6517    34.4779    27.0549 1.4652e-01     0.1298      0.018    1478.03     66.357     6.4758 163.682352     4.5314     84.342  0.000e+00
     83.568     6.6512    34.4787    27.0556 1.4652e-01     0.1285      0.018    1478.03     66.360     6.4760 163.682352     4.5316     84.378  0.000e+00
     83.581     6.6512    34.4790    27.0559 1.4652e-01     0.1285      0.018    1478.03     66.362     6.4763 163.682353     4.5317     84.392  0.000e+00
