20190611/VT68_20190613_down_bin.cnv
* Sea-Bird SBE 9 Data File:
* FileName = C:\CTD Brukere\NIVA\OKOKYST2019\20190611\VT68_20190613.hex
* Software Version Seasave V 7.23.2
* Temperature SN = 5352
* Conductivity SN = 3840
* Number of Bytes Per Scan = 28
* Number of Voltage Words = 4
* Number of Scans Averaged by the Deck Unit = 1
* NMEA baud rate = 4800
** Ship: R/V Trygve Braarud
** Cruise:
** Station:
** Operator:
# nquan = 14
# nvalues = 24                          
# units = specified
# name 0 = depSM: Depth [salt water, m], lat = 59.60
# name 1 = t090C: Temperature [ITS-90, deg C]
# name 2 = sal00: Salinity, Practical [PSU]
# name 3 = sigma-t00: Density [sigma-t, kg/m^3 ]
# name 4 = flSP: Fluorescence, Seapoint
# name 5 = wetStar: Fluorescence, WET Labs WETstar [mg/m^3]
# name 6 = seaTurbMtr: Turbidity, Seapoint [FTU]
# name 7 = svCM: Sound Velocity [Chen-Millero, m/s]
# name 8 = sbeox0PS: Oxygen, SBE 43 [% saturation]
# name 9 = sbeox0Mg/L: Oxygen, SBE 43 [mg/l]
# name 10 = timeJ: Julian Days
# name 11 = sbeox0ML/L: Oxygen, SBE 43 [ml/l]
# name 12 = prDM: Pressure, Digiquartz [db]
# name 13 = flag: flag
# span 0 =      0.000,     23.000       
# span 1 =    10.5180,    13.2382       
# span 2 =    23.0236,    29.9580       
# span 3 =    17.1266,    22.9277       
# span 4 = 4.5303e-01, 1.5082e+00       
# span 5 =     0.1294,     0.1300       
# span 6 =      0.014,      0.018       
# span 7 =    1485.90,    1490.36       
# span 8 =     70.951,     76.706       
# span 9 =     6.5339,     6.9698       
# span 10 = 164.338524, 164.339449      
# span 11 =     4.5720,     4.8770      
# span 12 =      0.000,     23.219      
# span 13 = 0.0000e+00, 0.0000e+00      
# interval = meters: 1                  
# start_time = Jun 13 2019 08:07:26 [System UpLoad Time]
# bad_flag = -9.990e-29
*END*
      0.000    13.0540    23.0236    17.1266 1.3422e+00     0.1299      0.015    1486.23     76.385     6.9650 164.338524     4.8737      0.000 0.0000e+00
      1.000    13.0568    23.0331    17.1335 1.3534e+00     0.1298      0.015    1486.27     76.204     6.9477 164.338584     4.8616      1.009 0.0000e+00
      2.000    13.0689    23.1942    17.2555 1.5082e+00     0.1298      0.015    1486.52     76.542     6.9698 164.338613     4.8770      2.019 0.0000e+00
      3.000    13.0698    23.2081    17.2661 1.4635e+00     0.1298      0.015    1486.56     76.032     6.9226 164.338639     4.8440      3.028 0.0000e+00
      4.000    13.0765    23.3774    17.3955 1.5066e+00     0.1298      0.015    1486.79     75.957     6.9075 164.338666     4.8334      4.038 0.0000e+00
      5.000    13.0782    23.5968    17.5643 1.4842e+00     0.1299      0.015    1487.07     75.812     6.8846 164.338693     4.8175      5.048 0.0000e+00
      6.000    13.0886    23.9347    17.8231 1.4923e+00     0.1299      0.015    1487.53     76.307     6.9135 164.338719     4.8377      6.057 0.0000e+00
      7.000    13.1302    24.2375    18.0491 1.3710e+00     0.1298      0.015    1488.04     76.518     6.9135 164.338746     4.8377      7.066 0.0000e+00
      8.000    13.1303    24.4682    18.2270 1.2773e+00     0.1299      0.015    1488.33     76.604     6.9112 164.338773     4.8361      8.076 0.0000e+00
      9.000    13.1045    25.0177    18.6555 1.1939e+00     0.1298      0.015    1488.90     76.689     6.8990 164.338799     4.8275      9.086 0.0000e+00
     10.000    13.1098    25.2406    18.8266 1.0752e+00     0.1296      0.015    1489.20     76.706     6.8902 164.338827     4.8213     10.095 0.0000e+00
     11.000    13.1685    25.4078    18.9448 9.6122e-01     0.1294      0.014    1489.62     76.488     6.8549 164.338852     4.7967     11.105 0.0000e+00
     12.000    13.2382    25.5658    19.0538 8.9391e-01     0.1296      0.015    1490.05     76.384     6.8289 164.338878     4.7785     12.114 0.0000e+00
     13.000    13.2316    25.8071    19.2412 9.3011e-01     0.1298      0.015    1490.33     76.390     6.8201 164.338905     4.7723     13.124 0.0000e+00
     14.000    13.1780    25.9675    19.3748 9.3903e-01     0.1299      0.015    1490.36     75.866     6.7742 164.338932     4.7402     14.133 0.0000e+00
     15.000    12.6291    26.8597    20.1637 8.6717e-01     0.1298      0.016    1489.54     75.383     6.7717 164.338959     4.7385     15.143 0.0000e+00
     16.000    11.2115    28.9944    22.0675 6.4354e-01     0.1298      0.016    1487.15     75.550     6.9012 164.338985     4.8291     16.152 0.0000e+00
     17.000    10.8026    29.4517    22.4922 5.8673e-01     0.1299      0.017    1486.27     73.709     6.7730 164.339013     4.7393     17.162 0.0000e+00
     18.000    10.7204    29.6081    22.6276 5.3793e-01     0.1299      0.017    1486.18     74.795     6.8782 164.339039     4.8129     18.172 0.0000e+00
     19.000    10.6840    29.7333    22.7311 5.0019e-01     0.1300      0.018    1486.21     74.409     6.8426 164.339066     4.7880     19.181 0.0000e+00
     20.000    10.6526    29.8368    22.8169 4.7820e-01     0.1300      0.018    1486.24     73.626     6.7708 164.339093     4.7378     20.191 0.0000e+00
     21.000    10.7577    29.9138    22.8592 6.0104e-01     0.1299      0.018    1486.73     72.864     6.6820 164.339234     4.6757     21.201 0.0000e+00
     22.000    10.5180    29.9262    22.9088 4.6507e-01     0.1298      0.018    1485.90     71.339     6.5760 164.339382     4.6015     22.210 0.0000e+00
     23.000    10.5530    29.9580    22.9277 4.5303e-01     0.1298      0.018    1486.08     70.951     6.5339 164.339449     4.5720     23.219 0.0000e+00
