20190611/Ø1_20190613_down_bin.cnv
* Sea-Bird SBE 9 Data File:
* FileName = C:\CTD Brukere\NIVA\OKOKYST2019\20190611\Ø1_20190613.hex
* Software Version Seasave V 7.23.2
* Temperature SN = 5352
* Conductivity SN = 3840
* Number of Bytes Per Scan = 28
* Number of Voltage Words = 4
* Number of Scans Averaged by the Deck Unit = 1
* NMEA baud rate = 4800
** Ship: R/V Trygve Braarud
** Cruise:
** Station:
** Operator:
# nquan = 14
# nvalues = 51                          
# units = specified
# name 0 = depSM: Depth [salt water, m], lat = 59.60
# name 1 = t090C: Temperature [ITS-90, deg C]
# name 2 = sal00: Salinity, Practical [PSU]
# name 3 = sigma-t00: Density [sigma-t, kg/m^3 ]
# name 4 = flSP: Fluorescence, Seapoint
# name 5 = wetStar: Fluorescence, WET Labs WETstar [mg/m^3]
# name 6 = seaTurbMtr: Turbidity, Seapoint [FTU]
# name 7 = svCM: Sound Velocity [Chen-Millero, m/s]
# name 8 = sbeox0PS: Oxygen, SBE 43 [% saturation]
# name 9 = sbeox0Mg/L: Oxygen, SBE 43 [mg/l]
# name 10 = timeJ: Julian Days
# name 11 = sbeox0ML/L: Oxygen, SBE 43 [ml/l]
# name 12 = prDM: Pressure, Digiquartz [db]
# name 13 = flag: flag
# span 0 =      0.000,     50.000       
# span 1 =     7.3960,    12.6944       
# span 2 =    21.2259,    34.1414       
# span 3 =    15.8027,    26.6871       
# span 4 = 1.6983e-01, 1.6988e+00       
# span 5 =     0.1291,     0.1307       
# span 6 =      0.011,      0.018       
# span 7 =    1479.94,    1489.85       
# span 8 =     64.992,     77.779       
# span 9 =     6.2491,     7.0465       
# span 10 = 164.589766, 164.591292      
# span 11 =     4.3728,     4.9307      
# span 12 =      0.000,     50.481      
# span 13 = 0.0000e+00, 0.0000e+00      
# interval = meters: 1                  
# start_time = Jun 13 2019 14:09:10 [System UpLoad Time]
# bad_flag = -9.990e-29
*END*
      0.000    12.6790    21.3526    15.9031 1.0913e+00     0.1298      0.011    1482.96     69.460     6.4514 164.589766     4.5143      0.000 0.0000e+00
      1.000    12.6944    21.2259    15.8027 1.2134e+00     0.1301      0.013    1482.88     70.406     6.5422 164.589854     4.5778      1.010 0.0000e+00
      2.000    12.6593    21.2436    15.8224 1.3976e+00     0.1299      0.012    1482.80     72.192     6.7125 164.589870     4.6970      2.019 0.0000e+00
      3.000    12.6115    21.4748    16.0089 1.6988e+00     0.1300      0.012    1482.92     74.378     6.9128 164.589889     4.8372      3.028 0.0000e+00
      4.000    12.5034    22.3237    16.6825 1.6053e+00     0.1299      0.011    1483.56     74.708     6.9225 164.589912     4.8440      4.038 0.0000e+00
      5.000    12.5749    24.3342    18.2227 1.1262e+00     0.1299      0.012    1486.21     77.126     7.0465 164.589930     4.9307      5.048 0.0000e+00
      6.000    12.6332    25.8989    19.4211 1.0210e+00     0.1300      0.014    1488.28     77.254     6.9807 164.589948     4.8847      6.057 0.0000e+00
      7.000    12.6578    26.7505    20.0747 8.9911e-01     0.1304      0.015    1489.38     77.602     6.9713 164.589972     4.8781      7.066 0.0000e+00
      8.000    12.5580    27.4216    20.6116 6.7470e-01     0.1307      0.016    1489.85     77.779     6.9725 164.589990     4.8789      8.076 0.0000e+00
      9.000    12.3626    27.8813    21.0025 5.5198e-01     0.1305      0.016    1489.74     76.967     6.9082 164.590008     4.8340      9.086 0.0000e+00
     10.000    12.1855    28.2008    21.2817 4.9335e-01     0.1304      0.016    1489.52     76.092     6.8417 164.590031     4.7874     10.095 0.0000e+00
     11.000    12.0337    28.4581    21.5082 4.1990e-01     0.1306      0.017    1489.32     75.694     6.8168 164.590051     4.7700     11.105 0.0000e+00
     12.000    11.9090    28.5321    21.5876 3.7715e-01     0.1304      0.015    1488.99     74.960     6.7654 164.590068     4.7340     12.114 0.0000e+00
     13.000    11.8014    28.6452    21.6943 3.3232e-01     0.1304      0.015    1488.77     74.412     6.7266 164.590091     4.7069     13.124 0.0000e+00
     14.000    11.6641    28.7582    21.8060 2.6311e-01     0.1303      0.015    1488.44     73.673     6.6746 164.590112     4.6705     14.133 0.0000e+00
     15.000    11.5004    28.8995    21.9441 2.5677e-01     0.1303      0.016    1488.05     73.323     6.6603 164.590129     4.6605     15.143 0.0000e+00
     16.000    11.2924    29.1131    22.1460 2.4424e-01     0.1303      0.016    1487.59     73.104     6.6611 164.590152     4.6610     16.152 0.0000e+00
     17.000    11.2541    29.1629    22.1912 2.3385e-01     0.1305      0.017    1487.53     72.500     6.6093 164.590173     4.6248     17.162 0.0000e+00
     18.000    11.1544    29.3161    22.3273 2.2588e-01     0.1305      0.017    1487.37     72.413     6.6092 164.590192     4.6247     18.172 0.0000e+00
     19.000    11.0636    29.4748    22.4661 2.1850e-01     0.1304      0.017    1487.26     72.545     6.6276 164.590214     4.6376     19.181 0.0000e+00
     20.000    11.0033    29.5706    22.5507 2.0709e-01     0.1304      0.017    1487.18     72.625     6.6394 164.590236     4.6459     20.191 0.0000e+00
     21.000    10.7389    29.9448    22.8864 1.9991e-01     0.1303      0.017    1486.70     72.398     6.6408 164.590254     4.6468     21.200 0.0000e+00
     22.000    10.5595    30.2123    23.1245 2.0063e-01     0.1303      0.016    1486.40     72.346     6.6506 164.590276     4.6537     22.210 0.0000e+00
     23.000    10.3245    30.5917    23.4589 1.9683e-01     0.1300      0.015    1486.03     71.813     6.6194 164.590298     4.6319     23.219 0.0000e+00
     24.000    10.1621    30.8155    23.6600 1.9539e-01     0.1301      0.015    1485.73     71.597     6.6134 164.590317     4.6277     24.229 0.0000e+00
     25.000    10.0440    30.9809    23.8083 1.9560e-01     0.1299      0.015    1485.52     71.288     6.5949 164.590339     4.6147     25.239 0.0000e+00
     26.000     9.9482    31.1028    23.9190 1.9657e-01     0.1299      0.015    1485.33     71.296     6.6043 164.590361     4.6213     26.248 0.0000e+00
     27.000     9.8231    31.2750    24.0735 1.9419e-01     0.1301      0.017    1485.10     71.251     6.6110 164.590380     4.6260     27.258 0.0000e+00
     28.000     9.6868    31.4511    24.2329 1.9365e-01     0.1302      0.017    1484.84     71.128     6.6119 164.590402     4.6266     28.268 0.0000e+00
     29.000     9.5707    31.5731    24.3467 1.9326e-01     0.1301      0.017    1484.58     70.804     6.5934 164.590425     4.6137     29.277 0.0000e+00
     30.000     9.4605    31.7017    24.4646 1.9160e-01     0.1301      0.017    1484.35     70.687     6.5931 164.590444     4.6134     30.287 0.0000e+00
     31.000     9.3558    31.8367    24.5867 1.9466e-01     0.1301      0.017    1484.14     70.624     6.5967 164.590466     4.6160     31.296 0.0000e+00
     32.000     9.3007    32.0852    24.7896 1.8891e-01     0.1300      0.018    1484.26     70.358     6.5693 164.590488     4.5968     32.306 0.0000e+00
     33.000     9.2207    32.1662    24.8655 1.8674e-01     0.1300      0.018    1484.08     70.252     6.5676 164.590506     4.5956     33.316 0.0000e+00
     34.000     9.0354    32.3823    25.0634 1.8715e-01     0.1301      0.018    1483.68     70.134     6.5744 164.590530     4.6004     34.325 0.0000e+00
     35.000     8.9320    32.5070    25.1770 1.8335e-01     0.1300      0.018    1483.47     70.145     6.5853 164.590550     4.6080     35.335 0.0000e+00
     36.000     8.8857    32.5656    25.2300 1.8519e-01     0.1301      0.018    1483.38     70.118     6.5870 164.590567     4.6092     36.345 0.0000e+00
     37.000     8.7997    32.6662    25.3220 1.8900e-01     0.1301      0.018    1483.20     69.767     6.5623 164.590591     4.5919     37.354 0.0000e+00
     38.000     8.6491    32.8033    25.4524 1.8706e-01     0.1300      0.018    1482.83     69.772     6.5790 164.590612     4.6036     38.364 0.0000e+00
     39.000     8.6178    32.8458    25.4905 1.8506e-01     0.1300      0.018    1482.78     69.649     6.5702 164.590629     4.5974     39.374 0.0000e+00
     40.000     8.4858    33.0316    25.6560 1.8290e-01     0.1300      0.018    1482.53     69.173     6.5367 164.590651     4.5740     40.383 0.0000e+00
     41.000     8.2691    33.2931    25.8936 1.8315e-01     0.1299      0.018    1482.05     69.109     6.5513 164.590673     4.5842     41.393 0.0000e+00
     42.000     8.1397    33.4390    26.0273 1.7921e-01     0.1299      0.018    1481.76     68.724     6.5276 164.590690     4.5676     42.403 0.0000e+00
     43.000     8.0009    33.5881    26.1649 1.8133e-01     0.1299      0.018    1481.44     68.197     6.4915 164.590712     4.5423     43.412 0.0000e+00
     44.000     7.8415    33.7425    26.3095 1.7631e-01     0.1299      0.018    1481.04     67.642     6.4553 164.590735     4.5170     44.422 0.0000e+00
     45.000     7.7565    33.8163    26.3799 1.7202e-01     0.1299      0.018    1480.83     67.356     6.4373 164.590752     4.5045     45.432 0.0000e+00
     46.000     7.6553    33.9082    26.4666 1.7392e-01     0.1299      0.018    1480.57     66.979     6.4122 164.590774     4.4868     46.442 0.0000e+00
     47.000     7.5172    34.0309    26.5829 1.6983e-01     0.1298      0.018    1480.22     66.751     6.4053 164.590798     4.4820     47.451 0.0000e+00
     48.000     7.4655    34.0847    26.6326 1.7156e-01     0.1297      0.018    1480.10     66.660     6.4018 164.590814     4.4796     48.461 0.0000e+00
     49.000     7.4185    34.1210    26.6679 1.7761e-01     0.1295      0.018    1479.98     65.403     6.2862 164.591001     4.3987     49.471 0.0000e+00
     50.000     7.3960    34.1414    26.6871 1.8604e-01     0.1291      0.018    1479.94     64.992     6.2491 164.591292     4.3728     50.481 0.0000e+00
