RAWDATA/20190107/BC1_20190109_down.cnv
* Sea-Bird SBE 9 Data File:
* FileName = C:\CTD Brukere\NIVA\OKOKYST2019\20190107\BC1_20190109.hex
* Software Version Seasave V 7.23.2
* Temperature SN = 5352
* Conductivity SN = 3840
* Number of Bytes Per Scan = 28
* Number of Voltage Words = 4
* Number of Scans Averaged by the Deck Unit = 1
* NMEA baud rate = 4800
** Ship: R/V Trygve Braarud
** Cruise:
** Station:
** Operator:
# nquan = 12
# nvalues = 6985                                  
# units = specified
# name 0 = depSM: Depth [salt water, m], lat = 59.60
# name 1 = t090C: Temperature [ITS-90, deg C]
# name 2 = sal00: Salinity, Practical [PSU]
# name 3 = sigma-t00: Density [sigma-t, kg/m^3 ]
# name 4 = flSP: Fluorescence, Seapoint
# name 5 = wetStar: Fluorescence, WET Labs WETstar [mg/m^3]
# name 6 = seaTurbMtr: Turbidity, Seapoint [FTU]
# name 7 = svCM: Sound Velocity [Chen-Millero, m/s]
# name 8 = sbeox0PS: Oxygen, SBE 43 [% saturation]
# name 9 = sbeox0ML/L: Oxygen, SBE 43 [ml/l]
# name 10 = timeJ: Julian Days
# name 11 = flag:  0.000e+00
# span 0 =     -0.009,     93.176                 
# span 1 =     3.9192,     9.9450                 
# span 2 =     6.5217,    33.7942                 
# span 3 =     5.1846,    26.4363                 
# span 4 = 1.5873e-01, 4.6398e-01                 
# span 5 =     0.1627,     1.6878                 
# span 6 =      0.487,      2.385                 
# span 7 =    1429.77,    1484.83                 
# span 8 =     18.308,     92.303                 
# span 9 =     1.2391,     7.8869                 
# span 10 =   9.317731,   9.321100                
# span 11 = 0.0000e+00, 0.0000e+00                
# interval = seconds: 0.0416667
# start_time = Jan 09 2019 07:37:32 [System UpLoad Time]
# bad_flag = -9.990e-29
*END*
[from data line 2407]
     10.284     9.5343    31.5314    24.3199 1.7094e-01     0.2482      0.571    1484.08     76.662     5.0007   9.318892  0.000e+00
     10.333     9.5270    31.5524    24.3374 1.7094e-01     0.2494      0.571    1484.08     76.553     4.9937   9.318893  0.000e+00
     10.314     9.5256    31.5568    24.3411 1.5873e-01     0.2506      0.568    1484.08     76.385     4.9828   9.318893  0.000e+00
     10.380     9.5247    31.5456    24.3325 1.5873e-01     0.2543      0.568    1484.07     76.268     4.9756   9.318894  0.000e+00
     10.393     9.5309    31.5202    24.3116 1.7094e-01     0.2531      0.568    1484.06     76.160     4.9687   9.318894  0.000e+00
     10.429     9.5371    31.4930    24.2894 1.7094e-01     0.2494      0.568    1484.05     76.048     4.9616   9.318895  0.000e+00
     10.451     9.5399    31.4759    24.2757 1.7094e-01     0.2482      0.571    1484.04     75.936     4.9546   9.318895  0.000e+00
     10.469     9.5454    31.4587    24.2614 1.7094e-01     0.2458      0.575    1484.04     75.820     4.9469   9.318896  0.000e+00
     10.500     9.5508    31.4451    24.2499 1.7094e-01     0.2458      0.579    1484.04     75.705     4.9393   9.318896  0.000e+00
     10.524     9.5387    31.4805    24.2794 1.5873e-01     0.2482      0.586    1484.04     75.649     4.9358   9.318897  0.000e+00
     10.547     9.5241    31.5435    24.3309 1.7094e-01     0.2482      0.586    1484.07     75.478     4.9242   9.318897  0.000e+00
     10.571     9.5169    31.5793    24.3600 1.7094e-01     0.2470      0.586    1484.08     75.425     4.9204   9.318898  0.000e+00
     10.589     9.5138    31.5840    24.3642 1.5873e-01     0.2470      0.586    1484.08     75.319     4.9137   9.318898  0.000e+00
     10.631     9.5068    31.5847    24.3659 1.7094e-01     0.2494      0.582    1484.05     75.154     4.9036   9.318899  0.000e+00
     10.655     9.4956    31.5968    24.3771 1.7094e-01     0.2494      0.582    1484.03     75.043     4.8972   9.318899  0.000e+00
     10.667     9.4833    31.6280    24.4034 1.5873e-01     0.2458      0.582    1484.02     74.933     4.8904   9.318899  0.000e+00
     10.691     9.4746    31.6655    24.4341 1.5873e-01     0.2470      0.582    1484.04     74.879     4.8866   9.318900  0.000e+00
     10.733     9.4672    31.6931    24.4568 1.5873e-01     0.2494      0.586    1484.04     74.772     4.8796   9.318900  0.000e+00
     10.751     9.4618    31.7119    24.4724 1.7094e-01     0.2482      0.590    1484.05     74.666     4.8727   9.318901  0.000e+00
     10.775     9.4592    31.7200    24.4791 1.7094e-01     0.2482      0.590    1484.05     74.562     4.8659   9.318901  0.000e+00
     10.811     9.4588    31.7202    24.4793 1.7094e-01     0.2458      0.586    1484.05     74.459     4.8592   9.318902  0.000e+00
     10.822     9.4553    31.7220    24.4813 1.7094e-01     0.2470      0.586    1484.04     74.417     4.8568   9.318902  0.000e+00
     10.853     9.4515    31.7136    24.4753 1.7094e-01     0.2482      0.582    1484.01     74.261     4.8473   9.318903  0.000e+00
     10.871     9.4496    31.6860    24.4541 1.7094e-01     0.2470      0.582    1483.97     74.220     4.8457   9.318903  0.000e+00
     10.893     9.4467    31.6540    24.4295 1.7094e-01     0.2445      0.582    1483.92     74.187     4.8448   9.318904  0.000e+00
     10.906     9.4401    31.6405    24.4200 1.7094e-01     0.2409      0.579    1483.88     74.099     4.8402   9.318904  0.000e+00
     10.931     9.4313    31.6562    24.4337 1.7094e-01     0.2421      0.571    1483.87     74.011     4.8349   9.318905  0.000e+00
     10.966     9.4357    31.6568    24.4335 1.7094e-01     0.2445      0.571    1483.89     73.994     4.8333   9.318905  0.000e+00
     10.996     9.4538    31.5987    24.3852 1.7094e-01     0.2470      0.571    1483.88     73.980     4.8323   9.318906  0.000e+00
     11.002     9.4605    31.5292    24.3299 1.5873e-01     0.2433      0.575    1483.82     73.916     4.8295   9.318906  0.000e+00
     11.038     9.4542    31.5014    24.3091 1.5873e-01     0.2445      0.579    1483.77     73.842     4.8262   9.318907  0.000e+00
     11.062     9.4562    31.4802    24.2922 1.7094e-01     0.2433      0.579    1483.75     73.830     4.8259   9.318907  0.000e+00
     11.086     9.4699    31.4223    24.2449 1.5873e-01     0.2421      0.575    1483.73     73.827     4.8261   9.318908  0.000e+00
     11.086     9.4777    31.3561    24.1919 1.7094e-01     0.2445      0.571    1483.68     73.761     4.8229   9.318908  0.000e+00
     11.128     9.4731    31.3422    24.1818 1.7094e-01     0.2470      0.568    1483.64     73.759     4.8237   9.318909  0.000e+00
     11.145     9.4639    31.3787    24.2118 1.5873e-01     0.2470      0.564    1483.65     73.761     4.8237   9.318909  0.000e+00
     11.182     9.4464    31.4544    24.2737 1.7094e-01     0.2445      0.560    1483.68     73.767     4.8237   9.318910  0.000e+00
     11.193     9.4071    31.5719    24.3716 1.7094e-01     0.2433      0.560    1483.68     73.775     4.8246   9.318910  0.000e+00
     11.217     9.3834    31.6659    24.4488 1.7094e-01     0.2445      0.571    1483.71     73.790     4.8252   9.318911  0.000e+00
     11.240     9.3830    31.6985    24.4743 1.7094e-01     0.2445      0.575    1483.75     73.807     4.8254   9.318911  0.000e+00
     11.264     9.3865    31.6919    24.4687 1.7094e-01     0.2433      0.579    1483.75     73.828     4.8266   9.318912  0.000e+00
     11.284     9.3898    31.6769    24.4564 1.5873e-01     0.2433      0.582    1483.75     73.786     4.8240   9.318912  0.000e+00
     11.313     9.3934    31.6659    24.4472 1.5873e-01     0.2421      0.586    1483.75     73.801     4.8249   9.318913  0.000e+00
     11.324     9.4007    31.6539    24.4367 1.7094e-01     0.2421      0.586    1483.76     73.819     4.8257   9.318913  0.000e+00
     11.360     9.4090    31.6327    24.4189 1.7094e-01     0.2433      0.579    1483.77     73.841     4.8269   9.318913  0.000e+00
     11.360     9.4075    31.6272    24.4148 1.7094e-01     0.2445      0.579    1483.75     73.863     4.8287   9.318914  0.000e+00
     11.396     9.3921    31.6570    24.4405 1.7094e-01     0.2433      0.579    1483.73     73.878     4.8304   9.318914  0.000e+00
     11.409     9.3759    31.6987    24.4756 1.7094e-01     0.2445      0.575    1483.73     73.956     4.8359   9.318915  0.000e+00
     11.444     9.3606    31.7339    24.5055 1.7094e-01     0.2421      0.579    1483.71     73.921     4.8341   9.318915  0.000e+00
     11.451     9.3499    31.7585    24.5264 1.7094e-01     0.2433      0.579    1483.70     74.002     4.8398   9.318916  0.000e+00
     11.480     9.3427    31.7711    24.5374 1.7094e-01     0.2421      0.575    1483.69     73.969     4.8380   9.318916  0.000e+00
     11.491     9.3365    31.7798    24.5452 1.7094e-01     0.2433      0.568    1483.68     74.045     4.8434   9.318917  0.000e+00
     11.528     9.3374    31.7793    24.5447 1.7094e-01     0.2433      0.564    1483.68     74.068     4.8448   9.318917  0.000e+00
     11.540     9.3415    31.7711    24.5376 1.7094e-01     0.2433      0.560    1483.69     74.090     4.8461   9.318918  0.000e+00
     11.564     9.3450    31.7597    24.5282 1.7094e-01     0.2445      0.557    1483.69     74.112     4.8475   9.318918  0.000e+00
     11.587     9.3491    31.7477    24.5181 1.7094e-01     0.2470      0.564    1483.69     74.132     4.8488   9.318919  0.000e+00
     11.600     9.3525    31.7395    24.5112 1.7094e-01     0.2482      0.568    1483.69     74.151     4.8499   9.318919  0.000e+00
     11.624     9.3562    31.7337    24.5061 1.7094e-01     0.2458      0.571    1483.70     74.169     4.8508   9.318920  0.000e+00
     11.655     9.3418    31.7524    24.5230 1.7094e-01     0.2458      0.571    1483.67     74.250     4.8571   9.318920  0.000e+00
     11.671     9.3295    31.7803    24.5467 1.7094e-01     0.2458      0.571    1483.66     74.268     4.8587   9.318921  0.000e+00
     11.695     9.3258    31.8028    24.5649 1.7094e-01     0.2445      0.571    1483.67     74.291     4.8599   9.318921  0.000e+00
     11.720     9.3326    31.8021    24.5632 1.5873e-01     0.2458      0.575    1483.70     74.374     4.8646   9.318922  0.000e+00
     11.742     9.3344    31.7979    24.5597 1.7094e-01     0.2445      0.579    1483.70     74.391     4.8657   9.318922  0.000e+00
     11.755     9.3358    31.7906    24.5537 1.7094e-01     0.2433      0.579    1483.70     74.405     4.8667   9.318923  0.000e+00
     11.780     9.3378    31.7812    24.5461 1.7094e-01     0.2445      0.575    1483.69     74.414     4.8674   9.318923  0.000e+00
     11.802     9.3383    31.7715    24.5384 1.7094e-01     0.2458      0.575    1483.68     74.426     4.8684   9.318924  0.000e+00
     11.827     9.3363    31.7656    24.5342 1.7094e-01     0.2458      0.579    1483.67     74.494     4.8732   9.318924  0.000e+00
     11.851     9.3352    31.7684    24.5365 1.7094e-01     0.2458      0.582    1483.67     74.503     4.8738   9.318925  0.000e+00
     11.862     9.3285    31.7856    24.5510 1.5873e-01     0.2458      0.586    1483.66     74.505     4.8742   9.318925  0.000e+00
     11.906     9.3217    31.8103    24.5714 1.7094e-01     0.2433      0.597    1483.67     74.503     4.8740   9.318926  0.000e+00
     11.911     9.3189    31.8276    24.5853 1.7094e-01     0.2433      0.604    1483.68     74.563     4.8777   9.318926  0.000e+00
     11.935     9.3202    31.8342    24.5903 1.7094e-01     0.2409      0.601    1483.69     74.556     4.8769   9.318927  0.000e+00
     11.958     9.3221    31.8336    24.5895 1.7094e-01     0.2433      0.593    1483.70     74.610     4.8802   9.318927  0.000e+00
     11.971     9.3279    31.8235    24.5807 1.7094e-01     0.2445      0.582    1483.71     74.610     4.8799   9.318927  0.000e+00
     12.006     9.3335    31.8072    24.5671 1.5873e-01     0.2470      0.579    1483.71     74.603     4.8794   9.318928  0.000e+00
     12.031     9.3361    31.7949    24.5570 1.7094e-01     0.2433      0.579    1483.71     74.649     4.8825   9.318928  0.000e+00
     12.042     9.3382    31.7889    24.5520 1.7094e-01     0.2409      0.575    1483.71     74.641     4.8819   9.318929  0.000e+00
     12.066     9.3409    31.7901    24.5526 1.5873e-01     0.2409      0.575    1483.72     74.631     4.8810   9.318929  0.000e+00
     12.089     9.3415    31.7957    24.5568 1.7094e-01     0.2397      0.579    1483.73     74.675     4.8836   9.318930  0.000e+00
     12.126     9.3400    31.8029    24.5627 1.7094e-01     0.2421      0.586    1483.73     74.717     4.8862   9.318930  0.000e+00
     12.138     9.3386    31.8101    24.5686 1.7094e-01     0.2421      0.593    1483.74     74.702     4.8852   9.318931  0.000e+00
     12.173     9.3408    31.8145    24.5716 1.5873e-01     0.2458      0.597    1483.75     74.686     4.8838   9.318931  0.000e+00
     12.173     9.3437    31.8181    24.5740 1.7094e-01     0.2458      0.601    1483.77     74.661     4.8817   9.318932  0.000e+00
     12.222     9.3460    31.8219    24.5766 1.7094e-01     0.2445      0.608    1483.78     74.695     4.8836   9.318932  0.000e+00
     12.244     9.3462    31.8296    24.5826 1.5873e-01     0.2421      0.615    1483.79     74.672     4.8818   9.318933  0.000e+00
     12.244     9.3446    31.8398    24.5908 1.5873e-01     0.2421      0.626    1483.80     74.646     4.8799   9.318933  0.000e+00
     12.282     9.3397    31.8485    24.5984 1.7094e-01     0.2397      0.626    1483.79     74.678     4.8823   9.318934  0.000e+00
     12.304     9.3349    31.8557    24.6048 1.5873e-01     0.2409      0.626    1483.78     74.654     4.8810   9.318934  0.000e+00
     12.324     9.3323    31.8593    24.6080 1.7094e-01     0.2421      0.626    1483.78     74.687     4.8834   9.318935  0.000e+00
     12.364     9.3289    31.8624    24.6110 1.5873e-01     0.2409      0.626    1483.77     74.664     4.8821   9.318935  0.000e+00
     12.364     9.3234    31.8656    24.6144 1.7094e-01     0.2409      0.634    1483.75     74.691     4.8844   9.318936  0.000e+00
     12.400     9.3222    31.8642    24.6134 1.7094e-01     0.2433      0.637    1483.75     74.660     4.8825   9.318936  0.000e+00
     12.424     9.3245    31.8598    24.6096 1.7094e-01     0.2409      0.645    1483.75     74.687     4.8842   9.318937  0.000e+00
     12.449     9.3268    31.8538    24.6046 1.7094e-01     0.2384      0.652    1483.75     74.656     4.8821   9.318937  0.000e+00
     12.473     9.3268    31.8496    24.6013 1.5873e-01     0.2409      0.659    1483.75     74.681     4.8839   9.318938  0.000e+00
     12.496     9.3201    31.8543    24.6060 1.7094e-01     0.2384      0.659    1483.73     74.648     4.8823   9.318938  0.000e+00
     12.520     9.3082    31.8662    24.6172 1.7094e-01     0.2384      0.656    1483.70     74.679     4.8852   9.318939  0.000e+00
     12.533     9.2933    31.8834    24.6329 1.5873e-01     0.2384      0.652    1483.67     74.644     4.8840   9.318939  0.000e+00
     12.568     9.2819    31.8966    24.6451 1.7094e-01     0.2384      0.652    1483.64     74.673     4.8867   9.318940  0.000e+00
     12.591     9.2759    31.9043    24.6520 1.7094e-01     0.2384      0.652    1483.63     74.636     4.8847   9.318940  0.000e+00
     12.604     9.2783    31.9050    24.6522 1.5873e-01     0.2384      0.656    1483.64     74.663     4.8861   9.318940  0.000e+00
     12.628     9.2811    31.9021    24.6495 1.7094e-01     0.2384      0.656    1483.64     74.691     4.8878   9.318941  0.000e+00
     12.664     9.2809    31.9002    24.6480 1.5873e-01     0.2372      0.656    1483.64     74.721     4.8899   9.318941  0.000e+00
     12.675     9.2783    31.8993    24.6478 1.7094e-01     0.2397      0.648    1483.63     74.753     4.8922   9.318942  0.000e+00
     12.700     9.2759    31.8950    24.6448 1.7094e-01     0.2372      0.648    1483.62     74.725     4.8908   9.318942  0.000e+00
     12.724     9.2699    31.8916    24.6430 1.7094e-01     0.2384      0.652    1483.59     74.752     4.8933   9.318943  0.000e+00
     12.747     9.2612    31.8927    24.6452 1.7094e-01     0.2397      0.652    1483.56     74.718     4.8920   9.318943  0.000e+00
     12.771     9.2530    31.8971    24.6500 1.7094e-01     0.2409      0.645    1483.54     74.747     4.8947   9.318944  0.000e+00
     12.807     9.2432    31.9071    24.6593 1.7094e-01     0.2409      0.637    1483.51     74.777     4.8974   9.318944  0.000e+00
     12.807     9.2314    31.9216    24.6725 1.7094e-01     0.2409      0.634    1483.49     74.746     4.8962   9.318945  0.000e+00
     12.842     9.2233    31.9352    24.6844 1.7094e-01     0.2421      0.641    1483.48     74.778     4.8987   9.318945  0.000e+00
     12.867     9.2214    31.9418    24.6898 1.7094e-01     0.2384      0.652    1483.48     74.810     4.9008   9.318946  0.000e+00
     12.879     9.2220    31.9444    24.6918 1.7094e-01     0.2372      0.656    1483.48     74.781     4.8988   9.318946  0.000e+00
     12.939     9.2221    31.9446    24.6920 1.7094e-01     0.2397      0.656    1483.48     74.807     4.9005   9.318947  0.000e+00
     12.918     9.2226    31.9432    24.6908 1.7094e-01     0.2397      0.659    1483.48     74.832     4.9021   9.318947  0.000e+00
     12.962     9.2243    31.9400    24.6880 1.7094e-01     0.2384      0.659    1483.49     74.865     4.9042   9.318948  0.000e+00
     12.986     9.2248    31.9377    24.6862 1.5873e-01     0.2372      0.663    1483.49     74.897     4.9063   9.318948  0.000e+00
     13.022     9.2274    31.9332    24.6822 1.5873e-01     0.2397      0.667    1483.49     74.929     4.9082   9.318949  0.000e+00
     13.022     9.2300    31.9276    24.6775 1.5873e-01     0.2409      0.659    1483.49     74.960     4.9101   9.318949  0.000e+00
