RAWDATA/20190107/BC1_20190109_down.cnv
* Sea-Bird SBE 9 Data File:
* FileName = C:\CTD Brukere\NIVA\OKOKYST2019\20190107\BC1_20190109.hex
* Software Version Seasave V 7.23.2
* Temperature SN = 5352
* Conductivity SN = 3840
* Number of Bytes Per Scan = 28
* Number of Voltage Words = 4
* Number of Scans Averaged by the Deck Unit = 1
* NMEA baud rate = 4800
** Ship: R/V Trygve Braarud
** Cruise:
** Station:
** Operator:
# nquan = 12
# nvalues = 6985                                  
# units = specified
# name 0 = depSM: Depth [salt water, m], lat = 59.60
# name 1 = t090C: Temperature [ITS-90, deg C]
# name 2 = sal00: Salinity, Practical [PSU]
# name 3 = sigma-t00: Density [sigma-t, kg/m^3 ]
# name 4 = flSP: Fluorescence, Seapoint
# name 5 = wetStar: Fluorescence, WET Labs WETstar [mg/m^3]
# name 6 = seaTurbMtr: Turbidity, Seapoint [FTU]
# name 7 = svCM: Sound Velocity [Chen-Millero, m/s]
# name 8 = sbeox0PS: Oxygen, SBE 43 [% saturation]
# name 9 = sbeox0ML/L: Oxygen, SBE 43 [ml/l]
# name 10 = timeJ: Julian Days
# name 11 = flag:  0.000e+00
# span 0 =     -0.009,     93.176                 
# span 1 =     3.9192,     9.9450                 
# span 2 =     6.5217,    33.7942                 
# span 3 =     5.1846,    26.4363                 
# span 4 = 1.5873e-01, 4.6398e-01                 
# span 5 =     0.1627,     1.6878                 
# span 6 =      0.487,      2.385                 
# span 7 =    1429.77,    1484.83                 
# span 8 =     18.308,     92.303                 
# span 9 =     1.2391,     7.8869                 
# span 10 =   9.317731,   9.321100                
# span 11 = 0.0000e+00, 0.0000e+00                
# interval = seconds: 0.0416667
# start_time = Jan 09 2019 07:37:32 [System UpLoad Time]
# bad_flag = -9.990e-29
*END*
[from data line 2046]
      2.009     4.1912     6.7490     5.3607 3.6630e-01     1.6353      0.630    1431.30     88.360     7.7066   9.318718  0.000e+00
      2.033     4.1933     6.7539     5.3645 3.6630e-01     1.6377      0.630    1431.32     88.434     7.7123   9.318719  0.000e+00
      2.033     4.1937     6.7579     5.3677 3.6630e-01     1.6377      0.634    1431.33     88.505     7.7183   9.318719  0.000e+00
      2.082     4.1930     6.7617     5.3708 3.7851e-01     1.6365      0.634    1431.33     88.520     7.7195   9.318720  0.000e+00
      2.082     4.1930     6.7630     5.3718 3.7851e-01     1.6353      0.634    1431.33     88.586     7.7252   9.318720  0.000e+00
      2.093     4.2078     6.7625     5.3710 3.6630e-01     1.6316      0.637    1431.40     88.582     7.7219   9.318721  0.000e+00
      2.129     4.2248     6.7651     5.3727 3.7851e-01     1.6304      0.634    1431.48     88.638     7.7233   9.318721  0.000e+00
      2.142     4.2294     6.7786     5.3832 3.6630e-01     1.6292      0.634    1431.52     88.632     7.7211   9.318722  0.000e+00
      2.165     4.2317     6.7897     5.3920 3.7851e-01     1.6279      0.630    1431.54     88.687     7.7249   9.318722  0.000e+00
      2.178     4.2381     6.7981     5.3985 3.6630e-01     1.6292      0.630    1431.58     88.738     7.7276   9.318723  0.000e+00
      2.189     4.2310     6.8061     5.4050 3.7851e-01     1.6255      0.630    1431.56     88.735     7.7284   9.318723  0.000e+00
      2.224     4.2221     6.8092     5.4077 3.9072e-01     1.6206      0.630    1431.52     88.794     7.7352   9.318723  0.000e+00
      2.237     4.2246     6.8054     5.4047 3.9072e-01     1.6169      0.630    1431.53     88.784     7.7339   9.318724  0.000e+00
      2.260     4.2258     6.7963     5.3974 4.0293e-01     1.6108      0.630    1431.52     88.771     7.7331   9.318724  0.000e+00
      2.260     4.2036     6.7851     5.3890 4.0293e-01     1.6047      0.630    1431.41     88.818     7.7422   9.318725  0.000e+00
      2.284     4.1803     6.7722     5.3794 4.0293e-01     1.5999      0.623    1431.29     88.871     7.7521   9.318725  0.000e+00
      2.320     4.1762     6.7556     5.3663 4.1514e-01     1.5974      0.619    1431.25     88.852     7.7522   9.318726  0.000e+00
      2.320     4.1877     6.7445     5.3572 4.1514e-01     1.5950      0.619    1431.29     88.889     7.7537   9.318726  0.000e+00
      2.368     4.2117     6.7379     5.3514 4.0293e-01     1.5925      0.619    1431.39     88.865     7.7471   9.318727  0.000e+00
      2.356     4.2525     6.7446     5.3556 4.0293e-01     1.5852      0.615    1431.58     88.888     7.7406   9.318727  0.000e+00
      2.357     4.2673     6.7721     5.3771 3.9072e-01     1.5828      0.615    1431.68     88.862     7.7340   9.318728  0.000e+00
      2.440     4.2550     6.7985     5.3984 3.9072e-01     1.5815      0.619    1431.66     88.897     7.7381   9.318728  0.000e+00
      2.428     4.2572     6.8001     5.3996 3.7851e-01     1.5803      0.623    1431.67     88.932     7.7407   9.318729  0.000e+00
      2.428     4.2944     6.8020     5.4001 3.7851e-01     1.5767      0.626    1431.84     88.901     7.7304   9.318729  0.000e+00
      2.475     4.3182     6.8266     5.4190 3.9072e-01     1.5767      0.626    1431.98     88.934     7.7273   9.318730  0.000e+00
      2.464     4.3312     6.8619     5.4467 3.7851e-01     1.5718      0.626    1432.08     88.914     7.7211   9.318730  0.000e+00
      2.500     4.3378     6.8872     5.4666 3.7851e-01     1.5669      0.626    1432.15     88.886     7.7160   9.318731  0.000e+00
      2.511     4.3317     6.9030     5.4793 3.7851e-01     1.5644      0.630    1432.14     88.922     7.7196   9.318731  0.000e+00
      2.547     4.3237     6.9206     5.4934 3.7851e-01     1.5596      0.630    1432.13     88.894     7.7178   9.318732  0.000e+00
      2.547     4.3269     6.9363     5.5058 3.6630e-01     1.5547      0.634    1432.16     88.923     7.7190   9.318732  0.000e+00
      2.584     4.3703     6.9823     5.5411 3.6630e-01     1.5486      0.637    1432.42     88.948     7.7101   9.318733  0.000e+00
      2.595     4.4266     7.0787     5.6160 3.6630e-01     1.5474      0.634    1432.79     88.913     7.6909   9.318733  0.000e+00
      2.619     4.4749     7.2214     5.7277 3.6630e-01     1.5412      0.630    1433.19     88.942     7.6766   9.318734  0.000e+00
      2.631     4.5189     7.3378     5.8187 3.5409e-01     1.5376      0.626    1433.53     88.971     7.6644   9.318734  0.000e+00
      2.655     4.5289     7.4399     5.8993 3.6630e-01     1.5351      0.626    1433.71     88.953     7.6556   9.318735  0.000e+00
      2.691     4.5307     7.5216     5.9640 3.5409e-01     1.5303      0.626    1433.82     88.999     7.6551   9.318735  0.000e+00
      2.691     4.5553     7.5669     5.9991 3.6630e-01     1.5266      0.630    1433.99     88.982     7.6465   9.318736  0.000e+00
      2.726     4.5930     7.6143     6.0354 3.6630e-01     1.5217      0.623    1434.22     89.015     7.6395   9.318736  0.000e+00
      2.750     4.6206     7.6959     6.0991 3.5409e-01     1.5193      0.619    1434.45     89.058     7.6337   9.318736  0.000e+00
      2.750     4.6553     7.7784     6.1633 3.5409e-01     1.5156      0.619    1434.70     89.043     7.6214   9.318737  0.000e+00
      2.786     4.6875     7.8401     6.2111 3.6630e-01     1.5095      0.615    1434.93     89.090     7.6161   9.318737  0.000e+00
      2.810     4.6983     7.8717     6.2357 3.5409e-01     1.5034      0.615    1435.01     89.143     7.6168   9.318738  0.000e+00
      2.822     4.7096     7.8809     6.2426 3.6630e-01     1.5022      0.615    1435.08     89.139     7.6138   9.318738  0.000e+00
      2.857     4.7468     7.8966     6.2536 3.5409e-01     1.5010      0.623    1435.26     89.181     7.6094   9.318739  0.000e+00
      2.870     4.8054     7.9448     6.2896 3.5409e-01     1.4997      0.630    1435.58     89.170     7.5947   9.318739  0.000e+00
      2.882     4.8474     8.0324     6.3573 3.5409e-01     1.4961      0.630    1435.88     89.217     7.5861   9.318740  0.000e+00
      2.917     4.8782     8.1233     6.4280 3.6630e-01     1.4924      0.626    1436.13     89.275     7.5805   9.318740  0.000e+00
      2.930     4.9085     8.2035     6.4904 3.5409e-01     1.4887      0.623    1436.37     89.268     7.5700   9.318741  0.000e+00
      2.966     4.9519     8.2730     6.5436 3.5409e-01     1.4863      0.626    1436.65     89.320     7.5626   9.318741  0.000e+00
      2.977     4.9881     8.3510     6.6037 3.5409e-01     1.4851      0.630    1436.90     89.372     7.5561   9.318742  0.000e+00
      3.000     4.9992     8.4261     6.6627 3.5409e-01     1.4826      0.630    1437.05     89.375     7.5505   9.318742  0.000e+00
      3.013     4.9844     8.4609     6.6909 3.5409e-01     1.4814      0.626    1437.03     89.446     7.5576   9.318743  0.000e+00
      3.048     4.9700     8.4601     6.6908 3.5409e-01     1.4839      0.619    1436.96     89.454     7.5611   9.318743  0.000e+00
      3.061     4.9896     8.4582     6.6885 3.5409e-01     1.4839      0.615    1437.05     89.514     7.5625   9.318744  0.000e+00
      3.084     5.0067     8.4995     6.7205 3.5409e-01     1.4826      0.612    1437.18     89.574     7.5621   9.318744  0.000e+00
      3.097     5.0051     8.5633     6.7710 3.5409e-01     1.4826      0.612    1437.25     89.582     7.5599   9.318745  0.000e+00
      3.121     5.0158     8.6082     6.8061 3.4188e-01     1.4826      0.612    1437.35     89.640     7.5605   9.318745  0.000e+00
      3.168     5.1055     8.6811     6.8598 3.5409e-01     1.4839      0.615    1437.84     89.685     7.5435   9.318746  0.000e+00
      3.168     5.1655     8.8753     7.0105 3.4188e-01     1.4814      0.612    1438.35     89.681     7.5220   9.318746  0.000e+00
      3.179     5.1705     9.1152     7.2000 3.5409e-01     1.4826      0.619    1438.68     89.744     7.5144   9.318747  0.000e+00
      3.228     5.1589     9.2783     7.3294 3.5409e-01     1.4802      0.623    1438.83     89.757     7.5095   9.318747  0.000e+00
      3.228     5.1578     9.2746     7.3265 3.4188e-01     1.4790      0.623    1438.82     89.882     7.5203   9.318748  0.000e+00
      3.264     5.1729     9.1934     7.2616 3.5409e-01     1.4790      0.623    1438.79     89.822     7.5165   9.318748  0.000e+00
      3.288     5.1993     9.1424     7.2201 3.5409e-01     1.4790      0.619    1438.84     89.937     7.5236   9.318749  0.000e+00
      3.312     5.2348     9.2020     7.2655 3.5409e-01     1.4778      0.619    1439.07     90.001     7.5193   9.318749  0.000e+00
      3.324     5.2573     9.3374     7.3713 3.4188e-01     1.4765      0.619    1439.34     89.941     7.5033   9.318750  0.000e+00
      3.359     5.3000     9.4968     7.4951 3.5409e-01     1.4753      0.623    1439.72     90.055     7.4967   9.318750  0.000e+00
      3.370     5.3517     9.6138     7.5850 3.5409e-01     1.4729      0.619    1440.10     90.047     7.4805   9.318750  0.000e+00
      3.395     5.4107     9.7489     7.6886 3.5409e-01     1.4704      0.619    1440.52     90.098     7.4670   9.318751  0.000e+00
      3.417     5.4753     9.9014     7.8055 3.5409e-01     1.4716      0.615    1441.00     90.083     7.4461   9.318751  0.000e+00
      3.455     5.5536    10.0825     7.9442 3.6630e-01     1.4741      0.608    1441.56     90.125     7.4262   9.318752  0.000e+00
      3.466     5.6438    10.2425     8.0653 3.5409e-01     1.4716      0.608    1442.15     90.109     7.4003   9.318752  0.000e+00
      3.490     5.6987    10.4232     8.2046 3.5409e-01     1.4704      0.604    1442.62     90.154     7.3850   9.318753  0.000e+00
      3.515     5.7335    10.5867     8.3315 3.5409e-01     1.4692      0.604    1442.97     90.149     7.3702   9.318753  0.000e+00
      3.539     5.7449    10.7001     8.4202 3.5409e-01     1.4655      0.601    1443.17     90.202     7.3669   9.318754  0.000e+00
      3.561     5.7384    10.7663     8.4728 3.5409e-01     1.4668      0.601    1443.22     90.257     7.3694   9.318754  0.000e+00
      3.586     5.7329    10.7633     8.4707 3.5409e-01     1.4643      0.604    1443.19     90.257     7.3705   9.318755  0.000e+00
      3.610     5.7279    10.7465     8.4578 3.5409e-01     1.4594      0.608    1443.15     90.308     7.3764   9.318755  0.000e+00
      3.646     5.7140    10.7386     8.4524 3.4188e-01     1.4546      0.615    1443.08     90.305     7.3791   9.318756  0.000e+00
      3.646     5.7200    10.7353     8.4494 3.4188e-01     1.4533      0.615    1443.10     90.358     7.3824   9.318756  0.000e+00
      3.670     5.7260    10.7442     8.4561 3.4188e-01     1.4497      0.615    1443.14     90.346     7.3800   9.318757  0.000e+00
      3.704     5.7478    10.7729     8.4774 3.4188e-01     1.4484      0.615    1443.27     90.391     7.3783   9.318757  0.000e+00
      3.730     5.7757    10.8056     8.5015 3.5409e-01     1.4472      0.615    1443.43     90.441     7.3756   9.318758  0.000e+00
      3.741     5.7776    10.8588     8.5433 3.6630e-01     1.4472      0.612    1443.51     90.434     7.3720   9.318758  0.000e+00
      3.765     5.7852    10.8871     8.5651 3.6630e-01     1.4460      0.615    1443.58     90.485     7.3735   9.318759  0.000e+00
      3.801     5.7811    10.9039     8.5786 3.6630e-01     1.4436      0.619    1443.58     90.537     7.3777   9.318759  0.000e+00
      3.812     5.7476    10.8897     8.5694 3.6630e-01     1.4436      0.634    1443.42     90.541     7.3848   9.318760  0.000e+00
      3.850     5.7519    10.8366     8.5274 3.5409e-01     1.4436      0.652    1443.37     90.533     7.3859   9.318760  0.000e+00
      3.850     5.7861    10.8430     8.5303 3.5409e-01     1.4399      0.652    1443.53     90.508     7.3773   9.318761  0.000e+00
      3.885     5.8243    10.9511     8.6131 3.5409e-01     1.4375      0.645    1443.83     90.544     7.3680   9.318761  0.000e+00
      3.919     5.8426    11.0894     8.7210 3.5409e-01     1.4338      0.645    1444.08     90.528     7.3566   9.318762  0.000e+00
      3.921     5.8473    11.2041     8.8111 3.4188e-01     1.4314      0.641    1444.24     90.569     7.3535   9.318762  0.000e+00
      3.956     5.8495    11.2541     8.8503 3.4188e-01     1.4289      0.637    1444.32     90.493     7.3445   9.318763  0.000e+00
      3.968     5.8460    11.2640     8.8583 3.5409e-01     1.4265      0.637    1444.31     90.588     7.3523   9.318763  0.000e+00
      3.992     5.8329    11.2580     8.8545 3.4188e-01     1.4228      0.641    1444.25     90.575     7.3540   9.318764  0.000e+00
      4.028     5.8210    11.2355     8.8374 3.4188e-01     1.4167      0.641    1444.17     90.561     7.3561   9.318764  0.000e+00
      4.041     5.9135    11.1656     8.7766 3.4188e-01     1.4106      0.645    1444.48     90.576     7.3439   9.318764  0.000e+00
      4.063     6.0230    11.2661     8.8487 3.4188e-01     1.4057      0.678    1445.07     90.531     7.3156   9.318765  0.000e+00
      4.088     6.0665    11.5789     9.0920 3.4188e-01     1.3984      0.707    1445.65     90.564     7.2953   9.318765  0.000e+00
      4.112     6.0860    11.9422     9.3767 3.5409e-01     1.3935      0.703    1446.19     90.539     7.2723   9.318766  0.000e+00
      4.136     6.0978    12.1217     9.5171 3.5409e-01     1.3874      0.681    1446.46     90.578     7.2647   9.318766  0.000e+00
      4.147     6.0905    12.2189     9.5941 3.5409e-01     1.3789      0.667    1446.55     90.558     7.2597   9.318767  0.000e+00
      4.172     6.0703    12.2584     9.6266 3.5409e-01     1.3727      0.656    1446.52     90.540     7.2599   9.318767  0.000e+00
      4.207     6.0447    12.2545     9.6253 3.4188e-01     1.3666      0.648    1446.41     90.523     7.2633   9.318768  0.000e+00
      4.217     6.0236    12.2068     9.5892 3.4188e-01     1.3630      0.645    1446.26     90.558     7.2723   9.318768  0.000e+00
      4.243     6.0238    12.1448     9.5403 3.4188e-01     1.3630      0.645    1446.18     90.597     7.2783   9.318769  0.000e+00
      4.267     6.0380    12.1265     9.5250 3.4188e-01     1.3630      0.645    1446.22     90.578     7.2751   9.318769  0.000e+00
      4.303     6.0501    12.1694     9.5579 3.4188e-01     1.3654      0.641    1446.32     90.551     7.2687   9.318770  0.000e+00
      4.303     6.0608    12.2331     9.6073 3.4188e-01     1.3630      0.637    1446.45     90.586     7.2666   9.318770  0.000e+00
      4.327     6.0711    12.3161     9.6720 3.4188e-01     1.3581      0.637    1446.60     90.622     7.2636   9.318771  0.000e+00
      4.361     6.0837    12.3746     9.7171 3.4188e-01     1.3544      0.641    1446.72     90.610     7.2576   9.318771  0.000e+00
      4.374     6.1164    12.4348     9.7622 3.4188e-01     1.3483      0.641    1446.94     90.578     7.2464   9.318772  0.000e+00
      4.410     6.1378    12.5344     9.8391 3.5409e-01     1.3434      0.637    1447.15     90.619     7.2411   9.318772  0.000e+00
      4.423     6.1350    12.6463     9.9273 3.5409e-01     1.3337      0.634    1447.28     90.673     7.2405   9.318773  0.000e+00
      4.445     6.1890    12.6677     9.9404 3.4188e-01     1.3178      0.634    1447.54     90.645     7.2277   9.318773  0.000e+00
      4.483     6.2532    12.7928    10.0341 3.2967e-01     1.3007      0.634    1447.96     90.623     7.2086   9.318774  0.000e+00
      4.504     6.2250    12.9616    10.1689 3.1746e-01     1.2824      0.634    1448.06     90.676     7.2097   9.318774  0.000e+00
      4.518     6.1629    12.9464    10.1614 3.1746e-01     1.2641      0.630    1447.78     90.681     7.2218   9.318775  0.000e+00
      4.541     6.1490    12.7870    10.0370 3.2967e-01     1.2384      0.626    1447.52     90.731     7.2359   9.318775  0.000e+00
