RAWDATA/20190107/BC1_20190109_down.cnv
* Sea-Bird SBE 9 Data File:
* FileName = C:\CTD Brukere\NIVA\OKOKYST2019\20190107\BC1_20190109.hex
* Software Version Seasave V 7.23.2
* Temperature SN = 5352
* Conductivity SN = 3840
* Number of Bytes Per Scan = 28
* Number of Voltage Words = 4
* Number of Scans Averaged by the Deck Unit = 1
* NMEA baud rate = 4800
** Ship: R/V Trygve Braarud
** Cruise:
** Station:
** Operator:
# nquan = 12
# nvalues = 6985                                  
# units = specified
# name 0 = depSM: Depth [salt water, m], lat = 59.60
# name 1 = t090C: Temperature [ITS-90, deg C]
# name 2 = sal00: Salinity, Practical [PSU]
# name 3 = sigma-t00: Density [sigma-t, kg/m^3 ]
# name 4 = flSP: Fluorescence, Seapoint
# name 5 = wetStar: Fluorescence, WET Labs WETstar [mg/m^3]
# name 6 = seaTurbMtr: Turbidity, Seapoint [FTU]
# name 7 = svCM: Sound Velocity [Chen-Millero, m/s]
# name 8 = sbeox0PS: Oxygen, SBE 43 [% saturation]
# name 9 = sbeox0ML/L: Oxygen, SBE 43 [ml/l]
# name 10 = timeJ: Julian Days
# name 11 = flag:  0.000e+00
# span 0 =     -0.009,     93.176                 
# span 1 =     3.9192,     9.9450                 
# span 2 =     6.5217,    33.7942                 
# span 3 =     5.1846,    26.4363                 
# span 4 = 1.5873e-01, 4.6398e-01                 
# span 5 =     0.1627,     1.6878                 
# span 6 =      0.487,      2.385                 
# span 7 =    1429.77,    1484.83                 
# span 8 =     18.308,     92.303                 
# span 9 =     1.2391,     7.8869                 
# span 10 =   9.317731,   9.321100                
# span 11 = 0.0000e+00, 0.0000e+00                
# interval = seconds: 0.0416667
# start_time = Jan 09 2019 07:37:32 [System UpLoad Time]
# bad_flag = -9.990e-29
*END*
[from data line 6497]
     84.937     7.2438    33.7888    26.4311 2.0757e-01     0.4582      0.623    1479.49     28.282     1.9139   9.320865  0.000e+00
     84.937     7.2441    33.7888    26.4310 1.9536e-01     0.4582      0.623    1479.49     28.280     1.9137   9.320865  0.000e+00
     84.950     7.2438    33.7893    26.4314 1.9536e-01     0.4546      0.626    1479.49     28.277     1.9136   9.320866  0.000e+00
     84.937     7.2440    33.7888    26.4310 2.0757e-01     0.4533      0.630    1479.49     28.275     1.9134   9.320866  0.000e+00
     84.937     7.2438    33.7893    26.4315 1.9536e-01     0.4521      0.634    1479.49     28.271     1.9132   9.320867  0.000e+00
     84.925     7.2440    33.7892    26.4313 1.9536e-01     0.4546      0.637    1479.49     28.260     1.9124   9.320867  0.000e+00
     84.937     7.2438    33.7889    26.4312 2.0757e-01     0.4546      0.637    1479.49     28.256     1.9121   9.320868  0.000e+00
     84.937     7.2440    33.7887    26.4310 1.9536e-01     0.4570      0.641    1479.49     28.252     1.9118   9.320868  0.000e+00
     84.925     7.2441    33.7886    26.4308 1.9536e-01     0.4594      0.645    1479.49     28.247     1.9115   9.320869  0.000e+00
     84.937     7.2440    33.7888    26.4310 2.0757e-01     0.4619      0.645    1479.49     28.242     1.9112   9.320869  0.000e+00
     84.925     7.2438    33.7889    26.4311 2.0757e-01     0.4643      0.641    1479.49     28.236     1.9108   9.320870  0.000e+00
     84.925     7.2438    33.7889    26.4311 1.9536e-01     0.4631      0.637    1479.49     28.231     1.9104   9.320870  0.000e+00
     84.925     7.2440    33.7888    26.4310 1.9536e-01     0.4594      0.637    1479.49     28.225     1.9100   9.320870  0.000e+00
     84.925     7.2438    33.7889    26.4311 1.9536e-01     0.4582      0.634    1479.49     28.226     1.9101   9.320871  0.000e+00
     84.937     7.2440    33.7887    26.4310 1.9536e-01     0.4570      0.630    1479.49     28.228     1.9102   9.320871  0.000e+00
     84.912     7.2438    33.7889    26.4312 2.0757e-01     0.4582      0.626    1479.49     28.221     1.9098   9.320872  0.000e+00
     84.925     7.2438    33.7891    26.4313 1.9536e-01     0.4607      0.623    1479.49     28.215     1.9093   9.320872  0.000e+00
     84.925     7.2438    33.7889    26.4312 1.9536e-01     0.4619      0.626    1479.49     28.208     1.9089   9.320873  0.000e+00
     84.925     7.2440    33.7887    26.4310 2.0757e-01     0.4619      0.630    1479.49     28.201     1.9084   9.320873  0.000e+00
     84.925     7.2440    33.7888    26.4310 2.0757e-01     0.4631      0.634    1479.49     28.193     1.9079   9.320874  0.000e+00
     84.925     7.2440    33.7887    26.4310 1.9536e-01     0.4619      0.634    1479.49     28.193     1.9079   9.320874  0.000e+00
     84.912     7.2440    33.7889    26.4311 2.0757e-01     0.4631      0.637    1479.49     28.193     1.9079   9.320875  0.000e+00
     84.925     7.2440    33.7889    26.4311 2.0757e-01     0.4655      0.634    1479.49     28.193     1.9079   9.320875  0.000e+00
     84.925     7.2438    33.7891    26.4313 1.9536e-01     0.4631      0.626    1479.49     28.193     1.9079   9.320876  0.000e+00
     84.925     7.2438    33.7892    26.4314 2.0757e-01     0.4619      0.619    1479.49     28.193     1.9079   9.320876  0.000e+00
     84.912     7.2438    33.7888    26.4311 1.9536e-01     0.4607      0.615    1479.49     28.193     1.9079   9.320877  0.000e+00
     84.925     7.2440    33.7887    26.4309 2.0757e-01     0.4582      0.612    1479.49     28.193     1.9079   9.320877  0.000e+00
     84.925     7.2438    33.7891    26.4313 2.0757e-01     0.4546      0.612    1479.49     28.131     1.9037   9.320878  0.000e+00
     84.925     7.2438    33.7890    26.4312 1.9536e-01     0.4533      0.615    1479.49     28.186     1.9074   9.320878  0.000e+00
     84.912     7.2440    33.7887    26.4310 1.9536e-01     0.4558      0.623    1479.49     28.186     1.9074   9.320879  0.000e+00
     84.925     7.2438    33.7893    26.4315 2.0757e-01     0.4558      0.626    1479.49     28.186     1.9074   9.320879  0.000e+00
     84.925     7.2440    33.7889    26.4311 1.9536e-01     0.4570      0.634    1479.49     28.124     1.9032   9.320880  0.000e+00
     84.925     7.2438    33.7889    26.4312 1.9536e-01     0.4558      0.634    1479.49     28.180     1.9070   9.320880  0.000e+00
     84.925     7.2440    33.7890    26.4312 1.9536e-01     0.4570      0.637    1479.49     28.180     1.9070   9.320881  0.000e+00
     84.925     7.2440    33.7888    26.4310 1.9536e-01     0.4570      0.645    1479.49     28.119     1.9028   9.320881  0.000e+00
     84.925     7.2438    33.7887    26.4310 1.9536e-01     0.4607      0.656    1479.49     28.112     1.9024   9.320882  0.000e+00
     84.912     7.2438    33.7893    26.4314 2.0757e-01     0.4607      0.667    1479.49     28.106     1.9020   9.320882  0.000e+00
     84.925     7.2440    33.7889    26.4311 2.0757e-01     0.4631      0.670    1479.49     28.100     1.9016   9.320883  0.000e+00
     84.937     7.2438    33.7889    26.4312 2.0757e-01     0.4619      0.670    1479.49     28.094     1.9012   9.320883  0.000e+00
     84.925     7.2438    33.7889    26.4311 2.0757e-01     0.4619      0.670    1479.49     28.089     1.9008   9.320883  0.000e+00
     84.937     7.2440    33.7887    26.4310 1.9536e-01     0.4582      0.663    1479.49     28.021     1.8962   9.320884  0.000e+00
     84.925     7.2437    33.7891    26.4313 1.9536e-01     0.4570      0.652    1479.49     28.009     1.8954   9.320884  0.000e+00
     84.925     7.2438    33.7891    26.4313 2.0757e-01     0.4582      0.648    1479.49     27.998     1.8947   9.320885  0.000e+00
     84.912     7.2438    33.7892    26.4314 1.9536e-01     0.4570      0.652    1479.49     27.987     1.8939   9.320885  0.000e+00
     84.948     7.2438    33.7889    26.4312 1.9536e-01     0.4533      0.659    1479.49     27.977     1.8933   9.320886  0.000e+00
     84.937     7.2440    33.7893    26.4314 2.0757e-01     0.4533      0.667    1479.49     27.967     1.8926   9.320886  0.000e+00
     84.925     7.2438    33.7893    26.4314 1.9536e-01     0.4546      0.674    1479.49     27.959     1.8920   9.320887  0.000e+00
     84.937     7.2435    33.7895    26.4316 2.0757e-01     0.4558      0.678    1479.49     27.888     1.8872   9.320887  0.000e+00
     84.948     7.2438    33.7888    26.4310 2.0757e-01     0.4558      0.681    1479.49     27.873     1.8862   9.320888  0.000e+00
     84.925     7.2438    33.7891    26.4313 1.9536e-01     0.4570      0.678    1479.49     27.859     1.8853   9.320888  0.000e+00
     84.948     7.2438    33.7892    26.4314 1.9536e-01     0.4570      0.678    1479.49     27.909     1.8886   9.320889  0.000e+00
     84.912     7.2438    33.7888    26.4311 2.0757e-01     0.4558      0.670    1479.49     27.904     1.8883   9.320889  0.000e+00
     84.974     7.2440    33.7886    26.4309 1.9536e-01     0.4558      0.656    1479.49     27.838     1.8838   9.320890  0.000e+00
     84.937     7.2437    33.7892    26.4314 2.0757e-01     0.4570      0.648    1479.49     27.827     1.8831   9.320890  0.000e+00
     84.937     7.2438    33.7892    26.4314 2.0757e-01     0.4570      0.645    1479.49     27.755     1.8782   9.320891  0.000e+00
     84.948     7.2437    33.7889    26.4312 1.9536e-01     0.4570      0.645    1479.49     27.738     1.8771   9.320891  0.000e+00
     84.950     7.2437    33.7889    26.4312 1.9536e-01     0.4594      0.645    1479.49     27.724     1.8761   9.320892  0.000e+00
     84.948     7.2437    33.7890    26.4312 2.0757e-01     0.4619      0.645    1479.49     27.648     1.8710   9.320892  0.000e+00
     84.961     7.2437    33.7891    26.4313 1.9536e-01     0.4631      0.645    1479.49     27.628     1.8696   9.320893  0.000e+00
     84.937     7.2437    33.7887    26.4310 2.0757e-01     0.4582      0.641    1479.49     27.610     1.8684   9.320893  0.000e+00
     84.961     7.2437    33.7889    26.4311 2.0757e-01     0.4582      0.637    1479.49     27.531     1.8631   9.320894  0.000e+00
     84.948     7.2437    33.7891    26.4313 2.0757e-01     0.4607      0.630    1479.49     27.571     1.8658   9.320894  0.000e+00
     84.948     7.2438    33.7891    26.4313 2.0757e-01     0.4619      0.630    1479.49     27.559     1.8649   9.320895  0.000e+00
     84.961     7.2435    33.7895    26.4316 2.0757e-01     0.4631      0.630    1479.49     27.547     1.8642   9.320895  0.000e+00
     84.950     7.2438    33.7888    26.4310 2.0757e-01     0.4631      0.637    1479.49     27.537     1.8635   9.320896  0.000e+00
     84.961     7.2438    33.7888    26.4310 2.0757e-01     0.4643      0.641    1479.49     27.467     1.8587   9.320896  0.000e+00
     84.961     7.2437    33.7890    26.4312 2.0757e-01     0.4631      0.645    1479.49     27.453     1.8578   9.320897  0.000e+00
     84.973     7.2435    33.7893    26.4315 2.0757e-01     0.4619      0.645    1479.49     27.441     1.8570   9.320897  0.000e+00
     84.950     7.2437    33.7887    26.4310 2.0757e-01     0.4619      0.645    1479.49     27.431     1.8563   9.320897  0.000e+00
     84.973     7.2437    33.7889    26.4311 2.0757e-01     0.4631      0.645    1479.49     27.423     1.8557   9.320898  0.000e+00
     84.961     7.2435    33.7894    26.4315 2.0757e-01     0.4631      0.637    1479.49     27.416     1.8553   9.320898  0.000e+00
     84.973     7.2437    33.7891    26.4313 2.0757e-01     0.4631      0.634    1479.49     27.349     1.8508   9.320899  0.000e+00
     84.950     7.2435    33.7892    26.4314 2.0757e-01     0.4631      0.637    1479.49     27.402     1.8544   9.320899  0.000e+00
     84.973     7.2433    33.7895    26.4317 2.0757e-01     0.4655      0.645    1479.49     27.339     1.8501   9.320900  0.000e+00
     84.973     7.2438    33.7888    26.4310 1.9536e-01     0.4668      0.648    1479.49     27.334     1.8497   9.320900  0.000e+00
     84.973     7.2435    33.7891    26.4313 2.0757e-01     0.4655      0.641    1479.49     27.330     1.8495   9.320901  0.000e+00
     84.974     7.2435    33.7896    26.4317 2.0757e-01     0.4668      0.634    1479.49     27.321     1.8489   9.320901  0.000e+00
     84.973     7.2435    33.7894    26.4316 2.0757e-01     0.4631      0.623    1479.49     27.322     1.8489   9.320902  0.000e+00
     84.961     7.2435    33.7889    26.4312 2.0757e-01     0.4619      0.619    1479.49     27.262     1.8449   9.320902  0.000e+00
     84.986     7.2435    33.7893    26.4315 2.0757e-01     0.4582      0.612    1479.49     27.322     1.8490   9.320903  0.000e+00
     84.961     7.2435    33.7889    26.4312 2.0757e-01     0.4570      0.608    1479.49     27.260     1.8447   9.320903  0.000e+00
     84.986     7.2433    33.7893    26.4315 2.0757e-01     0.4582      0.608    1479.49     27.262     1.8449   9.320904  0.000e+00
     84.973     7.2435    33.7891    26.4314 2.0757e-01     0.4594      0.608    1479.49     27.267     1.8452   9.320904  0.000e+00
     84.973     7.2433    33.7890    26.4312 2.0757e-01     0.4607      0.608    1479.49     27.266     1.8452   9.320905  0.000e+00
     84.997     7.2435    33.7891    26.4314 2.0757e-01     0.4619      0.612    1479.49     27.268     1.8453   9.320905  0.000e+00
     84.997     7.2433    33.7895    26.4317 2.0757e-01     0.4619      0.612    1479.49     27.271     1.8455   9.320906  0.000e+00
     85.010     7.2435    33.7889    26.4311 2.0757e-01     0.4607      0.615    1479.49     27.277     1.8459   9.320906  0.000e+00
     85.022     7.2435    33.7891    26.4313 2.0757e-01     0.4619      0.626    1479.49     27.286     1.8465   9.320907  0.000e+00
     85.022     7.2433    33.7895    26.4317 2.0757e-01     0.4643      0.634    1479.49     27.234     1.8430   9.320907  0.000e+00
     85.033     7.2433    33.7893    26.4315 2.0757e-01     0.4668      0.634    1479.49     27.231     1.8428   9.320908  0.000e+00
     85.022     7.2433    33.7893    26.4315 2.0757e-01     0.4643      0.634    1479.49     27.293     1.8470   9.320908  0.000e+00
     85.022     7.2433    33.7891    26.4313 2.0757e-01     0.4668      0.634    1479.49     27.240     1.8434   9.320909  0.000e+00
     85.046     7.2433    33.7895    26.4316 2.0757e-01     0.4680      0.634    1479.49     27.244     1.8437   9.320909  0.000e+00
     85.070     7.2431    33.7895    26.4317 2.0757e-01     0.4692      0.634    1479.49     27.250     1.8441   9.320910  0.000e+00
     85.106     7.2431    33.7895    26.4317 2.0757e-01     0.4680      0.637    1479.49     27.258     1.8446   9.320910  0.000e+00
     85.106     7.2431    33.7894    26.4316 2.0757e-01     0.4668      0.641    1479.49     27.269     1.8453   9.320910  0.000e+00
     85.119     7.2433    33.7894    26.4316 2.0757e-01     0.4692      0.637    1479.49     27.274     1.8457   9.320911  0.000e+00
     85.142     7.2430    33.7897    26.4319 2.0757e-01     0.4704      0.630    1479.49     27.280     1.8461   9.320911  0.000e+00
     85.167     7.2427    33.7898    26.4320 1.9536e-01     0.4716      0.619    1479.49     27.289     1.8467   9.320912  0.000e+00
     85.167     7.2430    33.7895    26.4318 2.0757e-01     0.4741      0.623    1479.49     27.307     1.8480   9.320912  0.000e+00
     85.180     7.2431    33.7892    26.4315 2.0757e-01     0.4753      0.623    1479.49     27.328     1.8493   9.320913  0.000e+00
     85.191     7.2428    33.7899    26.4320 2.0757e-01     0.4741      0.626    1479.49     27.343     1.8504   9.320913  0.000e+00
     85.202     7.2427    33.7902    26.4323 2.0757e-01     0.4729      0.626    1479.49     27.297     1.8473   9.320914  0.000e+00
     85.240     7.2427    33.7895    26.4318 2.0757e-01     0.4704      0.630    1479.49     27.363     1.8518   9.320914  0.000e+00
     85.240     7.2425    33.7894    26.4317 1.9536e-01     0.4716      0.630    1479.49     27.376     1.8526   9.320915  0.000e+00
     85.263     7.2425    33.7898    26.4320 2.0757e-01     0.4716      0.637    1479.49     27.390     1.8536   9.320915  0.000e+00
     85.287     7.2425    33.7900    26.4322 2.0757e-01     0.4716      0.648    1479.49     27.398     1.8541   9.320916  0.000e+00
     85.276     7.2424    33.7902    26.4323 2.0757e-01     0.4729      0.656    1479.49     27.345     1.8505   9.320916  0.000e+00
     85.323     7.2425    33.7899    26.4321 2.0757e-01     0.4692      0.659    1479.49     27.410     1.8550   9.320917  0.000e+00
     85.300     7.2427    33.7898    26.4320 2.0757e-01     0.4692      0.659    1479.49     27.415     1.8552   9.320917  0.000e+00
     85.336     7.2427    33.7901    26.4322 2.0757e-01     0.4680      0.663    1479.50     27.365     1.8519   9.320918  0.000e+00
     85.336     7.2427    33.7898    26.4320 2.0757e-01     0.4704      0.663    1479.50     27.435     1.8566   9.320918  0.000e+00
     85.372     7.2425    33.7899    26.4321 2.0757e-01     0.4680      0.652    1479.50     27.388     1.8534   9.320919  0.000e+00
     85.372     7.2425    33.7895    26.4318 2.0757e-01     0.4692      0.641    1479.49     27.398     1.8541   9.320919  0.000e+00
     85.385     7.2425    33.7898    26.4320 2.0757e-01     0.4704      0.634    1479.50     27.401     1.8543   9.320920  0.000e+00
     85.421     7.2425    33.7899    26.4321 1.9536e-01     0.4704      0.630    1479.50     27.469     1.8589   9.320920  0.000e+00
     85.421     7.2425    33.7895    26.4318 2.0757e-01     0.4716      0.630    1479.50     27.420     1.8556   9.320921  0.000e+00
     85.432     7.2422    33.7902    26.4324 2.0757e-01     0.4741      0.637    1479.50     27.427     1.8561   9.320921  0.000e+00
     85.457     7.2422    33.7902    26.4324 2.0757e-01     0.4741      0.645    1479.50     27.435     1.8566   9.320922  0.000e+00
