RAWDATA/20190107/BC1_20190109_down.cnv
* Sea-Bird SBE 9 Data File:
* FileName = C:\CTD Brukere\NIVA\OKOKYST2019\20190107\BC1_20190109.hex
* Software Version Seasave V 7.23.2
* Temperature SN = 5352
* Conductivity SN = 3840
* Number of Bytes Per Scan = 28
* Number of Voltage Words = 4
* Number of Scans Averaged by the Deck Unit = 1
* NMEA baud rate = 4800
** Ship: R/V Trygve Braarud
** Cruise:
** Station:
** Operator:
# nquan = 12
# nvalues = 6985                                  
# units = specified
# name 0 = depSM: Depth [salt water, m], lat = 59.60
# name 1 = t090C: Temperature [ITS-90, deg C]
# name 2 = sal00: Salinity, Practical [PSU]
# name 3 = sigma-t00: Density [sigma-t, kg/m^3 ]
# name 4 = flSP: Fluorescence, Seapoint
# name 5 = wetStar: Fluorescence, WET Labs WETstar [mg/m^3]
# name 6 = seaTurbMtr: Turbidity, Seapoint [FTU]
# name 7 = svCM: Sound Velocity [Chen-Millero, m/s]
# name 8 = sbeox0PS: Oxygen, SBE 43 [% saturation]
# name 9 = sbeox0ML/L: Oxygen, SBE 43 [ml/l]
# name 10 = timeJ: Julian Days
# name 11 = flag:  0.000e+00
# span 0 =     -0.009,     93.176                 
# span 1 =     3.9192,     9.9450                 
# span 2 =     6.5217,    33.7942                 
# span 3 =     5.1846,    26.4363                 
# span 4 = 1.5873e-01, 4.6398e-01                 
# span 5 =     0.1627,     1.6878                 
# span 6 =      0.487,      2.385                 
# span 7 =    1429.77,    1484.83                 
# span 8 =     18.308,     92.303                 
# span 9 =     1.2391,     7.8869                 
# span 10 =   9.317731,   9.321100                
# span 11 = 0.0000e+00, 0.0000e+00                
# interval = seconds: 0.0416667
# start_time = Jan 09 2019 07:37:32 [System UpLoad Time]
# bad_flag = -9.990e-29
*END*
[from data line 6617]
     85.493     7.2419    33.7903    26.4325 1.9536e-01     0.4753      0.652    1479.50     27.447     1.8575   9.320923  0.000e+00
     85.506     7.2420    33.7905    26.4327 2.0757e-01     0.4741      0.656    1479.50     27.459     1.8583   9.320923  0.000e+00
     85.530     7.2420    33.7900    26.4323 1.9536e-01     0.4778      0.659    1479.50     27.464     1.8586   9.320924  0.000e+00
     85.541     7.2419    33.7902    26.4324 1.9536e-01     0.4765      0.659    1479.50     27.470     1.8590   9.320924  0.000e+00
     85.553     7.2419    33.7900    26.4323 2.0757e-01     0.4790      0.663    1479.50     27.477     1.8595   9.320924  0.000e+00
     85.590     7.2417    33.7904    26.4326 1.9536e-01     0.4778      0.663    1479.50     27.485     1.8601   9.320925  0.000e+00
     85.602     7.2417    33.7906    26.4327 1.9536e-01     0.4765      0.667    1479.50     27.494     1.8607   9.320925  0.000e+00
     85.615     7.2419    33.7905    26.4326 2.0757e-01     0.4765      0.678    1479.50     27.496     1.8608   9.320926  0.000e+00
     85.638     7.2419    33.7901    26.4324 1.9536e-01     0.4790      0.674    1479.50     27.507     1.8615   9.320926  0.000e+00
     85.638     7.2419    33.7903    26.4325 2.0757e-01     0.4778      0.670    1479.50     27.510     1.8617   9.320927  0.000e+00
     85.662     7.2419    33.7902    26.4324 2.0757e-01     0.4778      0.663    1479.50     27.514     1.8620   9.320927  0.000e+00
     85.675     7.2417    33.7905    26.4327 2.0757e-01     0.4753      0.656    1479.50     27.519     1.8623   9.320928  0.000e+00
     85.700     7.2419    33.7906    26.4327 2.0757e-01     0.4753      0.659    1479.50     27.525     1.8627   9.320928  0.000e+00
     85.711     7.2417    33.7904    26.4326 2.0757e-01     0.4765      0.667    1479.50     27.468     1.8589   9.320929  0.000e+00
     85.722     7.2417    33.7901    26.4324 2.0757e-01     0.4802      0.674    1479.50     27.468     1.8589   9.320929  0.000e+00
     85.747     7.2417    33.7904    26.4326 2.0757e-01     0.4778      0.678    1479.50     27.468     1.8589   9.320930  0.000e+00
     85.760     7.2416    33.7907    26.4329 2.0757e-01     0.4778      0.678    1479.50     27.469     1.8590   9.320930  0.000e+00
     85.771     7.2416    33.7906    26.4328 1.9536e-01     0.4778      0.681    1479.50     27.464     1.8586   9.320931  0.000e+00
     85.784     7.2419    33.7903    26.4325 2.0757e-01     0.4765      0.681    1479.50     27.459     1.8582   9.320931  0.000e+00
     85.820     7.2416    33.7903    26.4325 2.0757e-01     0.4778      0.678    1479.50     27.462     1.8585   9.320932  0.000e+00
     85.832     7.2419    33.7900    26.4323 2.0757e-01     0.4778      0.674    1479.50     27.459     1.8583   9.320932  0.000e+00
     85.845     7.2416    33.7905    26.4327 2.0757e-01     0.4778      0.674    1479.50     27.456     1.8581   9.320933  0.000e+00
     85.867     7.2416    33.7903    26.4325 2.0757e-01     0.4778      0.674    1479.50     27.454     1.8579   9.320933  0.000e+00
     85.881     7.2419    33.7900    26.4323 1.9536e-01     0.4814      0.696    1479.50     27.390     1.8536   9.320934  0.000e+00
     85.892     7.2417    33.7904    26.4326 2.0757e-01     0.4814      0.733    1479.50     27.444     1.8573   9.320934  0.000e+00
     85.916     7.2417    33.7904    26.4326 2.0757e-01     0.4814      0.736    1479.50     27.444     1.8573   9.320935  0.000e+00
     85.928     7.2416    33.7902    26.4324 2.0757e-01     0.4802      0.722    1479.50     27.383     1.8531   9.320935  0.000e+00
     85.952     7.2417    33.7903    26.4325 2.0757e-01     0.4790      0.711    1479.50     27.377     1.8527   9.320936  0.000e+00
     85.965     7.2416    33.7905    26.4327 2.0757e-01     0.4814      0.711    1479.50     27.372     1.8524   9.320936  0.000e+00
     85.990     7.2416    33.7903    26.4326 2.0757e-01     0.4826      0.703    1479.50     27.368     1.8521   9.320937  0.000e+00
     86.001     7.2417    33.7903    26.4325 2.0757e-01     0.4839      0.692    1479.50     27.365     1.8519   9.320937  0.000e+00
     86.026     7.2419    33.7902    26.4324 2.0757e-01     0.4826      0.692    1479.50     27.292     1.8470   9.320937  0.000e+00
     86.026     7.2416    33.7905    26.4327 2.0757e-01     0.4790      0.696    1479.50     27.346     1.8506   9.320938  0.000e+00
     86.061     7.2416    33.7903    26.4325 2.0757e-01     0.4765      0.692    1479.50     27.283     1.8464   9.320938  0.000e+00
     86.061     7.2417    33.7905    26.4327 2.0757e-01     0.4790      0.685    1479.50     27.276     1.8459   9.320939  0.000e+00
     86.086     7.2416    33.7902    26.4325 2.0757e-01     0.4790      0.692    1479.50     27.271     1.8456   9.320939  0.000e+00
     86.110     7.2419    33.7904    26.4326 2.0757e-01     0.4814      0.718    1479.51     27.259     1.8447   9.320940  0.000e+00
     86.110     7.2417    33.7907    26.4328 2.0757e-01     0.4826      0.740    1479.51     27.194     1.8403   9.320940  0.000e+00
     86.158     7.2416    33.7905    26.4327 2.0757e-01     0.4839      0.762    1479.51     27.185     1.8397   9.320941  0.000e+00
     86.159     7.2416    33.7908    26.4329 2.0757e-01     0.4863      0.758    1479.51     27.169     1.8387   9.320941  0.000e+00
     86.182     7.2416    33.7905    26.4327 2.0757e-01     0.4851      0.729    1479.51     27.163     1.8382   9.320942  0.000e+00
     86.195     7.2417    33.7907    26.4329 2.0757e-01     0.4875      0.703    1479.51     27.150     1.8374   9.320942  0.000e+00
     86.207     7.2416    33.7907    26.4329 2.0757e-01     0.4887      0.689    1479.51     27.139     1.8366   9.320943  0.000e+00
     86.242     7.2417    33.7903    26.4325 2.0757e-01     0.4863      0.689    1479.51     27.067     1.8317   9.320943  0.000e+00
     86.244     7.2414    33.7908    26.4329 2.0757e-01     0.4863      0.692    1479.51     27.058     1.8312   9.320944  0.000e+00
     86.267     7.2413    33.7910    26.4332 2.0757e-01     0.4900      0.681    1479.51     27.044     1.8302   9.320944  0.000e+00
     86.291     7.2413    33.7908    26.4330 2.0757e-01     0.4900      0.667    1479.51     26.969     1.8251   9.320945  0.000e+00
     86.291     7.2413    33.7907    26.4329 2.0757e-01     0.4912      0.659    1479.51     26.951     1.8239   9.320945  0.000e+00
     86.340     7.2413    33.7909    26.4330 2.0757e-01     0.4912      0.656    1479.51     26.935     1.8228   9.320946  0.000e+00
     86.340     7.2413    33.7908    26.4330 2.0757e-01     0.4936      0.656    1479.51     26.920     1.8218   9.320946  0.000e+00
     86.365     7.2409    33.7913    26.4334 2.0757e-01     0.4961      0.659    1479.51     26.907     1.8210   9.320947  0.000e+00
     86.387     7.2411    33.7912    26.4333 2.0757e-01     0.4961      0.663    1479.51     26.834     1.8160   9.320947  0.000e+00
     86.412     7.2411    33.7908    26.4330 2.1978e-01     0.4961      0.663    1479.51     26.818     1.8149   9.320948  0.000e+00
     86.425     7.2411    33.7912    26.4333 2.0757e-01     0.4961      0.656    1479.51     26.804     1.8140   9.320948  0.000e+00
     86.448     7.2411    33.7912    26.4333 2.0757e-01     0.4973      0.652    1479.51     26.730     1.8090   9.320949  0.000e+00
     86.449     7.2409    33.7910    26.4332 2.1978e-01     0.4961      0.659    1479.51     26.714     1.8079   9.320949  0.000e+00
     86.485     7.2409    33.7913    26.4334 2.0757e-01     0.4948      0.670    1479.51     26.700     1.8069   9.320950  0.000e+00
     86.497     7.2409    33.7913    26.4334 2.0757e-01     0.4948      0.674    1479.51     26.688     1.8061   9.320950  0.000e+00
     86.534     7.2408    33.7911    26.4333 2.0757e-01     0.4961      0.674    1479.51     26.679     1.8055   9.320951  0.000e+00
     86.557     7.2409    33.7910    26.4332 2.0757e-01     0.4997      0.678    1479.51     26.610     1.8008   9.320951  0.000e+00
     86.570     7.2408    33.7910    26.4332 2.0757e-01     0.4997      0.681    1479.51     26.599     1.8001   9.320951  0.000e+00
     86.617     7.2406    33.7912    26.4334 2.0757e-01     0.5022      0.678    1479.51     26.528     1.7953   9.320952  0.000e+00
     86.643     7.2409    33.7907    26.4329 2.0757e-01     0.5046      0.674    1479.51     26.569     1.7981   9.320952  0.000e+00
     86.655     7.2406    33.7913    26.4335 2.0757e-01     0.5071      0.674    1479.51     26.496     1.7932   9.320953  0.000e+00
     86.691     7.2409    33.7909    26.4331 2.0757e-01     0.5083      0.678    1479.51     26.481     1.7921   9.320953  0.000e+00
     86.704     7.2405    33.7913    26.4335 2.0757e-01     0.5107      0.678    1479.51     26.406     1.7870   9.320954  0.000e+00
     86.727     7.2406    33.7914    26.4335 2.0757e-01     0.5083      0.681    1479.51     26.389     1.7859   9.320954  0.000e+00
     86.751     7.2406    33.7914    26.4336 2.0757e-01     0.5071      0.685    1479.51     26.375     1.7849   9.320955  0.000e+00
     86.775     7.2406    33.7916    26.4337 2.0757e-01     0.5058      0.689    1479.51     26.302     1.7800   9.320955  0.000e+00
     86.800     7.2406    33.7913    26.4335 2.0757e-01     0.5058      0.696    1479.51     26.287     1.7790   9.320956  0.000e+00
     86.836     7.2406    33.7913    26.4335 2.0757e-01     0.5046      0.703    1479.51     26.276     1.7782   9.320956  0.000e+00
     86.860     7.2406    33.7914    26.4335 2.0757e-01     0.5034      0.711    1479.51     26.268     1.7777   9.320957  0.000e+00
     86.873     7.2406    33.7914    26.4336 2.0757e-01     0.5058      0.711    1479.51     26.193     1.7727   9.320957  0.000e+00
     86.907     7.2408    33.7912    26.4334 2.0757e-01     0.5071      0.714    1479.52     26.185     1.7721   9.320958  0.000e+00
     86.934     7.2405    33.7909    26.4332 2.0757e-01     0.5058      0.718    1479.51     26.118     1.7676   9.320958  0.000e+00
     86.956     7.2406    33.7910    26.4332 2.0757e-01     0.5034      0.714    1479.52     26.102     1.7665   9.320959  0.000e+00
     86.969     7.2406    33.7913    26.4334 2.0757e-01     0.5058      0.707    1479.52     26.090     1.7656   9.320959  0.000e+00
     86.992     7.2405    33.7915    26.4336 2.0757e-01     0.5071      0.703    1479.52     26.019     1.7608   9.320960  0.000e+00
     87.018     7.2406    33.7910    26.4333 2.0757e-01     0.5071      0.703    1479.52     26.007     1.7600   9.320960  0.000e+00
     87.041     7.2406    33.7913    26.4335 2.0757e-01     0.5083      0.711    1479.52     25.999     1.7595   9.320961  0.000e+00
     87.077     7.2408    33.7911    26.4333 2.0757e-01     0.5107      0.722    1479.52     25.925     1.7545   9.320961  0.000e+00
     87.090     7.2406    33.7913    26.4334 2.0757e-01     0.5083      0.729    1479.52     25.918     1.7540   9.320962  0.000e+00
     87.113     7.2406    33.7913    26.4335 2.1978e-01     0.5083      0.736    1479.52     25.907     1.7533   9.320962  0.000e+00
     87.150     7.2405    33.7914    26.4336 2.0757e-01     0.5095      0.736    1479.52     25.900     1.7528   9.320963  0.000e+00
     87.173     7.2406    33.7914    26.4336 2.0757e-01     0.5071      0.729    1479.52     25.898     1.7527   9.320963  0.000e+00
     87.199     7.2406    33.7911    26.4333 2.0757e-01     0.5083      0.722    1479.52     25.837     1.7486   9.320964  0.000e+00
     87.222     7.2405    33.7916    26.4337 2.0757e-01     0.5071      0.718    1479.52     25.828     1.7479   9.320964  0.000e+00
     87.248     7.2406    33.7910    26.4332 2.0757e-01     0.5083      0.714    1479.52     25.822     1.7476   9.320965  0.000e+00
     87.258     7.2406    33.7915    26.4336 2.0757e-01     0.5095      0.707    1479.52     25.759     1.7432   9.320965  0.000e+00
     87.295     7.2406    33.7915    26.4336 2.0757e-01     0.5071      0.703    1479.52     25.755     1.7430   9.320965  0.000e+00
     87.331     7.2406    33.7915    26.4336 2.0757e-01     0.5071      0.707    1479.52     25.692     1.7387   9.320966  0.000e+00
     87.344     7.2406    33.7915    26.4336 2.0757e-01     0.5046      0.711    1479.52     25.689     1.7385   9.320966  0.000e+00
     87.380     7.2408    33.7909    26.4331 2.0757e-01     0.5058      0.707    1479.52     25.621     1.7339   9.320967  0.000e+00
     87.393     7.2408    33.7909    26.4331 2.0757e-01     0.5022      0.700    1479.52     25.612     1.7333   9.320967  0.000e+00
     87.403     7.2405    33.7915    26.4336 2.0757e-01     0.5034      0.692    1479.52     25.608     1.7331   9.320968  0.000e+00
     87.454     7.2406    33.7912    26.4334 2.0757e-01     0.5058      0.696    1479.52     25.539     1.7283   9.320968  0.000e+00
     87.429     7.2406    33.7911    26.4333 2.0757e-01     0.5083      0.700    1479.52     25.528     1.7277   9.320969  0.000e+00
     87.537     7.2406    33.7913    26.4334 2.0757e-01     0.5095      0.707    1479.53     25.523     1.7273   9.320969  0.000e+00
     87.489     7.2408    33.7911    26.4333 2.0757e-01     0.5083      0.711    1479.52     25.523     1.7273   9.320970  0.000e+00
     87.573     7.2405    33.7917    26.4338 2.0757e-01     0.5095      0.711    1479.53     25.465     1.7233   9.320970  0.000e+00
     87.573     7.2405    33.7916    26.4337 2.0757e-01     0.5107      0.714    1479.53     25.458     1.7229   9.320971  0.000e+00
     87.599     7.2405    33.7913    26.4335 2.0757e-01     0.5095      0.711    1479.53     25.457     1.7228   9.320971  0.000e+00
     87.633     7.2403    33.7918    26.4339 2.0757e-01     0.5119      0.714    1479.53     25.398     1.7188   9.320972  0.000e+00
     87.648     7.2405    33.7915    26.4337 2.0757e-01     0.5132      0.722    1479.53     25.390     1.7183   9.320972  0.000e+00
     87.682     7.2403    33.7916    26.4338 2.0757e-01     0.5119      0.747    1479.53     25.388     1.7182   9.320973  0.000e+00
     87.695     7.2405    33.7915    26.4337 2.0757e-01     0.5119      0.747    1479.53     25.390     1.7183   9.320973  0.000e+00
     87.718     7.2405    33.7912    26.4334 2.1978e-01     0.5144      0.736    1479.53     25.335     1.7146   9.320974  0.000e+00
     87.744     7.2405    33.7911    26.4333 2.0757e-01     0.5144      0.733    1479.53     25.339     1.7149   9.320974  0.000e+00
     87.778     7.2403    33.7918    26.4339 2.1978e-01     0.5119      0.729    1479.53     25.279     1.7108   9.320975  0.000e+00
     87.804     7.2403    33.7916    26.4338 2.1978e-01     0.5119      0.729    1479.53     25.278     1.7107   9.320975  0.000e+00
     87.827     7.2403    33.7915    26.4337 2.1978e-01     0.5132      0.736    1479.53     25.274     1.7104   9.320976  0.000e+00
     87.853     7.2405    33.7914    26.4336 2.0757e-01     0.5156      0.744    1479.53     25.283     1.7110   9.320976  0.000e+00
     87.876     7.2401    33.7917    26.4339 2.1978e-01     0.5180      0.740    1479.53     25.227     1.7072   9.320977  0.000e+00
     87.902     7.2403    33.7917    26.4338 2.0757e-01     0.5168      0.729    1479.53     25.230     1.7075   9.320977  0.000e+00
     87.936     7.2401    33.7918    26.4339 2.1978e-01     0.5168      0.722    1479.53     25.168     1.7033   9.320978  0.000e+00
     87.962     7.2403    33.7913    26.4335 2.1978e-01     0.5156      0.718    1479.53     25.229     1.7074   9.320978  0.000e+00
     87.972     7.2403    33.7917    26.4338 2.0757e-01     0.5119      0.718    1479.53     25.177     1.7039   9.320978  0.000e+00
     87.998     7.2403    33.7918    26.4339 2.0757e-01     0.5144      0.722    1479.53     25.177     1.7039   9.320979  0.000e+00
     88.032     7.2403    33.7916    26.4337 2.0757e-01     0.5144      0.729    1479.53     25.182     1.7042   9.320979  0.000e+00
