RAWDATA/20190107/BO1_20190108_down.cnv
* Sea-Bird SBE 9 Data File:
* FileName = C:\CTD Brukere\NIVA\OKOKYST2019\20190107\BO1_20190108.hex
* Software Version Seasave V 7.23.2
* Temperature SN = 5352
* Conductivity SN = 3840
* Number of Bytes Per Scan = 28
* Number of Voltage Words = 4
* Number of Scans Averaged by the Deck Unit = 1
* NMEA baud rate = 4800
** Ship: R/V Trygve Braarud
** Cruise:
** Station:
** Operator:
# nquan = 12
# nvalues = 4788                                  
# units = specified
# name 0 = depSM: Depth [salt water, m], lat = 59.60
# name 1 = t090C: Temperature [ITS-90, deg C]
# name 2 = sal00: Salinity, Practical [PSU]
# name 3 = sigma-t00: Density [sigma-t, kg/m^3 ]
# name 4 = flSP: Fluorescence, Seapoint
# name 5 = wetStar: Fluorescence, WET Labs WETstar [mg/m^3]
# name 6 = seaTurbMtr: Turbidity, Seapoint [FTU]
# name 7 = svCM: Sound Velocity [Chen-Millero, m/s]
# name 8 = sbeox0PS: Oxygen, SBE 43 [% saturation]
# name 9 = sbeox0ML/L: Oxygen, SBE 43 [ml/l]
# name 10 = timeJ: Julian Days
# name 11 = flag:  0.000e+00
# span 0 =     -0.544,     59.221                 
# span 1 =     5.4826,     9.0703                 
# span 2 =     2.6434,    34.5264                 
# span 3 =     2.0551,    26.7364                 
# span 4 = 1.3431e-01, 7.3260e-01                 
# span 5 =     0.1200,     0.3642                 
# span 6 =      0.560,     15.000                 
# span 7 =    1432.65,    1486.85                 
# span 8 =     76.784,     95.884                 
# span 9 =     5.2158,     6.9885                 
# span 10 =   8.476713,   8.479022                
# span 11 = 0.0000e+00, 0.0000e+00                
# interval = seconds: 0.0416667
# start_time = Jan 08 2019 11:26:28 [System UpLoad Time]
# bad_flag = -9.990e-29
*END*
[from data line 2527]
     34.987     8.9219    34.3785    26.6438 1.5873e-01     0.1200      1.425    1485.73     83.503     5.4207   8.477932  0.000e+00
     35.023     8.9219    34.3790    26.6443 1.5873e-01     0.1200      1.388    1485.73     83.431     5.4160   8.477932  0.000e+00
     35.047     8.9225    34.3793    26.6444 1.5873e-01     0.1200      1.330    1485.73     83.412     5.4147   8.477933  0.000e+00
     35.059     8.9231    34.3800    26.6449 1.7094e-01     0.1200      1.227    1485.74     83.393     5.4133   8.477933  0.000e+00
     35.094     8.9236    34.3806    26.6453 1.7094e-01     0.1200      1.106    1485.74     83.441     5.4164   8.477934  0.000e+00
     35.119     8.9242    34.3808    26.6453 1.7094e-01     0.1200      1.150    1485.74     83.366     5.4114   8.477934  0.000e+00
     35.132     8.9247    34.3815    26.6458 1.7094e-01     0.1200      1.198    1485.74     83.353     5.4105   8.477935  0.000e+00
     35.143     8.9256    34.3815    26.6456 1.9536e-01     0.1200      1.308    1485.75     83.338     5.4094   8.477935  0.000e+00
     35.154     8.9271    34.3833    26.6468 2.0757e-01     0.1200      1.377    1485.76     83.324     5.4082   8.477935  0.000e+00
     35.252     8.9283    34.3853    26.6482 1.9536e-01     0.1200      1.267    1485.76     83.310     5.4071   8.477936  0.000e+00
     35.227     8.9291    34.3861    26.6487 1.7094e-01     0.1200      1.158    1485.77     83.294     5.4060   8.477936  0.000e+00
     35.239     8.9298    34.3860    26.6485 1.7094e-01     0.1200      1.143    1485.77     83.286     5.4054   8.477937  0.000e+00
     35.263     8.9307    34.3870    26.6492 1.5873e-01     0.1200      1.150    1485.78     83.278     5.4047   8.477937  0.000e+00
     35.287     8.9312    34.3879    26.6498 1.5873e-01     0.1200      1.147    1485.78     83.270     5.4041   8.477938  0.000e+00
     35.310     8.9317    34.3887    26.6503 1.5873e-01     0.1200      1.143    1485.78     83.262     5.4035   8.477938  0.000e+00
     35.323     8.9325    34.3896    26.6508 1.5873e-01     0.1200      1.147    1485.79     83.253     5.4028   8.477939  0.000e+00
     35.359     8.9331    34.3902    26.6513 1.5873e-01     0.1200      1.125    1485.79     83.245     5.4022   8.477939  0.000e+00
     35.359     8.9337    34.3905    26.6514 1.5873e-01     0.1200      1.048    1485.79     83.176     5.3976   8.477940  0.000e+00
     35.395     8.9344    34.3914    26.6520 1.5873e-01     0.1200      0.993    1485.80     83.222     5.4005   8.477940  0.000e+00
     35.408     8.9349    34.3922    26.6525 1.5873e-01     0.1200      0.960    1485.80     83.153     5.3959   8.477941  0.000e+00
     35.430     8.9354    34.3924    26.6526 1.4652e-01     0.1200      0.912    1485.80     83.207     5.3994   8.477941  0.000e+00
     35.443     8.9355    34.3926    26.6528 1.4652e-01     0.1200      0.872    1485.80     83.207     5.3993   8.477942  0.000e+00
     35.479     8.9357    34.3925    26.6526 1.5873e-01     0.1200      0.956    1485.80     83.207     5.3993   8.477942  0.000e+00
     35.479     8.9360    34.3927    26.6528 1.4652e-01     0.1200      1.289    1485.81     83.201     5.3988   8.477943  0.000e+00
     35.515     8.9365    34.3930    26.6529 1.5873e-01     0.1200      1.645    1485.81     83.140     5.3949   8.477943  0.000e+00
     35.528     8.9371    34.3943    26.6538 1.5873e-01     0.1200      1.872    1485.81     83.195     5.3983   8.477944  0.000e+00
     35.539     8.9383    34.3954    26.6545 1.4652e-01     0.1200      2.007    1485.82     83.197     5.3982   8.477944  0.000e+00
     35.550     8.9389    34.3959    26.6548 1.4652e-01     0.1200      2.059    1485.82     83.198     5.3982   8.477945  0.000e+00
     35.575     8.9394    34.3963    26.6550 1.4652e-01     0.1200      2.004    1485.82     83.139     5.3943   8.477945  0.000e+00
     35.599     8.9398    34.3966    26.6552 1.5873e-01     0.1200      1.842    1485.83     83.196     5.3979   8.477946  0.000e+00
     35.635     8.9400    34.3963    26.6549 1.5873e-01     0.1200      1.564    1485.83     83.199     5.3981   8.477946  0.000e+00
     35.635     8.9399    34.3965    26.6551 1.5873e-01     0.1200      1.286    1485.83     83.201     5.3983   8.477947  0.000e+00
     35.648     8.9405    34.3966    26.6551 1.5873e-01     0.1200      1.092    1485.83     83.205     5.3984   8.477947  0.000e+00
     35.683     8.9407    34.3971    26.6554 1.5873e-01     0.1200      0.989    1485.83     83.209     5.3987   8.477948  0.000e+00
     35.695     8.9409    34.3970    26.6554 1.5873e-01     0.1200      0.952    1485.83     83.212     5.3989   8.477948  0.000e+00
     35.708     8.9411    34.3978    26.6559 1.4652e-01     0.1200      0.897    1485.83     83.217     5.3991   8.477948  0.000e+00
     35.731     8.9417    34.3986    26.6565 1.5873e-01     0.1200      0.857    1485.84     83.221     5.3993   8.477949  0.000e+00
     35.768     8.9424    34.3989    26.6566 1.5873e-01     0.1200      0.835    1485.84     83.226     5.3995   8.477949  0.000e+00
     35.779     8.9425    34.3992    26.6568 1.5873e-01     0.1200      0.810    1485.84     83.231     5.3998   8.477950  0.000e+00
     35.804     8.9424    34.3995    26.6571 1.5873e-01     0.1200      0.777    1485.84     83.236     5.4002   8.477950  0.000e+00
     35.826     8.9427    34.3991    26.6567 1.5873e-01     0.1200      0.751    1485.84     83.242     5.4005   8.477951  0.000e+00
     35.826     8.9428    34.3994    26.6569 1.7094e-01     0.1200      0.740    1485.84     83.248     5.4009   8.477951  0.000e+00
     35.862     8.9428    34.3996    26.6571 1.7094e-01     0.1200      0.747    1485.85     83.254     5.4013   8.477952  0.000e+00
     35.886     8.9433    34.3994    26.6568 1.5873e-01     0.1200      0.810    1485.85     83.261     5.4017   8.477952  0.000e+00
     35.911     8.9429    34.4000    26.6573 1.5873e-01     0.1200      0.923    1485.85     83.260     5.4017   8.477953  0.000e+00
     35.922     8.9433    34.4000    26.6573 1.4652e-01     0.1200      0.996    1485.85     83.267     5.4020   8.477953  0.000e+00
     35.935     8.9436    34.4003    26.6575 1.5873e-01     0.1200      0.978    1485.85     83.274     5.4025   8.477954  0.000e+00
     35.959     8.9441    34.4010    26.6579 1.5873e-01     0.1200      0.905    1485.85     83.282     5.4028   8.477954  0.000e+00
     35.982     8.9445    34.4012    26.6580 1.5873e-01     0.1200      0.857    1485.86     83.289     5.4033   8.477955  0.000e+00
     35.995     8.9448    34.4015    26.6583 1.4652e-01     0.1200      0.857    1485.86     83.297     5.4038   8.477955  0.000e+00
     36.019     8.9447    34.4018    26.6585 1.4652e-01     0.1200      0.894    1485.86     83.298     5.4038   8.477956  0.000e+00
     36.042     8.9451    34.4014    26.6581 1.4652e-01     0.1200      0.919    1485.86     83.299     5.4039   8.477956  0.000e+00
     36.067     8.9452    34.4013    26.6580 1.4652e-01     0.1200      0.923    1485.86     83.300     5.4039   8.477957  0.000e+00
     36.091     8.9455    34.4011    26.6579 1.4652e-01     0.1200      1.018    1485.86     83.309     5.4044   8.477957  0.000e+00
     36.102     8.9459    34.4027    26.6590 1.4652e-01     0.1200      1.253    1485.86     83.310     5.4044   8.477958  0.000e+00
     36.127     8.9470    34.4035    26.6595 1.4652e-01     0.1200      1.451    1485.87     83.311     5.4043   8.477958  0.000e+00
     36.138     8.9480    34.4043    26.6599 1.4652e-01     0.1200      1.590    1485.87     83.312     5.4043   8.477959  0.000e+00
     36.164     8.9484    34.4050    26.6604 1.4652e-01     0.1200      1.593    1485.88     83.314     5.4043   8.477959  0.000e+00
     36.175     8.9491    34.4054    26.6606 1.5873e-01     0.1200      1.414    1485.88     83.315     5.4043   8.477960  0.000e+00
     36.198     8.9495    34.4054    26.6606 1.4652e-01     0.1200      1.190    1485.88     83.255     5.4003   8.477960  0.000e+00
     36.224     8.9495    34.4050    26.6603 1.4652e-01     0.1200      1.037    1485.88     83.311     5.4040   8.477961  0.000e+00
     36.235     8.9495    34.4049    26.6601 1.5873e-01     0.1200      0.956    1485.88     83.252     5.4001   8.477961  0.000e+00
     36.271     8.9497    34.4052    26.6604 1.5873e-01     0.1200      0.934    1485.88     83.308     5.4038   8.477962  0.000e+00
     36.271     8.9501    34.4057    26.6607 1.5873e-01     0.1200      0.916    1485.89     83.249     5.3998   8.477962  0.000e+00
     36.295     8.9502    34.4057    26.6607 1.4652e-01     0.1200      0.883    1485.89     83.244     5.3995   8.477962  0.000e+00
     36.307     8.9501    34.4056    26.6606 1.4652e-01     0.1200      0.886    1485.89     83.239     5.3992   8.477963  0.000e+00
     36.344     8.9500    34.4054    26.6605 1.5873e-01     0.1200      0.875    1485.89     83.228     5.3985   8.477963  0.000e+00
     36.354     8.9502    34.4057    26.6607 1.5873e-01     0.1200      0.828    1485.89     83.224     5.3982   8.477964  0.000e+00
     36.355     8.9503    34.4058    26.6608 1.5873e-01     0.1200      0.799    1485.89     83.213     5.3975   8.477964  0.000e+00
     36.391     8.9506    34.4056    26.6605 1.5873e-01     0.1200      0.813    1485.89     83.209     5.3972   8.477965  0.000e+00
     36.391     8.9504    34.4061    26.6610 1.5873e-01     0.1200      0.864    1485.89     83.206     5.3970   8.477965  0.000e+00
     36.427     8.9505    34.4062    26.6610 1.5873e-01     0.1200      1.007    1485.89     83.203     5.3968   8.477966  0.000e+00
     36.438     8.9504    34.4064    26.6612 1.7094e-01     0.1200      1.077    1485.89     83.200     5.3966   8.477966  0.000e+00
     36.451     8.9508    34.4065    26.6612 1.5873e-01     0.1200      1.000    1485.89     83.190     5.3959   8.477967  0.000e+00
     36.487     8.9511    34.4070    26.6615 1.5873e-01     0.1200      0.930    1485.90     83.187     5.3957   8.477967  0.000e+00
     36.474     8.9512    34.4074    26.6618 1.5873e-01     0.1200      0.993    1485.90     83.184     5.3955   8.477968  0.000e+00
     36.500     8.9516    34.4071    26.6616 1.5873e-01     0.1200      1.110    1485.90     83.121     5.3913   8.477968  0.000e+00
     36.534     8.9514    34.4073    26.6618 1.4652e-01     0.1200      1.059    1485.90     83.167     5.3943   8.477969  0.000e+00
     36.536     8.9513    34.4077    26.6621 1.4652e-01     0.1200      0.941    1485.90     83.104     5.3902   8.477969  0.000e+00
     36.571     8.9514    34.4071    26.6616 1.4652e-01     0.1200      0.857    1485.90     83.096     5.3898   8.477970  0.000e+00
     36.583     8.9513    34.4068    26.6614 1.5873e-01     0.1200      0.883    1485.90     83.089     5.3893   8.477970  0.000e+00
     36.607     8.9513    34.4070    26.6615 1.4652e-01     0.1200      0.938    1485.90     83.082     5.3889   8.477971  0.000e+00
     36.607     8.9516    34.4072    26.6617 1.4652e-01     0.1200      0.923    1485.90     83.076     5.3884   8.477971  0.000e+00
     36.643     8.9521    34.4075    26.6618 1.4652e-01     0.1200      0.857    1485.90     83.071     5.3880   8.477972  0.000e+00
     36.656     8.9521    34.4079    26.6621 1.8315e-01     0.1200      0.799    1485.90     83.066     5.3877   8.477972  0.000e+00
     36.690     8.9519    34.4081    26.6623 2.4420e-01     0.1200      0.791    1485.90     83.061     5.3874   8.477973  0.000e+00
     36.680     8.9523    34.4078    26.6620 2.5641e-01     0.1200      0.832    1485.90     83.057     5.3871   8.477973  0.000e+00
     36.714     8.9519    34.4079    26.6621 2.6862e-01     0.1200      0.842    1485.90     83.054     5.3869   8.477974  0.000e+00
     36.740     8.9521    34.4076    26.6619 3.2967e-01     0.1200      0.835    1485.90     83.052     5.3868   8.477974  0.000e+00
     36.752     8.9519    34.4078    26.6621 3.2967e-01     0.1200      0.824    1485.90     83.050     5.3866   8.477975  0.000e+00
     36.774     8.9518    34.4074    26.6617 2.9304e-01     0.1200      0.813    1485.90     83.048     5.3866   8.477975  0.000e+00
     36.800     8.9521    34.4077    26.6619 2.3199e-01     0.1200      0.842    1485.91     83.047     5.3865   8.477976  0.000e+00
     36.810     8.9523    34.4082    26.6623 1.9536e-01     0.1200      0.879    1485.91     83.047     5.3864   8.477976  0.000e+00
     36.836     8.9524    34.4085    26.6625 1.8315e-01     0.1200      0.941    1485.91     83.047     5.3864   8.477976  0.000e+00
     36.846     8.9526    34.4085    26.6625 1.7094e-01     0.1200      0.960    1485.91     82.986     5.3824   8.477977  0.000e+00
     36.883     8.9528    34.4085    26.6624 1.7094e-01     0.1200      0.941    1485.91     82.981     5.3821   8.477977  0.000e+00
     36.896     8.9526    34.4090    26.6629 1.5873e-01     0.1200      0.963    1485.91     83.038     5.3858   8.477978  0.000e+00
     36.943     8.9528    34.4086    26.6626 1.7094e-01     0.1200      1.029    1485.91     82.980     5.3820   8.477978  0.000e+00
     36.943     8.9529    34.4089    26.6628 1.5873e-01     0.1200      1.234    1485.91     82.977     5.3818   8.477979  0.000e+00
     36.966     8.9529    34.4091    26.6629 1.7094e-01     0.1200      1.564    1485.91     82.975     5.3816   8.477979  0.000e+00
     36.992     8.9532    34.4090    26.6628 1.7094e-01     0.1200      1.769    1485.91     82.974     5.3815   8.477980  0.000e+00
     37.015     8.9534    34.4097    26.6633 1.5873e-01     0.1200      1.853    1485.92     82.974     5.3815   8.477980  0.000e+00
     37.052     8.9538    34.4098    26.6633 1.5873e-01     0.1200      1.853    1485.92     83.035     5.3854   8.477981  0.000e+00
     37.050     8.9540    34.4097    26.6632 1.5873e-01     0.1200      1.685    1485.92     82.982     5.3819   8.477981  0.000e+00
     37.088     8.9543    34.4099    26.6633 1.5873e-01     0.1200      1.465    1485.92     82.984     5.3820   8.477982  0.000e+00
     37.112     8.9543    34.4100    26.6634 1.5873e-01     0.1200      1.271    1485.92     82.987     5.3822   8.477982  0.000e+00
     37.122     8.9543    34.4102    26.6636 1.4652e-01     0.1200      1.132    1485.92     82.990     5.3824   8.477983  0.000e+00
     37.172     8.9543    34.4101    26.6634 1.4652e-01     0.1200      1.018    1485.92     82.995     5.3827   8.477983  0.000e+00
     37.170     8.9543    34.4102    26.6635 1.5873e-01     0.1200      0.930    1485.92     82.993     5.3826   8.477984  0.000e+00
     37.208     8.9545    34.4102    26.6635 1.4652e-01     0.1200      0.897    1485.92     82.999     5.3830   8.477984  0.000e+00
     37.242     8.9546    34.4100    26.6634 1.5873e-01     0.1200      0.886    1485.92     83.060     5.3869   8.477985  0.000e+00
     37.268     8.9547    34.4105    26.6637 1.5873e-01     0.1200      0.868    1485.93     83.074     5.3878   8.477985  0.000e+00
     37.302     8.9547    34.4107    26.6639 1.4652e-01     0.1200      0.846    1485.93     83.021     5.3843   8.477986  0.000e+00
     37.316     8.9548    34.4107    26.6639 1.5873e-01     0.1200      0.839    1485.93     83.083     5.3883   8.477986  0.000e+00
     37.339     8.9550    34.4101    26.6634 1.4652e-01     0.1200      0.850    1485.93     83.030     5.3849   8.477987  0.000e+00
     37.364     8.9551    34.4103    26.6635 1.4652e-01     0.1200      0.853    1485.93     83.032     5.3850   8.477987  0.000e+00
     37.386     8.9548    34.4103    26.6635 1.4652e-01     0.1200      0.832    1485.93     83.034     5.3852   8.477988  0.000e+00
     37.424     8.9548    34.4106    26.6638 1.4652e-01     0.1200      0.799    1485.93     83.038     5.3854   8.477988  0.000e+00
     37.435     8.9551    34.4107    26.6638 1.5873e-01     0.1200      0.780    1485.93     83.041     5.3856   8.477989  0.000e+00
