RAWDATA/20190107/BO1_20190108_down.cnv
* Sea-Bird SBE 9 Data File:
* FileName = C:\CTD Brukere\NIVA\OKOKYST2019\20190107\BO1_20190108.hex
* Software Version Seasave V 7.23.2
* Temperature SN = 5352
* Conductivity SN = 3840
* Number of Bytes Per Scan = 28
* Number of Voltage Words = 4
* Number of Scans Averaged by the Deck Unit = 1
* NMEA baud rate = 4800
** Ship: R/V Trygve Braarud
** Cruise:
** Station:
** Operator:
# nquan = 12
# nvalues = 4788                                  
# units = specified
# name 0 = depSM: Depth [salt water, m], lat = 59.60
# name 1 = t090C: Temperature [ITS-90, deg C]
# name 2 = sal00: Salinity, Practical [PSU]
# name 3 = sigma-t00: Density [sigma-t, kg/m^3 ]
# name 4 = flSP: Fluorescence, Seapoint
# name 5 = wetStar: Fluorescence, WET Labs WETstar [mg/m^3]
# name 6 = seaTurbMtr: Turbidity, Seapoint [FTU]
# name 7 = svCM: Sound Velocity [Chen-Millero, m/s]
# name 8 = sbeox0PS: Oxygen, SBE 43 [% saturation]
# name 9 = sbeox0ML/L: Oxygen, SBE 43 [ml/l]
# name 10 = timeJ: Julian Days
# name 11 = flag:  0.000e+00
# span 0 =     -0.544,     59.221                 
# span 1 =     5.4826,     9.0703                 
# span 2 =     2.6434,    34.5264                 
# span 3 =     2.0551,    26.7364                 
# span 4 = 1.3431e-01, 7.3260e-01                 
# span 5 =     0.1200,     0.3642                 
# span 6 =      0.560,     15.000                 
# span 7 =    1432.65,    1486.85                 
# span 8 =     76.784,     95.884                 
# span 9 =     5.2158,     6.9885                 
# span 10 =   8.476713,   8.479022                
# span 11 = 0.0000e+00, 0.0000e+00                
# interval = seconds: 0.0416667
# start_time = Jan 08 2019 11:26:28 [System UpLoad Time]
# bad_flag = -9.990e-29
*END*
[from data line 3610]
     54.867     9.0615    34.5135    26.7273 1.5873e-01     0.1200      1.333    1486.74     81.178     5.2489   8.478454  0.000e+00
     54.867     9.0619    34.5128    26.7267 1.5873e-01     0.1200      1.322    1486.74     81.164     5.2480   8.478454  0.000e+00
     54.867     9.0619    34.5126    26.7266 1.5873e-01     0.1200      1.308    1486.74     81.157     5.2475   8.478455  0.000e+00
     54.842     9.0615    34.5130    26.7269 1.5873e-01     0.1200      1.297    1486.74     81.150     5.2471   8.478455  0.000e+00
     54.865     9.0615    34.5120    26.7261 1.5873e-01     0.1200      1.289    1486.74     81.143     5.2467   8.478456  0.000e+00
     54.842     9.0617    34.5121    26.7261 1.7094e-01     0.1200      1.286    1486.74     81.136     5.2462   8.478456  0.000e+00
     54.855     9.0612    34.5126    26.7266 1.7094e-01     0.1200      1.293    1486.74     81.129     5.2458   8.478457  0.000e+00
     54.855     9.0614    34.5126    26.7267 1.7094e-01     0.1200      1.311    1486.74     81.122     5.2454   8.478457  0.000e+00
     54.854     9.0614    34.5123    26.7264 1.7094e-01     0.1200      1.319    1486.74     81.115     5.2449   8.478458  0.000e+00
     54.842     9.0615    34.5124    26.7265 1.7094e-01     0.1200      1.326    1486.74     81.108     5.2445   8.478458  0.000e+00
     54.842     9.0614    34.5129    26.7269 1.8315e-01     0.1200      1.315    1486.74     81.102     5.2440   8.478459  0.000e+00
     54.855     9.0612    34.5135    26.7274 1.8315e-01     0.1200      1.300    1486.74     81.095     5.2436   8.478459  0.000e+00
     54.841     9.0615    34.5134    26.7272 1.7094e-01     0.1200      1.289    1486.74     81.088     5.2431   8.478460  0.000e+00
     54.842     9.0617    34.5134    26.7272 1.7094e-01     0.1200      1.286    1486.74     81.081     5.2426   8.478460  0.000e+00
     54.842     9.0617    34.5132    26.7271 1.5873e-01     0.1200      1.289    1486.74     81.074     5.2422   8.478461  0.000e+00
     54.855     9.0615    34.5134    26.7272 1.4652e-01     0.1200      1.297    1486.74     81.067     5.2418   8.478461  0.000e+00
     54.841     9.0615    34.5131    26.7270 1.5873e-01     0.1200      1.308    1486.74     81.060     5.2413   8.478462  0.000e+00
     54.855     9.0614    34.5128    26.7268 1.4652e-01     0.1200      1.308    1486.74     81.053     5.2409   8.478462  0.000e+00
     54.842     9.0615    34.5128    26.7268 1.4652e-01     0.1200      1.308    1486.74     81.046     5.2404   8.478463  0.000e+00
     54.855     9.0617    34.5128    26.7267 1.5873e-01     0.1200      1.308    1486.74     81.040     5.2400   8.478463  0.000e+00
     54.831     9.0615    34.5134    26.7272 1.5873e-01     0.1200      1.304    1486.74     81.033     5.2395   8.478464  0.000e+00
     54.854     9.0617    34.5132    26.7270 1.5873e-01     0.1200      1.304    1486.74     81.026     5.2391   8.478464  0.000e+00
     54.855     9.0617    34.5128    26.7268 1.5873e-01     0.1200      1.304    1486.74     81.019     5.2386   8.478465  0.000e+00
     54.855     9.0615    34.5130    26.7269 1.5873e-01     0.1200      1.311    1486.74     81.019     5.2387   8.478465  0.000e+00
     54.855     9.0620    34.5125    26.7264 1.7094e-01     0.1200      1.315    1486.74     81.020     5.2387   8.478465  0.000e+00
     54.865     9.0614    34.5130    26.7269 1.7094e-01     0.1200      1.304    1486.74     81.021     5.2388   8.478466  0.000e+00
     54.855     9.0615    34.5126    26.7266 1.7094e-01     0.1200      1.300    1486.74     81.015     5.2384   8.478466  0.000e+00
     54.855     9.0615    34.5128    26.7268 1.5873e-01     0.1200      1.304    1486.74     81.016     5.2385   8.478467  0.000e+00
     54.867     9.0614    34.5131    26.7270 1.5873e-01     0.1200      1.308    1486.74     81.017     5.2386   8.478467  0.000e+00
     54.865     9.0617    34.5125    26.7265 1.4652e-01     0.1200      1.308    1486.74     81.019     5.2387   8.478468  0.000e+00
     54.867     9.0614    34.5126    26.7267 1.5873e-01     0.1200      1.304    1486.74     81.083     5.2428   8.478468  0.000e+00
     54.867     9.0615    34.5123    26.7264 1.7094e-01     0.1200      1.297    1486.74     81.091     5.2434   8.478469  0.000e+00
     54.880     9.0614    34.5129    26.7269 1.5873e-01     0.1200      1.286    1486.74     81.100     5.2439   8.478469  0.000e+00
     54.865     9.0617    34.5125    26.7265 1.5873e-01     0.1200      1.278    1486.74     81.109     5.2445   8.478470  0.000e+00
     54.880     9.0615    34.5130    26.7269 1.4652e-01     0.1200      1.275    1486.74     81.118     5.2451   8.478470  0.000e+00
     54.891     9.0612    34.5130    26.7270 1.5873e-01     0.1200      1.275    1486.74     81.127     5.2457   8.478471  0.000e+00
     54.867     9.0615    34.5128    26.7268 1.5873e-01     0.1200      1.271    1486.74     81.136     5.2462   8.478471  0.000e+00
     54.891     9.0612    34.5132    26.7271 1.4652e-01     0.1200      1.271    1486.74     81.145     5.2468   8.478472  0.000e+00
     54.890     9.0615    34.5127    26.7267 1.4652e-01     0.1200      1.271    1486.74     81.154     5.2474   8.478472  0.000e+00
     54.891     9.0615    34.5125    26.7265 1.4652e-01     0.1200      1.275    1486.74     81.163     5.2480   8.478473  0.000e+00
     54.891     9.0619    34.5127    26.7267 1.4652e-01     0.1200      1.282    1486.74     81.233     5.2525   8.478473  0.000e+00
     54.891     9.0619    34.5130    26.7269 1.4652e-01     0.1200      1.289    1486.74     81.249     5.2535   8.478474  0.000e+00
     54.890     9.0619    34.5127    26.7266 1.5873e-01     0.1200      1.286    1486.74     81.202     5.2505   8.478474  0.000e+00
     54.903     9.0622    34.5123    26.7263 1.5873e-01     0.1200      1.278    1486.74     81.272     5.2550   8.478475  0.000e+00
     54.903     9.0620    34.5129    26.7267 1.5873e-01     0.1200      1.282    1486.74     81.226     5.2520   8.478475  0.000e+00
     54.903     9.0619    34.5125    26.7264 1.5873e-01     0.1200      1.297    1486.74     81.295     5.2565   8.478476  0.000e+00
     54.901     9.0620    34.5121    26.7262 1.4652e-01     0.1200      1.315    1486.74     81.303     5.2570   8.478476  0.000e+00
     54.916     9.0617    34.5126    26.7266 1.4652e-01     0.1200      1.326    1486.74     81.317     5.2579   8.478477  0.000e+00
     54.903     9.0617    34.5125    26.7265 1.4652e-01     0.1200      1.337    1486.74     81.331     5.2588   8.478477  0.000e+00
     54.916     9.0617    34.5123    26.7263 1.4652e-01     0.1200      1.344    1486.74     81.337     5.2592   8.478478  0.000e+00
     54.914     9.0617    34.5124    26.7264 1.4652e-01     0.1200      1.348    1486.74     81.343     5.2596   8.478478  0.000e+00
     54.916     9.0617    34.5124    26.7264 1.4652e-01     0.1200      1.344    1486.74     81.348     5.2599   8.478478  0.000e+00
     54.916     9.0617    34.5126    26.7266 1.4652e-01     0.1200      1.341    1486.74     81.353     5.2602   8.478479  0.000e+00
     54.916     9.0619    34.5126    26.7265 1.4652e-01     0.1200      1.344    1486.74     81.357     5.2605   8.478479  0.000e+00
     54.914     9.0615    34.5125    26.7266 1.4652e-01     0.1200      1.348    1486.74     81.360     5.2607   8.478480  0.000e+00
     54.927     9.0617    34.5123    26.7264 1.5873e-01     0.1200      1.341    1486.74     81.363     5.2609   8.478480  0.000e+00
     54.927     9.0614    34.5129    26.7269 1.4652e-01     0.1200      1.330    1486.74     81.365     5.2611   8.478481  0.000e+00
     54.916     9.0615    34.5127    26.7267 1.5873e-01     0.1200      1.319    1486.74     81.367     5.2612   8.478481  0.000e+00
     54.925     9.0614    34.5125    26.7265 1.5873e-01     0.1200      1.315    1486.74     81.368     5.2613   8.478482  0.000e+00
     54.927     9.0612    34.5124    26.7265 1.5873e-01     0.1200      1.326    1486.74     81.369     5.2613   8.478482  0.000e+00
     54.927     9.0610    34.5122    26.7263 1.5873e-01     0.1200      1.355    1486.74     81.369     5.2614   8.478483  0.000e+00
     54.927     9.0609    34.5119    26.7262 1.5873e-01     0.1200      1.392    1486.74     81.368     5.2613   8.478483  0.000e+00
     54.937     9.0607    34.5122    26.7264 1.4652e-01     0.1200      1.425    1486.74     81.367     5.2613   8.478484  0.000e+00
     54.927     9.0609    34.5124    26.7266 1.5873e-01     0.1200      1.454    1486.74     81.365     5.2611   8.478484  0.000e+00
     54.927     9.0607    34.5125    26.7267 1.7094e-01     0.1200      1.473    1486.74     81.363     5.2610   8.478485  0.000e+00
     54.940     9.0609    34.5122    26.7264 1.8315e-01     0.1200      1.469    1486.74     81.360     5.2608   8.478485  0.000e+00
     54.927     9.0609    34.5122    26.7264 1.8315e-01     0.1200      1.451    1486.74     81.357     5.2606   8.478486  0.000e+00
     54.937     9.0610    34.5121    26.7263 1.7094e-01     0.1200      1.429    1486.74     81.414     5.2643   8.478486  0.000e+00
     54.940     9.0612    34.5124    26.7265 1.7094e-01     0.1200      1.418    1486.74     81.355     5.2604   8.478487  0.000e+00
     54.940     9.0615    34.5121    26.7262 1.7094e-01     0.1200      1.410    1486.74     81.349     5.2600   8.478487  0.000e+00
     54.940     9.0614    34.5123    26.7264 1.5873e-01     0.1200      1.407    1486.74     81.405     5.2636   8.478488  0.000e+00
     54.937     9.0617    34.5123    26.7263 1.7094e-01     0.1200      1.399    1486.74     81.343     5.2596   8.478488  0.000e+00
     54.951     9.0619    34.5123    26.7263 1.5873e-01     0.1200      1.385    1486.74     81.336     5.2591   8.478489  0.000e+00
     54.927     9.0619    34.5120    26.7261 1.5873e-01     0.1200      1.385    1486.74     81.328     5.2586   8.478489  0.000e+00
     54.927     9.0619    34.5125    26.7265 1.5873e-01     0.1200      1.385    1486.74     81.319     5.2580   8.478490  0.000e+00
     54.961     9.0617    34.5125    26.7265 1.5873e-01     0.1200      1.392    1486.74     81.310     5.2575   8.478490  0.000e+00
     54.951     9.0617    34.5126    26.7266 1.5873e-01     0.1200      1.418    1486.74     81.300     5.2568   8.478491  0.000e+00
     54.951     9.0617    34.5122    26.7263 1.7094e-01     0.1200      1.469    1486.74     81.290     5.2562   8.478491  0.000e+00
     54.951     9.0619    34.5121    26.7262 1.7094e-01     0.1200      1.568    1486.74     81.279     5.2555   8.478492  0.000e+00
     54.950     9.0617    34.5125    26.7265 1.7094e-01     0.1200      1.762    1486.74     81.336     5.2592   8.478492  0.000e+00
     54.951     9.0619    34.5121    26.7261 1.7094e-01     0.1200      2.040    1486.74     81.277     5.2553   8.478492  0.000e+00
     54.963     9.0617    34.5125    26.7265 1.5873e-01     0.1200      2.282    1486.74     81.272     5.2550   8.478493  0.000e+00
     54.951     9.0617    34.5125    26.7265 1.5873e-01     0.1200      2.352    1486.74     81.266     5.2546   8.478493  0.000e+00
     54.961     9.0619    34.5124    26.7264 1.5873e-01     0.1200      2.187    1486.74     81.261     5.2543   8.478494  0.000e+00
     54.963     9.0619    34.5128    26.7267 1.5873e-01     0.1200      1.960    1486.74     81.255     5.2539   8.478494  0.000e+00
     54.963     9.0620    34.5122    26.7262 1.5873e-01     0.1200      1.813    1486.74     81.248     5.2534   8.478495  0.000e+00
     54.963     9.0620    34.5126    26.7265 1.5873e-01     0.1200      1.872    1486.74     81.242     5.2530   8.478495  0.000e+00
     54.974     9.0627    34.5127    26.7265 1.5873e-01     0.1200      2.081    1486.74     81.173     5.2485   8.478496  0.000e+00
     54.976     9.0630    34.5124    26.7262 1.5873e-01     0.1200      2.209    1486.74     81.221     5.2516   8.478496  0.000e+00
     54.976     9.0633    34.5127    26.7264 1.5873e-01     0.1200      2.234    1486.75     81.221     5.2515   8.478497  0.000e+00
     54.963     9.0635    34.5122    26.7260 1.5873e-01     0.1200      2.176    1486.75     81.221     5.2515   8.478497  0.000e+00
     54.985     9.0635    34.5122    26.7260 1.4652e-01     0.1200      2.062    1486.75     81.214     5.2511   8.478498  0.000e+00
     54.976     9.0636    34.5120    26.7258 1.5873e-01     0.1200      1.945    1486.75     81.214     5.2510   8.478498  0.000e+00
     54.987     9.0635    34.5119    26.7257 1.4652e-01     0.1200      1.850    1486.75     81.145     5.2466   8.478499  0.000e+00
     54.987     9.0628    34.5121    26.7260 1.4652e-01     0.1200      1.788    1486.74     81.199     5.2502   8.478499  0.000e+00
     54.985     9.0624    34.5125    26.7264 1.4652e-01     0.1200      1.747    1486.74     81.137     5.2462   8.478500  0.000e+00
     55.000     9.0620    34.5128    26.7267 1.4652e-01     0.1200      1.722    1486.74     81.192     5.2498   8.478500  0.000e+00
     54.987     9.0626    34.5128    26.7266 1.5873e-01     0.1200      1.707    1486.74     81.131     5.2458   8.478501  0.000e+00
     54.987     9.0627    34.5127    26.7265 1.5873e-01     0.1200      1.707    1486.74     81.124     5.2453   8.478501  0.000e+00
     54.997     9.0631    34.5123    26.7261 1.5873e-01     0.1200      1.729    1486.75     81.118     5.2449   8.478502  0.000e+00
     55.000     9.0631    34.5129    26.7266 1.7094e-01     0.1200      1.784    1486.75     81.112     5.2445   8.478502  0.000e+00
     55.000     9.0630    34.5129    26.7266 1.7094e-01     0.1200      1.883    1486.75     81.167     5.2481   8.478503  0.000e+00
     55.012     9.0633    34.5123    26.7261 1.7094e-01     0.1200      2.018    1486.75     81.107     5.2442   8.478503  0.000e+00
     54.997     9.0633    34.5126    26.7263 1.5873e-01     0.1200      2.136    1486.75     81.102     5.2438   8.478504  0.000e+00
     55.000     9.0631    34.5125    26.7263 1.5873e-01     0.1200      2.165    1486.75     81.097     5.2435   8.478504  0.000e+00
     55.012     9.0630    34.5127    26.7264 1.5873e-01     0.1200      2.048    1486.75     81.092     5.2432   8.478505  0.000e+00
     55.012     9.0630    34.5123    26.7261 1.4652e-01     0.1200      1.861    1486.74     81.087     5.2429   8.478505  0.000e+00
     55.010     9.0628    34.5123    26.7262 1.4652e-01     0.1200      1.689    1486.74     81.083     5.2427   8.478505  0.000e+00
     55.012     9.0627    34.5126    26.7265 1.4652e-01     0.1200      1.564    1486.74     81.079     5.2424   8.478506  0.000e+00
     55.000     9.0627    34.5125    26.7264 1.4652e-01     0.1200      1.491    1486.74     81.075     5.2422   8.478506  0.000e+00
     55.023     9.0628    34.5121    26.7260 1.4652e-01     0.1200      1.451    1486.74     81.072     5.2419   8.478507  0.000e+00
     55.021     9.0625    34.5128    26.7266 1.5873e-01     0.1200      1.432    1486.74     81.069     5.2418   8.478507  0.000e+00
     55.012     9.0627    34.5126    26.7264 1.8315e-01     0.1200      1.418    1486.74     81.066     5.2416   8.478508  0.000e+00
     55.023     9.0627    34.5126    26.7264 1.8315e-01     0.1200      1.410    1486.74     81.063     5.2414   8.478508  0.000e+00
     55.012     9.0625    34.5125    26.7263 1.7094e-01     0.1200      1.403    1486.74     81.061     5.2413   8.478509  0.000e+00
     55.021     9.0627    34.5126    26.7264 1.5873e-01     0.1200      1.385    1486.74     81.059     5.2411   8.478509  0.000e+00
     55.023     9.0626    34.5129    26.7267 1.5873e-01     0.1200      1.370    1486.74     81.064     5.2415   8.478510  0.000e+00
     55.023     9.0627    34.5126    26.7264 1.4652e-01     0.1200      1.352    1486.74     81.063     5.2414   8.478510  0.000e+00
     55.023     9.0625    34.5128    26.7266 1.5873e-01     0.1200      1.326    1486.74     81.062     5.2414   8.478511  0.000e+00
