RAWDATA/20190107/BO1_20190108_down.cnv
* Sea-Bird SBE 9 Data File:
* FileName = C:\CTD Brukere\NIVA\OKOKYST2019\20190107\BO1_20190108.hex
* Software Version Seasave V 7.23.2
* Temperature SN = 5352
* Conductivity SN = 3840
* Number of Bytes Per Scan = 28
* Number of Voltage Words = 4
* Number of Scans Averaged by the Deck Unit = 1
* NMEA baud rate = 4800
** Ship: R/V Trygve Braarud
** Cruise:
** Station:
** Operator:
# nquan = 12
# nvalues = 4788                                  
# units = specified
# name 0 = depSM: Depth [salt water, m], lat = 59.60
# name 1 = t090C: Temperature [ITS-90, deg C]
# name 2 = sal00: Salinity, Practical [PSU]
# name 3 = sigma-t00: Density [sigma-t, kg/m^3 ]
# name 4 = flSP: Fluorescence, Seapoint
# name 5 = wetStar: Fluorescence, WET Labs WETstar [mg/m^3]
# name 6 = seaTurbMtr: Turbidity, Seapoint [FTU]
# name 7 = svCM: Sound Velocity [Chen-Millero, m/s]
# name 8 = sbeox0PS: Oxygen, SBE 43 [% saturation]
# name 9 = sbeox0ML/L: Oxygen, SBE 43 [ml/l]
# name 10 = timeJ: Julian Days
# name 11 = flag:  0.000e+00
# span 0 =     -0.544,     59.221                 
# span 1 =     5.4826,     9.0703                 
# span 2 =     2.6434,    34.5264                 
# span 3 =     2.0551,    26.7364                 
# span 4 = 1.3431e-01, 7.3260e-01                 
# span 5 =     0.1200,     0.3642                 
# span 6 =      0.560,     15.000                 
# span 7 =    1432.65,    1486.85                 
# span 8 =     76.784,     95.884                 
# span 9 =     5.2158,     6.9885                 
# span 10 =   8.476713,   8.479022                
# span 11 = 0.0000e+00, 0.0000e+00                
# interval = seconds: 0.0416667
# start_time = Jan 08 2019 11:26:28 [System UpLoad Time]
# bad_flag = -9.990e-29
*END*
[from data line 1444]
     10.613     6.5666    31.7541    24.9187 2.1978e-01     0.2812      0.648    1473.07     88.825     6.1878   8.477409  0.000e+00
     10.655     6.5724    31.7653    24.9268 2.0757e-01     0.2787      0.637    1473.11     88.800     6.1848   8.477410  0.000e+00
     10.679     6.5766    31.7781    24.9363 2.1978e-01     0.2763      0.637    1473.14     88.716     6.1779   8.477410  0.000e+00
     10.703     6.5815    31.7845    24.9408 2.1978e-01     0.2775      0.637    1473.17     88.689     6.1750   8.477411  0.000e+00
     10.728     6.5885    31.7883    24.9429 2.0757e-01     0.2763      0.637    1473.20     88.611     6.1684   8.477411  0.000e+00
     10.757     6.5943    31.7979    24.9497 2.1978e-01     0.2775      0.637    1473.24     88.591     6.1658   8.477412  0.000e+00
     10.786     6.5962    31.8099    24.9589 2.1978e-01     0.2763      0.637    1473.26     88.574     6.1639   8.477412  0.000e+00
     10.799     6.5986    31.8146    24.9623 2.0757e-01     0.2738      0.634    1473.28     88.499     6.1581   8.477413  0.000e+00
     10.846     6.5989    31.8189    24.9657 2.1978e-01     0.2738      0.630    1473.29     88.483     6.1568   8.477413  0.000e+00
     10.846     6.6057    31.8166    24.9630 2.3199e-01     0.2714      0.630    1473.31     88.469     6.1549   8.477414  0.000e+00
     10.888     6.6193    31.8156    24.9604 2.4420e-01     0.2677      0.630    1473.36     88.459     6.1523   8.477414  0.000e+00
     10.906     6.6408    31.8272    24.9669 2.5641e-01     0.2690      0.630    1473.46     88.452     6.1483   8.477415  0.000e+00
     10.955     6.6647    31.8569    24.9872 2.6862e-01     0.2665      0.630    1473.59     88.387     6.1392   8.477415  0.000e+00
     10.942     6.6812    31.8998    25.0189 2.5641e-01     0.2653      0.626    1473.71     88.381     6.1346   8.477416  0.000e+00
     11.001     6.6879    31.9329    25.0441 2.4420e-01     0.2629      0.623    1473.78     88.372     6.1317   8.477416  0.000e+00
     11.001     6.6920    31.9506    25.0576 2.1978e-01     0.2616      0.623    1473.82     88.304     6.1257   8.477417  0.000e+00
     11.044     6.6931    31.9556    25.0613 2.3199e-01     0.2629      0.626    1473.83     88.296     6.1248   8.477417  0.000e+00
     11.061     6.6954    31.9572    25.0623 2.3199e-01     0.2616      0.626    1473.84     88.292     6.1241   8.477418  0.000e+00
     11.097     6.6989    31.9608    25.0647 2.3199e-01     0.2580      0.626    1473.86     88.292     6.1235   8.477418  0.000e+00
     11.097     6.7032    31.9656    25.0679 2.3199e-01     0.2555      0.637    1473.88     88.233     6.1186   8.477418  0.000e+00
     11.146     6.7233    31.9603    25.0611 2.3199e-01     0.2543      0.645    1473.96     88.225     6.1154   8.477419  0.000e+00
     11.157     6.7384    31.9831    25.0772 2.1978e-01     0.2555      0.637    1474.05     88.159     6.1077   8.477419  0.000e+00
     11.206     6.7442    32.0197    25.1053 2.1978e-01     0.2555      0.626    1474.11     88.152     6.1050   8.477420  0.000e+00
     11.212     6.7512    32.0353    25.1167 2.0757e-01     0.2555      0.623    1474.16     88.150     6.1032   8.477420  0.000e+00
     11.228     6.7589    32.0398    25.1191 2.0757e-01     0.2568      0.623    1474.20     88.082     6.0973   8.477421  0.000e+00
     11.277     6.7662    32.0507    25.1268 2.0757e-01     0.2580      0.626    1474.24     88.074     6.0952   8.477421  0.000e+00
     11.288     6.7758    32.0625    25.1348 2.0757e-01     0.2592      0.630    1474.29     88.069     6.0931   8.477422  0.000e+00
     11.325     6.7892    32.0740    25.1421 2.0757e-01     0.2580      0.626    1474.36     88.069     6.0907   8.477422  0.000e+00
     11.325     6.8100    32.0884    25.1508 1.9536e-01     0.2555      0.623    1474.46     88.064     6.0868   8.477423  0.000e+00
     11.372     6.8166    32.1259    25.1795 1.9536e-01     0.2519      0.623    1474.53     88.011     6.0808   8.477423  0.000e+00
     11.379     6.8112    32.1583    25.2057 1.9536e-01     0.2482      0.619    1474.55     88.009     6.0801   8.477424  0.000e+00
     11.421     6.8094    32.1603    25.2075 2.0757e-01     0.2458      0.615    1474.55     88.012     6.0805   8.477424  0.000e+00
     11.444     6.8164    32.1450    25.1946 2.0757e-01     0.2445      0.615    1474.56     87.957     6.0763   8.477425  0.000e+00
     11.468     6.8189    32.1479    25.1965 2.1978e-01     0.2433      0.615    1474.57     87.954     6.0756   8.477425  0.000e+00
     11.492     6.8288    32.1534    25.1996 2.1978e-01     0.2421      0.612    1474.62     87.954     6.0740   8.477426  0.000e+00
     11.528     6.8340    32.1661    25.2088 2.0757e-01     0.2433      0.608    1474.66     87.959     6.0731   8.477426  0.000e+00
     11.539     6.8183    32.1918    25.2311 2.0757e-01     0.2409      0.608    1474.63     87.970     6.0750   8.477427  0.000e+00
     11.575     6.8110    32.1884    25.2294 2.0757e-01     0.2421      0.608    1474.59     87.976     6.0767   8.477427  0.000e+00
     11.599     6.8310    32.1505    25.1970 1.9536e-01     0.2433      0.608    1474.62     87.923     6.0717   8.477428  0.000e+00
     11.643     6.8526    32.1412    25.1868 2.0757e-01     0.2409      0.612    1474.70     87.929     6.0694   8.477428  0.000e+00
     11.635     6.8673    32.1700    25.2076 2.0757e-01     0.2409      0.612    1474.79     87.931     6.0664   8.477429  0.000e+00
     11.708     6.8775    32.2042    25.2331 2.0757e-01     0.2372      0.612    1474.88     87.939     6.0641   8.477429  0.000e+00
     11.708     6.8888    32.2236    25.2470 2.0757e-01     0.2348      0.608    1474.94     87.950     6.0625   8.477430  0.000e+00
     11.743     6.8990    32.2382    25.2572 2.0757e-01     0.2348      0.608    1475.00     87.965     6.0615   8.477430  0.000e+00
     11.768     6.9052    32.2555    25.2699 1.9536e-01     0.2348      0.615    1475.05     87.915     6.0565   8.477431  0.000e+00
     11.803     6.9092    32.2700    25.2808 1.9536e-01     0.2348      0.623    1475.08     87.985     6.0602   8.477431  0.000e+00
     11.826     6.9115    32.2844    25.2919 1.9536e-01     0.2348      0.623    1475.11     87.943     6.0564   8.477432  0.000e+00
     11.875     6.9132    32.2927    25.2982 1.9536e-01     0.2311      0.615    1475.13     88.022     6.0613   8.477432  0.000e+00
     11.886     6.9152    32.2981    25.3021 2.0757e-01     0.2323      0.608    1475.14     87.979     6.0579   8.477432  0.000e+00
     11.910     6.9176    32.3036    25.3061 1.9536e-01     0.2323      0.604    1475.16     87.996     6.0584   8.477433  0.000e+00
     11.946     6.9187    32.3111    25.3119 2.0757e-01     0.2336      0.604    1475.17     88.016     6.0594   8.477433  0.000e+00
     11.965     6.9206    32.3162    25.3157 2.0757e-01     0.2348      0.608    1475.19     88.031     6.0600   8.477434  0.000e+00
     12.019     6.9221    32.3206    25.3190 2.0757e-01     0.2336      0.612    1475.20     88.051     6.0609   8.477434  0.000e+00
     12.019     6.9225    32.3257    25.3229 2.0757e-01     0.2336      0.619    1475.21     88.066     6.0617   8.477435  0.000e+00
     12.077     6.9232    32.3282    25.3248 2.0757e-01     0.2311      0.619    1475.22     88.084     6.0628   8.477435  0.000e+00
     12.077     6.9249    32.3303    25.3262 1.9536e-01     0.2323      0.615    1475.23     88.105     6.0639   8.477436  0.000e+00
     12.114     6.9251    32.3341    25.3292 1.9536e-01     0.2287      0.612    1475.23     88.060     6.0606   8.477436  0.000e+00
     12.150     6.9249    32.3373    25.3317 2.0757e-01     0.2274      0.612    1475.23     88.072     6.0613   8.477437  0.000e+00
     12.174     6.9283    32.3349    25.3294 2.0757e-01     0.2299      0.615    1475.25     88.149     6.0663   8.477437  0.000e+00
     12.210     6.9327    32.3333    25.3276 2.0757e-01     0.2323      0.612    1475.26     88.174     6.0674   8.477438  0.000e+00
     12.233     6.9336    32.3400    25.3327 2.0757e-01     0.2323      0.608    1475.27     88.203     6.0690   8.477438  0.000e+00
     12.281     6.9358    32.3460    25.3371 2.0757e-01     0.2299      0.601    1475.29     88.164     6.0658   8.477439  0.000e+00
     12.305     6.9395    32.3465    25.3370 2.0757e-01     0.2262      0.601    1475.31     88.183     6.0666   8.477439  0.000e+00
     12.317     6.9421    32.3473    25.3373 1.9536e-01     0.2274      0.601    1475.32     88.204     6.0676   8.477440  0.000e+00
     12.365     6.9449    32.3500    25.3391 2.0757e-01     0.2250      0.601    1475.33     88.282     6.0725   8.477440  0.000e+00
     12.388     6.9506    32.3529    25.3406 2.1978e-01     0.2238      0.604    1475.36     88.246     6.0691   8.477441  0.000e+00
     12.412     6.9567    32.3573    25.3432 2.0757e-01     0.2226      0.608    1475.39     88.267     6.0695   8.477441  0.000e+00
     12.448     6.9629    32.3643    25.3479 2.0757e-01     0.2238      0.612    1475.42     88.290     6.0700   8.477442  0.000e+00
     12.472     6.9697    32.3730    25.3539 2.0757e-01     0.2250      0.615    1475.46     88.370     6.0741   8.477442  0.000e+00
     12.497     6.9748    32.3834    25.3615 1.9536e-01     0.2250      0.615    1475.49     88.397     6.0749   8.477443  0.000e+00
     12.544     6.9773    32.3961    25.3711 2.0757e-01     0.2250      0.623    1475.52     88.419     6.0755   8.477443  0.000e+00
     12.557     6.9773    32.4094    25.3816 2.0757e-01     0.2238      0.619    1475.54     88.442     6.0766   8.477444  0.000e+00
     12.592     6.9782    32.4175    25.3878 1.9536e-01     0.2238      0.615    1475.55     88.467     6.0778   8.477444  0.000e+00
     12.628     6.9796    32.4241    25.3928 2.0757e-01     0.2226      0.608    1475.56     88.486     6.0787   8.477445  0.000e+00
     12.652     6.9817    32.4278    25.3955 2.1978e-01     0.2226      0.604    1475.58     88.505     6.0796   8.477445  0.000e+00
     12.676     6.9825    32.4318    25.3985 2.0757e-01     0.2226      0.604    1475.59     88.526     6.0807   8.477446  0.000e+00
     12.712     6.9824    32.4382    25.4036 2.0757e-01     0.2226      0.604    1475.59     88.549     6.0821   8.477446  0.000e+00
     12.748     6.9827    32.4420    25.4065 2.0757e-01     0.2238      0.612    1475.60     88.573     6.0835   8.477446  0.000e+00
     12.772     6.9827    32.4435    25.4077 2.0757e-01     0.2226      0.612    1475.60     88.590     6.0846   8.477447  0.000e+00
     12.795     6.9830    32.4435    25.4076 2.0757e-01     0.2189      0.604    1475.60     88.608     6.0858   8.477447  0.000e+00
     12.830     6.9831    32.4446    25.4085 2.0757e-01     0.2177      0.601    1475.61     88.627     6.0871   8.477448  0.000e+00
     12.855     6.9838    32.4453    25.4090 2.0757e-01     0.2213      0.604    1475.61     88.639     6.0878   8.477448  0.000e+00
     12.890     6.9840    32.4480    25.4110 2.0757e-01     0.2201      0.619    1475.62     88.652     6.0885   8.477449  0.000e+00
     12.903     6.9846    32.4489    25.4117 2.0757e-01     0.2177      0.623    1475.62     88.665     6.0893   8.477449  0.000e+00
     12.939     6.9848    32.4502    25.4127 2.0757e-01     0.2165      0.612    1475.62     88.680     6.0902   8.477450  0.000e+00
     12.963     6.9854    32.4513    25.4134 2.0757e-01     0.2177      0.604    1475.63     88.694     6.0911   8.477450  0.000e+00
     12.999     6.9862    32.4531    25.4148 1.9536e-01     0.2201      0.597    1475.63     88.709     6.0919   8.477451  0.000e+00
     13.023     6.9885    32.4539    25.4151 2.0757e-01     0.2226      0.593    1475.64     88.717     6.0921   8.477451  0.000e+00
     13.046     6.9895    32.4572    25.4175 2.0757e-01     0.2226      0.597    1475.65     88.725     6.0924   8.477452  0.000e+00
     13.070     6.9891    32.4624    25.4217 1.9536e-01     0.2250      0.597    1475.66     88.734     6.0929   8.477452  0.000e+00
     13.094     6.9884    32.4669    25.4254 2.0757e-01     0.2250      0.593    1475.66     88.743     6.0934   8.477453  0.000e+00
     13.130     6.9878    32.4672    25.4257 1.9536e-01     0.2250      0.597    1475.66     88.753     6.0942   8.477453  0.000e+00
     13.154     6.9879    32.4672    25.4256 2.0757e-01     0.2238      0.597    1475.66     88.763     6.0948   8.477454  0.000e+00
     13.190     6.9881    32.4678    25.4261 2.0757e-01     0.2250      0.597    1475.66     88.765     6.0949   8.477454  0.000e+00
     13.201     6.9895    32.4672    25.4254 2.1978e-01     0.2213      0.601    1475.67     88.774     6.0954   8.477455  0.000e+00
     13.190     6.9905    32.4687    25.4265 2.1978e-01     0.2201      0.604    1475.67     88.776     6.0953   8.477455  0.000e+00
     13.277     6.9923    32.4703    25.4275 2.1978e-01     0.2201      0.612    1475.68     88.849     6.1000   8.477456  0.000e+00
     13.274     6.9939    32.4732    25.4295 2.0757e-01     0.2189      0.612    1475.69     88.858     6.1003   8.477456  0.000e+00
     13.310     6.9956    32.4764    25.4319 2.0757e-01     0.2189      0.612    1475.70     88.868     6.1006   8.477457  0.000e+00
     13.321     6.9980    32.4798    25.4342 2.0757e-01     0.2165      0.612    1475.72     88.877     6.1007   8.477457  0.000e+00
     13.357     6.9997    32.4849    25.4380 2.0757e-01     0.2177      0.612    1475.73     88.886     6.1009   8.477458  0.000e+00
     13.381     7.0007    32.4898    25.4417 2.0757e-01     0.2177      0.612    1475.74     88.894     6.1011   8.477458  0.000e+00
     13.405     7.0011    32.4939    25.4449 2.1978e-01     0.2201      0.615    1475.75     88.903     6.1015   8.477459  0.000e+00
     13.417     7.0014    32.4958    25.4464 2.0757e-01     0.2189      0.623    1475.75     88.972     6.1062   8.477459  0.000e+00
     13.465     7.0023    32.4973    25.4474 2.1978e-01     0.2189      0.641    1475.76     88.988     6.1070   8.477459  0.000e+00
     13.477     7.0025    32.4990    25.4487 2.0757e-01     0.2201      0.652    1475.76     88.994     6.1074   8.477460  0.000e+00
     13.512     7.0041    32.4997    25.4491 2.0757e-01     0.2201      0.652    1475.77     88.999     6.1075   8.477460  0.000e+00
     13.525     7.0060    32.5016    25.4503 1.9536e-01     0.2165      0.648    1475.78     89.012     6.1080   8.477461  0.000e+00
     13.553     7.0076    32.5053    25.4530 2.0757e-01     0.2140      0.678    1475.79     89.023     6.1084   8.477461  0.000e+00
     13.585     7.0082    32.5098    25.4565 2.1978e-01     0.2128      0.718    1475.80     89.034     6.1089   8.477462  0.000e+00
     13.597     7.0125    32.5100    25.4561 2.3199e-01     0.2152      0.740    1475.82     89.098     6.1127   8.477462  0.000e+00
     13.632     7.0177    32.5152    25.4595 2.1978e-01     0.2152      0.751    1475.84     89.107     6.1123   8.477463  0.000e+00
     13.657     7.0201    32.5269    25.4683 2.1978e-01     0.2140      0.744    1475.87     89.114     6.1120   8.477463  0.000e+00
     13.704     7.0207    32.5358    25.4753 2.0757e-01     0.2128      0.725    1475.88     89.129     6.1126   8.477464  0.000e+00
     13.704     7.0204    32.5383    25.4773 1.9536e-01     0.2152      0.707    1475.88     89.072     6.1086   8.477464  0.000e+00
     13.752     7.0196    32.5374    25.4767 1.9536e-01     0.2140      0.685    1475.88     89.132     6.1129   8.477465  0.000e+00
     13.764     7.0204    32.5338    25.4738 1.9536e-01     0.2152      0.659    1475.88     89.135     6.1131   8.477465  0.000e+00
     13.799     7.0257    32.5323    25.4718 1.9536e-01     0.2128      0.641    1475.90     89.144     6.1131   8.477466  0.000e+00
     13.815     7.0373    32.5368    25.4739 1.9536e-01     0.2104      0.630    1475.95     89.152     6.1118   8.477466  0.000e+00
