RAWDATA/20190107/BO1_20190108_down.cnv
* Sea-Bird SBE 9 Data File:
* FileName = C:\CTD Brukere\NIVA\OKOKYST2019\20190107\BO1_20190108.hex
* Software Version Seasave V 7.23.2
* Temperature SN = 5352
* Conductivity SN = 3840
* Number of Bytes Per Scan = 28
* Number of Voltage Words = 4
* Number of Scans Averaged by the Deck Unit = 1
* NMEA baud rate = 4800
** Ship: R/V Trygve Braarud
** Cruise:
** Station:
** Operator:
# nquan = 12
# nvalues = 4788                                  
# units = specified
# name 0 = depSM: Depth [salt water, m], lat = 59.60
# name 1 = t090C: Temperature [ITS-90, deg C]
# name 2 = sal00: Salinity, Practical [PSU]
# name 3 = sigma-t00: Density [sigma-t, kg/m^3 ]
# name 4 = flSP: Fluorescence, Seapoint
# name 5 = wetStar: Fluorescence, WET Labs WETstar [mg/m^3]
# name 6 = seaTurbMtr: Turbidity, Seapoint [FTU]
# name 7 = svCM: Sound Velocity [Chen-Millero, m/s]
# name 8 = sbeox0PS: Oxygen, SBE 43 [% saturation]
# name 9 = sbeox0ML/L: Oxygen, SBE 43 [ml/l]
# name 10 = timeJ: Julian Days
# name 11 = flag:  0.000e+00
# span 0 =     -0.544,     59.221                 
# span 1 =     5.4826,     9.0703                 
# span 2 =     2.6434,    34.5264                 
# span 3 =     2.0551,    26.7364                 
# span 4 = 1.3431e-01, 7.3260e-01                 
# span 5 =     0.1200,     0.3642                 
# span 6 =      0.560,     15.000                 
# span 7 =    1432.65,    1486.85                 
# span 8 =     76.784,     95.884                 
# span 9 =     5.2158,     6.9885                 
# span 10 =   8.476713,   8.479022                
# span 11 = 0.0000e+00, 0.0000e+00                
# interval = seconds: 0.0416667
# start_time = Jan 08 2019 11:26:28 [System UpLoad Time]
# bad_flag = -9.990e-29
*END*
[from data line 2407]
     32.491     8.8673    34.3272    26.6123 1.7094e-01     0.1200      1.073    1485.42     83.374     5.4207   8.477874  0.000e+00
     32.527     8.8671    34.3267    26.6120 1.5873e-01     0.1200      0.971    1485.42     83.382     5.4212   8.477874  0.000e+00
     32.540     8.8668    34.3268    26.6121 1.5873e-01     0.1200      0.956    1485.42     83.390     5.4217   8.477875  0.000e+00
     32.576     8.8670    34.3266    26.6119 1.5873e-01     0.1200      1.055    1485.42     83.397     5.4222   8.477875  0.000e+00
     32.587     8.8677    34.3277    26.6126 1.4652e-01     0.1200      1.242    1485.43     83.403     5.4224   8.477876  0.000e+00
     32.611     8.8687    34.3286    26.6132 1.5873e-01     0.1200      1.527    1485.43     83.409     5.4227   8.477876  0.000e+00
     32.623     8.8704    34.3294    26.6136 1.5873e-01     0.1200      1.799    1485.44     83.352     5.4188   8.477877  0.000e+00
     32.647     8.8710    34.3308    26.6146 1.5873e-01     0.1200      1.905    1485.44     83.350     5.4185   8.477877  0.000e+00
     32.671     8.8714    34.3310    26.6147 1.5873e-01     0.1200      1.791    1485.44     83.348     5.4183   8.477878  0.000e+00
     32.696     8.8715    34.3313    26.6149 1.5873e-01     0.1200      1.692    1485.45     83.345     5.4181   8.477878  0.000e+00
     32.718     8.8721    34.3310    26.6145 1.7094e-01     0.1200      1.773    1485.45     83.342     5.4179   8.477879  0.000e+00
     32.743     8.8719    34.3318    26.6152 1.5873e-01     0.1200      2.234    1485.45     83.339     5.4176   8.477879  0.000e+00
     32.767     8.8718    34.3321    26.6155 1.5873e-01     0.1200      2.791    1485.45     83.336     5.4174   8.477880  0.000e+00
     32.778     8.8721    34.3322    26.6155 1.5873e-01     0.1200      2.982    1485.45     83.332     5.4171   8.477880  0.000e+00
     32.803     8.8726    34.3321    26.6154 1.5873e-01     0.1200      2.923    1485.45     83.327     5.4168   8.477880  0.000e+00
     32.827     8.8732    34.3330    26.6159 1.5873e-01     0.1200      2.799    1485.46     83.323     5.4164   8.477881  0.000e+00
     32.851     8.8736    34.3336    26.6163 1.5873e-01     0.1200      2.714    1485.46     83.257     5.4121   8.477881  0.000e+00
     32.863     8.8739    34.3339    26.6165 1.5873e-01     0.1200      2.509    1485.46     83.246     5.4113   8.477882  0.000e+00
     32.889     8.8740    34.3342    26.6168 1.5873e-01     0.1200      2.212    1485.46     83.295     5.4145   8.477882  0.000e+00
     32.923     8.8741    34.3343    26.6168 1.5873e-01     0.1200      2.022    1485.46     83.229     5.4102   8.477883  0.000e+00
     32.936     8.8741    34.3342    26.6168 1.5873e-01     0.1200      2.040    1485.46     83.217     5.4094   8.477883  0.000e+00
     32.958     8.8741    34.3344    26.6169 1.5873e-01     0.1200      1.923    1485.46     83.205     5.4086   8.477884  0.000e+00
     32.971     8.8741    34.3343    26.6168 1.5873e-01     0.1200      1.817    1485.46     83.194     5.4078   8.477884  0.000e+00
     32.996     8.8741    34.3342    26.6168 1.5873e-01     0.1200      1.978    1485.46     83.182     5.4071   8.477885  0.000e+00
     33.032     8.8738    34.3342    26.6168 1.5873e-01     0.1200      2.040    1485.46     83.170     5.4064   8.477885  0.000e+00
     33.032     8.8739    34.3345    26.6170 1.5873e-01     0.1200      2.055    1485.46     83.158     5.4055   8.477886  0.000e+00
     33.043     8.8742    34.3346    26.6171 1.5873e-01     0.1200      2.322    1485.47     83.085     5.4007   8.477886  0.000e+00
     33.079     8.8743    34.3349    26.6172 1.7094e-01     0.1200      2.484    1485.47     83.066     5.3995   8.477887  0.000e+00
     33.103     8.8744    34.3343    26.6168 1.7094e-01     0.1200      2.366    1485.47     83.048     5.3984   8.477887  0.000e+00
     33.114     8.8742    34.3346    26.6170 1.5873e-01     0.1200      2.161    1485.47     83.030     5.3972   8.477888  0.000e+00
     33.139     8.8743    34.3348    26.6172 1.5873e-01     0.1200      1.945    1485.47     83.013     5.3960   8.477888  0.000e+00
     33.163     8.8744    34.3349    26.6172 1.5873e-01     0.1200      1.813    1485.47     82.995     5.3949   8.477889  0.000e+00
     33.187     8.8747    34.3348    26.6171 1.4652e-01     0.1200      2.000    1485.47     82.978     5.3938   8.477889  0.000e+00
     33.187     8.8747    34.3350    26.6173 1.5873e-01     0.1200      2.370    1485.47     82.961     5.3927   8.477890  0.000e+00
     33.223     8.8750    34.3354    26.6175 1.5873e-01     0.1200      2.505    1485.47     82.952     5.3920   8.477890  0.000e+00
     33.223     8.8749    34.3357    26.6178 1.5873e-01     0.1200      2.238    1485.47     82.882     5.3875   8.477891  0.000e+00
     33.247     8.8747    34.3355    26.6177 1.5873e-01     0.1200      1.861    1485.47     82.868     5.3865   8.477891  0.000e+00
     33.285     8.8750    34.3352    26.6173 1.4652e-01     0.1200      1.623    1485.47     82.854     5.3856   8.477892  0.000e+00
     33.283     8.8747    34.3355    26.6177 1.4652e-01     0.1200      1.619    1485.47     82.841     5.3848   8.477892  0.000e+00
     33.319     8.8746    34.3361    26.6182 1.5873e-01     0.1200      1.645    1485.47     82.829     5.3840   8.477893  0.000e+00
     33.332     8.8747    34.3356    26.6177 1.5873e-01     0.1200      1.590    1485.47     82.817     5.3833   8.477893  0.000e+00
     33.354     8.8747    34.3357    26.6178 1.5873e-01     0.1200      1.527    1485.47     82.807     5.3826   8.477894  0.000e+00
     33.354     8.8751    34.3359    26.6179 1.5873e-01     0.1200      1.615    1485.48     82.797     5.3819   8.477894  0.000e+00
     33.390     8.8752    34.3360    26.6180 1.4652e-01     0.1200      1.531    1485.48     82.789     5.3813   8.477894  0.000e+00
     33.414     8.8750    34.3361    26.6181 1.5873e-01     0.1200      1.352    1485.48     82.727     5.3773   8.477895  0.000e+00
     33.427     8.8750    34.3361    26.6181 1.4652e-01     0.1200      1.238    1485.48     82.775     5.3804   8.477895  0.000e+00
     33.439     8.8752    34.3361    26.6181 1.5873e-01     0.1200      1.363    1485.48     82.776     5.3805   8.477896  0.000e+00
     33.475     8.8753    34.3362    26.6181 1.5873e-01     0.1200      1.766    1485.48     82.779     5.3807   8.477896  0.000e+00
     33.463     8.8752    34.3360    26.6180 1.5873e-01     0.1200      2.136    1485.48     82.783     5.3809   8.477897  0.000e+00
     33.512     8.8751    34.3361    26.6180 1.5873e-01     0.1200      2.212    1485.48     82.788     5.3813   8.477897  0.000e+00
     33.510     8.8750    34.3364    26.6183 1.4652e-01     0.1200      2.158    1485.48     82.794     5.3817   8.477898  0.000e+00
     33.548     8.8749    34.3363    26.6183 1.4652e-01     0.1200      2.040    1485.48     82.802     5.3822   8.477898  0.000e+00
     33.548     8.8747    34.3361    26.6181 1.4652e-01     0.1200      1.842    1485.48     82.810     5.3828   8.477899  0.000e+00
     33.570     8.8752    34.3369    26.6186 1.4652e-01     0.1200      1.608    1485.48     82.820     5.3833   8.477899  0.000e+00
     33.595     8.8758    34.3374    26.6190 1.4652e-01     0.1200      1.436    1485.48     82.831     5.3839   8.477900  0.000e+00
     33.608     8.8764    34.3379    26.6193 1.5873e-01     0.1200      1.300    1485.49     82.835     5.3842   8.477900  0.000e+00
     33.630     8.8768    34.3379    26.6192 1.5873e-01     0.1200      1.205    1485.49     82.841     5.3845   8.477901  0.000e+00
     33.655     8.8771    34.3380    26.6192 1.4652e-01     0.1200      1.179    1485.49     82.848     5.3849   8.477901  0.000e+00
     33.668     8.8778    34.3382    26.6193 1.4652e-01     0.1200      1.436    1485.49     82.855     5.3853   8.477902  0.000e+00
     33.668     8.8780    34.3383    26.6194 1.4652e-01     0.1200      2.161    1485.49     82.863     5.3858   8.477902  0.000e+00
     33.703     8.8776    34.3384    26.6195 1.4652e-01     0.1200      2.549    1485.49     82.872     5.3864   8.477903  0.000e+00
     33.715     8.8774    34.3380    26.6192 1.5873e-01     0.1200      2.429    1485.49     82.882     5.3871   8.477903  0.000e+00
     33.739     8.8776    34.3381    26.6192 1.5873e-01     0.1200      2.278    1485.49     82.954     5.3917   8.477904  0.000e+00
     33.763     8.8776    34.3385    26.6195 1.5873e-01     0.1200      2.022    1485.49     82.973     5.3929   8.477904  0.000e+00
     33.775     8.8783    34.3397    26.6204 1.5873e-01     0.1200      1.758    1485.50     82.991     5.3940   8.477905  0.000e+00
     33.786     8.8792    34.3410    26.6212 1.4652e-01     0.1200      1.656    1485.50     83.004     5.3946   8.477905  0.000e+00
     33.823     8.8797    34.3412    26.6213 1.4652e-01     0.1200      1.934    1485.51     83.016     5.3954   8.477906  0.000e+00
     33.823     8.8801    34.3415    26.6215 1.4652e-01     0.1200      2.004    1485.51     83.036     5.3966   8.477906  0.000e+00
     33.859     8.8804    34.3419    26.6218 1.4652e-01     0.1200      1.769    1485.51     83.050     5.3975   8.477907  0.000e+00
     33.859     8.8817    34.3424    26.6220 1.5873e-01     0.1200      1.473    1485.52     83.124     5.4022   8.477907  0.000e+00
     33.884     8.8823    34.3437    26.6229 1.5873e-01     0.1200      1.315    1485.52     83.145     5.4034   8.477908  0.000e+00
     33.906     8.8839    34.3442    26.6230 1.5873e-01     0.1200      1.319    1485.53     83.166     5.4045   8.477908  0.000e+00
     33.931     8.8851    34.3449    26.6234 1.5873e-01     0.1200      1.297    1485.53     83.186     5.4057   8.477908  0.000e+00
     33.944     8.8865    34.3459    26.6239 1.5873e-01     0.1200      1.447    1485.54     83.207     5.4068   8.477909  0.000e+00
     33.968     8.8877    34.3473    26.6249 1.5873e-01     0.1200      1.469    1485.55     83.227     5.4079   8.477909  0.000e+00
     33.991     8.8889    34.3484    26.6256 1.5873e-01     0.1200      1.414    1485.55     83.302     5.4126   8.477910  0.000e+00
     34.004     8.8904    34.3492    26.6259 1.5873e-01     0.1200      1.744    1485.56     83.260     5.4097   8.477910  0.000e+00
     34.026     8.8907    34.3506    26.6270 1.5873e-01     0.1200      2.117    1485.56     83.334     5.4144   8.477911  0.000e+00
     34.051     8.8917    34.3522    26.6280 1.5873e-01     0.1200      2.223    1485.57     83.353     5.4155   8.477911  0.000e+00
     34.062     8.8944    34.3546    26.6295 1.5873e-01     0.1200      2.505    1485.58     83.371     5.4162   8.477912  0.000e+00
     34.075     8.8976    34.3575    26.6313 1.5873e-01     0.1200      2.451    1485.60     83.388     5.4169   8.477912  0.000e+00
     34.112     8.8996    34.3594    26.6325 1.5873e-01     0.1200      2.044    1485.61     83.406     5.4177   8.477913  0.000e+00
     34.135     8.9014    34.3603    26.6328 1.5873e-01     0.1200      1.667    1485.62     83.483     5.4225   8.477913  0.000e+00
     34.146     8.9035    34.3613    26.6333 1.5873e-01     0.1200      1.451    1485.62     83.506     5.4236   8.477914  0.000e+00
     34.159     8.9056    34.3629    26.6342 1.4652e-01     0.1200      1.388    1485.63     83.520     5.4243   8.477914  0.000e+00
     34.195     8.9066    34.3634    26.6345 1.4652e-01     0.1200      1.374    1485.64     83.533     5.4250   8.477915  0.000e+00
     34.206     8.9065    34.3634    26.6345 1.5873e-01     0.1200      1.355    1485.64     83.546     5.4258   8.477915  0.000e+00
     34.232     8.9075    34.3634    26.6343 1.4652e-01     0.1200      1.282    1485.64     83.557     5.4264   8.477916  0.000e+00
     34.255     8.9088    34.3650    26.6354 1.4652e-01     0.1200      1.198    1485.65     83.567     5.4268   8.477916  0.000e+00
     34.267     8.9097    34.3666    26.6365 1.4652e-01     0.1200      1.121    1485.66     83.575     5.4273   8.477917  0.000e+00
     34.302     8.9101    34.3677    26.6373 1.4652e-01     0.1200      1.088    1485.66     83.583     5.4277   8.477917  0.000e+00
     34.327     8.9111    34.3683    26.6376 1.5873e-01     0.1200      1.172    1485.66     83.651     5.4319   8.477918  0.000e+00
     34.351     8.9119    34.3690    26.6380 1.4652e-01     0.1200      1.297    1485.67     83.663     5.4326   8.477918  0.000e+00
     34.364     8.9121    34.3694    26.6383 1.4652e-01     0.1200      1.238    1485.67     83.666     5.4328   8.477919  0.000e+00
     34.387     8.9122    34.3688    26.6378 1.4652e-01     0.1200      1.062    1485.67     83.614     5.4294   8.477919  0.000e+00
     34.411     8.9126    34.3696    26.6384 1.5873e-01     0.1200      0.963    1485.67     83.676     5.4333   8.477920  0.000e+00
     34.447     8.9127    34.3701    26.6387 1.4652e-01     0.1200      1.018    1485.67     83.682     5.4337   8.477920  0.000e+00
     34.447     8.9129    34.3703    26.6389 1.4652e-01     0.1200      1.033    1485.68     83.687     5.4340   8.477921  0.000e+00
     34.484     8.9131    34.3712    26.6396 1.4652e-01     0.1200      1.114    1485.68     83.690     5.4341   8.477921  0.000e+00
     34.507     8.9135    34.3714    26.6396 1.4652e-01     0.1200      1.187    1485.68     83.692     5.4342   8.477921  0.000e+00
     34.531     8.9142    34.3715    26.6396 1.4652e-01     0.1200      1.110    1485.68     83.693     5.4342   8.477922  0.000e+00
     34.555     8.9149    34.3723    26.6401 1.4652e-01     0.1200      1.073    1485.69     83.692     5.4340   8.477922  0.000e+00
     34.567     8.9153    34.3724    26.6401 1.4652e-01     0.1200      1.209    1485.69     83.689     5.4338   8.477923  0.000e+00
     34.604     8.9154    34.3728    26.6404 1.5873e-01     0.1200      1.322    1485.69     83.686     5.4335   8.477923  0.000e+00
     34.627     8.9156    34.3730    26.6406 1.4652e-01     0.1200      1.377    1485.69     83.681     5.4331   8.477924  0.000e+00
     34.638     8.9161    34.3735    26.6409 1.5873e-01     0.1200      1.333    1485.69     83.674     5.4326   8.477924  0.000e+00
     34.676     8.9161    34.3739    26.6412 1.4652e-01     0.1200      1.183    1485.70     83.666     5.4321   8.477925  0.000e+00
     34.698     8.9166    34.3736    26.6409 1.4652e-01     0.1200      1.015    1485.70     83.656     5.4314   8.477925  0.000e+00
     34.723     8.9166    34.3737    26.6410 1.4652e-01     0.1200      0.916    1485.70     83.645     5.4307   8.477926  0.000e+00
     34.736     8.9165    34.3742    26.6413 1.4652e-01     0.1200      0.952    1485.70     83.633     5.4299   8.477926  0.000e+00
     34.771     8.9167    34.3740    26.6412 1.4652e-01     0.1200      1.070    1485.70     83.619     5.4290   8.477927  0.000e+00
     34.796     8.9167    34.3748    26.6418 1.4652e-01     0.1200      1.282    1485.70     83.611     5.4284   8.477927  0.000e+00
     34.796     8.9170    34.3750    26.6419 1.4652e-01     0.1200      1.546    1485.70     83.602     5.4278   8.477928  0.000e+00
     34.843     8.9174    34.3749    26.6418 1.4652e-01     0.1200      1.571    1485.70     83.591     5.4271   8.477928  0.000e+00
     34.856     8.9177    34.3757    26.6424 1.4652e-01     0.1200      1.352    1485.71     83.580     5.4263   8.477929  0.000e+00
     34.891     8.9185    34.3763    26.6427 1.4652e-01     0.1200      1.139    1485.71     83.506     5.4213   8.477929  0.000e+00
     34.903     8.9191    34.3766    26.6428 1.4652e-01     0.1200      1.051    1485.71     83.547     5.4239   8.477930  0.000e+00
     34.938     8.9199    34.3768    26.6429 1.4652e-01     0.1200      1.147    1485.72     83.532     5.4229   8.477930  0.000e+00
     34.951     8.9206    34.3773    26.6432 1.5873e-01     0.1200      1.300    1485.72     83.523     5.4222   8.477931  0.000e+00
