RAWDATA/20190107/D2_20190107.cnv
* Sea-Bird SBE 9 Data File:
* FileName = C:\CTD Brukere\NIVA\OKOKYST2019\20190107\D2_20190107.hex
* Software Version Seasave V 7.23.2
* Temperature SN = 5352
* Conductivity SN = 3840
* Number of Bytes Per Scan = 28
* Number of Voltage Words = 4
* Number of Scans Averaged by the Deck Unit = 1
* NMEA baud rate = 4800
** Ship: R/V Trygve Braarud
** Cruise:
** Station:
** Operator:
# nquan = 12
# nvalues = 7697                                  
# units = specified
# name 0 = depSM: Depth [salt water, m], lat = 59.60
# name 1 = potemp090C: Potential Temperature [ITS-90, deg C]
# name 2 = sal00: Salinity, Practical [PSU]
# name 3 = sigma-t00: Density [sigma-t, kg/m^3 ]
# name 4 = flSP: Fluorescence, Seapoint
# name 5 = wetStar: Fluorescence, WET Labs WETstar [mg/m^3]
# name 6 = seaTurbMtr: Turbidity, Seapoint [FTU]
# name 7 = svCM: Sound Velocity [Chen-Millero, m/s]
# name 8 = sbeox0PS: Oxygen, SBE 43 [% saturation]
# name 9 = sbeox0ML/L: Oxygen, SBE 43 [ml/l]
# name 10 = timeJ: Julian Days
# name 11 = flag:  0.000e+00
# span 0 =     -0.162,    114.712                 
# span 1 =     0.8873,    11.1213                 
# span 2 =     3.5113,    31.5200                 
# span 3 =     2.7474,    24.6319                 
# span 4 = 1.9536e-01, 8.7912e-01                 
# span 5 =     0.4607,     2.0565                 
# span 6 =      0.454,      2.110                 
# span 7 =    1411.56,    1486.33                 
# span 8 =      0.286,     95.625                 
# span 9 =     0.0196,     8.6784                 
# span 10 =   7.608727,   7.612438                
# span 11 = 0.0000e+00, 0.0000e+00                
# interval = seconds: 0.0416667
# start_time = Jan 07 2019 14:36:34 [System UpLoad Time]
# bad_flag = -9.990e-29
*END*
[from data line 6136]
    109.692     7.3619    31.5107    24.6217 3.2967e-01     1.1102      0.623    1477.55      0.387     0.0265   7.611686  0.000e+00
    109.705     7.3622    31.5103    24.6214 3.2967e-01     1.1127      0.619    1477.55      0.384     0.0263   7.611686  0.000e+00
    109.698     7.3619    31.5105    24.6216 3.2967e-01     1.1115      0.615    1477.55      0.381     0.0261   7.611687  0.000e+00
    109.692     7.3620    31.5106    24.6217 3.2967e-01     1.1139      0.612    1477.55      0.379     0.0260   7.611687  0.000e+00
    109.692     7.3619    31.5106    24.6217 3.2967e-01     1.1139      0.601    1477.55      0.440     0.0301   7.611688  0.000e+00
    109.692     7.3619    31.5105    24.6216 3.2967e-01     1.1115      0.612    1477.55      0.446     0.0305   7.611688  0.000e+00
    109.685     7.3622    31.5103    24.6214 3.2967e-01     1.1102      0.612    1477.55      0.389     0.0266   7.611689  0.000e+00
    109.716     7.3621    31.5103    24.6214 3.2967e-01     1.1102      0.575    1477.55      0.450     0.0308   7.611689  0.000e+00
    109.692     7.3619    31.5106    24.6217 3.2967e-01     1.1078      0.538    1477.55      0.393     0.0269   7.611690  0.000e+00
    109.698     7.3623    31.5104    24.6215 3.2967e-01     1.1078      0.513    1477.56      0.447     0.0306   7.611690  0.000e+00
    109.692     7.3619    31.5109    24.6219 3.2967e-01     1.1102      0.495    1477.55      0.453     0.0310   7.611691  0.000e+00
    109.692     7.3623    31.5105    24.6216 3.2967e-01     1.1127      0.484    1477.56      0.459     0.0314   7.611691  0.000e+00
    109.692     7.3621    31.5107    24.6217 3.2967e-01     1.1127      0.480    1477.55      0.465     0.0318   7.611692  0.000e+00
    109.698     7.3622    31.5101    24.6212 3.2967e-01     1.1151      0.480    1477.55      0.463     0.0317   7.611692  0.000e+00
    109.692     7.3623    31.5102    24.6213 3.2967e-01     1.1151      0.480    1477.55      0.460     0.0315   7.611693  0.000e+00
    109.692     7.3620    31.5105    24.6215 3.2967e-01     1.1163      0.484    1477.55      0.403     0.0276   7.611693  0.000e+00
    109.698     7.3621    31.5106    24.6216 3.2967e-01     1.1163      0.487    1477.55      0.393     0.0269   7.611694  0.000e+00
    109.692     7.3620    31.5108    24.6218 3.2967e-01     1.1151      0.495    1477.55      0.392     0.0268   7.611694  0.000e+00
    109.692     7.3624    31.5104    24.6214 3.2967e-01     1.1139      0.498    1477.56      0.390     0.0267   7.611695  0.000e+00
    109.680     7.3619    31.5106    24.6217 3.4188e-01     1.1151      0.495    1477.55      0.443     0.0304   7.611695  0.000e+00
    109.710     7.3623    31.5102    24.6213 3.2967e-01     1.1188      0.495    1477.56      0.387     0.0265   7.611696  0.000e+00
    109.680     7.3621    31.5104    24.6214 3.2967e-01     1.1151      0.495    1477.55      0.448     0.0307   7.611696  0.000e+00
    109.692     7.3622    31.5105    24.6215 3.2967e-01     1.1163      0.491    1477.55      0.392     0.0268   7.611697  0.000e+00
    109.685     7.3621    31.5104    24.6215 3.2967e-01     1.1151      0.487    1477.55      0.454     0.0311   7.611697  0.000e+00
    109.680     7.3623    31.5107    24.6217 3.2967e-01     1.1151      0.487    1477.56      0.460     0.0315   7.611698  0.000e+00
    109.680     7.3620    31.5104    24.6215 3.2967e-01     1.1139      0.487    1477.55      0.459     0.0314   7.611698  0.000e+00
    109.692     7.3623    31.5104    24.6214 3.2967e-01     1.1176      0.487    1477.56      0.403     0.0276   7.611698  0.000e+00
    109.685     7.3619    31.5107    24.6217 3.2967e-01     1.1163      0.495    1477.55      0.456     0.0313   7.611699  0.000e+00
    109.680     7.3621    31.5104    24.6214 3.2967e-01     1.1188      0.524    1477.55      0.392     0.0269   7.611699  0.000e+00
    109.680     7.3623    31.5102    24.6213 3.2967e-01     1.1163      0.582    1477.55      0.454     0.0311   7.611700  0.000e+00
    109.685     7.3621    31.5106    24.6216 3.2967e-01     1.1139      0.637    1477.55      0.460     0.0315   7.611700  0.000e+00
    109.692     7.3621    31.5105    24.6215 3.2967e-01     1.1163      0.667    1477.55      0.466     0.0319   7.611701  0.000e+00
    109.667     7.3620    31.5107    24.6217 3.2967e-01     1.1188      0.659    1477.55      0.473     0.0324   7.611701  0.000e+00
    109.680     7.3623    31.5104    24.6214 3.2967e-01     1.1212      0.619    1477.55      0.471     0.0323   7.611702  0.000e+00
    109.685     7.3619    31.5109    24.6219 3.2967e-01     1.1237      0.568    1477.55      0.477     0.0327   7.611702  0.000e+00
    109.667     7.3623    31.5103    24.6214 3.2967e-01     1.1249      0.535    1477.55      0.475     0.0325   7.611703  0.000e+00
    109.680     7.3620    31.5103    24.6214 3.2967e-01     1.1261      0.524    1477.55      0.473     0.0324   7.611703  0.000e+00
    109.674     7.3623    31.5102    24.6213 3.2967e-01     1.1261      0.527    1477.55      0.408     0.0279   7.611704  0.000e+00
    109.667     7.3621    31.5106    24.6216 3.2967e-01     1.1237      0.520    1477.55      0.406     0.0278   7.611704  0.000e+00
    109.680     7.3620    31.5108    24.6218 3.2967e-01     1.1249      0.505    1477.55      0.404     0.0276   7.611705  0.000e+00
    109.661     7.3621    31.5109    24.6219 3.2967e-01     1.1298      0.498    1477.55      0.402     0.0275   7.611705  0.000e+00
    109.680     7.3623    31.5101    24.6212 3.2967e-01     1.1322      0.487    1477.55      0.401     0.0274   7.611706  0.000e+00
    109.680     7.3621    31.5105    24.6215 3.2967e-01     1.1347      0.476    1477.55      0.462     0.0317   7.611706  0.000e+00
    109.667     7.3621    31.5107    24.6217 3.2967e-01     1.1322      0.469    1477.55      0.406     0.0278   7.611707  0.000e+00
    109.661     7.3620    31.5108    24.6218 3.4188e-01     1.1347      0.469    1477.55      0.398     0.0273   7.611707  0.000e+00
    109.667     7.3621    31.5107    24.6217 3.2967e-01     1.1371      0.469    1477.55      0.452     0.0310   7.611708  0.000e+00
    109.656     7.3619    31.5107    24.6217 3.2967e-01     1.1371      0.473    1477.55      0.396     0.0271   7.611708  0.000e+00
    109.661     7.3619    31.5106    24.6216 3.2967e-01     1.1371      0.480    1477.55      0.395     0.0271   7.611709  0.000e+00
    109.667     7.3622    31.5103    24.6214 3.4188e-01     1.1322      0.484    1477.55      0.395     0.0271   7.611709  0.000e+00
    109.667     7.3619    31.5107    24.6218 3.4188e-01     1.1322      0.484    1477.55      0.450     0.0308   7.611710  0.000e+00
    109.656     7.3621    31.5105    24.6216 3.4188e-01     1.1322      0.480    1477.55      0.449     0.0308   7.611710  0.000e+00
    109.674     7.3622    31.5106    24.6216 3.4188e-01     1.1359      0.476    1477.55      0.448     0.0307   7.611711  0.000e+00
    109.656     7.3621    31.5104    24.6215 3.2967e-01     1.1359      0.473    1477.55      0.384     0.0263   7.611711  0.000e+00
    109.656     7.3620    31.5107    24.6217 3.4188e-01     1.1371      0.469    1477.55      0.383     0.0263   7.611712  0.000e+00
    109.661     7.3619    31.5109    24.6219 3.2967e-01     1.1371      0.469    1477.55      0.445     0.0305   7.611712  0.000e+00
    109.656     7.3622    31.5105    24.6215 3.2967e-01     1.1383      0.462    1477.55      0.382     0.0261   7.611712  0.000e+00
    109.644     7.3619    31.5108    24.6218 3.4188e-01     1.1383      0.473    1477.55      0.444     0.0304   7.611713  0.000e+00
    109.656     7.3623    31.5106    24.6216 3.2967e-01     1.1395      0.487    1477.55      0.380     0.0260   7.611713  0.000e+00
    109.661     7.3622    31.5107    24.6217 3.2967e-01     1.1420      0.495    1477.55      0.442     0.0303   7.611714  0.000e+00
    109.644     7.3621    31.5104    24.6215 3.2967e-01     1.1408      0.495    1477.55      0.449     0.0308   7.611714  0.000e+00
    109.656     7.3622    31.5108    24.6218 3.2967e-01     1.1408      0.495    1477.55      0.456     0.0312   7.611715  0.000e+00
    109.661     7.3619    31.5108    24.6218 3.2967e-01     1.1408      0.498    1477.55      0.463     0.0317   7.611715  0.000e+00
    109.644     7.3618    31.5112    24.6221 3.2967e-01     1.1371      0.498    1477.55      0.407     0.0279   7.611716  0.000e+00
    109.644     7.3622    31.5102    24.6213 3.4188e-01     1.1395      0.495    1477.55      0.407     0.0279   7.611716  0.000e+00
    109.656     7.3619    31.5102    24.6214 3.2967e-01     1.1408      0.491    1477.55      0.399     0.0273   7.611717  0.000e+00
    109.649     7.3620    31.5104    24.6215 3.2967e-01     1.1408      0.487    1477.55      0.391     0.0268   7.611717  0.000e+00
    109.644     7.3623    31.5104    24.6215 3.2967e-01     1.1359      0.487    1477.55      0.383     0.0263   7.611718  0.000e+00
    109.644     7.3620    31.5108    24.6218 3.2967e-01     1.1347      0.480    1477.55      0.438     0.0300   7.611718  0.000e+00
    109.649     7.3619    31.5106    24.6217 3.2967e-01     1.1371      0.476    1477.55      0.383     0.0262   7.611719  0.000e+00
    109.644     7.3623    31.5107    24.6217 3.2967e-01     1.1408      0.476    1477.55      0.375     0.0257   7.611719  0.000e+00
    109.656     7.3622    31.5102    24.6213 3.2967e-01     1.1395      0.473    1477.55      0.375     0.0257   7.611720  0.000e+00
    109.625     7.3619    31.5104    24.6215 3.2967e-01     1.1383      0.469    1477.55      0.367     0.0252   7.611720  0.000e+00
    109.667     7.3619    31.5106    24.6217 3.2967e-01     1.1395      0.469    1477.55      0.368     0.0252   7.611721  0.000e+00
    109.644     7.3621    31.5106    24.6217 3.2967e-01     1.1383      0.465    1477.55      0.368     0.0252   7.611721  0.000e+00
    109.644     7.3620    31.5105    24.6216 3.2967e-01     1.1383      0.469    1477.55      0.369     0.0253   7.611722  0.000e+00
    109.649     7.3621    31.5106    24.6216 3.4188e-01     1.1347      0.473    1477.55      0.425     0.0291   7.611722  0.000e+00
    109.644     7.3621    31.5107    24.6217 3.2967e-01     1.1347      0.473    1477.55      0.371     0.0254   7.611723  0.000e+00
    109.644     7.3622    31.5105    24.6215 3.2967e-01     1.1359      0.469    1477.55      0.364     0.0250   7.611723  0.000e+00
    109.649     7.3623    31.5107    24.6217 3.2967e-01     1.1334      0.469    1477.55      0.428     0.0293   7.611724  0.000e+00
    109.644     7.3622    31.5107    24.6217 3.2967e-01     1.1322      0.465    1477.55      0.375     0.0257   7.611724  0.000e+00
    109.656     7.3623    31.5104    24.6214 3.2967e-01     1.1334      0.462    1477.55      0.376     0.0258   7.611725  0.000e+00
    109.644     7.3620    31.5107    24.6217 3.2967e-01     1.1334      0.458    1477.55      0.378     0.0259   7.611725  0.000e+00
    109.649     7.3621    31.5104    24.6215 3.2967e-01     1.1359      0.458    1477.55      0.380     0.0260   7.611726  0.000e+00
    109.644     7.3621    31.5108    24.6218 3.2967e-01     1.1359      0.465    1477.55      0.383     0.0262   7.611726  0.000e+00
    109.644     7.3620    31.5109    24.6218 3.2967e-01     1.1334      0.473    1477.55      0.386     0.0264   7.611726  0.000e+00
    109.636     7.3621    31.5107    24.6217 3.2967e-01     1.1334      0.476    1477.55      0.389     0.0266   7.611727  0.000e+00
    109.656     7.3620    31.5108    24.6218 3.2967e-01     1.1347      0.476    1477.55      0.447     0.0306   7.611727  0.000e+00
    109.644     7.3621    31.5107    24.6217 3.2967e-01     1.1334      0.476    1477.55      0.450     0.0308   7.611728  0.000e+00
    109.656     7.3621    31.5107    24.6217 3.4188e-01     1.1347      0.476    1477.55      0.452     0.0310   7.611728  0.000e+00
    109.649     7.3622    31.5104    24.6215 3.2967e-01     1.1347      0.476    1477.55      0.392     0.0268   7.611729  0.000e+00
    109.644     7.3621    31.5104    24.6215 3.2967e-01     1.1322      0.480    1477.55      0.387     0.0265   7.611729  0.000e+00
    109.656     7.3622    31.5108    24.6218 3.2967e-01     1.1334      0.491    1477.55      0.452     0.0309   7.611730  0.000e+00
    109.649     7.3619    31.5107    24.6217 3.2967e-01     1.1334      0.498    1477.55      0.391     0.0268   7.611730  0.000e+00
    109.656     7.3620    31.5107    24.6217 3.2967e-01     1.1322      0.502    1477.55      0.449     0.0307   7.611731  0.000e+00
    109.644     7.3623    31.5104    24.6214 3.2967e-01     1.1322      0.509    1477.55      0.396     0.0271   7.611731  0.000e+00
    109.656     7.3621    31.5104    24.6214 3.2967e-01     1.1322      0.524    1477.55      0.390     0.0267   7.611732  0.000e+00
    109.649     7.3620    31.5105    24.6215 3.4188e-01     1.1322      0.531    1477.55      0.385     0.0264   7.611732  0.000e+00
    109.656     7.3621    31.5106    24.6216 3.2967e-01     1.1334      0.524    1477.55      0.380     0.0260   7.611733  0.000e+00
    109.656     7.3620    31.5105    24.6216 3.2967e-01     1.1310      0.513    1477.55      0.445     0.0305   7.611733  0.000e+00
    109.649     7.3621    31.5104    24.6215 3.2967e-01     1.1285      0.498    1477.55      0.455     0.0312   7.611734  0.000e+00
    109.656     7.3622    31.5108    24.6218 3.2967e-01     1.1273      0.487    1477.55      0.465     0.0318   7.611734  0.000e+00
    109.656     7.3621    31.5108    24.6218 3.4188e-01     1.1249      0.476    1477.55      0.405     0.0277   7.611735  0.000e+00
    109.649     7.3621    31.5109    24.6219 3.2967e-01     1.1261      0.473    1477.55      0.462     0.0316   7.611735  0.000e+00
    109.656     7.3623    31.5103    24.6214 3.2967e-01     1.1224      0.469    1477.55      0.472     0.0323   7.611736  0.000e+00
    109.667     7.3619    31.5106    24.6216 3.2967e-01     1.1200      0.469    1477.55      0.411     0.0281   7.611736  0.000e+00
    109.667     7.3619    31.5108    24.6218 3.2967e-01     1.1163      0.476    1477.55      0.413     0.0283   7.611737  0.000e+00
    109.649     7.3621    31.5107    24.6217 3.2967e-01     1.1163      0.487    1477.55      0.470     0.0322   7.611737  0.000e+00
    109.656     7.3621    31.5104    24.6215 3.2967e-01     1.1163      0.502    1477.55      0.418     0.0286   7.611738  0.000e+00
    109.667     7.3622    31.5105    24.6216 3.4188e-01     1.1188      0.516    1477.55      0.483     0.0331   7.611738  0.000e+00
    109.661     7.3623    31.5108    24.6217 3.2967e-01     1.1188      0.531    1477.56      0.430     0.0295   7.611739  0.000e+00
    109.656     7.3620    31.5109    24.6218 3.2967e-01     1.1212      0.535    1477.55      0.496     0.0340   7.611739  0.000e+00
    109.667     7.3623    31.5106    24.6216 3.4188e-01     1.1212      0.527    1477.55      0.498     0.0341   7.611739  0.000e+00
    109.667     7.3619    31.5109    24.6219 3.2967e-01     1.1212      0.520    1477.55      0.500     0.0343   7.611740  0.000e+00
    109.661     7.3623    31.5106    24.6216 3.4188e-01     1.1237      0.513    1477.55      0.440     0.0301   7.611740  0.000e+00
    109.667     7.3621    31.5104    24.6215 3.2967e-01     1.1237      0.502    1477.55      0.434     0.0297   7.611741  0.000e+00
    109.667     7.3622    31.5103    24.6214 3.2967e-01     1.1212      0.491    1477.55      0.428     0.0293   7.611741  0.000e+00
    109.674     7.3623    31.5102    24.6213 3.2967e-01     1.1200      0.487    1477.55      0.431     0.0295   7.611742  0.000e+00
    109.667     7.3620    31.5107    24.6217 3.2967e-01     1.1176      0.487    1477.55      0.488     0.0334   7.611742  0.000e+00
    109.656     7.3621    31.5107    24.6217 3.2967e-01     1.1163      0.491    1477.55      0.490     0.0335   7.611743  0.000e+00
