RAWDATA/20190107/D2_20190107.cnv
* Sea-Bird SBE 9 Data File:
* FileName = C:\CTD Brukere\NIVA\OKOKYST2019\20190107\D2_20190107.hex
* Software Version Seasave V 7.23.2
* Temperature SN = 5352
* Conductivity SN = 3840
* Number of Bytes Per Scan = 28
* Number of Voltage Words = 4
* Number of Scans Averaged by the Deck Unit = 1
* NMEA baud rate = 4800
** Ship: R/V Trygve Braarud
** Cruise:
** Station:
** Operator:
# nquan = 12
# nvalues = 7697                                  
# units = specified
# name 0 = depSM: Depth [salt water, m], lat = 59.60
# name 1 = potemp090C: Potential Temperature [ITS-90, deg C]
# name 2 = sal00: Salinity, Practical [PSU]
# name 3 = sigma-t00: Density [sigma-t, kg/m^3 ]
# name 4 = flSP: Fluorescence, Seapoint
# name 5 = wetStar: Fluorescence, WET Labs WETstar [mg/m^3]
# name 6 = seaTurbMtr: Turbidity, Seapoint [FTU]
# name 7 = svCM: Sound Velocity [Chen-Millero, m/s]
# name 8 = sbeox0PS: Oxygen, SBE 43 [% saturation]
# name 9 = sbeox0ML/L: Oxygen, SBE 43 [ml/l]
# name 10 = timeJ: Julian Days
# name 11 = flag:  0.000e+00
# span 0 =     -0.162,    114.712                 
# span 1 =     0.8873,    11.1213                 
# span 2 =     3.5113,    31.5200                 
# span 3 =     2.7474,    24.6319                 
# span 4 = 1.9536e-01, 8.7912e-01                 
# span 5 =     0.4607,     2.0565                 
# span 6 =      0.454,      2.110                 
# span 7 =    1411.56,    1486.33                 
# span 8 =      0.286,     95.625                 
# span 9 =     0.0196,     8.6784                 
# span 10 =   7.608727,   7.612438                
# span 11 = 0.0000e+00, 0.0000e+00                
# interval = seconds: 0.0416667
# start_time = Jan 07 2019 14:36:34 [System UpLoad Time]
# bad_flag = -9.990e-29
*END*
[from data line 1685]
     23.151     8.2278    29.6636    23.0541 1.9536e-01     0.5254      1.278    1477.13     71.359     4.8508   7.609539  0.000e+00
     23.173     8.2238    29.6641    23.0551 2.0757e-01     0.5254      1.176    1477.11     71.341     4.8500   7.609540  0.000e+00
     23.198     8.2198    29.6647    23.0561 2.0757e-01     0.5242      1.201    1477.10     71.323     4.8492   7.609540  0.000e+00
     23.211     8.2161    29.6652    23.0570 2.0757e-01     0.5229      1.300    1477.09     71.245     4.8443   7.609541  0.000e+00
     23.233     8.2111    29.6668    23.0589 2.0757e-01     0.5217      1.352    1477.07     71.222     4.8433   7.609541  0.000e+00
     23.246     8.2059    29.6681    23.0607 2.0757e-01     0.5180      1.271    1477.05     71.201     4.8423   7.609542  0.000e+00
     23.269     8.2009    29.6684    23.0617 1.9536e-01     0.5193      1.187    1477.03     71.181     4.8415   7.609542  0.000e+00
     23.306     8.1960    29.6684    23.0623 1.9536e-01     0.5217      1.070    1477.02     71.108     4.8371   7.609543  0.000e+00
     23.318     8.1910    29.6685    23.0631 2.0757e-01     0.5254      0.949    1477.00     71.083     4.8360   7.609543  0.000e+00
     23.342     8.1849    29.6692    23.0645 2.0757e-01     0.5229      0.890    1476.98     71.068     4.8355   7.609544  0.000e+00
     23.353     8.1781    29.6692    23.0655 2.0757e-01     0.5217      0.861    1476.95     71.054     4.8354   7.609544  0.000e+00
     23.389     8.1720    29.6686    23.0658 2.0757e-01     0.5242      0.908    1476.93     70.981     4.8311   7.609545  0.000e+00
     23.402     8.1645    29.6691    23.0673 1.9536e-01     0.5205      1.143    1476.90     70.964     4.8307   7.609545  0.000e+00
     23.378     8.1571    29.6700    23.0691 2.0757e-01     0.5229      1.418    1476.87     70.949     4.8305   7.609546  0.000e+00
     23.482     8.1505    29.6718    23.0713 1.9536e-01     0.5193      1.502    1476.85     70.937     4.8303   7.609546  0.000e+00
     23.462     8.1388    29.6762    23.0764 2.0757e-01     0.5193      1.443    1476.81     70.864     4.8265   7.609547  0.000e+00
     23.485     8.1213    29.6808    23.0825 2.0757e-01     0.5193      1.425    1476.75     70.849     4.8273   7.609547  0.000e+00
     23.509     8.0993    29.6851    23.0889 2.0757e-01     0.5193      1.392    1476.67     70.837     4.8287   7.609548  0.000e+00
     23.533     8.0772    29.6859    23.0926 2.0757e-01     0.5193      1.333    1476.59     70.827     4.8304   7.609548  0.000e+00
     23.545     8.0545    29.6869    23.0966 2.0757e-01     0.5205      1.194    1476.50     70.819     4.8324   7.609549  0.000e+00
     23.569     8.0337    29.6876    23.0999 2.0757e-01     0.5242      1.055    1476.42     70.814     4.8343   7.609549  0.000e+00
     23.593     8.0108    29.6889    23.1041 2.0757e-01     0.5229      0.923    1476.34     70.811     4.8365   7.609550  0.000e+00
     23.618     7.9877    29.6885    23.1070 2.0757e-01     0.5229      0.864    1476.25     70.749     4.8349   7.609550  0.000e+00
     23.640     7.9672    29.6880    23.1095 2.0757e-01     0.5242      0.949    1476.17     70.744     4.8368   7.609551  0.000e+00
     23.650     7.9476    29.6876    23.1118 2.0757e-01     0.5266      1.033    1476.10     70.741     4.8388   7.609551  0.000e+00
     23.678     7.9311    29.6867    23.1134 2.1978e-01     0.5242      1.194    1476.03     70.734     4.8401   7.609552  0.000e+00
     23.700     7.9184    29.6870    23.1154 2.6862e-01     0.5217      1.216    1475.98     70.667     4.8370   7.609552  0.000e+00
     23.725     7.9082    29.6871    23.1168 2.6862e-01     0.5217      1.150    1475.94     70.596     4.8332   7.609552  0.000e+00
     23.749     7.8989    29.6874    23.1183 2.4420e-01     0.5193      1.018    1475.91     70.643     4.8375   7.609553  0.000e+00
     23.760     7.8913    29.6870    23.1190 2.1978e-01     0.5180      0.905    1475.88     70.639     4.8380   7.609553  0.000e+00
     23.798     7.8847    29.6863    23.1194 2.0757e-01     0.5180      0.813    1475.85     70.638     4.8387   7.609554  0.000e+00
     23.809     7.8780    29.6857    23.1198 2.0757e-01     0.5180      0.755    1475.83     70.577     4.8353   7.609554  0.000e+00
     23.817     7.8703    29.6854    23.1207 2.0757e-01     0.5193      0.722    1475.80     70.574     4.8359   7.609555  0.000e+00
     23.856     7.8635    29.6850    23.1213 2.0757e-01     0.5205      0.707    1475.77     70.505     4.8320   7.609555  0.000e+00
     23.893     7.8578    29.6853    23.1223 2.0757e-01     0.5229      0.696    1475.75     70.501     4.8323   7.609556  0.000e+00
     23.893     7.8507    29.6849    23.1230 2.0757e-01     0.5205      0.696    1475.72     70.561     4.8372   7.609556  0.000e+00
     23.916     7.8440    29.6844    23.1234 2.0757e-01     0.5193      0.696    1475.70     70.501     4.8339   7.609557  0.000e+00
     23.929     7.8393    29.6828    23.1229 2.0757e-01     0.5205      0.692    1475.68     70.499     4.8343   7.609557  0.000e+00
     23.953     7.8342    29.6830    23.1237 2.0757e-01     0.5205      0.696    1475.66     70.438     4.8306   7.609558  0.000e+00
     23.976     7.8297    29.6831    23.1244 2.0757e-01     0.5229      0.718    1475.64     70.434     4.8309   7.609558  0.000e+00
     24.009     7.8254    29.6831    23.1250 2.0757e-01     0.5217      0.722    1475.63     70.495     4.8356   7.609559  0.000e+00
     24.025     7.8203    29.6822    23.1249 2.0757e-01     0.5217      0.711    1475.61     70.444     4.8326   7.609559  0.000e+00
     24.049     7.8143    29.6813    23.1251 1.9536e-01     0.5205      0.711    1475.58     70.443     4.8332   7.609560  0.000e+00
     24.072     7.8084    29.6802    23.1250 1.9536e-01     0.5242      0.806    1475.56     70.383     4.8298   7.609560  0.000e+00
     24.085     7.8018    29.6791    23.1250 1.9536e-01     0.5266      0.832    1475.53     70.380     4.8304   7.609561  0.000e+00
     24.109     7.7943    29.6793    23.1262 2.0757e-01     0.5242      0.784    1475.50     70.382     4.8313   7.609561  0.000e+00
     24.129     7.7884    29.6790    23.1268 2.1978e-01     0.5229      0.861    1475.48     70.386     4.8323   7.609562  0.000e+00
     24.156     7.7830    29.6794    23.1278 2.1978e-01     0.5217      0.908    1475.46     70.394     4.8334   7.609562  0.000e+00
     24.169     7.7769    29.6795    23.1287 2.1978e-01     0.5193      0.868    1475.44     70.397     4.8343   7.609563  0.000e+00
     24.180     7.7710    29.6795    23.1295 2.0757e-01     0.5217      0.853    1475.42     70.342     4.8312   7.609563  0.000e+00
     24.227     7.7665    29.6795    23.1301 2.0757e-01     0.5205      0.813    1475.40     70.345     4.8319   7.609564  0.000e+00
     24.240     7.7639    29.6793    23.1303 2.0757e-01     0.5217      0.766    1475.39     70.350     4.8325   7.609564  0.000e+00
     24.227     7.7614    29.6787    23.1302 2.0757e-01     0.5217      0.725    1475.38     70.352     4.8329   7.609565  0.000e+00
     24.308     7.7588    29.6789    23.1307 2.0757e-01     0.5217      0.696    1475.37     70.357     4.8335   7.609565  0.000e+00
     24.300     7.7564    29.6794    23.1314 2.0757e-01     0.5254      0.681    1475.36     70.302     4.8301   7.609565  0.000e+00
     24.325     7.7548    29.6795    23.1317 1.9536e-01     0.5242      0.674    1475.36     70.306     4.8305   7.609566  0.000e+00
     24.336     7.7536    29.6804    23.1326 2.0757e-01     0.5205      0.692    1475.35     70.305     4.8305   7.609566  0.000e+00
     24.360     7.7529    29.6809    23.1330 2.0757e-01     0.5180      0.703    1475.35     70.308     4.8308   7.609567  0.000e+00
     24.391     7.7513    29.6819    23.1341 2.0757e-01     0.5193      0.736    1475.35     70.313     4.8313   7.609567  0.000e+00
     24.420     7.7491    29.6827    23.1350 2.0757e-01     0.5193      0.832    1475.34     70.322     4.8321   7.609568  0.000e+00
     24.420     7.7447    29.6835    23.1362 2.0757e-01     0.5205      1.037    1475.32     70.264     4.8286   7.609568  0.000e+00
     24.456     7.7361    29.6841    23.1379 2.0757e-01     0.5193      1.125    1475.29     70.326     4.8338   7.609569  0.000e+00
     24.467     7.7211    29.6842    23.1399 2.0757e-01     0.5193      1.029    1475.23     70.274     4.8319   7.609569  0.000e+00
     24.456     7.7008    29.6851    23.1433 2.0757e-01     0.5205      0.916    1475.16     70.280     4.8345   7.609570  0.000e+00
     24.547     7.6807    29.6851    23.1461 2.1978e-01     0.5205      0.861    1475.08     70.283     4.8369   7.609570  0.000e+00
     24.540     7.6633    29.6841    23.1476 2.0757e-01     0.5168      0.868    1475.01     70.287     4.8392   7.609571  0.000e+00
     24.563     7.6457    29.6854    23.1510 2.0757e-01     0.5180      0.872    1474.95     70.294     4.8416   7.609571  0.000e+00
     24.563     7.6300    29.6869    23.1543 2.0757e-01     0.5180      0.832    1474.89     70.304     4.8439   7.609572  0.000e+00
     24.600     7.6163    29.6886    23.1574 2.0757e-01     0.5193      0.773    1474.84     70.316     4.8463   7.609572  0.000e+00
     24.631     7.6045    29.6900    23.1601 2.0757e-01     0.5229      0.733    1474.79     70.270     4.8443   7.609573  0.000e+00
     24.647     7.5945    29.6918    23.1629 2.0757e-01     0.5242      0.714    1474.76     70.281     4.8461   7.609573  0.000e+00
     24.659     7.5867    29.6940    23.1656 2.0757e-01     0.5254      0.718    1474.73     70.287     4.8473   7.609574  0.000e+00
     24.672     7.5812    29.6955    23.1676 2.0757e-01     0.5254      0.718    1474.71     70.295     4.8485   7.609574  0.000e+00
     24.716     7.5782    29.6977    23.1697 2.3199e-01     0.5229      0.718    1474.70     70.307     4.8496   7.609575  0.000e+00
     24.732     7.5750    29.7005    23.1723 2.3199e-01     0.5229      0.711    1474.69     70.321     4.8508   7.609575  0.000e+00
     24.743     7.5719    29.7032    23.1748 2.1978e-01     0.5254      0.744    1474.68     70.330     4.8517   7.609576  0.000e+00
     24.779     7.5689    29.7052    23.1768 2.1978e-01     0.5229      0.861    1474.68     70.273     4.8480   7.609576  0.000e+00
     24.792     7.5662    29.7072    23.1787 2.0757e-01     0.5242      0.930    1474.67     70.279     4.8487   7.609577  0.000e+00
     24.811     7.5639    29.7084    23.1800 2.0757e-01     0.5254      0.956    1474.66     70.289     4.8495   7.609577  0.000e+00
     24.827     7.5616    29.7099    23.1815 2.0757e-01     0.5242      0.938    1474.65     70.301     4.8506   7.609578  0.000e+00
     24.863     7.5599    29.7107    23.1823 2.0757e-01     0.5254      0.912    1474.65     70.308     4.8513   7.609578  0.000e+00
     24.899     7.5590    29.7123    23.1837 2.0757e-01     0.5266      0.894    1474.65     70.318     4.8520   7.609579  0.000e+00
     24.896     7.5586    29.7141    23.1851 2.0757e-01     0.5254      0.938    1474.65     70.261     4.8480   7.609579  0.000e+00
     24.923     7.5598    29.7162    23.1866 2.0757e-01     0.5266      0.927    1474.66     70.260     4.8478   7.609579  0.000e+00
     24.947     7.5620    29.7188    23.1884 2.0757e-01     0.5254      0.886    1474.67     70.270     4.8481   7.609580  0.000e+00
     24.983     7.5662    29.7213    23.1898 2.0757e-01     0.5254      0.872    1474.69     70.275     4.8479   7.609580  0.000e+00
     24.991     7.5713    29.7235    23.1908 2.0757e-01     0.5278      0.828    1474.71     70.220     4.8435   7.609581  0.000e+00
     25.019     7.5772    29.7240    23.1905 2.0757e-01     0.5278      0.773    1474.74     70.214     4.8424   7.609581  0.000e+00
     25.032     7.5815    29.7246    23.1903 2.0757e-01     0.5278      0.744    1474.75     70.212     4.8417   7.609582  0.000e+00
     25.067     7.5846    29.7248    23.1901 2.0757e-01     0.5266      0.718    1474.77     70.157     4.8377   7.609582  0.000e+00
     25.074     7.5873    29.7256    23.1903 2.0757e-01     0.5254      0.711    1474.78     70.153     4.8370   7.609583  0.000e+00
     25.103     7.5943    29.7261    23.1898 2.0757e-01     0.5254      0.744    1474.81     70.151     4.8361   7.609583  0.000e+00
     25.127     7.6027    29.7285    23.1905 2.0757e-01     0.5266      0.788    1474.84     70.082     4.8303   7.609584  0.000e+00
     25.150     7.6087    29.7303    23.1912 2.0757e-01     0.5242      0.784    1474.87     70.071     4.8288   7.609584  0.000e+00
     25.170     7.6127    29.7305    23.1908 2.0757e-01     0.5242      0.777    1474.88     70.062     4.8278   7.609585  0.000e+00
     25.187     7.6163    29.7307    23.1905 2.0757e-01     0.5266      0.835    1474.90     70.056     4.8270   7.609585  0.000e+00
     25.210     7.6216    29.7318    23.1906 2.0757e-01     0.5254      0.897    1474.92     70.053     4.8262   7.609586  0.000e+00
     25.247     7.6271    29.7353    23.1926 2.0757e-01     0.5242      0.864    1474.95     69.991     4.8212   7.609586  0.000e+00
     25.254     7.6341    29.7375    23.1934 2.0757e-01     0.5217      0.821    1474.98     69.979     4.8195   7.609587  0.000e+00
     25.270     7.6418    29.7401    23.1944 2.0757e-01     0.5193      0.784    1475.01     69.969     4.8179   7.609587  0.000e+00
     25.306     7.6477    29.7421    23.1952 2.0757e-01     0.5193      0.751    1475.04     69.962     4.8167   7.609588  0.000e+00
     25.319     7.6516    29.7433    23.1956 2.0757e-01     0.5193      0.725    1475.05     69.897     4.8117   7.609588  0.000e+00
     25.338     7.6543    29.7434    23.1954 2.1978e-01     0.5229      0.711    1475.06     69.950     4.8151   7.609589  0.000e+00
     25.354     7.6554    29.7437    23.1955 2.0757e-01     0.5217      0.707    1475.07     69.883     4.8103   7.609589  0.000e+00
     25.379     7.6558    29.7440    23.1956 2.0757e-01     0.5217      0.729    1475.07     69.873     4.8096   7.609590  0.000e+00
     25.410     7.6557    29.7448    23.1962 2.0757e-01     0.5229      0.802    1475.07     69.865     4.8091   7.609590  0.000e+00
     25.426     7.6559    29.7452    23.1965 2.0757e-01     0.5217      0.813    1475.07     69.861     4.8087   7.609591  0.000e+00
     25.439     7.6559    29.7457    23.1969 2.0757e-01     0.5205      0.766    1475.07     69.797     4.8043   7.609591  0.000e+00
     25.463     7.6562    29.7466    23.1976 2.0757e-01     0.5156      0.729    1475.08     69.791     4.8038   7.609592  0.000e+00
     25.505     7.6575    29.7475    23.1982 2.0757e-01     0.5156      0.711    1475.08     69.780     4.8029   7.609592  0.000e+00
     25.499     7.6589    29.7494    23.1994 2.0757e-01     0.5180      0.696    1475.09     69.779     4.8026   7.609592  0.000e+00
     25.534     7.6608    29.7508    23.2003 2.0757e-01     0.5193      0.681    1475.10     69.774     4.8020   7.609593  0.000e+00
     25.554     7.6623    29.7522    23.2012 2.0757e-01     0.5193      0.678    1475.11     69.772     4.8017   7.609593  0.000e+00
     25.570     7.6632    29.7553    23.2035 2.0757e-01     0.5168      0.685    1475.12     69.773     4.8015   7.609594  0.000e+00
     25.594     7.6635    29.7597    23.2069 2.0757e-01     0.5193      0.685    1475.12     69.776     4.8016   7.609594  0.000e+00
     25.614     7.6632    29.7644    23.2106 2.1978e-01     0.5205      0.681    1475.13     69.782     4.8018   7.609595  0.000e+00
     25.630     7.6627    29.7684    23.2138 2.3199e-01     0.5242      0.678    1475.13     69.790     4.8024   7.609595  0.000e+00
     25.654     7.6624    29.7718    23.2165 2.3199e-01     0.5217      0.674    1475.14     69.802     4.8031   7.609596  0.000e+00
     25.679     7.6621    29.7744    23.2186 2.1978e-01     0.5193      0.667    1475.14     69.808     4.8035   7.609596  0.000e+00
