RAWDATA/20190107/D2_20190107.cnv
* Sea-Bird SBE 9 Data File:
* FileName = C:\CTD Brukere\NIVA\OKOKYST2019\20190107\D2_20190107.hex
* Software Version Seasave V 7.23.2
* Temperature SN = 5352
* Conductivity SN = 3840
* Number of Bytes Per Scan = 28
* Number of Voltage Words = 4
* Number of Scans Averaged by the Deck Unit = 1
* NMEA baud rate = 4800
** Ship: R/V Trygve Braarud
** Cruise:
** Station:
** Operator:
# nquan = 12
# nvalues = 7697                                  
# units = specified
# name 0 = depSM: Depth [salt water, m], lat = 59.60
# name 1 = potemp090C: Potential Temperature [ITS-90, deg C]
# name 2 = sal00: Salinity, Practical [PSU]
# name 3 = sigma-t00: Density [sigma-t, kg/m^3 ]
# name 4 = flSP: Fluorescence, Seapoint
# name 5 = wetStar: Fluorescence, WET Labs WETstar [mg/m^3]
# name 6 = seaTurbMtr: Turbidity, Seapoint [FTU]
# name 7 = svCM: Sound Velocity [Chen-Millero, m/s]
# name 8 = sbeox0PS: Oxygen, SBE 43 [% saturation]
# name 9 = sbeox0ML/L: Oxygen, SBE 43 [ml/l]
# name 10 = timeJ: Julian Days
# name 11 = flag:  0.000e+00
# span 0 =     -0.162,    114.712                 
# span 1 =     0.8873,    11.1213                 
# span 2 =     3.5113,    31.5200                 
# span 3 =     2.7474,    24.6319                 
# span 4 = 1.9536e-01, 8.7912e-01                 
# span 5 =     0.4607,     2.0565                 
# span 6 =      0.454,      2.110                 
# span 7 =    1411.56,    1486.33                 
# span 8 =      0.286,     95.625                 
# span 9 =     0.0196,     8.6784                 
# span 10 =   7.608727,   7.612438                
# span 11 = 0.0000e+00, 0.0000e+00                
# interval = seconds: 0.0416667
# start_time = Jan 07 2019 14:36:34 [System UpLoad Time]
# bad_flag = -9.990e-29
*END*
[from data line 2888]
     49.080     7.8057    30.9187    24.0968 2.0757e-01     0.5022      0.784    1477.51     68.257     4.6463   7.610120  0.000e+00
     49.106     7.8084    30.9276    24.1034 2.0757e-01     0.5034      0.780    1477.53     68.278     4.6471   7.610120  0.000e+00
     49.130     7.8111    30.9315    24.1061 2.0757e-01     0.5046      0.777    1477.54     68.291     4.6476   7.610121  0.000e+00
     49.151     7.8129    30.9299    24.1046 2.0757e-01     0.5058      0.780    1477.55     68.305     4.6484   7.610121  0.000e+00
     49.177     7.8137    30.9270    24.1022 2.0757e-01     0.5034      0.788    1477.55     68.311     4.6489   7.610122  0.000e+00
     49.190     7.8134    30.9205    24.0971 2.0757e-01     0.5058      0.795    1477.54     68.256     4.6453   7.610122  0.000e+00
     49.225     7.8107    30.9086    24.0881 2.0757e-01     0.5058      0.791    1477.51     68.256     4.6460   7.610122  0.000e+00
     49.226     7.8086    30.9058    24.0863 2.0757e-01     0.5046      0.780    1477.50     68.318     4.6505   7.610123  0.000e+00
     49.262     7.8094    30.9141    24.0927 2.0757e-01     0.5022      0.773    1477.52     68.325     4.6506   7.610123  0.000e+00
     49.272     7.8121    30.9240    24.1000 2.0757e-01     0.5010      0.766    1477.54     68.332     4.6505   7.610124  0.000e+00
     49.311     7.8145    30.9280    24.1029 2.0757e-01     0.5010      0.766    1477.55     68.277     4.6464   7.610124  0.000e+00
     49.335     7.8156    30.9252    24.1005 2.0757e-01     0.5010      0.773    1477.56     68.339     4.6506   7.610125  0.000e+00
     49.332     7.8151    30.9138    24.0916 2.1978e-01     0.5022      0.777    1477.54     68.284     4.6473   7.610125  0.000e+00
     49.371     7.8134    30.9067    24.0863 2.1978e-01     0.5022      0.788    1477.52     68.278     4.6472   7.610126  0.000e+00
     49.407     7.8131    30.9108    24.0895 2.0757e-01     0.5034      0.799    1477.53     68.271     4.6466   7.610126  0.000e+00
     49.392     7.8143    30.9212    24.0976 2.0757e-01     0.5010      0.802    1477.55     68.256     4.6452   7.610127  0.000e+00
     49.442     7.8161    30.9285    24.1030 2.1978e-01     0.5034      0.810    1477.56     68.248     4.6443   7.610127  0.000e+00
     49.455     7.8171    30.9312    24.1050 2.0757e-01     0.5034      0.813    1477.57     68.241     4.6436   7.610128  0.000e+00
     49.489     7.8175    30.9327    24.1061 2.0757e-01     0.5046      0.813    1477.57     68.233     4.6430   7.610128  0.000e+00
     49.527     7.8183    30.9348    24.1076 2.0757e-01     0.5034      0.806    1477.58     68.164     4.6381   7.610129  0.000e+00
     49.527     7.8199    30.9363    24.1086 2.0757e-01     0.5058      0.799    1477.59     68.211     4.6411   7.610129  0.000e+00
     49.563     7.8214    30.9369    24.1089 2.0757e-01     0.5071      0.806    1477.60     68.142     4.6363   7.610130  0.000e+00
     49.572     7.8222    30.9366    24.1085 2.0757e-01     0.5058      0.806    1477.60     68.128     4.6352   7.610130  0.000e+00
     49.611     7.8228    30.9357    24.1078 2.0757e-01     0.5071      0.806    1477.60     68.115     4.6342   7.610131  0.000e+00
     49.623     7.8230    30.9317    24.1046 2.0757e-01     0.5071      0.795    1477.60     68.101     4.6334   7.610131  0.000e+00
     49.646     7.8221    30.9260    24.1002 2.0757e-01     0.5083      0.788    1477.59     68.088     4.6328   7.610132  0.000e+00
     49.672     7.8210    30.9260    24.1004 2.0757e-01     0.5083      0.788    1477.58     68.075     4.6320   7.610132  0.000e+00
     49.696     7.8202    30.9276    24.1018 2.0757e-01     0.5071      0.784    1477.58     68.063     4.6312   7.610133  0.000e+00
     49.707     7.8197    30.9290    24.1029 2.0757e-01     0.5083      0.788    1477.58     68.050     4.6304   7.610133  0.000e+00
     49.741     7.8204    30.9272    24.1014 2.0757e-01     0.5083      0.788    1477.58     67.984     4.6259   7.610134  0.000e+00
     49.743     7.8204    30.9264    24.1008 2.0757e-01     0.5083      0.780    1477.58     67.973     4.6251   7.610134  0.000e+00
     49.792     7.8215    30.9287    24.1024 2.1978e-01     0.5083      0.784    1477.59     67.956     4.6238   7.610135  0.000e+00
     49.802     7.8234    30.9323    24.1050 2.0757e-01     0.5058      0.788    1477.60     68.008     4.6270   7.610135  0.000e+00
     49.828     7.8255    30.9371    24.1085 2.0757e-01     0.5046      0.791    1477.62     67.938     4.6219   7.610136  0.000e+00
     49.852     7.8277    30.9401    24.1105 2.0757e-01     0.5034      0.784    1477.63     67.922     4.6205   7.610136  0.000e+00
     49.876     7.8295    30.9394    24.1097 2.0757e-01     0.5046      0.784    1477.64     67.907     4.6193   7.610136  0.000e+00
     49.897     7.8309    30.9411    24.1108 2.1978e-01     0.5071      0.784    1477.64     67.900     4.6186   7.610137  0.000e+00
     49.936     7.8323    30.9439    24.1128 2.1978e-01     0.5046      0.780    1477.65     67.894     4.6180   7.610137  0.000e+00
     49.936     7.8335    30.9435    24.1123 2.1978e-01     0.5058      0.788    1477.66     67.827     4.6133   7.610138  0.000e+00
     49.972     7.8336    30.9410    24.1104 2.0757e-01     0.5083      0.802    1477.66     67.816     4.6126   7.610138  0.000e+00
     49.995     7.8335    30.9384    24.1084 2.0757e-01     0.5071      0.799    1477.65     67.868     4.6163   7.610139  0.000e+00
     50.008     7.8324    30.9374    24.1078 2.1978e-01     0.5071      0.780    1477.65     67.805     4.6121   7.610139  0.000e+00
     50.044     7.8319    30.9365    24.1071 2.0757e-01     0.5095      0.773    1477.64     67.797     4.6116   7.610140  0.000e+00
     50.057     7.8307    30.9334    24.1048 2.0757e-01     0.5083      0.769    1477.64     67.791     4.6114   7.610140  0.000e+00
     50.091     7.8303    30.9339    24.1053 2.0757e-01     0.5083      0.769    1477.64     67.724     4.6069   7.610141  0.000e+00
     50.104     7.8315    30.9345    24.1056 2.0757e-01     0.5083      0.777    1477.64     67.712     4.6060   7.610141  0.000e+00
     50.128     7.8325    30.9375    24.1078 2.0757e-01     0.5058      0.777    1477.65     67.703     4.6051   7.610142  0.000e+00
     50.164     7.8349    30.9416    24.1106 2.0757e-01     0.5046      0.773    1477.66     67.695     4.6042   7.610142  0.000e+00
     50.175     7.8360    30.9424    24.1112 2.0757e-01     0.5058      0.769    1477.67     67.688     4.6036   7.610143  0.000e+00
     50.213     7.8363    30.9393    24.1087 2.0757e-01     0.5046      0.769    1477.67     67.683     4.6034   7.610143  0.000e+00
     50.213     7.8357    30.9337    24.1043 2.0757e-01     0.5046      0.769    1477.66     67.680     4.6034   7.610144  0.000e+00
     50.248     7.8343    30.9266    24.0990 2.0757e-01     0.5071      0.773    1477.64     67.678     4.6036   7.610144  0.000e+00
     50.273     7.8323    30.9215    24.0952 2.0757e-01     0.5046      0.773    1477.63     67.678     4.6039   7.610145  0.000e+00
     50.296     7.8311    30.9222    24.0960 2.0757e-01     0.5058      0.766    1477.63     67.617     4.5999   7.610145  0.000e+00
     50.320     7.8314    30.9277    24.1003 2.0757e-01     0.5058      0.762    1477.64     67.605     4.5989   7.610146  0.000e+00
     50.320     7.8325    30.9321    24.1035 2.0757e-01     0.5058      0.755    1477.65     67.594     4.5979   7.610146  0.000e+00
     50.357     7.8333    30.9316    24.1031 2.0757e-01     0.5046      0.755    1477.65     67.593     4.5978   7.610147  0.000e+00
     50.367     7.8331    30.9295    24.1014 2.0757e-01     0.5046      0.755    1477.65     67.594     4.5979   7.610147  0.000e+00
     50.429     7.8323    30.9283    24.1006 2.0757e-01     0.5034      0.747    1477.64     67.534     4.5940   7.610148  0.000e+00
     50.417     7.8320    30.9271    24.0997 2.0757e-01     0.5022      0.744    1477.64     67.586     4.5975   7.610148  0.000e+00
     50.440     7.8318    30.9248    24.0979 2.1978e-01     0.5022      0.747    1477.64     67.530     4.5938   7.610149  0.000e+00
     50.465     7.8309    30.9204    24.0946 2.1978e-01     0.5046      0.747    1477.63     67.523     4.5936   7.610149  0.000e+00
     50.487     7.8294    30.9171    24.0922 2.0757e-01     0.5058      0.747    1477.62     67.518     4.5935   7.610149  0.000e+00
     50.500     7.8289    30.9167    24.0920 2.0757e-01     0.5046      0.766    1477.62     67.515     4.5934   7.610150  0.000e+00
     50.538     7.8288    30.9196    24.0942 2.0757e-01     0.5058      0.780    1477.62     67.452     4.5890   7.610150  0.000e+00
     50.560     7.8297    30.9234    24.0971 2.1978e-01     0.5046      0.780    1477.63     67.445     4.5883   7.610151  0.000e+00
     50.573     7.8313    30.9246    24.0978 2.1978e-01     0.5071      0.780    1477.64     67.441     4.5878   7.610151  0.000e+00
     50.572     7.8321    30.9220    24.0957 2.1978e-01     0.5071      0.780    1477.64     67.438     4.5877   7.610152  0.000e+00
     50.645     7.8325    30.9201    24.0941 2.0757e-01     0.5119      0.777    1477.64     67.431     4.5872   7.610152  0.000e+00
     50.645     7.8333    30.9215    24.0952 2.1978e-01     0.5144      0.773    1477.64     67.371     4.5829   7.610153  0.000e+00
     50.645     7.8345    30.9281    24.1001 2.1978e-01     0.5132      0.769    1477.65     67.360     4.5819   7.610153  0.000e+00
     50.694     7.8372    30.9374    24.1071 2.1978e-01     0.5071      0.766    1477.68     67.351     4.5807   7.610154  0.000e+00
     50.705     7.8416    30.9428    24.1107 2.0757e-01     0.5071      0.766    1477.70     67.344     4.5797   7.610154  0.000e+00
     50.728     7.8441    30.9442    24.1115 2.0757e-01     0.5071      0.766    1477.71     67.278     4.5748   7.610155  0.000e+00
     50.765     7.8457    30.9420    24.1095 2.0757e-01     0.5095      0.758    1477.72     67.269     4.5741   7.610155  0.000e+00
     50.765     7.8460    30.9403    24.1081 2.0757e-01     0.5058      0.747    1477.72     67.262     4.5737   7.610156  0.000e+00
     50.790     7.8459    30.9398    24.1077 2.0757e-01     0.5046      0.744    1477.71     67.196     4.5692   7.610156  0.000e+00
     50.814     7.8460    30.9426    24.1099 2.0757e-01     0.5046      0.744    1477.72     67.187     4.5685   7.610157  0.000e+00
     50.825     7.8470    30.9449    24.1116 2.1978e-01     0.5083      0.744    1477.73     67.111     4.5632   7.610157  0.000e+00
     50.861     7.8483    30.9466    24.1127 2.0757e-01     0.5095      0.736    1477.73     67.093     4.5617   7.610158  0.000e+00
     50.885     7.8489    30.9469    24.1129 2.0757e-01     0.5119      0.736    1477.74     67.016     4.5564   7.610158  0.000e+00
     50.898     7.8497    30.9483    24.1138 2.1978e-01     0.5119      0.736    1477.74     67.003     4.5554   7.610159  0.000e+00
     50.921     7.8512    30.9511    24.1158 2.0757e-01     0.5095      0.736    1477.75     66.987     4.5541   7.610159  0.000e+00
     50.959     7.8524    30.9518    24.1163 2.0757e-01     0.5095      0.736    1477.76     66.911     4.5488   7.610160  0.000e+00
     50.959     7.8531    30.9510    24.1155 2.0757e-01     0.5132      0.729    1477.76     66.894     4.5476   7.610160  0.000e+00
     50.993     7.8532    30.9519    24.1162 2.0757e-01     0.5132      0.725    1477.76     66.818     4.5424   7.610161  0.000e+00
     51.019     7.8539    30.9536    24.1175 2.0757e-01     0.5119      0.736    1477.77     66.800     4.5411   7.610161  0.000e+00
     51.030     7.8548    30.9534    24.1172 2.0757e-01     0.5107      0.755    1477.77     66.717     4.5353   7.610162  0.000e+00
     51.055     7.8548    30.9501    24.1145 2.0757e-01     0.5119      0.777    1477.77     66.630     4.5295   7.610162  0.000e+00
     51.066     7.8542    30.9476    24.1127 2.1978e-01     0.5144      0.788    1477.76     66.608     4.5282   7.610163  0.000e+00
     51.102     7.8536    30.9466    24.1120 2.0757e-01     0.5156      0.777    1477.76     66.522     4.5224   7.610163  0.000e+00
     51.102     7.8539    30.9520    24.1162 2.0757e-01     0.5156      0.762    1477.77     66.495     4.5203   7.610163  0.000e+00
     51.150     7.8556    30.9656    24.1266 2.0757e-01     0.5156      0.747    1477.79     66.410     4.5140   7.610164  0.000e+00
     51.175     7.8598    30.9771    24.1351 2.1978e-01     0.5180      0.740    1477.82     66.376     4.5109   7.610164  0.000e+00
     51.175     7.8633    30.9821    24.1385 2.1978e-01     0.5193      0.733    1477.84     66.347     4.5084   7.610165  0.000e+00
     51.199     7.8649    30.9824    24.1385 2.0757e-01     0.5193      0.725    1477.85     66.198     4.4982   7.610165  0.000e+00
     51.222     7.8654    30.9799    24.1365 2.1978e-01     0.5180      0.729    1477.85     66.163     4.4958   7.610166  0.000e+00
     51.246     7.8644    30.9774    24.1347 2.0757e-01     0.5168      0.733    1477.84     66.072     4.4898   7.610166  0.000e+00
     51.271     7.8630    30.9736    24.1319 2.0757e-01     0.5205      0.744    1477.83     66.040     4.4879   7.610167  0.000e+00
     51.282     7.8606    30.9698    24.1292 2.0757e-01     0.5205      0.751    1477.82     65.951     4.4822   7.610167  0.000e+00
     51.306     7.8592    30.9674    24.1276 2.1978e-01     0.5217      0.755    1477.81     65.861     4.4763   7.610168  0.000e+00
     51.342     7.8583    30.9686    24.1286 2.1978e-01     0.5217      0.751    1477.81     65.831     4.4743   7.610168  0.000e+00
     51.342     7.8591    30.9792    24.1368 2.0757e-01     0.5217      0.747    1477.82     65.737     4.4675   7.610169  0.000e+00
     51.391     7.8609    30.9871    24.1428 2.0757e-01     0.5193      0.751    1477.84     65.642     4.4606   7.610169  0.000e+00
     51.402     7.8618    30.9847    24.1407 2.0757e-01     0.5180      0.751    1477.84     65.607     4.4582   7.610170  0.000e+00
     51.415     7.8610    30.9825    24.1391 2.0757e-01     0.5217      0.747    1477.84     65.455     4.4480   7.610170  0.000e+00
     51.440     7.8612    30.9811    24.1380 2.0757e-01     0.5217      0.751    1477.84     65.418     4.4456   7.610171  0.000e+00
     51.462     7.8609    30.9748    24.1331 2.0757e-01     0.5242      0.758    1477.83     65.319     4.4390   7.610171  0.000e+00
     51.487     7.8588    30.9688    24.1287 2.1978e-01     0.5242      0.762    1477.81     65.227     4.4331   7.610172  0.000e+00
     51.511     7.8577    30.9703    24.1300 2.1978e-01     0.5217      0.762    1477.81     65.189     4.4306   7.610172  0.000e+00
     51.523     7.8583    30.9812    24.1384 2.0757e-01     0.5229      0.762    1477.83     65.096     4.4239   7.610173  0.000e+00
     51.571     7.8607    30.9920    24.1466 2.1978e-01     0.5217      0.758    1477.85     65.003     4.4171   7.610173  0.000e+00
     51.571     7.8630    30.9973    24.1505 2.0757e-01     0.5217      0.751    1477.86     64.910     4.4104   7.610174  0.000e+00
     51.607     7.8650    30.9980    24.1507 2.0757e-01     0.5193      0.747    1477.87     64.811     4.4034   7.610174  0.000e+00
     51.620     7.8665    30.9957    24.1487 2.0757e-01     0.5205      0.747    1477.88     64.712     4.3966   7.610175  0.000e+00
     51.656     7.8666    30.9936    24.1470 2.0757e-01     0.5229      0.755    1477.88     64.614     4.3900   7.610175  0.000e+00
     51.667     7.8660    30.9891    24.1436 2.3199e-01     0.5205      0.758    1477.87     64.579     4.3878   7.610176  0.000e+00
     51.692     7.8642    30.9823    24.1385 2.4420e-01     0.5205      0.758    1477.85     64.552     4.3864   7.610176  0.000e+00
     51.716     7.8626    30.9776    24.1350 2.4420e-01     0.5229      0.751    1477.84     64.465     4.3807   7.610177  0.000e+00
