RAWDATA/20190107/D2_20190107.cnv
* Sea-Bird SBE 9 Data File:
* FileName = C:\CTD Brukere\NIVA\OKOKYST2019\20190107\D2_20190107.hex
* Software Version Seasave V 7.23.2
* Temperature SN = 5352
* Conductivity SN = 3840
* Number of Bytes Per Scan = 28
* Number of Voltage Words = 4
* Number of Scans Averaged by the Deck Unit = 1
* NMEA baud rate = 4800
** Ship: R/V Trygve Braarud
** Cruise:
** Station:
** Operator:
# nquan = 12
# nvalues = 7697                                  
# units = specified
# name 0 = depSM: Depth [salt water, m], lat = 59.60
# name 1 = potemp090C: Potential Temperature [ITS-90, deg C]
# name 2 = sal00: Salinity, Practical [PSU]
# name 3 = sigma-t00: Density [sigma-t, kg/m^3 ]
# name 4 = flSP: Fluorescence, Seapoint
# name 5 = wetStar: Fluorescence, WET Labs WETstar [mg/m^3]
# name 6 = seaTurbMtr: Turbidity, Seapoint [FTU]
# name 7 = svCM: Sound Velocity [Chen-Millero, m/s]
# name 8 = sbeox0PS: Oxygen, SBE 43 [% saturation]
# name 9 = sbeox0ML/L: Oxygen, SBE 43 [ml/l]
# name 10 = timeJ: Julian Days
# name 11 = flag:  0.000e+00
# span 0 =     -0.162,    114.712                 
# span 1 =     0.8873,    11.1213                 
# span 2 =     3.5113,    31.5200                 
# span 3 =     2.7474,    24.6319                 
# span 4 = 1.9536e-01, 8.7912e-01                 
# span 5 =     0.4607,     2.0565                 
# span 6 =      0.454,      2.110                 
# span 7 =    1411.56,    1486.33                 
# span 8 =      0.286,     95.625                 
# span 9 =     0.0196,     8.6784                 
# span 10 =   7.608727,   7.612438                
# span 11 = 0.0000e+00, 0.0000e+00                
# interval = seconds: 0.0416667
# start_time = Jan 07 2019 14:36:34 [System UpLoad Time]
# bad_flag = -9.990e-29
*END*
[from data line 5173]
     99.991     7.3965    31.4910    24.6017 3.0525e-01     1.0162      0.733    1477.50      0.619     0.0424   7.611222  0.000e+00
    100.015     7.3962    31.4914    24.6020 3.0525e-01     1.0187      0.740    1477.50      0.625     0.0428   7.611222  0.000e+00
    100.025     7.3964    31.4910    24.6017 2.9304e-01     1.0187      0.740    1477.50      0.632     0.0432   7.611223  0.000e+00
    100.051     7.3963    31.4911    24.6018 3.0525e-01     1.0211      0.733    1477.50      0.631     0.0432   7.611223  0.000e+00
    100.089     7.3960    31.4912    24.6019 3.0525e-01     1.0223      0.733    1477.50      0.639     0.0437   7.611223  0.000e+00
    100.100     7.3960    31.4912    24.6019 2.9304e-01     1.0248      0.733    1477.50      0.584     0.0400   7.611224  0.000e+00
    100.123     7.3963    31.4910    24.6017 2.9304e-01     1.0260      0.729    1477.50      0.586     0.0401   7.611224  0.000e+00
    100.149     7.3960    31.4912    24.6019 2.9304e-01     1.0260      0.725    1477.50      0.589     0.0403   7.611225  0.000e+00
    100.173     7.3963    31.4910    24.6017 2.9304e-01     1.0248      0.711    1477.50      0.592     0.0405   7.611225  0.000e+00
    100.185     7.3960    31.4915    24.6021 3.0525e-01     1.0223      0.711    1477.50      0.589     0.0403   7.611226  0.000e+00
    100.208     7.3961    31.4913    24.6020 2.9304e-01     1.0223      0.711    1477.50      0.586     0.0401   7.611226  0.000e+00
    100.245     7.3961    31.4913    24.6020 3.0525e-01     1.0223      0.722    1477.50      0.591     0.0405   7.611227  0.000e+00
    100.245     7.3961    31.4908    24.6016 3.0525e-01     1.0248      0.744    1477.50      0.598     0.0409   7.611227  0.000e+00
    100.270     7.3963    31.4909    24.6016 3.0525e-01     1.0248      0.762    1477.50      0.598     0.0409   7.611228  0.000e+00
    100.306     7.3961    31.4910    24.6017 3.0525e-01     1.0260      0.762    1477.50      0.598     0.0409   7.611228  0.000e+00
    100.317     7.3961    31.4911    24.6018 3.0525e-01     1.0235      0.762    1477.50      0.599     0.0410   7.611229  0.000e+00
    100.343     7.3961    31.4913    24.6019 2.9304e-01     1.0223      0.766    1477.50      0.601     0.0411   7.611229  0.000e+00
    100.366     7.3963    31.4911    24.6018 2.9304e-01     1.0223      0.766    1477.51      0.603     0.0413   7.611230  0.000e+00
    100.379     7.3961    31.4907    24.6015 3.0525e-01     1.0223      0.762    1477.50      0.606     0.0414   7.611230  0.000e+00
    100.413     7.3960    31.4912    24.6019 3.0525e-01     1.0223      0.758    1477.50      0.609     0.0417   7.611231  0.000e+00
    100.415     7.3961    31.4912    24.6019 3.0525e-01     1.0223      0.755    1477.51      0.613     0.0420   7.611231  0.000e+00
    100.451     7.3961    31.4909    24.6017 3.0525e-01     1.0248      0.744    1477.51      0.618     0.0423   7.611232  0.000e+00
    100.464     7.3961    31.4913    24.6020 3.0525e-01     1.0235      0.736    1477.51      0.623     0.0427   7.611232  0.000e+00
    100.500     7.3961    31.4912    24.6019 3.0525e-01     1.0235      0.740    1477.51      0.629     0.0431   7.611233  0.000e+00
    100.511     7.3958    31.4912    24.6019 3.0525e-01     1.0248      0.755    1477.51      0.636     0.0435   7.611233  0.000e+00
    100.536     7.3958    31.4913    24.6020 3.0525e-01     1.0248      0.777    1477.51      0.581     0.0397   7.611234  0.000e+00
    100.560     7.3959    31.4915    24.6021 3.0525e-01     1.0235      0.777    1477.51      0.573     0.0392   7.611234  0.000e+00
    100.585     7.3958    31.4912    24.6020 2.9304e-01     1.0260      0.755    1477.51      0.567     0.0388   7.611235  0.000e+00
    100.596     7.3958    31.4911    24.6018 2.9304e-01     1.0260      0.729    1477.51      0.623     0.0427   7.611235  0.000e+00
    100.632     7.3958    31.4913    24.6020 3.0525e-01     1.0272      0.718    1477.51      0.625     0.0428   7.611236  0.000e+00
    100.658     7.3958    31.4914    24.6021 3.0525e-01     1.0284      0.718    1477.51      0.565     0.0387   7.611236  0.000e+00
    100.658     7.3956    31.4913    24.6020 3.0525e-01     1.0248      0.707    1477.51      0.560     0.0383   7.611236  0.000e+00
    100.694     7.3956    31.4912    24.6019 3.0525e-01     1.0260      0.703    1477.51      0.556     0.0381   7.611237  0.000e+00
    100.718     7.3956    31.4916    24.6023 3.0525e-01     1.0223      0.703    1477.51      0.553     0.0378   7.611237  0.000e+00
    100.730     7.3953    31.4916    24.6023 3.0525e-01     1.0248      0.711    1477.51      0.550     0.0376   7.611238  0.000e+00
    100.777     7.3956    31.4911    24.6019 3.0525e-01     1.0260      0.733    1477.51      0.548     0.0375   7.611238  0.000e+00
    100.779     7.3955    31.4915    24.6022 3.0525e-01     1.0248      0.758    1477.51      0.546     0.0374   7.611239  0.000e+00
    100.803     7.3956    31.4915    24.6022 2.9304e-01     1.0248      0.755    1477.51      0.545     0.0373   7.611239  0.000e+00
    100.828     7.3956    31.4914    24.6021 2.9304e-01     1.0260      0.740    1477.51      0.545     0.0373   7.611240  0.000e+00
    100.839     7.3956    31.4914    24.6021 3.0525e-01     1.0248      0.733    1477.51      0.545     0.0373   7.611240  0.000e+00
    100.838     7.3956    31.4914    24.6021 3.0525e-01     1.0235      0.740    1477.51      0.546     0.0374   7.611241  0.000e+00
    100.936     7.3956    31.4916    24.6023 3.0525e-01     1.0248      0.747    1477.51      0.548     0.0375   7.611241  0.000e+00
    100.913     7.3955    31.4916    24.6023 3.0525e-01     1.0260      0.758    1477.51      0.550     0.0376   7.611242  0.000e+00
    100.936     7.3958    31.4913    24.6020 2.9304e-01     1.0260      0.766    1477.51      0.553     0.0378   7.611242  0.000e+00
    100.960     7.3956    31.4916    24.6022 3.0525e-01     1.0260      0.766    1477.51      0.548     0.0375   7.611243  0.000e+00
    100.985     7.3955    31.4913    24.6021 3.0525e-01     1.0260      0.766    1477.51      0.552     0.0378   7.611243  0.000e+00
    100.998     7.3956    31.4915    24.6022 3.0525e-01     1.0272      0.762    1477.51      0.556     0.0381   7.611244  0.000e+00
    101.020     7.3955    31.4916    24.6023 3.0525e-01     1.0296      0.762    1477.51      0.554     0.0379   7.611244  0.000e+00
    101.045     7.3956    31.4915    24.6022 3.0525e-01     1.0260      0.769    1477.51      0.551     0.0377   7.611245  0.000e+00
    101.069     7.3954    31.4913    24.6020 3.0525e-01     1.0223      0.769    1477.51      0.557     0.0381   7.611245  0.000e+00
    101.094     7.3954    31.4911    24.6019 3.0525e-01     1.0223      0.751    1477.51      0.563     0.0385   7.611246  0.000e+00
    101.105     7.3954    31.4916    24.6023 3.0525e-01     1.0235      0.733    1477.52      0.570     0.0390   7.611246  0.000e+00
    101.143     7.3949    31.4920    24.6026 3.0525e-01     1.0248      0.722    1477.51      0.578     0.0395   7.611247  0.000e+00
    101.154     7.3954    31.4912    24.6020 3.0525e-01     1.0284      0.722    1477.52      0.586     0.0401   7.611247  0.000e+00
    101.166     7.3951    31.4916    24.6024 3.0525e-01     1.0260      0.718    1477.51      0.587     0.0402   7.611248  0.000e+00
    101.203     7.3951    31.4917    24.6024 3.0525e-01     1.0272      0.725    1477.52      0.588     0.0402   7.611248  0.000e+00
    101.228     7.3951    31.4917    24.6024 3.0525e-01     1.0272      0.733    1477.52      0.590     0.0404   7.611249  0.000e+00
    101.228     7.3949    31.4919    24.6026 3.0525e-01     1.0296      0.747    1477.52      0.591     0.0405   7.611249  0.000e+00
    101.264     7.3948    31.4920    24.6027 2.9304e-01     1.0284      0.762    1477.52      0.594     0.0406   7.611250  0.000e+00
    101.288     7.3949    31.4920    24.6027 3.0525e-01     1.0272      0.762    1477.52      0.596     0.0408   7.611250  0.000e+00
    101.313     7.3946    31.4922    24.6028 3.0525e-01     1.0284      0.744    1477.52      0.599     0.0410   7.611250  0.000e+00
    101.313     7.3946    31.4921    24.6028 3.0525e-01     1.0296      0.722    1477.52      0.602     0.0412   7.611251  0.000e+00
    101.360     7.3946    31.4921    24.6028 3.0525e-01     1.0309      0.711    1477.52      0.606     0.0415   7.611251  0.000e+00
    101.384     7.3946    31.4918    24.6026 3.0525e-01     1.0321      0.703    1477.52      0.609     0.0417   7.611252  0.000e+00
    101.373     7.3945    31.4919    24.6026 3.0525e-01     1.0333      0.700    1477.52      0.613     0.0420   7.611252  0.000e+00
    101.433     7.3943    31.4920    24.6027 3.0525e-01     1.0333      0.703    1477.52      0.555     0.0380   7.611253  0.000e+00
    101.433     7.3945    31.4919    24.6026 3.0525e-01     1.0309      0.711    1477.52      0.553     0.0378   7.611253  0.000e+00
    101.458     7.3941    31.4926    24.6033 3.0525e-01     1.0309      0.714    1477.52      0.614     0.0420   7.611254  0.000e+00
    101.482     7.3941    31.4922    24.6030 3.0525e-01     1.0333      0.714    1477.52      0.619     0.0424   7.611254  0.000e+00
    101.507     7.3939    31.4925    24.6032 3.0525e-01     1.0333      0.718    1477.52      0.626     0.0428   7.611255  0.000e+00
    101.518     7.3941    31.4922    24.6029 3.0525e-01     1.0333      0.714    1477.52      0.632     0.0433   7.611255  0.000e+00
    101.541     7.3939    31.4925    24.6032 3.0525e-01     1.0358      0.714    1477.52      0.639     0.0438   7.611256  0.000e+00
    101.567     7.3943    31.4920    24.6027 3.0525e-01     1.0370      0.711    1477.52      0.647     0.0443   7.611256  0.000e+00
    101.592     7.3939    31.4922    24.6030 3.0525e-01     1.0345      0.711    1477.52      0.654     0.0448   7.611257  0.000e+00
    101.603     7.3939    31.4924    24.6031 3.0525e-01     1.0358      0.714    1477.52      0.654     0.0448   7.611257  0.000e+00
    101.628     7.3938    31.4924    24.6032 2.9304e-01     1.0382      0.714    1477.52      0.654     0.0448   7.611258  0.000e+00
    101.639     7.3939    31.4927    24.6033 3.0525e-01     1.0358      0.711    1477.52      0.592     0.0405   7.611258  0.000e+00
    101.677     7.3939    31.4926    24.6033 3.0525e-01     1.0370      0.711    1477.52      0.655     0.0448   7.611259  0.000e+00
    101.688     7.3939    31.4923    24.6030 3.0525e-01     1.0333      0.718    1477.52      0.663     0.0454   7.611259  0.000e+00
    101.724     7.3939    31.4924    24.6031 3.0525e-01     1.0333      0.729    1477.52      0.602     0.0412   7.611260  0.000e+00
    101.737     7.3941    31.4921    24.6028 3.0525e-01     1.0333      0.758    1477.52      0.596     0.0408   7.611260  0.000e+00
    101.748     7.3939    31.4922    24.6029 3.0525e-01     1.0321      0.769    1477.52      0.652     0.0446   7.611261  0.000e+00
    101.773     7.3938    31.4925    24.6032 3.0525e-01     1.0321      0.769    1477.52      0.591     0.0405   7.611261  0.000e+00
    101.809     7.3934    31.4924    24.6032 3.0525e-01     1.0333      0.769    1477.52      0.585     0.0401   7.611262  0.000e+00
    101.822     7.3930    31.4924    24.6033 3.0525e-01     1.0333      0.762    1477.52      0.580     0.0397   7.611262  0.000e+00
    101.833     7.3927    31.4926    24.6035 3.0525e-01     1.0321      0.758    1477.52      0.575     0.0394   7.611263  0.000e+00
    101.846     7.3924    31.4929    24.6037 3.0525e-01     1.0309      0.755    1477.52      0.570     0.0390   7.611263  0.000e+00
    101.894     7.3921    31.4928    24.6037 3.0525e-01     1.0321      0.755    1477.52      0.566     0.0387   7.611264  0.000e+00
    101.907     7.3918    31.4930    24.6039 3.0525e-01     1.0296      0.751    1477.52      0.562     0.0385   7.611264  0.000e+00
    101.931     7.3917    31.4926    24.6036 3.0525e-01     1.0309      0.740    1477.52      0.558     0.0382   7.611264  0.000e+00
    101.954     7.3912    31.4934    24.6043 3.0525e-01     1.0309      0.729    1477.52      0.555     0.0380   7.611265  0.000e+00
    101.967     7.3912    31.4930    24.6040 3.0525e-01     1.0333      0.722    1477.52      0.614     0.0420   7.611265  0.000e+00
    102.003     7.3909    31.4932    24.6041 3.0525e-01     1.0333      0.718    1477.51      0.556     0.0380   7.611266  0.000e+00
    102.016     7.3909    31.4932    24.6041 2.9304e-01     1.0345      0.722    1477.51      0.553     0.0379   7.611266  0.000e+00
    102.039     7.3909    31.4932    24.6041 3.0525e-01     1.0345      0.740    1477.52      0.613     0.0420   7.611267  0.000e+00
    102.052     7.3907    31.4933    24.6043 3.0525e-01     1.0345      0.755    1477.51      0.618     0.0423   7.611267  0.000e+00
    102.088     7.3910    31.4932    24.6041 3.0525e-01     1.0358      0.755    1477.52      0.561     0.0384   7.611268  0.000e+00
    102.112     7.3907    31.4936    24.6045 2.9304e-01     1.0358      0.744    1477.52      0.621     0.0425   7.611268  0.000e+00
    102.124     7.3905    31.4935    24.6045 3.0525e-01     1.0345      0.736    1477.52      0.564     0.0386   7.611269  0.000e+00
    102.137     7.3909    31.4931    24.6041 3.0525e-01     1.0345      0.736    1477.52      0.562     0.0385   7.611269  0.000e+00
    102.173     7.3907    31.4933    24.6043 3.0525e-01     1.0333      0.733    1477.52      0.560     0.0383   7.611270  0.000e+00
    102.186     7.3906    31.4934    24.6043 3.0525e-01     1.0345      0.729    1477.52      0.621     0.0425   7.611270  0.000e+00
    102.209     7.3907    31.4935    24.6044 3.0525e-01     1.0345      0.718    1477.52      0.565     0.0387   7.611271  0.000e+00
    102.222     7.3907    31.4933    24.6042 3.0525e-01     1.0345      0.711    1477.52      0.564     0.0386   7.611271  0.000e+00
    102.258     7.3906    31.4933    24.6042 3.0525e-01     1.0345      0.707    1477.52      0.564     0.0386   7.611272  0.000e+00
    102.258     7.3905    31.4934    24.6043 3.0525e-01     1.0321      0.703    1477.52      0.563     0.0386   7.611272  0.000e+00
    102.294     7.3905    31.4934    24.6043 3.0525e-01     1.0284      0.703    1477.52      0.563     0.0386   7.611273  0.000e+00
    102.294     7.3907    31.4932    24.6042 3.0525e-01     1.0284      0.711    1477.52      0.564     0.0386   7.611273  0.000e+00
    102.331     7.3903    31.4932    24.6043 3.0525e-01     1.0309      0.729    1477.52      0.564     0.0386   7.611274  0.000e+00
    102.356     7.3907    31.4933    24.6043 3.0525e-01     1.0309      0.740    1477.52      0.565     0.0387   7.611274  0.000e+00
    102.367     7.3905    31.4937    24.6046 3.0525e-01     1.0345      0.729    1477.52      0.567     0.0388   7.611275  0.000e+00
    102.391     7.3907    31.4932    24.6042 3.0525e-01     1.0358      0.714    1477.52      0.568     0.0389   7.611275  0.000e+00
    102.427     7.3905    31.4933    24.6043 3.0525e-01     1.0358      0.718    1477.52      0.570     0.0390   7.611276  0.000e+00
    102.427     7.3904    31.4932    24.6042 3.0525e-01     1.0382      0.747    1477.52      0.572     0.0392   7.611276  0.000e+00
    102.452     7.3906    31.4929    24.6039 3.0525e-01     1.0370      0.788    1477.52      0.567     0.0388   7.611277  0.000e+00
    102.476     7.3905    31.4929    24.6040 3.0525e-01     1.0358      0.821    1477.52      0.562     0.0384   7.611277  0.000e+00
    102.488     7.3905    31.4934    24.6044 3.0525e-01     1.0370      0.813    1477.52      0.564     0.0386   7.611277  0.000e+00
    102.512     7.3904    31.4932    24.6042 2.9304e-01     1.0370      0.777    1477.52      0.567     0.0388   7.611278  0.000e+00
    102.537     7.3906    31.4933    24.6042 3.0525e-01     1.0358      0.744    1477.52      0.570     0.0390   7.611278  0.000e+00
    102.561     7.3904    31.4939    24.6047 3.0525e-01     1.0370      0.722    1477.52      0.574     0.0393   7.611279  0.000e+00
