RAWDATA/20190107/ID2_20190110_ekstra_down.cnv
* Sea-Bird SBE 9 Data File:
* FileName = C:\CTD Brukere\NIVA\OKOKYST2019\20190107\ID2_20190110_ekstra.hex
* Software Version Seasave V 7.23.2
* Temperature SN = 5352
* Conductivity SN = 3840
* Number of Bytes Per Scan = 28
* Number of Voltage Words = 4
* Number of Scans Averaged by the Deck Unit = 1
* NMEA baud rate = 4800
** Ship: R/V Trygve Braarud
** Cruise:
** Station:
** Operator:
# nquan = 12
# nvalues = 4070                                  
# units = specified
# name 0 = depSM: Depth [salt water, m], lat = 59.60
# name 1 = t090C: Temperature [ITS-90, deg C]
# name 2 = sal00: Salinity, Practical [PSU]
# name 3 = sigma-t00: Density [sigma-t, kg/m^3 ]
# name 4 = flSP: Fluorescence, Seapoint
# name 5 = wetStar: Fluorescence, WET Labs WETstar [mg/m^3]
# name 6 = seaTurbMtr: Turbidity, Seapoint [FTU]
# name 7 = svCM: Sound Velocity [Chen-Millero, m/s]
# name 8 = sbeox0PS: Oxygen, SBE 43 [% saturation]
# name 9 = sbeox0ML/L: Oxygen, SBE 43 [ml/l]
# name 10 = timeJ: Julian Days
# name 11 = flag:  0.000e+00
# span 0 =     -0.450,     36.162                 
# span 1 =     0.3560,    11.9091                 
# span 2 =     2.3468,    30.3791                 
# span 3 =     1.7880,    23.5490                 
# span 4 = 1.0989e-01, 1.3797e+00                 
# span 5 =     0.1200,     5.1200                 
# span 6 =      0.000,     15.000                 
# span 7 =    1408.15,    1488.30                 
# span 8 =     19.863,    113.764                 
# span 9 =     1.3191,    10.6626                 
# span 10 =  10.418808,  10.420770                
# span 11 = 0.0000e+00, 0.0000e+00                
# interval = seconds: 0.0416667
# start_time = Jan 10 2019 10:03:05 [System UpLoad Time]
# bad_flag = -9.990e-29
*END*
[from data line 482]
      0.589     0.5256     3.8606     3.0148 8.5470e-01     5.1200      1.158    1410.25     99.005     9.7165  10.419040  0.000e+00
      0.589     0.5253     3.8656     3.0188 8.5470e-01     5.1200      1.161    1410.25     99.012     9.7169  10.419041  0.000e+00
      0.602     0.5331     3.8724     3.0247 8.5470e-01     5.1200      1.158    1410.30     99.012     9.7143  10.419041  0.000e+00
      0.613     0.5612     3.8746     3.0277 8.5470e-01     5.1200      1.161    1410.44     99.002     9.7056  10.419042  0.000e+00
      0.624     0.5973     3.8721     3.0272 8.5470e-01     5.1200      1.161    1410.61     99.052     9.7010  10.419042  0.000e+00
      0.647     0.6366     3.8682     3.0257 8.5470e-01     5.1200      1.161    1410.80     99.053     9.6907  10.419043  0.000e+00
      0.662     0.6576     3.8668     3.0254 8.5470e-01     5.1200      1.161    1410.91     98.994     9.6794  10.419043  0.000e+00
      0.662     0.6634     3.8661     3.0251 8.6691e-01     5.1200      1.165    1410.93     99.123     9.6905  10.419044  0.000e+00
      0.684     0.6668     3.8651     3.0245 8.5470e-01     5.1200      1.168    1410.95     99.141     9.6914  10.419044  0.000e+00
      0.697     0.6706     3.8654     3.0249 8.5470e-01     5.1200      1.165    1410.97     99.155     9.6917  10.419045  0.000e+00
      0.707     0.6638     3.8681     3.0267 8.5470e-01     5.1200      1.172    1410.94     99.236     9.7013  10.419045  0.000e+00
      0.733     0.6676     3.8718     3.0299 8.5470e-01     5.1200      1.172    1410.96     99.254     9.7018  10.419046  0.000e+00
      0.733     0.6903     3.8788     3.0365 8.5470e-01     5.1200      1.172    1411.08     99.327     9.7023  10.419046  0.000e+00
      0.768     0.7113     3.8842     3.0418 8.5470e-01     5.1200      1.165    1411.19     99.352     9.6988  10.419047  0.000e+00
      0.757     0.7258     3.8907     3.0476 8.5470e-01     5.1200      1.161    1411.27     99.441     9.7031  10.419047  0.000e+00
      0.780     0.7538     3.9020     3.0578 8.5470e-01     5.1200      1.158    1411.43     99.466     9.6973  10.419048  0.000e+00
      0.804     0.7815     3.9098     3.0652 8.5470e-01     5.1200      1.165    1411.57     99.553     9.6978  10.419048  0.000e+00
      0.815     0.8018     3.9131     3.0687 8.5470e-01     5.1200      1.168    1411.68     99.648     9.7014  10.419049  0.000e+00
      0.828     0.8257     3.9163     3.0722 8.5470e-01     5.1200      1.168    1411.80     99.682     9.6980  10.419049  0.000e+00
      0.851     0.8441     3.9219     3.0774 8.5470e-01     5.1200      1.168    1411.90     99.779     9.7021  10.419049  0.000e+00
      0.864     0.8637     3.9264     3.0818 8.5470e-01     5.1200      1.168    1412.00     99.880     9.7064  10.419050  0.000e+00
      0.875     0.8788     3.9336     3.0882 8.5470e-01     5.1200      1.165    1412.08     99.922     9.7060  10.419050  0.000e+00
      0.888     0.8815     3.9453     3.0977 8.5470e-01     5.1200      1.165    1412.11    100.029     9.7148  10.419051  0.000e+00
      0.911     0.8803     3.9579     3.1079 8.5470e-01     5.1200      1.187    1412.12    100.088     9.7200  10.419051  0.000e+00
      0.935     0.8881     3.9725     3.1199 8.4249e-01     5.1200      1.198    1412.18    100.202     9.7280  10.419052  0.000e+00
      0.935     0.9012     3.9884     3.1333 8.5470e-01     5.1200      1.201    1412.26    100.307     9.7336  10.419052  0.000e+00
      0.958     0.9146     4.0014     3.1443 8.5470e-01     5.1200      1.205    1412.35    100.426     9.7407  10.419053  0.000e+00
      0.984     0.9292     4.0137     3.1547 8.5470e-01     5.1200      1.201    1412.44    100.483     9.7415  10.419053  0.000e+00
      0.984     0.9403     4.0279     3.1666 8.5470e-01     5.1200      1.190    1412.51    100.600     9.7488  10.419054  0.000e+00
      0.995     0.9465     4.0374     3.1745 8.5470e-01     5.1200      1.183    1412.55    100.656     9.7520  10.419054  0.000e+00
      1.031     0.9549     4.0454     3.1812 8.5470e-01     5.1200      1.179    1412.60    100.705     9.7539  10.419055  0.000e+00
      1.031     0.9650     4.0571     3.1911 8.5470e-01     5.1200      1.183    1412.67    100.615     9.7417  10.419055  0.000e+00
      1.042     0.9687     4.0662     3.1986 8.5470e-01     5.1200      1.179    1412.70    100.372     9.7166  10.419056  0.000e+00
      1.079     0.9730     4.0741     3.2051 8.5470e-01     5.1200      1.172    1412.73    100.150     9.6933  10.419056  0.000e+00
      1.079     0.9675     4.0877     3.2158 8.5470e-01     5.1127      1.168    1412.72     99.962     9.6758  10.419057  0.000e+00
      1.091     0.9547     4.1001     3.2254 8.5470e-01     5.1029      1.172    1412.68     99.831     9.6656  10.419057  0.000e+00
      1.102     0.9154     4.1150     3.2361 8.5470e-01     5.0992      1.165    1412.51     99.633     9.6560  10.419058  0.000e+00
      1.126     0.8820     4.1328     3.2492 8.5470e-01     5.0944      1.158    1412.37     99.478     9.6486  10.419058  0.000e+00
      1.137     0.8421     4.1507     3.2622 8.5470e-01     5.0907      1.150    1412.20     99.378     9.6484  10.419059  0.000e+00
      1.162     0.7992     4.1646     3.2719 8.4249e-01     5.0870      1.150    1412.00     99.215     9.6430  10.419059  0.000e+00
      1.162     0.7622     4.1804     3.2832 8.4249e-01     5.0846      1.143    1411.84     99.103     9.6410  10.419060  0.000e+00
      1.175     0.7452     4.1958     3.2950 8.4249e-01     5.0858      1.143    1411.78     99.048     9.6392  10.419060  0.000e+00
      1.186     0.7432     4.2055     3.3027 8.5470e-01     5.0846      1.147    1411.79     98.997     9.6341  10.419061  0.000e+00
      1.210     0.7487     4.2122     3.3083 8.5470e-01     5.0858      1.150    1411.82     98.963     9.6289  10.419061  0.000e+00
      1.222     0.7620     4.2165     3.3123 8.5470e-01     5.1200      1.161    1411.89     98.925     9.6214  10.419062  0.000e+00
      1.244     0.7760     4.2162     3.3126 8.5470e-01     5.1200      1.172    1411.96     98.841     9.6095  10.419062  0.000e+00
      1.246     0.7912     4.2074     3.3061 8.4249e-01     5.1200      1.176    1412.02     98.755     9.5977  10.419063  0.000e+00
      1.257     0.8121     4.1905     3.2932 8.4249e-01     5.1200      1.168    1412.10     98.731     9.5909  10.419063  0.000e+00
      1.270     0.8285     4.1767     3.2827 8.5470e-01     5.1200      1.158    1412.17     98.718     9.5861  10.419063  0.000e+00
      1.293     0.8412     4.1626     3.2718 8.4249e-01     5.1200      1.147    1412.21     98.724     9.5843  10.419064  0.000e+00
      1.306     0.8529     4.1428     3.2562 8.4249e-01     5.1200      1.147    1412.24     98.738     9.5839  10.419064  0.000e+00
      1.282     0.8595     4.1310     3.2469 8.4249e-01     5.1200      1.150    1412.26     98.631     9.5726  10.419065  0.000e+00
      1.366     0.8606     4.1258     3.2428 8.3028e-01     5.1200      1.154    1412.26     98.581     9.5678  10.419065  0.000e+00
      1.341     0.8563     4.1172     3.2357 8.4249e-01     5.1200      1.161    1412.22     98.539     9.5654  10.419066  0.000e+00
      1.353     0.8508     4.1112     3.2306 8.4249e-01     5.1200      1.172    1412.19     98.562     9.5695  10.419066  0.000e+00
      1.377     0.8454     4.1097     3.2292 8.4249e-01     5.1200      1.187    1412.16     98.517     9.5666  10.419067  0.000e+00
      1.388     0.8412     4.1099     3.2292 8.4249e-01     5.1200      1.187    1412.14     98.490     9.5651  10.419067  0.000e+00
      1.401     0.8404     4.1110     3.2301 8.4249e-01     5.1200      1.179    1412.14     98.525     9.5687  10.419068  0.000e+00
      1.413     0.8429     4.1131     3.2319 8.4249e-01     5.1200      1.179    1412.15     98.567     9.5720  10.419068  0.000e+00
      1.424     0.8473     4.1165     3.2348 8.4249e-01     5.1200      1.190    1412.18     98.627     9.5763  10.419069  0.000e+00
      1.448     0.8499     4.1193     3.2371 8.4249e-01     5.1200      1.194    1412.20     98.630     9.5758  10.419069  0.000e+00
      1.448     0.8532     4.1210     3.2386 8.4249e-01     5.1200      1.198    1412.22     98.640     9.5758  10.419070  0.000e+00
      1.472     0.8575     4.1221     3.2397 8.4249e-01     5.1200      1.205    1412.24     98.648     9.5753  10.419070  0.000e+00
      1.484     0.8648     4.1223     3.2401 8.5470e-01     5.1200      1.198    1412.27     98.663     9.5749  10.419071  0.000e+00
      1.497     0.8742     4.1225     3.2406 8.4249e-01     5.1200      1.187    1412.32     98.676     9.5736  10.419071  0.000e+00
      1.519     0.8842     4.1211     3.2399 8.4249e-01     5.1200      1.172    1412.37     98.633     9.5669  10.419072  0.000e+00
      1.519     0.8896     4.1201     3.2392 8.4249e-01     5.1200      1.165    1412.39     98.655     9.5677  10.419072  0.000e+00
      1.544     0.8946     4.1205     3.2397 8.4249e-01     5.1200      1.161    1412.42     98.548     9.5559  10.419073  0.000e+00
      1.557     0.8896     4.1237     3.2422 8.4249e-01     5.1200      1.165    1412.40     98.499     9.5523  10.419073  0.000e+00
      1.568     0.8817     4.1273     3.2448 8.3028e-01     5.1200      1.172    1412.36     98.323     9.5371  10.419074  0.000e+00
      1.592     0.8742     4.1316     3.2479 8.4249e-01     5.1200      1.176    1412.33     98.250     9.5317  10.419074  0.000e+00
      1.592     0.8711     4.1381     3.2531 8.3028e-01     5.1200      1.179    1412.33     98.114     9.5189  10.419075  0.000e+00
      1.604     0.8696     4.1433     3.2573 8.3028e-01     5.1200      1.176    1412.33     97.897     9.4978  10.419075  0.000e+00
      1.628     0.8638     4.1483     3.2610 8.3028e-01     5.1200      1.168    1412.31     97.667     9.4768  10.419076  0.000e+00
      1.628     0.8606     4.1556     3.2669 8.3028e-01     5.1200      1.172    1412.30     97.424     9.4535  10.419076  0.000e+00
      1.652     0.8612     4.1614     3.2716 8.4249e-01     5.1200      1.172    1412.31     97.235     9.4346  10.419076  0.000e+00
      1.651     0.8621     4.1655     3.2749 8.4249e-01     5.1200      1.161    1412.32     96.840     9.3959  10.419077  0.000e+00
      1.675     0.8620     4.1708     3.2792 8.3028e-01     5.1200      1.154    1412.33     96.484     9.3610  10.419077  0.000e+00
      1.675     0.8633     4.1745     3.2822 8.4249e-01     5.1200      1.150    1412.34     96.102     9.3233  10.419078  0.000e+00
      1.699     0.8623     4.1772     3.2844 8.3028e-01     5.1200      1.154    1412.34     95.761     9.2904  10.419078  0.000e+00
      1.710     0.8593     4.1792     3.2858 8.3028e-01     5.1200      1.161    1412.33     95.323     9.2484  10.419079  0.000e+00
      1.723     0.8551     4.1802     3.2865 8.3028e-01     5.1200      1.168    1412.31     94.820     9.2007  10.419079  0.000e+00
      1.735     0.8491     4.1822     3.2879 8.3028e-01     5.1200      1.172    1412.28     94.395     9.1609  10.419080  0.000e+00
      1.748     0.8432     4.1834     3.2887 8.3028e-01     5.1200      1.168    1412.25     93.882     9.1124  10.419080  0.000e+00
      1.759     0.8401     4.1835     3.2887 8.1807e-01     5.1200      1.168    1412.24     93.345     9.0611  10.419081  0.000e+00
      1.770     0.8360     4.1842     3.2890 8.3028e-01     5.0907      1.161    1412.22     92.712     9.0006  10.419081  0.000e+00
      1.783     0.8207     4.1859     3.2899 8.3028e-01     5.0419      1.147    1412.15     92.114     8.9463  10.419082  0.000e+00
      1.806     0.7968     4.1885     3.2910 8.3028e-01     5.0003      1.136    1412.04     91.508     8.8931  10.419082  0.000e+00
      1.806     0.7730     4.1919     3.2929 8.3028e-01     4.9686      1.128    1411.92     90.882     8.8379  10.419083  0.000e+00
      1.819     0.7669     4.1928     3.2934 8.1807e-01     4.9503      1.128    1411.89     90.181     8.7711  10.419083  0.000e+00
      1.843     0.7862     4.1896     3.2915 8.1807e-01     4.9246      1.128    1411.99     89.473     8.6978  10.419084  0.000e+00
      1.843     0.8039     4.1870     3.2901 8.3028e-01     4.8880      1.125    1412.07     88.828     8.6310  10.419084  0.000e+00
      1.854     0.8112     4.1847     3.2885 8.1807e-01     4.8514      1.117    1412.10     88.193     8.5677  10.419085  0.000e+00
      1.879     0.8039     4.1845     3.2881 8.1807e-01     4.8196      1.110    1412.07     87.569     8.5088  10.419085  0.000e+00
      1.890     0.7988     4.1850     3.2883 8.0586e-01     4.7964      1.106    1412.04     86.946     8.4495  10.419086  0.000e+00
      1.901     0.7949     4.1834     3.2869 8.1807e-01     4.7806      1.106    1412.02     86.326     8.3902  10.419086  0.000e+00
      1.901     0.8033     4.1808     3.2851 8.1807e-01     4.7659      1.114    1412.06     85.786     8.3360  10.419087  0.000e+00
      1.939     0.8018     4.1795     3.2840 8.1807e-01     4.7513      1.117    1412.05     85.207     8.2802  10.419087  0.000e+00
      1.937     0.7829     4.1772     3.2814 8.1807e-01     4.7403      1.128    1411.95     84.579     8.2235  10.419088  0.000e+00
      1.950     0.7612     4.1768     3.2803 8.0586e-01     4.7293      1.136    1411.85     84.024     8.1745  10.419088  0.000e+00
      1.961     0.7412     4.1760     3.2788 8.0586e-01     4.7244      1.132    1411.75     83.403     8.1187  10.419089  0.000e+00
      1.986     0.7248     4.1736     3.2762 8.0586e-01     4.7207      1.128    1411.67     82.785     8.0623  10.419089  0.000e+00
      1.986     0.7103     4.1733     3.2754 8.0586e-01     4.7158      1.125    1411.59     82.170     8.0056  10.419090  0.000e+00
      1.997     0.7022     4.1698     3.2723 8.0586e-01     4.7073      1.117    1411.55     81.638     7.9557  10.419090  0.000e+00
      2.021     0.7044     4.1622     3.2662 7.9365e-01     4.6975      1.114    1411.55     81.190     7.9120  10.419090  0.000e+00
      2.034     0.7111     4.1577     3.2628 7.8144e-01     4.6902      1.114    1411.58     80.706     7.8636  10.419091  0.000e+00
      2.045     0.7343     4.1486     3.2564 7.5702e-01     4.6804      1.125    1411.68     80.322     7.8217  10.419091  0.000e+00
      2.045     0.7566     4.1389     3.2495 7.3260e-01     4.6707      1.136    1411.78     79.914     7.7777  10.419092  0.000e+00
      2.081     0.7752     4.1332     3.2456 7.0818e-01     4.6524      1.136    1411.86     79.605     7.7439  10.419092  0.000e+00
      2.081     0.7947     4.1234     3.2383 6.8376e-01     4.6218      1.121    1411.94     79.329     7.7135  10.419093  0.000e+00
      2.092     0.8075     4.1140     3.2312 6.7155e-01     4.5718      1.103    1411.99     79.087     7.6877  10.419093  0.000e+00
      2.117     0.8152     4.1087     3.2273 6.5934e-01     4.4924      1.073    1412.02     78.878     7.6660  10.419094  0.000e+00
      2.117     0.8141     4.1023     3.2220 6.3492e-01     4.3984      1.048    1412.01     78.573     7.6369  10.419094  0.000e+00
      2.152     0.8115     4.0988     3.2192 6.2271e-01     4.2970      1.029    1411.99     78.415     7.6223  10.419095  0.000e+00
      2.152     0.8109     4.0973     3.2179 6.1050e-01     4.1872      1.007    1411.99     78.286     7.6100  10.419095  0.000e+00
      2.165     0.8092     4.0907     3.2125 5.9829e-01     4.0748      0.985    1411.97     78.195     7.6019  10.419096  0.000e+00
      2.188     0.8095     4.0842     3.2073 5.8608e-01     3.9625      0.960    1411.96     78.125     7.5953  10.419096  0.000e+00
      2.188     0.8130     4.0798     3.2038 5.8608e-01     3.8624      0.938    1411.98     78.085     7.5909  10.419097  0.000e+00
      2.201     0.8151     4.0817     3.2054 5.7387e-01     3.7891      0.919    1411.99     78.053     7.5873  10.419097  0.000e+00
