RAWDATA/20190107/ID2_20190110_ekstra_down.cnv
* Sea-Bird SBE 9 Data File:
* FileName = C:\CTD Brukere\NIVA\OKOKYST2019\20190107\ID2_20190110_ekstra.hex
* Software Version Seasave V 7.23.2
* Temperature SN = 5352
* Conductivity SN = 3840
* Number of Bytes Per Scan = 28
* Number of Voltage Words = 4
* Number of Scans Averaged by the Deck Unit = 1
* NMEA baud rate = 4800
** Ship: R/V Trygve Braarud
** Cruise:
** Station:
** Operator:
# nquan = 12
# nvalues = 4070                                  
# units = specified
# name 0 = depSM: Depth [salt water, m], lat = 59.60
# name 1 = t090C: Temperature [ITS-90, deg C]
# name 2 = sal00: Salinity, Practical [PSU]
# name 3 = sigma-t00: Density [sigma-t, kg/m^3 ]
# name 4 = flSP: Fluorescence, Seapoint
# name 5 = wetStar: Fluorescence, WET Labs WETstar [mg/m^3]
# name 6 = seaTurbMtr: Turbidity, Seapoint [FTU]
# name 7 = svCM: Sound Velocity [Chen-Millero, m/s]
# name 8 = sbeox0PS: Oxygen, SBE 43 [% saturation]
# name 9 = sbeox0ML/L: Oxygen, SBE 43 [ml/l]
# name 10 = timeJ: Julian Days
# name 11 = flag:  0.000e+00
# span 0 =     -0.450,     36.162                 
# span 1 =     0.3560,    11.9091                 
# span 2 =     2.3468,    30.3791                 
# span 3 =     1.7880,    23.5490                 
# span 4 = 1.0989e-01, 1.3797e+00                 
# span 5 =     0.1200,     5.1200                 
# span 6 =      0.000,     15.000                 
# span 7 =    1408.15,    1488.30                 
# span 8 =     19.863,    113.764                 
# span 9 =     1.3191,    10.6626                 
# span 10 =  10.418808,  10.420770                
# span 11 = 0.0000e+00, 0.0000e+00                
# interval = seconds: 0.0416667
# start_time = Jan 10 2019 10:03:05 [System UpLoad Time]
# bad_flag = -9.990e-29
*END*
     -0.282     2.3009     3.5143     2.7876 2.3199e-01     0.1200      0.579    1418.35     45.922     4.3032  10.418808  0.000e+00
     -0.272     2.3142     3.4823     2.7620 2.3199e-01     0.1200      0.597    1418.37     46.177     4.3265  10.418808  0.000e+00
     -0.282     2.3272     3.8097     3.0251 2.3199e-01     0.1200      0.619    1418.86     46.467     4.3425  10.418809  0.000e+00
     -0.293     2.3428     3.9863     3.1672 2.3199e-01     0.1200      0.648    1419.17     46.791     4.3656  10.418809  0.000e+00
     -0.283     2.3561     4.2747     3.3987 2.3199e-01     0.1200      0.674    1419.61     47.277     4.4007  10.418810  0.000e+00
     -0.293     2.3606     4.0613     3.2276 2.3199e-01     0.1200      0.689    1419.35     47.748     4.4505  10.418810  0.000e+00
     -0.282     2.3690     3.7170     2.9513 2.3199e-01     0.1200      0.696    1418.94     48.257     4.5075  10.418811  0.000e+00
     -0.283     2.3758     3.7865     3.0072 2.3199e-01     0.1200      0.685    1419.06     48.865     4.5613  10.418811  0.000e+00
     -0.293     2.3825     3.7381     2.9685 2.3199e-01     0.1200      0.674    1419.03     49.516     4.6228  10.418812  0.000e+00
     -0.271     2.3928     3.7186     2.9529 2.3199e-01     0.1200      0.659    1419.05     50.271     4.6926  10.418812  0.000e+00
     -0.282     2.3989     3.9139     3.1097 2.3199e-01     0.1200      0.630    1419.34     51.009     4.7543  10.418813  0.000e+00
     -0.283     2.4044     3.9235     3.1175 2.3199e-01     0.1200      0.612    1419.38     51.911     4.8373  10.418813  0.000e+00
     -0.271     2.4138     3.8525     3.0606 2.3199e-01     0.1200      0.586    1419.33     52.798     4.9211  10.418814  0.000e+00
     -0.282     2.4178     3.8474     3.0566 2.3199e-01     0.1200      0.575    1419.34     53.789     5.0131  10.418814  0.000e+00
     -0.450     2.4222     3.6256     2.8786 2.3199e-01     0.1200      0.615    1419.06     54.823     5.1167  10.418815  0.000e+00
     -0.162     2.4363     3.5273     2.7998 2.3199e-01     0.1200      0.780    1419.01     55.963     5.2246  10.418815  0.000e+00
     -0.198     2.4404     3.0758     2.4373 2.3199e-01     0.1200      0.842    1418.43     57.087     5.3454  10.418816  0.000e+00
     -0.319     2.4504     3.3487     2.6566 2.3199e-01     0.1200      0.821    1418.83     58.307     5.4480  10.418816  0.000e+00
     -0.282     2.4591     3.5154     2.7906 2.3199e-01     0.1200      0.832    1419.10     59.569     5.5583  10.418817  0.000e+00
     -0.282     2.4623     2.9628     2.3468 2.3199e-01     0.1200      0.766    1418.38     60.935     5.7067  10.418817  0.000e+00
     -0.293     2.4658     3.3725     2.6760 2.3199e-01     0.1200      0.740    1418.94     62.215     5.8098  10.418818  0.000e+00
     -0.259     2.4651     3.4233     2.7167 2.3199e-01     0.1200      0.714    1419.00     63.648     5.9416  10.418818  0.000e+00
     -0.306     2.4588     3.1478     2.4954 2.3199e-01     0.1200      0.685    1418.61     65.119     6.0915  10.418818  0.000e+00
     -0.258     2.4597     3.3796     2.6815 2.3199e-01     0.1200      0.711    1418.92     66.619     6.2218  10.418819  0.000e+00
     -0.283     2.4577     3.7206     2.9553 2.3199e-01     0.1200      0.678    1419.36     68.149     6.3502  10.418819  0.000e+00
     -0.271     2.4476     3.9668     3.1528 2.3199e-01     0.1200      0.659    1419.64     69.710     6.4866  10.418820  0.000e+00
     -0.258     2.4482     3.8339     3.0462 2.3199e-01     0.1200      0.630    1419.46     71.348     6.6449  10.418820  0.000e+00
     -0.295     2.4490     3.7394     2.9703 2.3199e-01     0.1200      0.582    1419.34     72.946     6.7980  10.418821  0.000e+00
     -0.258     2.4361     3.5625     2.8281 2.3199e-01     0.1200      0.571    1419.05     74.571     6.9602  10.418821  0.000e+00
     -0.271     2.4324     3.3259     2.6381 2.3199e-01     0.1200      0.538    1418.72     76.196     7.1241  10.418822  0.000e+00
     -0.271     2.4325     3.1191     2.4720 2.3199e-01     0.1200      0.524    1418.45     77.822     7.2863  10.418822  0.000e+00
     -0.248     2.4182     2.7116     2.1442 2.3199e-01     0.1200      0.491    1417.84     79.530     7.4698  10.418823  0.000e+00
     -0.282     2.4090     2.4613     1.9427 2.4420e-01     0.1200      0.462    1417.47     81.238     7.6452  10.418823  0.000e+00
     -0.246     2.4125     2.8204     2.2316 2.4420e-01     0.1200      0.458    1417.96     82.869     7.7789  10.418824  0.000e+00
     -0.295     2.4158     2.6638     2.1058 2.3199e-01     0.1200      0.458    1417.77     84.488     7.9386  10.418824  0.000e+00
     -0.271     2.4168     2.4398     1.9255 2.3199e-01     0.1200      0.513    1417.48     86.095     8.1018  10.418825  0.000e+00
     -0.293     2.4240     2.8734     2.2744 2.3199e-01     0.1200      0.568    1418.08     87.737     8.2303  10.418825  0.000e+00
     -0.248     2.4310     3.0691     2.4318 2.3199e-01     0.1200      0.593    1418.38     89.301     8.3642  10.418826  0.000e+00
     -0.211     2.4365     3.3534     2.6602 2.3199e-01     0.1200      0.542    1418.78     90.902     8.4965  10.418826  0.000e+00
     -0.222     2.4445     3.3754     2.6780 2.3199e-01     0.1200      0.443    1418.84     92.349     8.6285  10.418827  0.000e+00
     -0.222     2.4470     2.8986     2.2950 2.3199e-01     0.1200      0.355    1418.23     93.886     8.8002  10.418827  0.000e+00
     -0.212     2.4363     2.8487     2.2547 2.3199e-01     0.1200      0.297    1418.11     95.352     8.9432  10.418828  0.000e+00
     -0.258     2.4308     3.5016     2.7791 2.3199e-01     0.1200      0.278    1418.94     96.765     9.0368  10.418828  0.000e+00
     -0.282     2.4308     7.1444     5.6979 2.3199e-01     0.1200      0.300    1423.72     98.058     8.9326  10.418829  0.000e+00
     -0.355     2.4234     8.2735     6.6008 2.3199e-01     0.1200      1.582    1425.16     99.368     8.9842  10.418829  0.000e+00
     -0.222     2.4204     5.4348     4.3294 2.3199e-01     0.1200      5.996    1421.44    100.555     9.2701  10.418830  0.000e+00
     -0.271     2.4283     6.0359     4.8108 2.3199e-01     0.1200      6.209    1422.26    101.714     9.3367  10.418830  0.000e+00
     -0.368     2.4350     8.2319     6.5675 2.3199e-01     0.1200      5.018    1425.16    102.813     9.2954  10.418831  0.000e+00
     -0.198     2.4328     5.3734     4.2803 2.3199e-01     0.1200      5.564    1421.41    103.803     9.5705  10.418831  0.000e+00
     -0.271     2.4342     4.6537     3.7035 2.3199e-01     0.1200      4.601    1420.48    104.703     9.7006  10.418832  0.000e+00
     -0.293     2.4358     8.8264     7.0426 2.3199e-01     0.1200      3.168    1425.94    105.560     9.5050  10.418832  0.000e+00
     -0.319     2.4212     9.6379     7.6910 2.3199e-01     0.1200      2.597    1426.92    106.404     9.5317  10.418832  0.000e+00
     -0.258     2.4147     6.7974     5.4203 2.3199e-01     0.1200      2.674    1423.19    107.187     9.7915  10.418833  0.000e+00
     -0.282     2.4199     5.1673     4.1151 2.3199e-01     0.1200      2.187    1421.08    107.914     9.9669  10.418833  0.000e+00
     -0.295     2.4218     5.2441     4.1766 2.3199e-01     0.1200      1.839    1421.19    108.607    10.0252  10.418834  0.000e+00
     -0.211     2.4105     3.9857     3.1675 2.3199e-01     0.1200      1.692    1419.49    109.223    10.1721  10.418834  0.000e+00
     -0.293     2.4040     3.0968     2.4536 2.3199e-01     0.1200      1.326    1418.28    109.783    10.2882  10.418835  0.000e+00
     -0.272     2.4016     3.0431     2.4104 2.3199e-01     0.1200      1.194    1418.20    110.356    10.3464  10.418835  0.000e+00
     -0.258     2.3842     2.8634     2.2657 2.3199e-01     0.1200      1.121    1417.88    110.871    10.4123  10.418836  0.000e+00
     -0.271     2.3710     2.8348     2.2425 2.3199e-01     0.1200      0.952    1417.78    111.330    10.4612  10.418836  0.000e+00
     -0.282     2.3710     3.7160     2.9506 2.3199e-01     0.1200      0.821    1418.94    111.736    10.4363  10.418837  0.000e+00
     -0.248     2.3614     4.3519     3.4608 2.3199e-01     0.1200      0.718    1419.74    112.126    10.4301  10.418837  0.000e+00
     -0.282     2.3535     3.5348     2.8048 2.3199e-01     0.1200      0.630    1418.62    112.483    10.5241  10.418838  0.000e+00
     -0.293     2.3589     5.1239     4.0799 2.3199e-01     0.1200      0.593    1420.74    112.787    10.4371  10.418838  0.000e+00
     -0.272     2.3646     6.9817     5.5677 2.3199e-01     0.1200      0.612    1423.20    112.945    10.3183  10.418839  0.000e+00
     -0.282     2.3656     4.3846     3.4871 2.3199e-01     0.1200      0.604    1419.80    113.131    10.5200  10.418839  0.000e+00
     -0.282     2.3700     3.5011     2.7780 2.3199e-01     0.1200      0.601    1418.66    113.349    10.6028  10.418840  0.000e+00
     -0.272     2.3756     4.8393     3.8518 2.3199e-01     0.1200      0.586    1420.44    113.485    10.5175  10.418840  0.000e+00
     -0.271     2.3706     3.7101     2.9458 2.4420e-01     0.1200      0.553    1418.94    113.629    10.6136  10.418841  0.000e+00
     -0.282     2.3674     3.1033     2.4583 2.3199e-01     0.1200      0.553    1418.12    113.671    10.6626  10.418841  0.000e+00
     -0.282     2.3691     5.5004     4.3816 2.3199e-01     0.1200      0.560    1421.28    113.747    10.4960  10.418842  0.000e+00
     -0.272     2.3621     8.0161     6.3952 2.3199e-01     0.1200      0.579    1424.54    113.764    10.3207  10.418842  0.000e+00
     -0.271     2.3575     6.0293     4.8053 2.3199e-01     0.1200      0.590    1421.92    113.757    10.4624  10.418843  0.000e+00
     -0.258     2.3621     5.9713     4.7588 2.3199e-01     0.1200      0.568    1421.86    113.715    10.4613  10.418843  0.000e+00
     -0.272     2.3684     6.7335     5.3690 2.3199e-01     0.1200      0.542    1422.89    113.653    10.3997  10.418844  0.000e+00
     -0.271     2.3646     4.3936     3.4942 2.3199e-01     0.1200      0.527    1419.81    113.606    10.5639  10.418844  0.000e+00
     -0.282     2.3624     4.0030     3.1808 2.3199e-01     0.1200      0.535    1419.28    113.480    10.5809  10.418845  0.000e+00
     -0.272     2.3617     7.5099     5.9903 2.3199e-01     0.1200      0.549    1423.87    113.331    10.3171  10.418845  0.000e+00
     -0.271     2.3530     6.0261     4.8026 2.3199e-01     0.1200      0.308    1421.89    113.179    10.4107  10.418845  0.000e+00
     -0.271     2.3477     4.5405     3.6119 2.3199e-01     0.1200      0.000    1419.92    113.004    10.5020  10.418846  0.000e+00
     -0.282     2.3509     8.4306     6.7266 2.3199e-01     0.1200      0.000    1425.02    112.809    10.2082  10.418846  0.000e+00
     -0.272     2.3474     9.3542     7.4648 2.4420e-01     0.1200      0.000    1426.21    112.560    10.1225  10.418847  0.000e+00
     -0.282     2.3422     6.0382     4.8123 2.4420e-01     0.1200      0.000    1421.86    112.360    10.3375  10.418847  0.000e+00
     -0.282     2.3450     7.3718     5.8798 2.4420e-01     0.1200      0.000    1423.61    112.139    10.2228  10.418848  0.000e+00
     -0.272     2.3420     9.3643     7.4729 2.3199e-01     0.1200      0.000    1426.20    111.859    10.0602  10.418848  0.000e+00
     -0.282     2.3273     7.4324     5.9283 2.3199e-01     0.1200      0.000    1423.61    111.595    10.1739  10.418849  0.000e+00
     -0.271     2.3222     5.4646     4.3525 2.3199e-01     0.1200      0.000    1421.01    111.371    10.2922  10.418849  0.000e+00
     -0.283     2.3230     7.9364     6.3314 2.3199e-01     0.1200      0.000    1424.25    111.083    10.0935  10.418850  0.000e+00
     -0.282     2.3152     8.5418     6.8156 2.3199e-01     0.1200      0.000    1425.00    110.795    10.0278  10.418850  0.000e+00
     -0.271     2.3067     5.5304     4.4052 2.3199e-01     0.1200      0.000    1421.03    110.515    10.2128  10.418851  0.000e+00
     -0.282     2.3072     4.2950     3.4144 2.3199e-01     0.1200      0.000    1419.40    110.221    10.2718  10.418851  0.000e+00
     -0.272     2.3072     3.9186     3.1123 2.3199e-01     0.1200      0.000    1418.91    109.929    10.2710  10.418852  0.000e+00
     -0.271     2.3055     2.9119     2.3034 2.3199e-01     0.1200      0.000    1417.57    109.571    10.3087  10.418852  0.000e+00
     -0.271     2.3055     3.0528     2.4167 2.3199e-01     0.1200      0.238    1417.76    109.272    10.2707  10.418853  0.000e+00
     -0.283     2.3024     4.7563     3.7845 2.3199e-01     0.1200      0.443    1419.99    108.977    10.1253  10.418853  0.000e+00
     -0.271     2.2945     4.0625     3.2277 2.3199e-01     0.1200      0.531    1419.04    108.637    10.1438  10.418854  0.000e+00
     -0.282     2.2937     3.8247     3.0368 2.3199e-01     0.1200      0.597    1418.72    108.354    10.1340  10.418854  0.000e+00
     -0.283     2.2978     7.8478     6.2605 2.3199e-01     0.1200      0.656    1424.02    108.072     9.8324  10.418855  0.000e+00
     -0.282     2.2969     9.1220     7.2795 2.3199e-01     0.1200      0.678    1425.67    107.741     9.7175  10.418855  0.000e+00
     -0.271     2.2978     5.9974     4.7793 2.3199e-01     0.1200      0.678    1421.60    107.409     9.8965  10.418856  0.000e+00
     -0.282     2.3030     6.2852     5.0098 2.3199e-01     0.1200      0.678    1422.00    107.139     9.8508  10.418856  0.000e+00
     -0.272     2.3058     8.7071     6.9477 2.3199e-01     0.1200      0.656    1425.18    106.888     9.6657  10.418857  0.000e+00
     -0.282     2.3061     6.6968     5.3394 2.3199e-01     0.1200      0.645    1422.55    106.593     9.7724  10.418857  0.000e+00
     -0.271     2.3072     5.4281     4.3232 2.3199e-01     0.1200      0.678    1420.89    106.308     9.8308  10.418858  0.000e+00
     -0.272     2.3086     8.8054     7.0263 2.3199e-01     0.1200      0.722    1425.32    106.025     9.5805  10.418858  0.000e+00
     -0.282     2.3052     9.7550     7.7853 2.3199e-01     0.1200      0.791    1426.54    105.753     9.4949  10.418859  0.000e+00
     -0.258     2.3030     7.0824     5.6481 2.3199e-01     0.1200      0.842    1423.04    105.559     9.6529  10.418859  0.000e+00
     -0.272     2.3055     7.6616     6.1116 2.3199e-01     0.1200      0.853    1423.81    105.314     9.5917  10.418859  0.000e+00
     -0.258     2.3057     9.6127     7.6716 2.3199e-01     0.1200      0.842    1426.36    105.082     9.4438  10.418860  0.000e+00
     -0.271     2.3018     8.6199     6.8780 2.3199e-01     0.1200      0.828    1425.04    104.803     9.4838  10.418860  0.000e+00
     -0.271     2.3010     5.7819     4.6067 2.3199e-01     0.1200      0.821    1421.33    104.590     9.6501  10.418861  0.000e+00
     -0.272     2.3027     6.3093     5.0292 2.4420e-01     0.1200      0.813    1422.03    104.455     9.6026  10.418861  0.000e+00
     -0.271     2.2969     4.9137     3.9107 2.3199e-01     0.1200      0.821    1420.17    104.228     9.6750  10.418862  0.000e+00
     -0.282     2.2860     3.4975     2.7738 2.3199e-01     0.1200      0.832    1418.25    104.062     9.7563  10.418862  0.000e+00
     -0.283     2.2792     5.6676     4.5150 2.3199e-01     0.1200      0.846    1421.08    103.903     9.5998  10.418863  0.000e+00
     -0.271     2.2689     8.7734     7.0009 2.3199e-01     0.1200      0.839    1425.09    103.771     9.3888  10.418863  0.000e+00
     -0.282     2.2570     9.0066     7.1874 2.3199e-01     0.1200      0.806    1425.34    103.657     9.3665  10.418864  0.000e+00
     -0.283     2.2529     8.8015     7.0233 2.3199e-01     0.1200      0.762    1425.05    103.423     9.3595  10.418864  0.000e+00
     -0.271     2.2551     9.4282     7.5245 2.3199e-01     0.1200      0.725    1425.88    103.302     9.3080  10.418865  0.000e+00
     -0.282     2.2496     9.3082     7.4285 2.3199e-01     0.1200      0.689    1425.70    103.209     9.3086  10.418865  0.000e+00
