RAWDATA/20190107/ID2_20190110_ekstra_down.cnv
* Sea-Bird SBE 9 Data File:
* FileName = C:\CTD Brukere\NIVA\OKOKYST2019\20190107\ID2_20190110_ekstra.hex
* Software Version Seasave V 7.23.2
* Temperature SN = 5352
* Conductivity SN = 3840
* Number of Bytes Per Scan = 28
* Number of Voltage Words = 4
* Number of Scans Averaged by the Deck Unit = 1
* NMEA baud rate = 4800
** Ship: R/V Trygve Braarud
** Cruise:
** Station:
** Operator:
# nquan = 12
# nvalues = 4070                                  
# units = specified
# name 0 = depSM: Depth [salt water, m], lat = 59.60
# name 1 = t090C: Temperature [ITS-90, deg C]
# name 2 = sal00: Salinity, Practical [PSU]
# name 3 = sigma-t00: Density [sigma-t, kg/m^3 ]
# name 4 = flSP: Fluorescence, Seapoint
# name 5 = wetStar: Fluorescence, WET Labs WETstar [mg/m^3]
# name 6 = seaTurbMtr: Turbidity, Seapoint [FTU]
# name 7 = svCM: Sound Velocity [Chen-Millero, m/s]
# name 8 = sbeox0PS: Oxygen, SBE 43 [% saturation]
# name 9 = sbeox0ML/L: Oxygen, SBE 43 [ml/l]
# name 10 = timeJ: Julian Days
# name 11 = flag:  0.000e+00
# span 0 =     -0.450,     36.162                 
# span 1 =     0.3560,    11.9091                 
# span 2 =     2.3468,    30.3791                 
# span 3 =     1.7880,    23.5490                 
# span 4 = 1.0989e-01, 1.3797e+00                 
# span 5 =     0.1200,     5.1200                 
# span 6 =      0.000,     15.000                 
# span 7 =    1408.15,    1488.30                 
# span 8 =     19.863,    113.764                 
# span 9 =     1.3191,    10.6626                 
# span 10 =  10.418808,  10.420770                
# span 11 = 0.0000e+00, 0.0000e+00                
# interval = seconds: 0.0416667
# start_time = Jan 10 2019 10:03:05 [System UpLoad Time]
# bad_flag = -9.990e-29
*END*
[from data line 121]
     -0.258     2.2397     8.7461     6.9791 2.4420e-01     0.1200      0.751    1424.92    102.997     9.3278  10.418866  0.000e+00
     -0.282     2.2280     9.7931     7.8162 2.3199e-01     0.1200      0.762    1426.23    102.942     9.2591  10.418867  0.000e+00
     -0.271     2.2085     9.3521     7.4637 2.4420e-01     0.1200      0.685    1425.56    102.846     9.2833  10.418867  0.000e+00
     -0.272     2.1977     9.0359     7.2109 2.3199e-01     0.1200      0.659    1425.10    102.815     9.3032  10.418868  0.000e+00
     -0.258     2.1959     9.7982     7.8204 2.3199e-01     0.1200      0.674    1426.09    102.785     9.2526  10.418868  0.000e+00
     -0.271     2.1882    10.2680     8.1961 2.4420e-01     0.1200      0.663    1426.66    102.705     9.2176  10.418869  0.000e+00
     -0.272     2.1785     9.6002     7.6622 2.3199e-01     0.1200      0.667    1425.75    102.630     9.2554  10.418869  0.000e+00
     -0.258     2.1781     9.6395     7.6936 2.3199e-01     0.1200      0.648    1425.80    102.549     9.2458  10.418870  0.000e+00
     -0.271     2.1789    10.4707     8.3582 2.3199e-01     0.1200      0.623    1426.88    102.536     9.1919  10.418870  0.000e+00
     -0.295     2.1721    10.4457     8.3383 2.3199e-01     0.1200      0.626    1426.82    102.469     9.1892  10.418871  0.000e+00
     -0.258     2.1670     9.6089     7.6693 2.3199e-01     0.1200      0.637    1425.70    102.408     9.2377  10.418871  0.000e+00
     -0.271     2.1678     9.2917     7.4156 2.3199e-01     0.1200      0.645    1425.29    102.348     9.2522  10.418872  0.000e+00
     -0.282     2.1614     9.0783     7.2449 2.3199e-01     0.1200      0.648    1424.98    102.293     9.2623  10.418872  0.000e+00
     -0.272     2.1479     6.3667     5.0741 2.3199e-01     0.1200      0.648    1421.37    102.243     9.4346  10.418872  0.000e+00
     -0.282     2.1355     4.5270     3.5985 2.3199e-01     0.1200      0.608    1418.90    102.265     9.5594  10.418873  0.000e+00
     -0.233     2.1220     5.5148     4.3909 2.3199e-01     0.1200      0.579    1420.13    102.236     9.4957  10.418873  0.000e+00
     -0.248     2.1042     4.5403     3.6087 2.3199e-01     0.1200      0.513    1418.77    102.210     9.5614  10.418874  0.000e+00
     -0.222     2.0932     3.2567     2.5769 2.3199e-01     0.1200      0.440    1417.02    102.181     9.6459  10.418874  0.000e+00
     -0.233     2.0901     3.8249     3.0337 2.4420e-01     0.1200      0.381    1417.76    102.149     9.6063  10.418875  0.000e+00
     -0.246     2.0833     7.9284     6.3246 2.3199e-01     0.1200      0.337    1423.12    102.059     9.3336  10.418875  0.000e+00
     -0.295     2.0728     9.6178     7.6766 2.3199e-01     0.1200      0.352    1425.27    102.021     9.2254  10.418876  0.000e+00
     -0.317     2.0689    10.4274     8.3242 2.3199e-01     0.1200      0.821    1426.31    101.984     9.1720  10.418876  0.000e+00
     -0.293     2.0729    11.1432     8.8965 2.3199e-01     0.1200      2.168    1427.27    101.948     9.1229  10.418877  0.000e+00
     -0.259     2.0762    10.7862     8.6110 2.3199e-01     0.1200      3.872    1426.82    101.910     9.1410  10.418877  0.000e+00
     -0.258     2.0802    10.0249     8.0022 2.3199e-01     0.1200      4.132    1425.84    101.878     9.1850  10.418878  0.000e+00
     -0.271     2.0851    10.5136     8.3930 2.3199e-01     0.1200      3.245    1426.50    101.789     9.1451  10.418878  0.000e+00
     -0.272     2.0797    10.8639     8.6731 2.3199e-01     0.1200      2.275    1426.93    101.763     9.1221  10.418879  0.000e+00
     -0.329     2.0706    10.4991     8.3815 2.3199e-01     0.1200      1.872    1426.41    101.739     9.1450  10.418879  0.000e+00
     -0.317     2.0672    10.6342     8.4895 2.3199e-01     0.1200      2.330    1426.58    101.722     9.1358  10.418880  0.000e+00
     -0.308     2.0639    11.0156     8.7945 2.3199e-01     0.1200      2.612    1427.06    101.651     9.1064  10.418880  0.000e+00
     -0.306     2.0562    10.8080     8.6286 2.3199e-01     0.1200      2.271    1426.75    101.641     9.1203  10.418881  0.000e+00
     -0.246     2.0519    10.6229     8.4806 2.3199e-01     0.1200      1.780    1426.49    101.631     9.1321  10.418881  0.000e+00
      0.089     2.0514    10.7408     8.5749 2.3199e-01     0.1200      1.319    1426.65    101.562     9.1186  10.418882  0.000e+00
     -0.392     2.0458    10.4063     8.3074 2.3199e-01     0.1200      0.791    1426.18    101.543     9.1392  10.418882  0.000e+00
     -0.246     2.0325     7.9046     6.3054 2.3199e-01     0.1200      1.495    1422.85    101.489     9.2956  10.418883  0.000e+00
     -0.271     2.0243     6.6201     5.2762 2.4420e-01     0.1200      5.835    1421.12    101.489     9.3798  10.418883  0.000e+00
     -0.283     2.0160     9.9530     7.9449 2.3199e-01     0.1200     12.634    1425.45    101.430     9.1648  10.418884  0.000e+00
     -0.271     2.0019     9.4092     7.5098 2.3199e-01     0.1200     15.000    1424.67    101.428     9.2022  10.418884  0.000e+00
     -0.246     1.9913     6.2386     4.9700 2.3199e-01     0.1200     14.703    1420.47    101.365     9.4013  10.418885  0.000e+00
     -0.246     1.9909     7.6176     6.0753 2.3199e-01     0.1200     12.403    1422.27    101.368     9.3132  10.418885  0.000e+00
     -0.272     1.9883     9.9848     7.9704 2.4420e-01     0.1200     12.784    1425.36    101.305     9.1582  10.418886  0.000e+00
     -0.293     1.9792     9.9542     7.9459 2.3199e-01     0.1200     14.311    1425.28    101.311     9.1629  10.418886  0.000e+00
     -0.293     1.9754     9.6084     7.6692 2.3199e-01     0.1200     14.762    1424.81    101.258     9.1808  10.418886  0.000e+00
     -0.295     1.9788     9.9540     7.9458 2.3199e-01     0.1200     14.308    1425.27    101.200     9.1530  10.418887  0.000e+00
     -0.258     1.9780     9.6318     7.6880 2.3199e-01     0.1200     11.897    1424.85    101.212     9.1745  10.418887  0.000e+00
     -0.222     1.9758     7.2989     5.8199 2.3199e-01     0.1200      8.681    1421.78    101.151     9.3174  10.418888  0.000e+00
     -0.248     1.9777     7.3082     5.8273 2.3199e-01     0.1200      5.923    1421.81    101.153     9.3165  10.418888  0.000e+00
     -0.211     1.9747     8.9336     7.1291 2.3199e-01     0.1200      4.062    1423.92    101.106     9.2097  10.418889  0.000e+00
     -0.258     1.9616     8.6739     6.9211 2.3199e-01     0.1200      2.853    1423.52    101.067     9.2257  10.418889  0.000e+00
     -0.282     1.9538     8.6297     6.8857 2.3199e-01     0.1200      2.520    1423.42    101.018     9.2260  10.418890  0.000e+00
     -0.319     1.9542    10.3034     8.2254 2.4420e-01     0.1200      5.751    1425.61    100.968     9.1161  10.418890  0.000e+00
     -0.329     1.9533    11.3781     9.0851 2.4420e-01     0.1200     12.703    1427.01    100.978     9.0503  10.418891  0.000e+00
     -0.258     1.9509    10.8423     8.6565 2.3199e-01     0.1200     14.949    1426.30    100.940     9.0808  10.418891  0.000e+00
     -0.272     1.9550    10.2256     8.1632 2.3199e-01     0.1200     12.740    1425.52    100.903     9.1149  10.418892  0.000e+00
     -0.233     1.9607    10.1986     8.1416 2.3199e-01     0.1200      9.077    1425.51    100.862     9.1115  10.418892  0.000e+00
     -0.258     1.9570     9.5661     7.6354 2.3199e-01     0.1200      6.143    1424.66    100.823     9.1484  10.418893  0.000e+00
     -0.259     1.9471     8.9731     7.1607 2.3199e-01     0.1200      4.275    1423.84    100.784     9.1847  10.418893  0.000e+00
     -0.258     1.9395     9.2840     7.4096 2.3199e-01     0.1200      3.201    1424.21    100.752     9.1641  10.418894  0.000e+00
     -0.282     1.9249     9.3912     7.4953 2.3199e-01     0.1200      2.535    1424.28    100.722     9.1582  10.418894  0.000e+00
     -0.271     1.9056     8.7120     6.9515 2.3199e-01     0.1200      2.227    1423.30    100.695     9.2032  10.418895  0.000e+00
     -0.248     1.8949     8.5410     6.8145 2.3199e-01     0.1200      1.886    1423.03    100.661     9.2136  10.418895  0.000e+00
     -0.258     1.8906     9.6782     7.7251 2.3199e-01     0.1200      1.527    1424.50    100.622     9.1395  10.418896  0.000e+00
     -0.258     1.8852     9.7522     7.7844 2.3199e-01     0.1200      1.278    1424.57    100.520     9.1269  10.418896  0.000e+00
     -0.259     1.8825     9.2907     7.4148 2.3199e-01     0.1200      1.081    1423.95    100.482     9.1530  10.418897  0.000e+00
     -0.282     1.8855     9.9632     7.9533 2.3199e-01     0.1200      1.209    1424.85    100.442     9.1065  10.418897  0.000e+00
     -0.282     1.8869    11.1317     8.8883 2.3199e-01     0.1200      1.421    1426.38    100.341     9.0243  10.418898  0.000e+00
     -0.272     1.8850    10.9438     8.7380 2.3199e-01     0.1200      1.385    1426.13    100.299     9.0327  10.418898  0.000e+00
     -0.258     1.8881    10.1570     8.1083 2.3199e-01     0.1200      1.223    1425.11    100.193     9.0713  10.418899  0.000e+00
     -0.246     1.8932    10.5866     8.4521 2.4420e-01     0.1200      0.996    1425.70    100.136     9.0381  10.418899  0.000e+00
     -0.271     1.8929    11.0015     8.7841 2.4420e-01     0.1200      0.839    1426.24    100.084     9.0079  10.418899  0.000e+00
     -0.283     1.8881    10.6091     8.4701 2.3199e-01     0.1200      0.780    1425.70     99.975     9.0235  10.418900  0.000e+00
     -0.282     1.8873     9.8728     7.8808 2.4420e-01     0.1200      0.868    1424.74     99.860     9.0590  10.418900  0.000e+00
     -0.293     1.8891     9.5417     7.6158 2.3199e-01     0.1200      1.216    1424.31     99.740     9.0682  10.418901  0.000e+00
     -0.283     1.8817     9.3193     7.4377 2.3199e-01     0.1200      1.538    1423.99     99.686     9.0790  10.418901  0.000e+00
     -0.271     1.8707     9.1377     7.2923 2.3199e-01     0.1200      1.875    1423.70     99.567     9.0821  10.418902  0.000e+00
     -0.282     1.8633     9.2267     7.3636 2.3199e-01     0.1200      2.271    1423.78     99.444     9.0671  10.418902  0.000e+00
     -0.272     1.8563     9.1771     7.3238 2.3199e-01     0.1200      2.370    1423.68     99.320     9.0606  10.418903  0.000e+00
     -0.282     1.8469     8.6206     6.8780 2.4420e-01     0.1200      2.725    1422.91     99.196     9.0862  10.418903  0.000e+00
     -0.271     1.8409     8.7601     6.9898 2.3199e-01     0.1200      3.612    1423.06     99.061     9.0666  10.418904  0.000e+00
     -0.282     1.8396     9.6983     7.7412 2.3199e-01     0.1200      4.253    1424.29     98.924     8.9962  10.418904  0.000e+00
     -0.272     1.8342     9.7451     7.7786 2.3199e-01     0.1200      4.158    1424.32     98.791     8.9825  10.418905  0.000e+00
     -0.258     1.8304     9.2575     7.3881 2.4420e-01     0.1200      3.495    1423.66     98.649     9.0007  10.418905  0.000e+00
     -0.271     1.8329     9.4820     7.5679 2.3199e-01     0.1200      2.696    1423.97     98.507     8.9733  10.418906  0.000e+00
     -0.259     1.8337    10.0772     8.0445 2.3199e-01     0.1200      2.059    1424.75     98.360     8.9231  10.418906  0.000e+00
     -0.258     1.8275     9.9350     7.9307 2.3199e-01     0.1200      1.623    1424.54     98.219     8.9206  10.418907  0.000e+00
     -0.282     1.8253     9.7702     7.7987 2.3199e-01     0.1200      1.355    1424.31     98.072     8.9178  10.418907  0.000e+00
     -0.248     1.8277    10.3955     8.2993 2.3199e-01     0.1200      1.238    1425.14     97.928     8.8660  10.418908  0.000e+00
     -0.282     1.8250    10.5315     8.4082 2.3199e-01     0.1200      1.172    1425.31     97.717     8.8392  10.418908  0.000e+00
     -0.271     1.8197     9.8935     7.8974 2.3199e-01     0.1200      1.128    1424.45     97.634     8.8718  10.418909  0.000e+00
     -0.271     1.8193     9.9286     7.9255 2.3199e-01     0.1200      1.110    1424.49     97.426     8.8509  10.418909  0.000e+00
     -0.295     1.8157    10.6614     8.5122 2.3199e-01     0.1200      1.103    1425.43     97.283     8.7943  10.418910  0.000e+00
     -0.306     1.8063    10.4432     8.3375 2.3199e-01     0.1200      1.125    1425.10     97.140     8.7968  10.418910  0.000e+00
     -0.317     1.8013    10.2609     8.1916 2.3199e-01     0.1200      1.484    1424.84     96.995     8.7958  10.418911  0.000e+00
     -0.308     1.8016    11.4259     9.1241 2.3199e-01     0.1200      2.374    1426.37     96.794     8.7075  10.418911  0.000e+00
     -0.306     1.7930    12.8801    10.2877 2.3199e-01     0.1200      3.421    1428.23     96.651     8.6102  10.418912  0.000e+00
     -0.271     1.7812    11.8404     9.4559 2.3199e-01     0.1200      4.264    1426.81     96.521     8.6630  10.418912  0.000e+00
     -0.295     1.7793    11.1194     8.8789 2.3199e-01     0.1200      4.223    1425.86     96.323     8.6887  10.418913  0.000e+00
     -0.282     1.7818    11.5173     9.1973 2.3199e-01     0.1200      3.824    1426.39     96.183     8.6517  10.418913  0.000e+00
     -0.271     1.7783    11.3416     9.0567 2.3199e-01     0.1200      3.168    1426.15     96.048     8.6508  10.418913  0.000e+00
     -0.283     1.7747    10.7042     8.5465 2.3199e-01     0.1200      2.451    1425.30     95.851     8.6718  10.418914  0.000e+00
     -0.271     1.7752    10.3162     8.2358 2.3199e-01     0.1200      1.689    1424.79     95.723     8.6832  10.418914  0.000e+00
     -0.271     1.7724    10.1236     8.0816 2.3199e-01     0.1200      0.238    1424.53     95.601     8.6843  10.418915  0.000e+00
     -0.258     1.7670     9.5716     7.6395 2.3199e-01     0.1200      0.000    1423.78     95.485     8.7080  10.418915  0.000e+00
     -0.259     1.7622     9.2205     7.3583 2.3199e-01     0.1200      0.000    1423.29     95.375     8.7201  10.418916  0.000e+00
     -0.246     1.7597     9.3293     7.4454 2.3199e-01     0.1200      0.000    1423.43     95.207     8.6988  10.418916  0.000e+00
     -0.246     1.7546     8.6602     6.9092 2.3199e-01     0.1200      0.000    1422.52     95.101     8.7304  10.418917  0.000e+00
     -0.248     1.7512     5.8421     4.6486 1.3431e-01     0.1200      0.000    1418.80     95.002     8.8926  10.418917  0.000e+00
     -0.246     1.7511     7.4469     5.9365 1.0989e-01     0.1200      0.253    1420.91     94.910     8.7866  10.418918  0.000e+00
     -0.246     1.7486    10.0762     8.0437 1.5873e-01     0.1200      2.729    1424.35     94.827     8.6223  10.418918  0.000e+00
     -0.295     1.7431     8.7434     6.9759 4.8840e-01     0.1945      2.099    1422.58     94.754     8.6962  10.418919  0.000e+00
     -0.211     1.7424     6.1530     4.8981 1.2454e+00     1.0883      0.000    1419.17     94.625     8.8405  10.418919  0.000e+00
     -0.246     1.7457     8.5365     6.8101 1.3797e+00     2.2262      0.337    1422.32     94.548     8.6891  10.418920  0.000e+00
     -0.258     1.7416     9.8680     7.8769 7.9365e-01     3.0992      2.297    1424.05     94.484     8.6051  10.418920  0.000e+00
     -0.237     1.7328     7.5524     6.0209 5.7387e-01     3.6572      2.604    1420.97     94.433     8.7404  10.418921  0.000e+00
     -0.233     1.7303     7.3912     5.8916 6.2271e-01     3.9979      2.161    1420.74     94.379     8.7457  10.418921  0.000e+00
     -0.222     1.7295     9.1369     7.2911 7.0818e-01     4.2506      1.769    1423.03     94.337     8.6377  10.418922  0.000e+00
     -0.224     1.7248     7.7149     6.1511 7.8144e-01     4.4484      1.549    1421.14     94.296     8.7199  10.418922  0.000e+00
     -0.198     1.7211     5.5635     4.4243 8.5470e-01     4.5962      1.429    1418.29     94.267     8.8479  10.418923  0.000e+00
     -0.211     1.7205     4.7449     3.7664 8.7912e-01     4.7110      1.355    1417.21     94.248     8.8962  10.418923  0.000e+00
