RAWDATA/20190107/ID2_20190110_ekstra_down.cnv
* Sea-Bird SBE 9 Data File:
* FileName = C:\CTD Brukere\NIVA\OKOKYST2019\20190107\ID2_20190110_ekstra.hex
* Software Version Seasave V 7.23.2
* Temperature SN = 5352
* Conductivity SN = 3840
* Number of Bytes Per Scan = 28
* Number of Voltage Words = 4
* Number of Scans Averaged by the Deck Unit = 1
* NMEA baud rate = 4800
** Ship: R/V Trygve Braarud
** Cruise:
** Station:
** Operator:
# nquan = 12
# nvalues = 4070                                  
# units = specified
# name 0 = depSM: Depth [salt water, m], lat = 59.60
# name 1 = t090C: Temperature [ITS-90, deg C]
# name 2 = sal00: Salinity, Practical [PSU]
# name 3 = sigma-t00: Density [sigma-t, kg/m^3 ]
# name 4 = flSP: Fluorescence, Seapoint
# name 5 = wetStar: Fluorescence, WET Labs WETstar [mg/m^3]
# name 6 = seaTurbMtr: Turbidity, Seapoint [FTU]
# name 7 = svCM: Sound Velocity [Chen-Millero, m/s]
# name 8 = sbeox0PS: Oxygen, SBE 43 [% saturation]
# name 9 = sbeox0ML/L: Oxygen, SBE 43 [ml/l]
# name 10 = timeJ: Julian Days
# name 11 = flag:  0.000e+00
# span 0 =     -0.450,     36.162                 
# span 1 =     0.3560,    11.9091                 
# span 2 =     2.3468,    30.3791                 
# span 3 =     1.7880,    23.5490                 
# span 4 = 1.0989e-01, 1.3797e+00                 
# span 5 =     0.1200,     5.1200                 
# span 6 =      0.000,     15.000                 
# span 7 =    1408.15,    1488.30                 
# span 8 =     19.863,    113.764                 
# span 9 =     1.3191,    10.6626                 
# span 10 =  10.418808,  10.420770                
# span 11 = 0.0000e+00, 0.0000e+00                
# interval = seconds: 0.0416667
# start_time = Jan 10 2019 10:03:05 [System UpLoad Time]
# bad_flag = -9.990e-29
*END*
[from data line 3970]
     36.006     8.6668    30.3714    23.5456 2.6862e-01     0.9356      0.571    1479.87     53.954     3.6150  10.420722  0.000e+00
     36.019     8.6659    30.3712    23.5456 2.8083e-01     0.9320      0.586    1479.86     53.957     3.6153  10.420723  0.000e+00
     36.030     8.6652    30.3715    23.5459 2.8083e-01     0.9332      0.623    1479.86     53.960     3.6155  10.420723  0.000e+00
     36.042     8.6647    30.3713    23.5458 2.8083e-01     0.9356      0.681    1479.86     53.962     3.6158  10.420724  0.000e+00
     36.055     8.6646    30.3716    23.5461 2.8083e-01     0.9356      0.703    1479.86     53.958     3.6155  10.420724  0.000e+00
     36.055     8.6644    30.3713    23.5459 2.8083e-01     0.9356      0.674    1479.86     53.960     3.6156  10.420725  0.000e+00
     36.066     8.6636    30.3716    23.5463 2.8083e-01     0.9332      0.634    1479.86     53.963     3.6159  10.420725  0.000e+00
     36.066     8.6626    30.3705    23.5455 2.8083e-01     0.9332      0.601    1479.85     53.965     3.6161  10.420726  0.000e+00
     36.078     8.6615    30.3694    23.5448 2.8083e-01     0.9332      0.579    1479.85     53.967     3.6164  10.420726  0.000e+00
     36.079     8.6599    30.3695    23.5452 2.9304e-01     0.9344      0.568    1479.84     53.970     3.6167  10.420727  0.000e+00
     36.055     8.6589    30.3697    23.5455 2.9304e-01     0.9356      0.564    1479.84     53.972     3.6169  10.420727  0.000e+00
     36.126     8.6583    30.3699    23.5457 2.9304e-01     0.9344      0.568    1479.84     53.975     3.6172  10.420728  0.000e+00
     36.102     8.6580    30.3705    23.5463 2.9304e-01     0.9307      0.579    1479.83     53.977     3.6173  10.420728  0.000e+00
     36.102     8.6581    30.3702    23.5460 2.8083e-01     0.9307      0.593    1479.83     53.979     3.6175  10.420729  0.000e+00
     36.102     8.6580    30.3704    23.5461 2.8083e-01     0.9332      0.582    1479.83     53.982     3.6176  10.420729  0.000e+00
     36.102     8.6580    30.3709    23.5465 2.8083e-01     0.9356      0.568    1479.83     54.045     3.6219  10.420730  0.000e+00
     36.091     8.6580    30.3712    23.5468 2.9304e-01     0.9356      0.564    1479.83     53.993     3.6184  10.420730  0.000e+00
     36.091     8.6578    30.3714    23.5469 2.8083e-01     0.9344      0.557    1479.83     54.056     3.6226  10.420731  0.000e+00
     36.102     8.6578    30.3717    23.5471 2.8083e-01     0.9368      0.557    1479.84     54.065     3.6232  10.420731  0.000e+00
     36.102     8.6581    30.3717    23.5471 2.8083e-01     0.9381      0.560    1479.84     54.012     3.6196  10.420732  0.000e+00
     36.079     8.6587    30.3720    23.5473 2.8083e-01     0.9381      0.568    1479.84     54.013     3.6197  10.420732  0.000e+00
     36.102     8.6592    30.3717    23.5469 2.8083e-01     0.9368      0.597    1479.84     54.069     3.6234  10.420733  0.000e+00
     36.078     8.6600    30.3711    23.5464 2.8083e-01     0.9368      0.608    1479.84     54.015     3.6197  10.420733  0.000e+00
     36.102     8.6602    30.3716    23.5468 2.8083e-01     0.9381      0.597    1479.84     54.016     3.6198  10.420734  0.000e+00
     36.079     8.6607    30.3725    23.5474 2.9304e-01     0.9405      0.586    1479.85     54.078     3.6239  10.420734  0.000e+00
     36.091     8.6613    30.3724    23.5472 2.8083e-01     0.9381      0.579    1479.85     54.086     3.6243  10.420734  0.000e+00
     36.079     8.6623    30.3713    23.5462 2.8083e-01     0.9381      0.568    1479.85     54.032     3.6206  10.420735  0.000e+00
     36.091     8.6630    30.3705    23.5455 2.8083e-01     0.9393      0.560    1479.85     54.032     3.6206  10.420735  0.000e+00
     36.078     8.6622    30.3715    23.5464 2.8083e-01     0.9381      0.564    1479.85     54.094     3.6248  10.420736  0.000e+00
     36.091     8.6620    30.3718    23.5467 2.8083e-01     0.9393      0.597    1479.85     54.094     3.6248  10.420736  0.000e+00
     36.066     8.6628    30.3712    23.5460 2.8083e-01     0.9393      0.637    1479.85     54.100     3.6251  10.420737  0.000e+00
     36.091     8.6633    30.3707    23.5456 2.9304e-01     0.9393      0.641    1479.85     54.106     3.6255  10.420737  0.000e+00
     36.066     8.6631    30.3709    23.5457 2.8083e-01     0.9381      0.630    1479.85     54.112     3.6259  10.420738  0.000e+00
     36.078     8.6633    30.3703    23.5453 2.8083e-01     0.9381      0.630    1479.85     54.117     3.6263  10.420738  0.000e+00
     36.079     8.6626    30.3707    23.5457 2.8083e-01     0.9405      0.652    1479.85     54.115     3.6262  10.420739  0.000e+00
     36.079     8.6622    30.3707    23.5458 2.8083e-01     0.9381      0.667    1479.85     54.113     3.6261  10.420739  0.000e+00
     36.078     8.6617    30.3707    23.5458 2.8083e-01     0.9368      0.681    1479.85     54.110     3.6259  10.420740  0.000e+00
     36.079     8.6613    30.3710    23.5461 2.8083e-01     0.9393      0.674    1479.85     54.113     3.6262  10.420740  0.000e+00
     36.079     8.6615    30.3699    23.5452 2.9304e-01     0.9356      0.645    1479.85     54.109     3.6259  10.420741  0.000e+00
     36.078     8.6615    30.3692    23.5447 2.9304e-01     0.9368      0.623    1479.85     54.104     3.6256  10.420741  0.000e+00
     36.079     8.6613    30.3687    23.5443 2.8083e-01     0.9393      0.604    1479.84     54.106     3.6258  10.420742  0.000e+00
     36.079     8.6617    30.3673    23.5431 2.8083e-01     0.9405      0.590    1479.84     54.231     3.6341  10.420742  0.000e+00
     36.078     8.6612    30.3659    23.5421 2.8083e-01     0.9405      0.582    1479.84     54.184     3.6311  10.420743  0.000e+00
     36.079     8.6613    30.3651    23.5415 2.8083e-01     0.9393      0.579    1479.84     54.123     3.6270  10.420743  0.000e+00
     36.079     8.6613    30.3646    23.5411 2.8083e-01     0.9368      0.579    1479.84     54.184     3.6311  10.420744  0.000e+00
     36.078     8.6617    30.3639    23.5405 2.6862e-01     0.9320      0.586    1479.84     54.190     3.6315  10.420744  0.000e+00
     36.079     8.6613    30.3636    23.5403 2.8083e-01     0.9332      0.604    1479.84     54.257     3.6360  10.420745  0.000e+00
     36.079     8.6615    30.3626    23.5395 2.8083e-01     0.9332      0.637    1479.84     54.269     3.6368  10.420745  0.000e+00
     36.078     8.6617    30.3625    23.5394 2.8083e-01     0.9344      0.659    1479.84     54.279     3.6375  10.420746  0.000e+00
     36.079     8.6617    30.3626    23.5395 2.8083e-01     0.9368      0.641    1479.84     54.289     3.6381  10.420746  0.000e+00
     36.078     8.6615    30.3638    23.5404 2.8083e-01     0.9381      0.615    1479.84     54.298     3.6387  10.420747  0.000e+00
     36.079     8.6613    30.3651    23.5415 2.8083e-01     0.9405      0.619    1479.84     54.306     3.6392  10.420747  0.000e+00
     36.091     8.6615    30.3661    23.5423 2.8083e-01     0.9417      0.634    1479.84     54.314     3.6397  10.420747  0.000e+00
     36.078     8.6615    30.3669    23.5429 2.8083e-01     0.9405      0.641    1479.84     54.381     3.6442  10.420748  0.000e+00
     36.079     8.6610    30.3679    23.5437 2.8083e-01     0.9393      0.630    1479.84     54.394     3.6451  10.420748  0.000e+00
     36.091     8.6607    30.3683    23.5441 2.8083e-01     0.9381      0.615    1479.84     54.343     3.6417  10.420749  0.000e+00
     36.078     8.6595    30.3694    23.5451 2.9304e-01     0.9393      0.608    1479.84     54.408     3.6461  10.420749  0.000e+00
     36.091     8.6594    30.3694    23.5451 2.8083e-01     0.9405      0.604    1479.84     54.417     3.6467  10.420750  0.000e+00
     36.091     8.6591    30.3697    23.5454 2.8083e-01     0.9393      0.593    1479.84     54.486     3.6514  10.420750  0.000e+00
     36.091     8.6592    30.3698    23.5455 2.8083e-01     0.9393      0.579    1479.84     54.438     3.6481  10.420751  0.000e+00
     36.091     8.6596    30.3701    23.5456 2.8083e-01     0.9368      0.564    1479.84     54.505     3.6526  10.420751  0.000e+00
     36.091     8.6594    30.3703    23.5459 2.9304e-01     0.9368      0.560    1479.84     54.516     3.6533  10.420752  0.000e+00
     36.091     8.6596    30.3700    23.5455 2.8083e-01     0.9381      0.564    1479.84     54.464     3.6498  10.420752  0.000e+00
     36.091     8.6591    30.3701    23.5458 2.8083e-01     0.9381      0.568    1479.84     54.526     3.6540  10.420753  0.000e+00
     36.091     8.6586    30.3698    23.5455 2.8083e-01     0.9368      0.564    1479.84     54.540     3.6550  10.420753  0.000e+00
     36.102     8.6587    30.3696    23.5454 2.8083e-01     0.9381      0.560    1479.84     54.546     3.6554  10.420754  0.000e+00
     36.091     8.6583    30.3698    23.5456 2.8083e-01     0.9381      0.560    1479.83     54.496     3.6521  10.420754  0.000e+00
     36.102     8.6584    30.3699    23.5457 2.8083e-01     0.9344      0.560    1479.84     54.561     3.6564  10.420755  0.000e+00
     36.102     8.6580    30.3704    23.5462 2.8083e-01     0.9356      0.557    1479.83     54.624     3.6607  10.420755  0.000e+00
     36.091     8.6580    30.3708    23.5464 2.8083e-01     0.9368      0.553    1479.83     54.631     3.6611  10.420756  0.000e+00
     36.113     8.6583    30.3709    23.5465 2.8083e-01     0.9344      0.553    1479.84     54.644     3.6620  10.420756  0.000e+00
     36.102     8.6583    30.3706    23.5462 2.9304e-01     0.9344      0.553    1479.84     54.648     3.6623  10.420757  0.000e+00
     36.102     8.6581    30.3710    23.5466 2.9304e-01     0.9356      0.557    1479.84     54.650     3.6624  10.420757  0.000e+00
     36.102     8.6583    30.3710    23.5465 2.8083e-01     0.9381      0.553    1479.84     54.658     3.6629  10.420758  0.000e+00
     36.115     8.6584    30.3712    23.5467 2.8083e-01     0.9393      0.553    1479.84     54.665     3.6634  10.420758  0.000e+00
     36.102     8.6583    30.3709    23.5465 2.8083e-01     0.9405      0.564    1479.84     54.662     3.6632  10.420759  0.000e+00
     36.113     8.6581    30.3710    23.5466 2.8083e-01     0.9417      0.586    1479.84     54.658     3.6630  10.420759  0.000e+00
     36.115     8.6581    30.3707    23.5464 2.8083e-01     0.9417      0.597    1479.84     54.721     3.6672  10.420760  0.000e+00
     36.115     8.6578    30.3706    23.5463 2.8083e-01     0.9393      0.593    1479.83     54.728     3.6676  10.420760  0.000e+00
     36.113     8.6578    30.3710    23.5467 2.8083e-01     0.9368      0.582    1479.83     54.733     3.6680  10.420761  0.000e+00
     36.126     8.6581    30.3713    23.5468 2.8083e-01     0.9393      0.575    1479.84     54.736     3.6682  10.420761  0.000e+00
     36.115     8.6586    30.3706    23.5462 2.8083e-01     0.9393      0.575    1479.84     54.737     3.6682  10.420761  0.000e+00
     36.126     8.6584    30.3702    23.5459 2.8083e-01     0.9405      0.586    1479.84     54.799     3.6723  10.420762  0.000e+00
     36.126     8.6583    30.3693    23.5452 2.8083e-01     0.9417      0.593    1479.83     54.803     3.6727  10.420762  0.000e+00
     36.126     8.6573    30.3693    23.5454 2.8083e-01     0.9417      0.593    1479.83     54.806     3.6729  10.420763  0.000e+00
     36.126     8.6568    30.3693    23.5454 2.8083e-01     0.9405      0.590    1479.83     54.806     3.6730  10.420763  0.000e+00
     36.126     8.6560    30.3699    23.5460 2.8083e-01     0.9417      0.593    1479.83     54.805     3.6730  10.420764  0.000e+00
     36.126     8.6553    30.3704    23.5465 2.8083e-01     0.9417      0.593    1479.82     54.802     3.6728  10.420764  0.000e+00
     36.126     8.6547    30.3705    23.5467 2.8083e-01     0.9393      0.586    1479.82     54.796     3.6725  10.420765  0.000e+00
     36.139     8.6544    30.3708    23.5470 2.6862e-01     0.9405      0.590    1479.82     54.789     3.6720  10.420765  0.000e+00
     36.126     8.6547    30.3707    23.5469 2.8083e-01     0.9405      0.608    1479.82     54.794     3.6723  10.420766  0.000e+00
     36.139     8.6547    30.3712    23.5473 2.8083e-01     0.9381      0.645    1479.82     54.851     3.6762  10.420766  0.000e+00
     36.139     8.6548    30.3715    23.5474 2.9304e-01     0.9393      0.681    1479.82     54.845     3.6757  10.420767  0.000e+00
     36.126     8.6555    30.3711    23.5471 3.1746e-01     0.9381      0.689    1479.83     54.844     3.6756  10.420767  0.000e+00
     36.151     8.6559    30.3714    23.5472 3.1746e-01     0.9393      0.670    1479.83     54.841     3.6754  10.420768  0.000e+00
     36.139     8.6560    30.3714    23.5472 3.0525e-01     0.9405      0.656    1479.83     54.843     3.6755  10.420768  0.000e+00
     36.138     8.6562    30.3715    23.5473 2.9304e-01     0.9393      0.652    1479.83     54.843     3.6755  10.420769  0.000e+00
     36.126     8.6562    30.3718    23.5475 2.9304e-01     0.9417      0.645    1479.83     54.841     3.6754  10.420769  0.000e+00
     36.126     8.6564    30.3715    23.5472 2.8083e-01     0.9405      0.626    1479.83     54.900     3.6793  10.420770  0.000e+00
     36.162     8.6565    30.3709    23.5468 2.8083e-01     0.9430      0.601    1479.83     54.902     3.6794  10.420770  0.000e+00
