RAWDATA/20190107/KF1_20190110_down.cnv
* Sea-Bird SBE 9 Data File:
* FileName = C:\CTD Brukere\NIVA\OKOKYST2019\20190107\KF1_20190110.hex
* Software Version Seasave V 7.23.2
* Temperature SN = 5352
* Conductivity SN = 3840
* Number of Bytes Per Scan = 28
* Number of Voltage Words = 4
* Number of Scans Averaged by the Deck Unit = 1
* NMEA baud rate = 4800
** Ship: R/V Trygve Braarud
** Cruise:
** Station:
** Operator:
# nquan = 12
# nvalues = 1119                                  
# units = specified
# name 0 = depSM: Depth [salt water, m], lat = 59.60
# name 1 = t090C: Temperature [ITS-90, deg C]
# name 2 = sal00: Salinity, Practical [PSU]
# name 3 = sigma-t00: Density [sigma-t, kg/m^3 ]
# name 4 = flSP: Fluorescence, Seapoint
# name 5 = wetStar: Fluorescence, WET Labs WETstar [mg/m^3]
# name 6 = seaTurbMtr: Turbidity, Seapoint [FTU]
# name 7 = svCM: Sound Velocity [Chen-Millero, m/s]
# name 8 = sbeox0PS: Oxygen, SBE 43 [% saturation]
# name 9 = sbeox0ML/L: Oxygen, SBE 43 [ml/l]
# name 10 = timeJ: Julian Days
# name 11 = flag:  0.000e+00
# span 0 =      0.665,     13.115                 
# span 1 =     7.8250,     7.9741                 
# span 2 =    34.2830,    34.3304                 
# span 3 =    26.7147,    26.7738                 
# span 4 = 1.5873e-01, 2.4420e-01                 
# span 5 =     0.2983,     0.3166                 
# span 6 =      1.048,      1.802                 
# span 7 =    1481.20,    1481.65                 
# span 8 =     75.686,     86.393                 
# span 9 =     5.0220,     5.7317                 
# span 10 =  10.731354,  10.731893                
# span 11 = 0.0000e+00, 0.0000e+00                
# interval = seconds: 0.0416667
# start_time = Jan 10 2019 17:33:09 [System UpLoad Time]
# bad_flag = -9.990e-29
*END*
[from data line 963]
     11.112     7.9146    34.3261    26.7572 1.7094e-01     0.3093      1.560    1481.50     83.081     5.5179  10.731819  0.000e+00
     11.101     7.9143    34.3263    26.7574 1.7094e-01     0.3080      1.571    1481.50     83.081     5.5179  10.731819  0.000e+00
     11.150     7.9137    34.3268    26.7579 1.7094e-01     0.3080      1.564    1481.50     83.089     5.5185  10.731820  0.000e+00
     11.161     7.9140    34.3264    26.7575 1.7094e-01     0.3080      1.564    1481.50     83.089     5.5185  10.731820  0.000e+00
     11.156     7.9143    34.3264    26.7575 1.7094e-01     0.3117      1.590    1481.50     83.150     5.5225  10.731821  0.000e+00
     11.185     7.9144    34.3268    26.7578 1.7094e-01     0.3129      1.590    1481.50     83.165     5.5234  10.731821  0.000e+00
     11.197     7.9146    34.3263    26.7574 1.7094e-01     0.3117      1.575    1481.50     83.178     5.5243  10.731821  0.000e+00
     11.232     7.9138    34.3267    26.7578 1.7094e-01     0.3093      1.557    1481.50     83.192     5.5253  10.731822  0.000e+00
     11.221     7.9124    34.3261    26.7576 1.7094e-01     0.3117      1.560    1481.49     83.205     5.5263  10.731822  0.000e+00
     11.245     7.9103    34.3251    26.7570 1.7094e-01     0.3129      1.564    1481.49     83.218     5.5275  10.731823  0.000e+00
     11.268     7.9084    34.3242    26.7566 1.7094e-01     0.3117      1.546    1481.48     83.223     5.5281  10.731823  0.000e+00
     11.292     7.9065    34.3248    26.7574 1.7094e-01     0.3141      1.535    1481.47     83.235     5.5291  10.731824  0.000e+00
     11.299     7.9057    34.3258    26.7583 1.8315e-01     0.3105      1.542    1481.47     83.239     5.5295  10.731824  0.000e+00
     11.316     7.9061    34.3271    26.7593 1.8315e-01     0.3117      1.546    1481.47     83.250     5.5301  10.731825  0.000e+00
     11.328     7.9073    34.3264    26.7585 1.8315e-01     0.3129      1.557    1481.48     83.253     5.5302  10.731825  0.000e+00
     11.352     7.9061    34.3252    26.7578 1.7094e-01     0.3129      1.571    1481.47     83.256     5.5305  10.731826  0.000e+00
     11.363     7.9037    34.3253    26.7582 1.7094e-01     0.3117      1.597    1481.46     83.258     5.5310  10.731826  0.000e+00
     11.376     7.9025    34.3255    26.7586 1.7094e-01     0.3117      1.634    1481.46     83.259     5.5312  10.731827  0.000e+00
     11.401     7.9025    34.3260    26.7589 1.7094e-01     0.3093      1.670    1481.46     83.267     5.5318  10.731827  0.000e+00
     11.412     7.9029    34.3260    26.7588 1.7094e-01     0.3068      1.696    1481.46     83.268     5.5317  10.731828  0.000e+00
     11.419     7.9029    34.3266    26.7594 1.5873e-01     0.3056      1.711    1481.46     83.268     5.5317  10.731828  0.000e+00
     11.459     7.9031    34.3262    26.7590 1.7094e-01     0.3056      1.703    1481.46     83.267     5.5317  10.731829  0.000e+00
     11.459     7.9028    34.3253    26.7583 1.5873e-01     0.3068      1.696    1481.46     83.266     5.5316  10.731829  0.000e+00
     11.483     7.9016    34.3248    26.7581 1.5873e-01     0.3093      1.678    1481.46     83.264     5.5317  10.731830  0.000e+00
     11.508     7.8998    34.3245    26.7582 1.7094e-01     0.3141      1.659    1481.45     83.262     5.5318  10.731830  0.000e+00
     11.519     7.8991    34.3243    26.7581 1.7094e-01     0.3129      1.634    1481.45     83.259     5.5317  10.731831  0.000e+00
     11.543     7.8986    34.3237    26.7577 1.7094e-01     0.3129      1.612    1481.44     83.194     5.5274  10.731831  0.000e+00
     11.543     7.8981    34.3232    26.7574 1.7094e-01     0.3117      1.612    1481.44     83.182     5.5268  10.731832  0.000e+00
     11.579     7.8972    34.3234    26.7577 1.7094e-01     0.3105      1.630    1481.44     83.171     5.5261  10.731832  0.000e+00
     11.598     7.8965    34.3243    26.7585 1.7094e-01     0.3117      1.623    1481.44     83.221     5.5295  10.731833  0.000e+00
     11.603     7.8952    34.3243    26.7587 1.7094e-01     0.3080      1.601    1481.43     83.154     5.5252  10.731833  0.000e+00
     11.639     7.8935    34.3244    26.7590 1.7094e-01     0.3068      1.590    1481.43     83.203     5.5287  10.731834  0.000e+00
     11.639     7.8924    34.3239    26.7588 1.7094e-01     0.3056      1.619    1481.42     83.205     5.5289  10.731834  0.000e+00
     11.652     7.8918    34.3242    26.7591 1.7094e-01     0.3093      1.652    1481.42     83.198     5.5286  10.731834  0.000e+00
     11.687     7.8920    34.3247    26.7595 1.7094e-01     0.3068      1.674    1481.42     83.199     5.5286  10.731835  0.000e+00
     11.687     7.8935    34.3257    26.7600 1.7094e-01     0.3080      1.703    1481.43     83.191     5.5278  10.731835  0.000e+00
     11.723     7.8956    34.3275    26.7612 1.7094e-01     0.3080      1.729    1481.44     83.191     5.5275  10.731836  0.000e+00
     11.723     7.8994    34.3278    26.7608 1.7094e-01     0.3056      1.747    1481.46     83.190     5.5269  10.731836  0.000e+00
     11.734     7.9025    34.3264    26.7592 1.7094e-01     0.3093      1.740    1481.47     83.181     5.5260  10.731837  0.000e+00
     11.765     7.9036    34.3261    26.7589 1.7094e-01     0.3105      1.711    1481.47     83.179     5.5258  10.731837  0.000e+00
     11.783     7.9047    34.3258    26.7585 1.7094e-01     0.3117      1.685    1481.47     83.177     5.5255  10.731838  0.000e+00
     11.794     7.9050    34.3251    26.7579 1.7094e-01     0.3093      1.678    1481.47     83.175     5.5253  10.731838  0.000e+00
     11.819     7.9050    34.3243    26.7572 1.7094e-01     0.3105      1.670    1481.47     83.172     5.5252  10.731839  0.000e+00
     11.830     7.9045    34.3234    26.7566 1.7094e-01     0.3093      1.656    1481.47     83.224     5.5287  10.731839  0.000e+00
     11.854     7.9031    34.3240    26.7573 1.7094e-01     0.3068      1.656    1481.47     83.166     5.5250  10.731840  0.000e+00
     11.854     7.9023    34.3240    26.7574 1.7094e-01     0.3068      1.689    1481.46     83.223     5.5289  10.731840  0.000e+00
     11.879     7.9020    34.3237    26.7572 1.7094e-01     0.3080      1.722    1481.46     83.226     5.5291  10.731841  0.000e+00
     11.903     7.9016    34.3230    26.7567 1.7094e-01     0.3080      1.725    1481.46     83.228     5.5294  10.731841  0.000e+00
     11.914     7.9004    34.3230    26.7569 1.7094e-01     0.3105      1.692    1481.46     83.229     5.5296  10.731842  0.000e+00
     11.926     7.8988    34.3223    26.7566 1.5873e-01     0.3117      1.652    1481.45     83.230     5.5299  10.731842  0.000e+00
     11.950     7.8970    34.3228    26.7573 1.7094e-01     0.3105      1.612    1481.44     83.231     5.5301  10.731843  0.000e+00
     11.961     7.8954    34.3228    26.7575 1.7094e-01     0.3117      1.586    1481.44     83.230     5.5303  10.731843  0.000e+00
     11.985     7.8940    34.3228    26.7577 1.7094e-01     0.3117      1.586    1481.43     83.230     5.5304  10.731844  0.000e+00
     11.994     7.8930    34.3236    26.7584 1.7094e-01     0.3117      1.601    1481.43     83.235     5.5309  10.731844  0.000e+00
     12.021     7.8924    34.3241    26.7590 1.7094e-01     0.3117      1.612    1481.43     83.241     5.5313  10.731845  0.000e+00
     12.034     7.8916    34.3239    26.7589 1.7094e-01     0.3093      1.615    1481.43     83.246     5.5318  10.731845  0.000e+00
     12.045     7.8908    34.3244    26.7594 1.7094e-01     0.3093      1.604    1481.42     83.313     5.5363  10.731846  0.000e+00
     12.070     7.8896    34.3255    26.7604 1.7094e-01     0.3105      1.590    1481.42     83.263     5.5331  10.731846  0.000e+00
     12.081     7.8909    34.3273    26.7616 1.7094e-01     0.3117      1.593    1481.43     83.267     5.5331  10.731847  0.000e+00
     12.094     7.8949    34.3276    26.7613 1.7094e-01     0.3093      1.597    1481.44     83.270     5.5328  10.731847  0.000e+00
     12.117     7.8972    34.3261    26.7598 1.7094e-01     0.3105      1.590    1481.45     83.274     5.5328  10.731848  0.000e+00
     12.130     7.8962    34.3244    26.7586 1.7094e-01     0.3093      1.579    1481.45     83.338     5.5373  10.731848  0.000e+00
     12.154     7.8946    34.3232    26.7579 1.7094e-01     0.3105      1.586    1481.44     83.287     5.5341  10.731848  0.000e+00
     12.165     7.8927    34.3226    26.7577 1.7094e-01     0.3129      1.601    1481.43     83.289     5.5346  10.731849  0.000e+00
     12.177     7.8909    34.3230    26.7583 1.7094e-01     0.3105      1.663    1481.43     83.291     5.5349  10.731849  0.000e+00
     12.190     7.8896    34.3232    26.7587 1.8315e-01     0.3093      1.729    1481.42     83.355     5.5393  10.731850  0.000e+00
     12.212     7.8891    34.3238    26.7592 1.7094e-01     0.3093      1.718    1481.42     83.302     5.5358  10.731850  0.000e+00
     12.225     7.8892    34.3245    26.7597 1.7094e-01     0.3117      1.692    1481.42     83.302     5.5358  10.731851  0.000e+00
     12.250     7.8895    34.3247    26.7599 1.7094e-01     0.3141      1.674    1481.42     83.364     5.5399  10.731851  0.000e+00
     12.261     7.8898    34.3248    26.7599 1.7094e-01     0.3141      1.659    1481.42     83.310     5.5362  10.731852  0.000e+00
     12.272     7.8900    34.3242    26.7594 1.7094e-01     0.3129      1.637    1481.42     83.309     5.5362  10.731852  0.000e+00
     12.296     7.8896    34.3246    26.7597 1.7094e-01     0.3129      1.637    1481.42     83.309     5.5362  10.731853  0.000e+00
     12.308     7.8895    34.3243    26.7595 1.7094e-01     0.3068      1.648    1481.42     83.308     5.5361  10.731853  0.000e+00
     12.332     7.8893    34.3243    26.7595 1.7094e-01     0.3044      1.659    1481.42     83.306     5.5361  10.731854  0.000e+00
     12.321     7.8892    34.3244    26.7597 1.7094e-01     0.3032      1.663    1481.42     83.304     5.5359  10.731854  0.000e+00
     12.356     7.8880    34.3245    26.7599 1.7094e-01     0.3044      1.674    1481.42     83.357     5.5396  10.731855  0.000e+00
     12.368     7.8861    34.3239    26.7597 1.7094e-01     0.3080      1.670    1481.41     83.292     5.5355  10.731855  0.000e+00
     12.387     7.8842    34.3250    26.7608 1.7094e-01     0.3093      1.652    1481.41     83.282     5.5350  10.731856  0.000e+00
     12.392     7.8835    34.3255    26.7613 1.7094e-01     0.3093      1.619    1481.40     83.278     5.5348  10.731856  0.000e+00
     12.428     7.8835    34.3260    26.7617 1.5873e-01     0.3093      1.597    1481.40     83.266     5.5340  10.731857  0.000e+00
     12.416     7.8840    34.3259    26.7616 1.7094e-01     0.3068      1.601    1481.41     83.322     5.5377  10.731857  0.000e+00
     12.441     7.8832    34.3260    26.7618 1.7094e-01     0.3080      1.601    1481.40     83.263     5.5338  10.731858  0.000e+00
     12.452     7.8834    34.3261    26.7619 1.7094e-01     0.3093      1.593    1481.40     83.318     5.5375  10.731858  0.000e+00
     12.476     7.8842    34.3257    26.7614 1.7094e-01     0.3105      1.586    1481.41     83.258     5.5334  10.731859  0.000e+00
     12.488     7.8847    34.3256    26.7612 1.7094e-01     0.3117      1.571    1481.41     83.251     5.5329  10.731859  0.000e+00
     12.512     7.8842    34.3246    26.7605 1.7094e-01     0.3105      1.557    1481.41     83.305     5.5366  10.731860  0.000e+00
     12.523     7.8815    34.3249    26.7612 1.7094e-01     0.3093      1.557    1481.40     83.244     5.5328  10.731860  0.000e+00
     12.523     7.8792    34.3253    26.7618 1.7094e-01     0.3080      1.553    1481.39     83.297     5.5367  10.731861  0.000e+00
     12.548     7.8782    34.3266    26.7630 1.7094e-01     0.3093      1.538    1481.39     83.296     5.5367  10.731861  0.000e+00
     12.559     7.8784    34.3269    26.7632 1.7094e-01     0.3093      1.535    1481.39     83.233     5.5324  10.731861  0.000e+00
     12.572     7.8782    34.3230    26.7602 1.7094e-01     0.3117      1.542    1481.38     83.285     5.5360  10.731862  0.000e+00
     12.596     7.8741    34.3221    26.7600 1.7094e-01     0.3117      1.546    1481.37     83.282     5.5364  10.731862  0.000e+00
     12.608     7.8715    34.3245    26.7623 1.7094e-01     0.3117      1.546    1481.36     83.225     5.5329  10.731863  0.000e+00
     12.619     7.8700    34.3252    26.7631 1.7094e-01     0.3141      1.553    1481.36     83.215     5.5323  10.731863  0.000e+00
     12.643     7.8659    34.3243    26.7630 1.7094e-01     0.3129      1.571    1481.34     83.273     5.5368  10.731864  0.000e+00
     12.656     7.8608    34.3237    26.7633 1.7094e-01     0.3154      1.612    1481.32     83.277     5.5377  10.731864  0.000e+00
     12.656     7.8550    34.3246    26.7649 1.7094e-01     0.3166      1.645    1481.30     83.280     5.5386  10.731865  0.000e+00
     12.692     7.8502    34.3254    26.7662 1.7094e-01     0.3141      1.641    1481.28     83.284     5.5394  10.731865  0.000e+00
     12.679     7.8465    34.3255    26.7668 1.7094e-01     0.3105      1.626    1481.27     83.225     5.5360  10.731866  0.000e+00
     12.714     7.8436    34.3263    26.7678 1.7094e-01     0.3117      1.612    1481.26     83.221     5.5360  10.731866  0.000e+00
     12.727     7.8410    34.3273    26.7690 1.7094e-01     0.3129      1.604    1481.25     83.278     5.5401  10.731867  0.000e+00
     12.752     7.8394    34.3283    26.7700 1.7094e-01     0.3141      1.604    1481.25     83.280     5.5404  10.731867  0.000e+00
     12.763     7.8386    34.3293    26.7710 1.7094e-01     0.3129      1.601    1481.24     83.221     5.5365  10.731868  0.000e+00
     12.774     7.8382    34.3285    26.7704 1.7094e-01     0.3117      1.601    1481.24     83.216     5.5363  10.731868  0.000e+00
     12.787     7.8374    34.3285    26.7705 1.7094e-01     0.3105      1.604    1481.24     83.211     5.5360  10.731869  0.000e+00
     12.810     7.8369    34.3282    26.7703 1.8315e-01     0.3117      1.608    1481.24     83.213     5.5363  10.731869  0.000e+00
     12.810     7.8359    34.3281    26.7704 1.7094e-01     0.3117      1.634    1481.23     83.269     5.5401  10.731870  0.000e+00
     12.839     7.8348    34.3281    26.7706 1.7094e-01     0.3117      1.659    1481.23     83.210     5.5363  10.731870  0.000e+00
     12.859     7.8338    34.3284    26.7709 1.7094e-01     0.3105      1.667    1481.23     83.205     5.5361  10.731871  0.000e+00
     12.870     7.8332    34.3291    26.7715 1.7094e-01     0.3129      1.645    1481.23     83.200     5.5358  10.731871  0.000e+00
     12.883     7.8330    34.3287    26.7713 1.7094e-01     0.3166      1.615    1481.22     83.264     5.5401  10.731872  0.000e+00
     12.907     7.8327    34.3287    26.7713 1.7094e-01     0.3154      1.601    1481.22     83.204     5.5362  10.731872  0.000e+00
     12.919     7.8319    34.3286    26.7714 1.7094e-01     0.3129      1.593    1481.22     83.260     5.5400  10.731873  0.000e+00
     12.943     7.8313    34.3283    26.7713 1.7094e-01     0.3105      1.579    1481.22     83.201     5.5361  10.731873  0.000e+00
     12.954     7.8306    34.3286    26.7716 1.7094e-01     0.3117      1.557    1481.22     83.203     5.5363  10.731874  0.000e+00
     12.966     7.8300    34.3284    26.7715 1.7094e-01     0.3105      1.557    1481.21     83.259     5.5402  10.731874  0.000e+00
     12.990     7.8287    34.3278    26.7712 1.7094e-01     0.3117      1.590    1481.21     83.199     5.5364  10.731875  0.000e+00
     12.990     7.8274    34.3281    26.7717 1.8315e-01     0.3129      1.630    1481.20     83.201     5.5367  10.731875  0.000e+00
     13.003     7.8261    34.3286    26.7722 1.8315e-01     0.3141      1.630    1481.20     83.196     5.5365  10.731875  0.000e+00
