RAWDATA/20190107/KF1_20190110_down.cnv
* Sea-Bird SBE 9 Data File:
* FileName = C:\CTD Brukere\NIVA\OKOKYST2019\20190107\KF1_20190110.hex
* Software Version Seasave V 7.23.2
* Temperature SN = 5352
* Conductivity SN = 3840
* Number of Bytes Per Scan = 28
* Number of Voltage Words = 4
* Number of Scans Averaged by the Deck Unit = 1
* NMEA baud rate = 4800
** Ship: R/V Trygve Braarud
** Cruise:
** Station:
** Operator:
# nquan = 12
# nvalues = 1119                                  
# units = specified
# name 0 = depSM: Depth [salt water, m], lat = 59.60
# name 1 = t090C: Temperature [ITS-90, deg C]
# name 2 = sal00: Salinity, Practical [PSU]
# name 3 = sigma-t00: Density [sigma-t, kg/m^3 ]
# name 4 = flSP: Fluorescence, Seapoint
# name 5 = wetStar: Fluorescence, WET Labs WETstar [mg/m^3]
# name 6 = seaTurbMtr: Turbidity, Seapoint [FTU]
# name 7 = svCM: Sound Velocity [Chen-Millero, m/s]
# name 8 = sbeox0PS: Oxygen, SBE 43 [% saturation]
# name 9 = sbeox0ML/L: Oxygen, SBE 43 [ml/l]
# name 10 = timeJ: Julian Days
# name 11 = flag:  0.000e+00
# span 0 =      0.665,     13.115                 
# span 1 =     7.8250,     7.9741                 
# span 2 =    34.2830,    34.3304                 
# span 3 =    26.7147,    26.7738                 
# span 4 = 1.5873e-01, 2.4420e-01                 
# span 5 =     0.2983,     0.3166                 
# span 6 =      1.048,      1.802                 
# span 7 =    1481.20,    1481.65                 
# span 8 =     75.686,     86.393                 
# span 9 =     5.0220,     5.7317                 
# span 10 =  10.731354,  10.731893                
# span 11 = 0.0000e+00, 0.0000e+00                
# interval = seconds: 0.0416667
# start_time = Jan 10 2019 17:33:09 [System UpLoad Time]
# bad_flag = -9.990e-29
*END*
[from data line 482]
      3.327     7.9624    34.3184    26.7441 1.5873e-01     0.2995      1.114    1481.54     82.291     5.4598  10.731587  0.000e+00
      3.338     7.9617    34.3185    26.7443 1.5873e-01     0.3007      1.139    1481.54     82.302     5.4606  10.731587  0.000e+00
      3.363     7.9596    34.3188    26.7448 1.5873e-01     0.3032      1.158    1481.53     82.304     5.4610  10.731588  0.000e+00
      3.376     7.9585    34.3181    26.7444 1.5873e-01     0.3044      1.139    1481.53     82.314     5.4618  10.731588  0.000e+00
      3.387     7.9582    34.3175    26.7440 1.7094e-01     0.3019      1.114    1481.53     82.323     5.4625  10.731589  0.000e+00
      3.411     7.9591    34.3174    26.7438 1.7094e-01     0.2995      1.092    1481.53     82.332     5.4629  10.731589  0.000e+00
      3.423     7.9600    34.3177    26.7439 1.7094e-01     0.3007      1.088    1481.53     82.340     5.4634  10.731590  0.000e+00
      3.434     7.9592    34.3185    26.7446 1.7094e-01     0.3019      1.092    1481.53     82.348     5.4640  10.731590  0.000e+00
      3.471     7.9585    34.3175    26.7439 1.7094e-01     0.3032      1.106    1481.53     82.356     5.4646  10.731590  0.000e+00
      3.458     7.9577    34.3167    26.7434 1.7094e-01     0.3044      1.136    1481.53     82.303     5.4612  10.731591  0.000e+00
      3.483     7.9572    34.3170    26.7438 1.7094e-01     0.3032      1.150    1481.52     82.364     5.4653  10.731591  0.000e+00
      3.507     7.9574    34.3175    26.7442 1.7094e-01     0.3032      1.132    1481.53     82.372     5.4658  10.731592  0.000e+00
      3.518     7.9574    34.3179    26.7445 1.7094e-01     0.3019      1.114    1481.53     82.440     5.4703  10.731592  0.000e+00
      3.529     7.9567    34.3181    26.7447 1.5873e-01     0.3044      1.117    1481.52     82.454     5.4713  10.731593  0.000e+00
      3.554     7.9556    34.3175    26.7444 1.5873e-01     0.3068      1.132    1481.52     82.459     5.4718  10.731593  0.000e+00
      3.567     7.9540    34.3178    26.7449 1.5873e-01     0.3056      1.132    1481.51     82.472     5.4728  10.731594  0.000e+00
      3.578     7.9521    34.3174    26.7448 1.5873e-01     0.3056      1.128    1481.51     82.476     5.4734  10.731594  0.000e+00
      3.602     7.9496    34.3173    26.7451 1.5873e-01     0.3019      1.117    1481.50     82.540     5.4780  10.731595  0.000e+00
      3.625     7.9468    34.3168    26.7452 1.5873e-01     0.3019      1.117    1481.49     82.557     5.4794  10.731595  0.000e+00
      3.625     7.9449    34.3159    26.7447 1.5873e-01     0.3019      1.132    1481.48     82.566     5.4803  10.731596  0.000e+00
      3.662     7.9428    34.3151    26.7444 1.5873e-01     0.3032      1.154    1481.47     82.573     5.4810  10.731596  0.000e+00
      3.674     7.9417    34.3143    26.7439 1.5873e-01     0.3032      1.172    1481.47     82.579     5.4816  10.731597  0.000e+00
      3.685     7.9408    34.3144    26.7441 1.7094e-01     0.3044      1.172    1481.46     82.591     5.4825  10.731597  0.000e+00
      3.709     7.9396    34.3140    26.7441 1.7094e-01     0.3056      1.172    1481.46     82.602     5.4834  10.731598  0.000e+00
      3.722     7.9388    34.3142    26.7443 1.7094e-01     0.3080      1.165    1481.46     82.613     5.4842  10.731598  0.000e+00
      3.733     7.9381    34.3142    26.7444 1.7094e-01     0.3080      1.158    1481.45     82.615     5.4844  10.731599  0.000e+00
      3.745     7.9376    34.3140    26.7443 1.8315e-01     0.3080      1.150    1481.45     82.615     5.4845  10.731599  0.000e+00
      3.769     7.9376    34.3140    26.7443 1.7094e-01     0.3093      1.154    1481.45     82.684     5.4891  10.731600  0.000e+00
      3.780     7.9381    34.3138    26.7441 1.7094e-01     0.3080      1.161    1481.45     82.689     5.4894  10.731600  0.000e+00
      3.793     7.9386    34.3139    26.7441 1.7094e-01     0.3056      1.158    1481.46     82.701     5.4901  10.731601  0.000e+00
      3.829     7.9396    34.3139    26.7439 1.7094e-01     0.3056      1.150    1481.46     82.711     5.4906  10.731601  0.000e+00
      3.827     7.9400    34.3141    26.7441 1.7094e-01     0.3044      1.147    1481.46     82.720     5.4912  10.731602  0.000e+00
      3.840     7.9396    34.3146    26.7445 1.7094e-01     0.3080      1.154    1481.46     82.720     5.4912  10.731602  0.000e+00
      3.865     7.9393    34.3141    26.7442 1.7094e-01     0.3044      1.150    1481.46     82.727     5.4917  10.731603  0.000e+00
      3.865     7.9394    34.3142    26.7442 1.8315e-01     0.3044      1.158    1481.46     82.793     5.4961  10.731603  0.000e+00
      3.900     7.9392    34.3144    26.7444 1.7094e-01     0.3056      1.165    1481.46     82.736     5.4923  10.731603  0.000e+00
      3.913     7.9386    34.3143    26.7444 1.7094e-01     0.3068      1.168    1481.46     82.738     5.4925  10.731604  0.000e+00
      3.924     7.9383    34.3146    26.7447 1.7094e-01     0.3056      1.161    1481.46     82.800     5.4967  10.731604  0.000e+00
      3.924     7.9378    34.3146    26.7448 1.7094e-01     0.3068      1.150    1481.46     82.807     5.4972  10.731605  0.000e+00
      3.958     7.9375    34.3145    26.7447 1.7094e-01     0.3068      1.143    1481.45     82.812     5.4976  10.731605  0.000e+00
      3.971     7.9373    34.3138    26.7442 1.7094e-01     0.3068      1.143    1481.45     82.816     5.4979  10.731606  0.000e+00
      3.984     7.9376    34.3135    26.7439 1.7094e-01     0.3105      1.143    1481.45     82.818     5.4980  10.731606  0.000e+00
      4.009     7.9389    34.3130    26.7433 1.7094e-01     0.3093      1.136    1481.46     82.819     5.4979  10.731607  0.000e+00
      4.009     7.9397    34.3133    26.7434 1.7094e-01     0.3105      1.143    1481.46     82.818     5.4978  10.731607  0.000e+00
      4.031     7.9400    34.3140    26.7440 1.8315e-01     0.3117      1.150    1481.46     82.877     5.5016  10.731608  0.000e+00
      4.056     7.9394    34.3147    26.7446 1.8315e-01     0.3105      1.161    1481.46     82.819     5.4978  10.731608  0.000e+00
      4.056     7.9388    34.3143    26.7444 1.8315e-01     0.3080      1.165    1481.46     82.814     5.4975  10.731609  0.000e+00
      4.090     7.9380    34.3138    26.7441 2.1978e-01     0.3068      1.168    1481.46     82.876     5.5018  10.731609  0.000e+00
      4.091     7.9370    34.3140    26.7444 2.3199e-01     0.3044      1.172    1481.45     82.874     5.5018  10.731610  0.000e+00
      4.115     7.9365    34.3138    26.7443 2.0757e-01     0.3056      1.165    1481.45     82.879     5.5022  10.731610  0.000e+00
      4.127     7.9362    34.3137    26.7443 1.9536e-01     0.3044      1.158    1481.45     82.943     5.5065  10.731611  0.000e+00
      4.151     7.9359    34.3138    26.7444 1.8315e-01     0.3056      1.150    1481.45     82.890     5.5030  10.731611  0.000e+00
      4.151     7.9358    34.3137    26.7443 1.7094e-01     0.3080      1.147    1481.45     82.889     5.5030  10.731612  0.000e+00
      4.162     7.9357    34.3136    26.7443 1.7094e-01     0.3093      1.139    1481.45     82.887     5.5028  10.731612  0.000e+00
      4.200     7.9360    34.3136    26.7443 1.7094e-01     0.3068      1.136    1481.45     82.945     5.5067  10.731613  0.000e+00
      4.200     7.9367    34.3137    26.7442 1.7094e-01     0.3068      1.143    1481.45     82.886     5.5026  10.731613  0.000e+00
      4.222     7.9373    34.3137    26.7442 1.7094e-01     0.3068      1.165    1481.46     82.941     5.5062  10.731614  0.000e+00
      4.222     7.9388    34.3130    26.7434 1.7094e-01     0.3068      1.165    1481.46     82.939     5.5059  10.731614  0.000e+00
      4.258     7.9424    34.3123    26.7423 1.7094e-01     0.3056      1.165    1481.48     82.928     5.5048  10.731615  0.000e+00
      4.258     7.9449    34.3144    26.7435 1.5873e-01     0.3068      1.165    1481.49     82.923     5.5040  10.731615  0.000e+00
      4.269     7.9470    34.3155    26.7441 1.7094e-01     0.3044      1.161    1481.50     82.915     5.5032  10.731616  0.000e+00
      4.295     7.9473    34.3168    26.7451 1.7094e-01     0.3044      1.150    1481.50     82.914     5.5031  10.731616  0.000e+00
      4.306     7.9474    34.3165    26.7448 1.7094e-01     0.3068      1.139    1481.50     82.911     5.5029  10.731617  0.000e+00
      4.331     7.9472    34.3159    26.7444 1.7094e-01     0.3056      1.132    1481.50     82.968     5.5067  10.731617  0.000e+00
      4.342     7.9476    34.3147    26.7434 1.7094e-01     0.3056      1.132    1481.50     82.908     5.5027  10.731617  0.000e+00
      4.355     7.9492    34.3140    26.7426 1.7094e-01     0.3056      1.139    1481.50     82.900     5.5020  10.731618  0.000e+00
      4.376     7.9498    34.3160    26.7441 1.7094e-01     0.3032      1.161    1481.51     82.899     5.5018  10.731618  0.000e+00
      4.378     7.9500    34.3169    26.7447 1.5873e-01     0.3056      1.179    1481.51     82.896     5.5015  10.731619  0.000e+00
      4.413     7.9502    34.3168    26.7447 1.5873e-01     0.3044      1.183    1481.51     82.892     5.5012  10.731619  0.000e+00
      4.413     7.9511    34.3158    26.7438 1.5873e-01     0.3056      1.172    1481.52     82.886     5.5008  10.731620  0.000e+00
      4.438     7.9521    34.3159    26.7436 1.5873e-01     0.3068      1.168    1481.52     82.941     5.5043  10.731620  0.000e+00
      4.460     7.9532    34.3164    26.7439 1.7094e-01     0.3080      1.172    1481.52     82.941     5.5041  10.731621  0.000e+00
      4.462     7.9540    34.3166    26.7439 1.5873e-01     0.3068      1.179    1481.53     82.938     5.5038  10.731621  0.000e+00
      4.473     7.9545    34.3176    26.7446 1.7094e-01     0.3080      1.190    1481.53     82.934     5.5035  10.731622  0.000e+00
      4.509     7.9543    34.3178    26.7449 1.5873e-01     0.3080      1.190    1481.53     82.929     5.5032  10.731622  0.000e+00
      4.509     7.9540    34.3179    26.7449 1.7094e-01     0.3068      1.183    1481.53     82.923     5.5028  10.731623  0.000e+00
      4.533     7.9522    34.3188    26.7459 1.7094e-01     0.3056      1.179    1481.53     82.922     5.5029  10.731623  0.000e+00
      4.544     7.9494    34.3184    26.7461 1.5873e-01     0.3093      1.179    1481.51     82.920     5.5032  10.731624  0.000e+00
      4.557     7.9466    34.3174    26.7457 1.5873e-01     0.3080      1.190    1481.50     82.918     5.5034  10.731624  0.000e+00
      4.593     7.9450    34.3162    26.7449 1.5873e-01     0.3068      1.201    1481.50     82.914     5.5033  10.731625  0.000e+00
      4.582     7.9437    34.3164    26.7453 1.5873e-01     0.3056      1.201    1481.49     82.908     5.5031  10.731625  0.000e+00
      4.617     7.9428    34.3160    26.7452 1.7094e-01     0.3056      1.190    1481.49     82.840     5.4988  10.731626  0.000e+00
      4.627     7.9433    34.3150    26.7443 1.7094e-01     0.3044      1.172    1481.49     82.826     5.4977  10.731626  0.000e+00
      4.642     7.9441    34.3148    26.7440 1.7094e-01     0.3044      1.172    1481.49     82.879     5.5012  10.731627  0.000e+00
      4.664     7.9456    34.3147    26.7437 1.7094e-01     0.3044      1.183    1481.50     82.808     5.4963  10.731627  0.000e+00
      4.677     7.9476    34.3148    26.7435 1.7094e-01     0.3056      1.190    1481.51     82.790     5.4949  10.731628  0.000e+00
      4.689     7.9494    34.3147    26.7431 1.7094e-01     0.3068      1.187    1481.51     82.779     5.4939  10.731628  0.000e+00
      4.711     7.9497    34.3168    26.7447 1.5873e-01     0.3080      1.179    1481.52     82.768     5.4931  10.731629  0.000e+00
      4.713     7.9489    34.3175    26.7454 1.5873e-01     0.3093      1.179    1481.51     82.756     5.4923  10.731629  0.000e+00
      4.724     7.9490    34.3163    26.7444 1.5873e-01     0.3117      1.187    1481.51     82.743     5.4915  10.731630  0.000e+00
      4.760     7.9510    34.3152    26.7432 1.5873e-01     0.3117      1.194    1481.52     82.730     5.4904  10.731630  0.000e+00
      4.760     7.9526    34.3157    26.7434 1.5873e-01     0.3129      1.194    1481.53     82.716     5.4893  10.731630  0.000e+00
      4.782     7.9535    34.3164    26.7439 1.5873e-01     0.3105      1.187    1481.53     82.701     5.4882  10.731631  0.000e+00
      4.820     7.9553    34.3155    26.7429 1.5873e-01     0.3117      1.183    1481.54     82.694     5.4875  10.731631  0.000e+00
      4.808     7.9555    34.3170    26.7441 1.5873e-01     0.3080      1.183    1481.54     82.678     5.4864  10.731632  0.000e+00
      4.844     7.9530    34.3192    26.7461 1.5873e-01     0.3044      1.201    1481.53     82.663     5.4856  10.731632  0.000e+00
      4.854     7.9492    34.3196    26.7470 1.5873e-01     0.3044      1.223    1481.52     82.654     5.4855  10.731633  0.000e+00
      4.868     7.9463    34.3186    26.7466 1.5873e-01     0.3032      1.227    1481.51     82.583     5.4812  10.731633  0.000e+00
      4.880     7.9446    34.3170    26.7456 1.5873e-01     0.3032      1.238    1481.50     82.567     5.4804  10.731634  0.000e+00
      4.915     7.9434    34.3166    26.7455 1.7094e-01     0.3068      1.242    1481.50     82.558     5.4799  10.731634  0.000e+00
      4.915     7.9418    34.3168    26.7459 1.5873e-01     0.3056      1.249    1481.49     82.542     5.4790  10.731635  0.000e+00
      4.938     7.9397    34.3174    26.7467 1.7094e-01     0.3068      1.242    1481.48     82.526     5.4782  10.731635  0.000e+00
      4.964     7.9383    34.3162    26.7459 1.7094e-01     0.3068      1.227    1481.48     82.510     5.4774  10.731636  0.000e+00
      4.964     7.9367    34.3159    26.7459 1.7094e-01     0.3056      1.223    1481.47     82.501     5.4770  10.731636  0.000e+00
      4.975     7.9357    34.3158    26.7460 1.7094e-01     0.3080      1.275    1481.47     82.424     5.4720  10.731637  0.000e+00
      5.009     7.9347    34.3156    26.7460 1.7094e-01     0.3093      1.374    1481.46     82.470     5.4752  10.731637  0.000e+00
      5.024     7.9343    34.3154    26.7459 1.7094e-01     0.3093      1.451    1481.46     82.401     5.4707  10.731638  0.000e+00
      5.035     7.9336    34.3155    26.7461 1.7094e-01     0.3105      1.440    1481.46     82.448     5.4739  10.731638  0.000e+00
      5.059     7.9331    34.3157    26.7463 1.7094e-01     0.3117      1.366    1481.46     82.380     5.4694  10.731639  0.000e+00
      5.069     7.9328    34.3148    26.7457 1.7094e-01     0.3080      1.297    1481.46     82.366     5.4686  10.731639  0.000e+00
      5.095     7.9319    34.3158    26.7466 1.7094e-01     0.3093      1.264    1481.45     82.354     5.4678  10.731640  0.000e+00
      5.106     7.9315    34.3152    26.7461 1.7094e-01     0.3080      1.238    1481.45     82.341     5.4670  10.731640  0.000e+00
      5.119     7.9319    34.3145    26.7456 1.7094e-01     0.3093      1.234    1481.45     82.337     5.4667  10.731641  0.000e+00
      5.153     7.9325    34.3139    26.7450 1.7094e-01     0.3093      1.249    1481.45     82.326     5.4660  10.731641  0.000e+00
      5.155     7.9320    34.3147    26.7457 1.7094e-01     0.3080      1.260    1481.45     82.316     5.4653  10.731642  0.000e+00
      5.179     7.9309    34.3156    26.7465 1.7094e-01     0.3093      1.260    1481.45     82.306     5.4648  10.731642  0.000e+00
      5.190     7.9298    34.3163    26.7473 1.7094e-01     0.3093      1.253    1481.45     82.297     5.4643  10.731643  0.000e+00
      5.211     7.9290    34.3154    26.7467 1.7094e-01     0.3093      1.242    1481.44     82.289     5.4639  10.731643  0.000e+00
      5.226     7.9291    34.3143    26.7458 1.7094e-01     0.3080      1.223    1481.44     82.281     5.4634  10.731644  0.000e+00
