RAWDATA/20190107/KF1_20190110_down.cnv
* Sea-Bird SBE 9 Data File:
* FileName = C:\CTD Brukere\NIVA\OKOKYST2019\20190107\KF1_20190110.hex
* Software Version Seasave V 7.23.2
* Temperature SN = 5352
* Conductivity SN = 3840
* Number of Bytes Per Scan = 28
* Number of Voltage Words = 4
* Number of Scans Averaged by the Deck Unit = 1
* NMEA baud rate = 4800
** Ship: R/V Trygve Braarud
** Cruise:
** Station:
** Operator:
# nquan = 12
# nvalues = 1119                                  
# units = specified
# name 0 = depSM: Depth [salt water, m], lat = 59.60
# name 1 = t090C: Temperature [ITS-90, deg C]
# name 2 = sal00: Salinity, Practical [PSU]
# name 3 = sigma-t00: Density [sigma-t, kg/m^3 ]
# name 4 = flSP: Fluorescence, Seapoint
# name 5 = wetStar: Fluorescence, WET Labs WETstar [mg/m^3]
# name 6 = seaTurbMtr: Turbidity, Seapoint [FTU]
# name 7 = svCM: Sound Velocity [Chen-Millero, m/s]
# name 8 = sbeox0PS: Oxygen, SBE 43 [% saturation]
# name 9 = sbeox0ML/L: Oxygen, SBE 43 [ml/l]
# name 10 = timeJ: Julian Days
# name 11 = flag:  0.000e+00
# span 0 =      0.665,     13.115                 
# span 1 =     7.8250,     7.9741                 
# span 2 =    34.2830,    34.3304                 
# span 3 =    26.7147,    26.7738                 
# span 4 = 1.5873e-01, 2.4420e-01                 
# span 5 =     0.2983,     0.3166                 
# span 6 =      1.048,      1.802                 
# span 7 =    1481.20,    1481.65                 
# span 8 =     75.686,     86.393                 
# span 9 =     5.0220,     5.7317                 
# span 10 =  10.731354,  10.731893                
# span 11 = 0.0000e+00, 0.0000e+00                
# interval = seconds: 0.0416667
# start_time = Jan 10 2019 17:33:09 [System UpLoad Time]
# bad_flag = -9.990e-29
*END*
[from data line 1083]
     13.003     7.8253    34.3295    26.7731 1.8315e-01     0.3154      1.641    1481.20     83.186     5.5358  10.731876  0.000e+00
     13.014     7.8250    34.3290    26.7727 1.7094e-01     0.3154      1.674    1481.20     83.242     5.5396  10.731877  0.000e+00
     13.038     7.8251    34.3290    26.7727 1.8315e-01     0.3154      1.703    1481.20     83.182     5.5356  10.731877  0.000e+00
     13.050     7.8253    34.3295    26.7730 1.7094e-01     0.3154      1.700    1481.20     83.176     5.5352  10.731878  0.000e+00
     13.074     7.8253    34.3301    26.7735 1.7094e-01     0.3166      1.667    1481.20     83.240     5.5394  10.731878  0.000e+00
     13.061     7.8256    34.3297    26.7732 1.7094e-01     0.3129      1.656    1481.20     83.180     5.5354  10.731879  0.000e+00
     13.038     7.8252    34.3304    26.7738 1.7094e-01     0.3129      1.681    1481.20     83.235     5.5391  10.731879  0.000e+00
     13.025     7.8253    34.3303    26.7737 1.7094e-01     0.3154      1.674    1481.20     83.175     5.5351  10.731880  0.000e+00
     13.038     7.8263    34.3293    26.7728 1.7094e-01     0.3166      1.641    1481.20     83.169     5.5346  10.731880  0.000e+00
     13.050     7.8264    34.3295    26.7729 1.7094e-01     0.3141      1.604    1481.20     83.232     5.5388  10.731881  0.000e+00
     13.050     7.8268    34.3287    26.7722 1.7094e-01     0.3117      1.568    1481.20     83.172     5.5348  10.731881  0.000e+00
     13.061     7.8264    34.3289    26.7724 1.7094e-01     0.3117      1.553    1481.20     83.235     5.5390  10.731882  0.000e+00
     13.061     7.8266    34.3290    26.7724 1.7094e-01     0.3105      1.553    1481.20     83.236     5.5390  10.731882  0.000e+00
     13.055     7.8263    34.3290    26.7726 1.7094e-01     0.3105      1.549    1481.20     83.237     5.5391  10.731883  0.000e+00
     13.038     7.8266    34.3286    26.7722 1.7094e-01     0.3093      1.546    1481.20     83.245     5.5396  10.731883  0.000e+00
     13.050     7.8268    34.3285    26.7720 1.5873e-01     0.3105      1.549    1481.20     83.246     5.5397  10.731884  0.000e+00
     13.050     7.8260    34.3281    26.7718 1.7094e-01     0.3080      1.553    1481.20     83.253     5.5403  10.731884  0.000e+00
     13.061     7.8256    34.3282    26.7719 1.8315e-01     0.3117      1.571    1481.20     83.261     5.5409  10.731885  0.000e+00
     13.061     7.8253    34.3287    26.7724 1.7094e-01     0.3117      1.579    1481.20     83.262     5.5409  10.731885  0.000e+00
     13.061     7.8253    34.3286    26.7724 1.7094e-01     0.3117      1.575    1481.20     83.269     5.5414  10.731886  0.000e+00
     13.061     7.8259    34.3287    26.7723 1.8315e-01     0.3093      1.560    1481.20     83.277     5.5418  10.731886  0.000e+00
     13.050     7.8261    34.3290    26.7725 1.9536e-01     0.3105      1.560    1481.20     83.277     5.5418  10.731887  0.000e+00
     13.050     7.8272    34.3288    26.7723 1.9536e-01     0.3117      1.571    1481.21     83.276     5.5416  10.731887  0.000e+00
     13.074     7.8280    34.3288    26.7721 1.8315e-01     0.3129      1.568    1481.21     83.283     5.5420  10.731888  0.000e+00
     13.061     7.8282    34.3290    26.7722 1.8315e-01     0.3117      1.557    1481.21     83.290     5.5424  10.731888  0.000e+00
     13.085     7.8284    34.3296    26.7726 1.7094e-01     0.3105      1.535    1481.21     83.297     5.5429  10.731889  0.000e+00
     13.074     7.8293    34.3294    26.7724 1.7094e-01     0.3117      1.516    1481.21     83.365     5.5473  10.731889  0.000e+00
     13.074     7.8306    34.3295    26.7722 1.5873e-01     0.3129      1.520    1481.22     83.310     5.5434  10.731889  0.000e+00
     13.061     7.8313    34.3288    26.7717 1.7094e-01     0.3105      1.527    1481.22     83.309     5.5433  10.731890  0.000e+00
     13.085     7.8306    34.3287    26.7716 1.7094e-01     0.3093      1.524    1481.22     83.315     5.5438  10.731890  0.000e+00
     13.074     7.8299    34.3286    26.7716 1.7094e-01     0.3093      1.524    1481.22     83.321     5.5443  10.731891  0.000e+00
     13.085     7.8293    34.3280    26.7713 1.7094e-01     0.3093      1.535    1481.21     83.320     5.5443  10.731891  0.000e+00
     13.085     7.8284    34.3283    26.7717 1.7094e-01     0.3117      1.538    1481.21     83.379     5.5484  10.731892  0.000e+00
     13.085     7.8271    34.3287    26.7722 1.7094e-01     0.3105      1.557    1481.21     83.323     5.5448  10.731892  0.000e+00
     13.050     7.8266    34.3286    26.7721 1.7094e-01     0.3105      1.608    1481.20     83.320     5.5446  10.731893  0.000e+00
     13.115     7.8264    34.3287    26.7723 1.7094e-01     0.3093      1.626    1481.20     83.325     5.5450  10.731893  0.000e+00
