RAWDATA/20190107/KF1_20190110_down.cnv
* Sea-Bird SBE 9 Data File:
* FileName = C:\CTD Brukere\NIVA\OKOKYST2019\20190107\KF1_20190110.hex
* Software Version Seasave V 7.23.2
* Temperature SN = 5352
* Conductivity SN = 3840
* Number of Bytes Per Scan = 28
* Number of Voltage Words = 4
* Number of Scans Averaged by the Deck Unit = 1
* NMEA baud rate = 4800
** Ship: R/V Trygve Braarud
** Cruise:
** Station:
** Operator:
# nquan = 12
# nvalues = 1119                                  
# units = specified
# name 0 = depSM: Depth [salt water, m], lat = 59.60
# name 1 = t090C: Temperature [ITS-90, deg C]
# name 2 = sal00: Salinity, Practical [PSU]
# name 3 = sigma-t00: Density [sigma-t, kg/m^3 ]
# name 4 = flSP: Fluorescence, Seapoint
# name 5 = wetStar: Fluorescence, WET Labs WETstar [mg/m^3]
# name 6 = seaTurbMtr: Turbidity, Seapoint [FTU]
# name 7 = svCM: Sound Velocity [Chen-Millero, m/s]
# name 8 = sbeox0PS: Oxygen, SBE 43 [% saturation]
# name 9 = sbeox0ML/L: Oxygen, SBE 43 [ml/l]
# name 10 = timeJ: Julian Days
# name 11 = flag:  0.000e+00
# span 0 =      0.665,     13.115                 
# span 1 =     7.8250,     7.9741                 
# span 2 =    34.2830,    34.3304                 
# span 3 =    26.7147,    26.7738                 
# span 4 = 1.5873e-01, 2.4420e-01                 
# span 5 =     0.2983,     0.3166                 
# span 6 =      1.048,      1.802                 
# span 7 =    1481.20,    1481.65                 
# span 8 =     75.686,     86.393                 
# span 9 =     5.0220,     5.7317                 
# span 10 =  10.731354,  10.731893                
# span 11 = 0.0000e+00, 0.0000e+00                
# interval = seconds: 0.0416667
# start_time = Jan 10 2019 17:33:09 [System UpLoad Time]
# bad_flag = -9.990e-29
*END*
[from data line 241]
      0.689     7.9735    34.3101    26.7360 1.7094e-01     0.3056      1.249    1481.53     81.951     5.4361  10.731470  0.000e+00
      0.687     7.9738    34.3106    26.7363 1.7094e-01     0.3056      1.198    1481.53     81.944     5.4356  10.731471  0.000e+00
      0.689     7.9733    34.3107    26.7365 1.7094e-01     0.3068      1.165    1481.53     81.936     5.4351  10.731471  0.000e+00
      0.689     7.9720    34.3116    26.7373 1.7094e-01     0.3056      1.143    1481.53     81.933     5.4351  10.731472  0.000e+00
      0.689     7.9707    34.3118    26.7376 1.7094e-01     0.3056      1.125    1481.52     81.930     5.4351  10.731472  0.000e+00
      0.689     7.9698    34.3115    26.7376 1.7094e-01     0.3056      1.128    1481.52     81.918     5.4344  10.731473  0.000e+00
      0.687     7.9690    34.3116    26.7377 1.5873e-01     0.3068      1.143    1481.52     81.912     5.4341  10.731473  0.000e+00
      0.702     7.9690    34.3106    26.7370 1.8315e-01     0.3080      1.143    1481.51     81.904     5.4336  10.731474  0.000e+00
      0.689     7.9690    34.3111    26.7374 1.8315e-01     0.3044      1.132    1481.52     81.896     5.4330  10.731474  0.000e+00
      0.702     7.9698    34.3109    26.7371 1.7094e-01     0.3019      1.117    1481.52     81.886     5.4323  10.731475  0.000e+00
      0.702     7.9706    34.3107    26.7368 1.7094e-01     0.3044      1.110    1481.52     81.875     5.4315  10.731475  0.000e+00
      0.700     7.9713    34.3107    26.7367 1.5873e-01     0.3080      1.110    1481.52     81.870     5.4310  10.731476  0.000e+00
      0.713     7.9717    34.3107    26.7367 1.7094e-01     0.3044      1.114    1481.53     81.857     5.4301  10.731476  0.000e+00
      0.713     7.9725    34.3110    26.7368 1.5873e-01     0.3044      1.150    1481.53     81.904     5.4331  10.731477  0.000e+00
      0.713     7.9732    34.3105    26.7363 1.5873e-01     0.3068      1.227    1481.53     81.842     5.4289  10.731477  0.000e+00
      0.725     7.9736    34.3107    26.7364 1.7094e-01     0.3056      1.271    1481.53     81.832     5.4283  10.731478  0.000e+00
      0.725     7.9738    34.3108    26.7364 1.5873e-01     0.3056      1.245    1481.53     81.822     5.4276  10.731478  0.000e+00
      0.737     7.9736    34.3110    26.7366 1.5873e-01     0.3056      1.212    1481.53     81.873     5.4309  10.731479  0.000e+00
      0.737     7.9730    34.3121    26.7376 1.5873e-01     0.3044      1.190    1481.53     81.868     5.4306  10.731479  0.000e+00
      0.749     7.9727    34.3107    26.7365 1.5873e-01     0.3044      1.183    1481.53     81.800     5.4262  10.731480  0.000e+00
      0.749     7.9723    34.3116    26.7372 1.5873e-01     0.3032      1.183    1481.53     81.786     5.4253  10.731480  0.000e+00
      0.725     7.9725    34.3112    26.7370 1.5873e-01     0.3032      1.161    1481.53     81.839     5.4289  10.731481  0.000e+00
      0.784     7.9729    34.3104    26.7363 1.7094e-01     0.3044      1.147    1481.53     81.839     5.4288  10.731481  0.000e+00
      0.749     7.9723    34.3114    26.7371 1.7094e-01     0.3056      1.143    1481.53     81.775     5.4246  10.731481  0.000e+00
      0.760     7.9717    34.3111    26.7370 1.9536e-01     0.3056      1.136    1481.53     81.826     5.4281  10.731482  0.000e+00
      0.773     7.9720    34.3104    26.7364 1.8315e-01     0.3056      1.132    1481.53     81.822     5.4278  10.731482  0.000e+00
      0.773     7.9722    34.3106    26.7365 1.7094e-01     0.3044      1.136    1481.53     81.817     5.4275  10.731483  0.000e+00
      0.771     7.9729    34.3100    26.7360 1.7094e-01     0.3068      1.136    1481.53     81.819     5.4275  10.731483  0.000e+00
      0.784     7.9730    34.3109    26.7366 1.7094e-01     0.3044      1.132    1481.53     81.820     5.4275  10.731484  0.000e+00
      0.773     7.9731    34.3111    26.7368 1.7094e-01     0.3068      1.132    1481.53     81.813     5.4271  10.731484  0.000e+00
      0.773     7.9737    34.3106    26.7363 1.7094e-01     0.3056      1.139    1481.53     81.813     5.4270  10.731485  0.000e+00
      0.784     7.9735    34.3107    26.7364 1.7094e-01     0.3068      1.150    1481.53     81.812     5.4270  10.731485  0.000e+00
      0.783     7.9736    34.3101    26.7359 1.7094e-01     0.3044      1.216    1481.53     81.811     5.4269  10.731486  0.000e+00
      0.784     7.9737    34.3103    26.7361 1.5873e-01     0.3044      1.293    1481.53     81.809     5.4267  10.731486  0.000e+00
      0.784     7.9736    34.3106    26.7363 1.5873e-01     0.3032      1.275    1481.53     81.867     5.4306  10.731487  0.000e+00
      0.784     7.9732    34.3108    26.7365 1.5873e-01     0.3032      1.231    1481.53     81.810     5.4268  10.731487  0.000e+00
      0.760     7.9730    34.3111    26.7368 1.5873e-01     0.3044      1.205    1481.53     81.805     5.4265  10.731488  0.000e+00
      0.783     7.9730    34.3110    26.7367 1.7094e-01     0.3019      1.234    1481.53     81.862     5.4303  10.731488  0.000e+00
      0.773     7.9730    34.3111    26.7368 1.5873e-01     0.3007      1.242    1481.53     81.863     5.4304  10.731489  0.000e+00
      0.773     7.9731    34.3108    26.7366 1.5873e-01     0.3019      1.216    1481.53     81.871     5.4309  10.731489  0.000e+00
      0.773     7.9731    34.3105    26.7363 1.5873e-01     0.3056      1.183    1481.53     81.818     5.4274  10.731490  0.000e+00
      0.760     7.9729    34.3107    26.7365 1.5873e-01     0.3032      1.223    1481.53     81.871     5.4309  10.731490  0.000e+00
      0.760     7.9730    34.3106    26.7364 1.5873e-01     0.3056      1.363    1481.53     81.870     5.4309  10.731491  0.000e+00
      0.771     7.9725    34.3115    26.7372 1.5873e-01     0.3068      1.396    1481.53     81.876     5.4312  10.731491  0.000e+00
      0.749     7.9722    34.3115    26.7372 1.5873e-01     0.3044      1.355    1481.53     81.880     5.4316  10.731492  0.000e+00
      0.760     7.9723    34.3107    26.7366 1.5873e-01     0.3056      1.363    1481.53     81.884     5.4319  10.731492  0.000e+00
      0.749     7.9721    34.3115    26.7373 1.5873e-01     0.3019      1.443    1481.53     81.888     5.4321  10.731493  0.000e+00
      0.749     7.9720    34.3113    26.7371 1.5873e-01     0.3007      1.575    1481.53     81.891     5.4323  10.731493  0.000e+00
      0.747     7.9719    34.3111    26.7369 1.5873e-01     0.3007      1.630    1481.53     81.955     5.4366  10.731494  0.000e+00
      0.737     7.9714    34.3116    26.7375 1.5873e-01     0.3019      1.579    1481.53     81.963     5.4372  10.731494  0.000e+00
      0.725     7.9712    34.3117    26.7375 1.5873e-01     0.3032      1.549    1481.53     81.971     5.4377  10.731495  0.000e+00
      0.737     7.9714    34.3117    26.7375 1.5873e-01     0.3044      1.516    1481.53     81.978     5.4381  10.731495  0.000e+00
      0.725     7.9713    34.3117    26.7375 1.5873e-01     0.3056      1.491    1481.53     81.983     5.4385  10.731495  0.000e+00
      0.725     7.9717    34.3114    26.7372 1.5873e-01     0.3056      1.469    1481.53     81.988     5.4388  10.731496  0.000e+00
      0.737     7.9711    34.3125    26.7382 1.7094e-01     0.3068      1.443    1481.53     81.993     5.4391  10.731496  0.000e+00
      0.713     7.9709    34.3119    26.7378 1.7094e-01     0.3056      1.370    1481.52     81.996     5.4394  10.731497  0.000e+00
      0.737     7.9704    34.3123    26.7381 1.7094e-01     0.3056      1.304    1481.52     81.999     5.4396  10.731497  0.000e+00
      0.713     7.9706    34.3122    26.7380 1.7094e-01     0.3056      1.322    1481.52     82.000     5.4397  10.731498  0.000e+00
      0.725     7.9706    34.3125    26.7382 1.5873e-01     0.3032      1.385    1481.52     82.062     5.4438  10.731498  0.000e+00
      0.737     7.9706    34.3131    26.7387 1.5873e-01     0.3032      1.425    1481.52     82.068     5.4442  10.731499  0.000e+00
      0.737     7.9706    34.3132    26.7388 1.7094e-01     0.3032      1.502    1481.53     82.074     5.4445  10.731499  0.000e+00
      0.725     7.9706    34.3133    26.7389 1.7094e-01     0.3044      1.531    1481.52     82.078     5.4448  10.731500  0.000e+00
      0.749     7.9706    34.3137    26.7392 1.7094e-01     0.3032      1.656    1481.53     82.088     5.4455  10.731500  0.000e+00
      0.736     7.9709    34.3136    26.7391 1.7094e-01     0.3032      1.799    1481.53     82.090     5.4456  10.731501  0.000e+00
      0.749     7.9710    34.3135    26.7390 1.7094e-01     0.3056      1.711    1481.53     82.091     5.4457  10.731501  0.000e+00
      0.749     7.9706    34.3142    26.7395 1.7094e-01     0.3068      1.557    1481.53     82.091     5.4457  10.731502  0.000e+00
      0.760     7.9710    34.3141    26.7394 1.7094e-01     0.3080      1.520    1481.53     82.158     5.4501  10.731502  0.000e+00
      0.760     7.9710    34.3154    26.7405 1.7094e-01     0.3093      1.498    1481.53     82.109     5.4468  10.731503  0.000e+00
      0.725     7.9708    34.3162    26.7411 1.7094e-01     0.3105      1.484    1481.53     82.105     5.4465  10.731503  0.000e+00
      0.809     7.9709    34.3160    26.7410 1.5873e-01     0.3105      1.586    1481.53     82.101     5.4462  10.731504  0.000e+00
      0.760     7.9712    34.3162    26.7411 1.5873e-01     0.3117      1.766    1481.53     82.102     5.4463  10.731504  0.000e+00
      0.784     7.9713    34.3166    26.7413 1.5873e-01     0.3080      1.788    1481.53     82.103     5.4463  10.731505  0.000e+00
      0.784     7.9719    34.3166    26.7413 1.5873e-01     0.3080      1.689    1481.53     82.095     5.4457  10.731505  0.000e+00
      0.784     7.9730    34.3162    26.7408 1.7094e-01     0.3080      1.546    1481.54     82.094     5.4455  10.731506  0.000e+00
      0.783     7.9738    34.3161    26.7406 1.5873e-01     0.3056      1.403    1481.54     82.091     5.4452  10.731506  0.000e+00
      0.796     7.9739    34.3163    26.7408 1.5873e-01     0.3056      1.297    1481.54     82.088     5.4450  10.731507  0.000e+00
      0.784     7.9740    34.3159    26.7404 1.5873e-01     0.3032      1.231    1481.54     82.084     5.4447  10.731507  0.000e+00
      0.809     7.9738    34.3156    26.7402 1.5873e-01     0.3019      1.231    1481.54     82.079     5.4444  10.731508  0.000e+00
      0.784     7.9736    34.3157    26.7403 1.5873e-01     0.3019      1.260    1481.54     82.073     5.4440  10.731508  0.000e+00
      0.796     7.9737    34.3157    26.7403 1.7094e-01     0.3019      1.264    1481.54     82.066     5.4436  10.731508  0.000e+00
      0.809     7.9733    34.3160    26.7406 1.5873e-01     0.3019      1.253    1481.54     81.997     5.4390  10.731509  0.000e+00
      0.796     7.9735    34.3153    26.7400 1.7094e-01     0.3056      1.253    1481.54     81.982     5.4380  10.731509  0.000e+00
      0.796     7.9730    34.3154    26.7401 1.7094e-01     0.3044      1.242    1481.54     81.966     5.4370  10.731510  0.000e+00
      0.796     7.9730    34.3158    26.7405 1.7094e-01     0.3044      1.209    1481.54     81.956     5.4364  10.731510  0.000e+00
      0.783     7.9730    34.3155    26.7402 1.7094e-01     0.3032      1.183    1481.54     81.939     5.4353  10.731511  0.000e+00
      0.820     7.9730    34.3153    26.7401 1.5873e-01     0.3044      1.187    1481.54     81.922     5.4341  10.731511  0.000e+00
      0.796     7.9731    34.3152    26.7400 1.5873e-01     0.3068      1.242    1481.54     81.911     5.4334  10.731512  0.000e+00
      0.784     7.9732    34.3152    26.7400 1.5873e-01     0.3056      1.330    1481.54     81.900     5.4327  10.731512  0.000e+00
      0.796     7.9731    34.3152    26.7400 1.5873e-01     0.3068      1.429    1481.54     81.889     5.4319  10.731513  0.000e+00
      0.784     7.9730    34.3154    26.7401 1.5873e-01     0.3080      1.509    1481.54     81.870     5.4307  10.731513  0.000e+00
      0.771     7.9729    34.3155    26.7402 1.7094e-01     0.3044      1.473    1481.54     81.796     5.4258  10.731514  0.000e+00
      0.784     7.9731    34.3152    26.7400 1.7094e-01     0.3044      1.366    1481.54     81.838     5.4286  10.731514  0.000e+00
      0.784     7.9728    34.3157    26.7404 1.5873e-01     0.3044      1.275    1481.54     81.826     5.4278  10.731515  0.000e+00
      0.760     7.9729    34.3155    26.7403 1.5873e-01     0.3068      1.223    1481.54     81.813     5.4269  10.731515  0.000e+00
      0.760     7.9727    34.3159    26.7406 1.5873e-01     0.3093      1.205    1481.54     81.800     5.4260  10.731516  0.000e+00
      0.771     7.9729    34.3153    26.7401 1.5873e-01     0.3080      1.201    1481.54     81.787     5.4252  10.731516  0.000e+00
      0.760     7.9728    34.3156    26.7404 1.5873e-01     0.3080      1.190    1481.54     81.773     5.4242  10.731517  0.000e+00
      0.749     7.9730    34.3157    26.7404 1.5873e-01     0.3093      1.179    1481.54     81.766     5.4238  10.731517  0.000e+00
      0.760     7.9729    34.3158    26.7405 1.7094e-01     0.3080      1.168    1481.54     81.760     5.4234  10.731518  0.000e+00
      0.749     7.9728    34.3161    26.7407 1.7094e-01     0.3080      1.198    1481.54     81.753     5.4229  10.731518  0.000e+00
      0.747     7.9731    34.3156    26.7403 1.5873e-01     0.3068      1.249    1481.54     81.747     5.4225  10.731519  0.000e+00
      0.749     7.9733    34.3161    26.7407 1.5873e-01     0.3068      1.245    1481.54     81.740     5.4220  10.731519  0.000e+00
      0.749     7.9739    34.3152    26.7399 1.5873e-01     0.3044      1.216    1481.54     81.734     5.4215  10.731520  0.000e+00
      0.737     7.9738    34.3161    26.7406 1.5873e-01     0.3044      1.179    1481.54     81.727     5.4211  10.731520  0.000e+00
      0.749     7.9738    34.3163    26.7407 1.7094e-01     0.3044      1.147    1481.54     81.782     5.4247  10.731521  0.000e+00
      0.725     7.9739    34.3164    26.7408 1.7094e-01     0.3056      1.136    1481.54     81.720     5.4206  10.731521  0.000e+00
      0.796     7.9740    34.3159    26.7404 1.7094e-01     0.3056      1.179    1481.54     81.776     5.4243  10.731522  0.000e+00
      0.737     7.9741    34.3158    26.7404 1.7094e-01     0.3068      1.216    1481.54     81.782     5.4247  10.731522  0.000e+00
      0.760     7.9741    34.3162    26.7406 1.7094e-01     0.3117      1.212    1481.54     81.790     5.4252  10.731522  0.000e+00
      0.760     7.9738    34.3163    26.7408 1.7094e-01     0.3129      1.238    1481.54     81.798     5.4257  10.731523  0.000e+00
      0.749     7.9738    34.3165    26.7409 1.7094e-01     0.3093      1.293    1481.54     81.805     5.4262  10.731523  0.000e+00
      0.771     7.9738    34.3164    26.7408 1.7094e-01     0.3093      1.333    1481.54     81.874     5.4308  10.731524  0.000e+00
      0.760     7.9735    34.3166    26.7410 1.7094e-01     0.3080      1.322    1481.54     81.827     5.4277  10.731524  0.000e+00
      0.760     7.9736    34.3167    26.7411 1.7094e-01     0.3080      1.264    1481.54     81.895     5.4322  10.731525  0.000e+00
      0.784     7.9730    34.3168    26.7413 1.7094e-01     0.3068      1.201    1481.54     81.909     5.4332  10.731525  0.000e+00
      0.773     7.9723    34.3168    26.7414 1.5873e-01     0.3056      1.154    1481.54     81.930     5.4347  10.731526  0.000e+00
      0.783     7.9719    34.3168    26.7415 1.5873e-01     0.3032      1.121    1481.53     81.944     5.4357  10.731526  0.000e+00
      0.796     7.9717    34.3164    26.7411 1.5873e-01     0.3032      1.095    1481.53     81.958     5.4366  10.731527  0.000e+00
      0.796     7.9710    34.3169    26.7417 1.7094e-01     0.3032      1.081    1481.53     81.971     5.4375  10.731527  0.000e+00
