RAWDATA/20190107/MO2_20190107.cnv
* Sea-Bird SBE 9 Data File:
* FileName = C:\CTD Brukere\NIVA\OKOKYST2019\20190107\MO2_20190107.hex
* Software Version Seasave V 7.23.2
* Temperature SN = 5352
* Conductivity SN = 3840
* Number of Bytes Per Scan = 28
* Number of Voltage Words = 4
* Number of Scans Averaged by the Deck Unit = 1
* NMEA baud rate = 4800
** Ship: R/V Trygve Braarud
** Cruise:
** Station:
** Operator:
# nquan = 12
# nvalues = 5198                                  
# units = specified
# name 0 = depSM: Depth [salt water, m], lat = 59.60
# name 1 = potemp090C: Potential Temperature [ITS-90, deg C]
# name 2 = sal00: Salinity, Practical [PSU]
# name 3 = sigma-t00: Density [sigma-t, kg/m^3 ]
# name 4 = flSP: Fluorescence, Seapoint
# name 5 = wetStar: Fluorescence, WET Labs WETstar [mg/m^3]
# name 6 = seaTurbMtr: Turbidity, Seapoint [FTU]
# name 7 = svCM: Sound Velocity [Chen-Millero, m/s]
# name 8 = sbeox0PS: Oxygen, SBE 43 [% saturation]
# name 9 = sbeox0ML/L: Oxygen, SBE 43 [ml/l]
# name 10 = timeJ: Julian Days
# name 11 = flag:  0.000e+00
# span 0 =      0.081,     95.280                 
# span 1 =     3.4799,     9.4056                 
# span 2 =    24.7752,    34.5833                 
# span 3 =    19.7009,    26.7524                 
# span 4 = 1.3431e-01, 7.0818e-01                 
# span 5 =    -0.0120,     0.8097                 
# span 6 =      0.531,      1.282                 
# span 7 =    1451.26,    1488.17                 
# span 8 =     69.720,     88.545                 
# span 9 =     4.5231,     6.8124                 
# span 10 =   7.478970,   7.481476                
# span 11 = 0.0000e+00, 0.0000e+00                
# interval = seconds: 0.0416667
# start_time = Jan 07 2019 11:29:43 [System UpLoad Time]
# bad_flag = -9.990e-29
*END*
[from data line 3489]
     68.682     9.2419    34.5649    26.7371 1.4652e-01    -0.0120      0.670    1487.72     73.922     4.7584   7.480652  0.000e+00
     68.718     9.2420    34.5648    26.7370 1.4652e-01    -0.0120      0.656    1487.72     73.922     4.7584   7.480653  0.000e+00
     68.753     9.2420    34.5650    26.7372 1.4652e-01    -0.0120      0.637    1487.72     73.923     4.7585   7.480653  0.000e+00
     68.753     9.2419    34.5650    26.7372 1.4652e-01    -0.0120      0.626    1487.72     73.923     4.7585   7.480654  0.000e+00
     68.802     9.2418    34.5651    26.7374 1.4652e-01    -0.0120      0.634    1487.72     73.923     4.7585   7.480654  0.000e+00
     68.802     9.2420    34.5651    26.7373 1.4652e-01    -0.0120      0.641    1487.72     73.923     4.7585   7.480655  0.000e+00
     68.849     9.2423    34.5653    26.7374 1.4652e-01    -0.0120      0.634    1487.73     73.924     4.7585   7.480655  0.000e+00
     68.849     9.2425    34.5657    26.7377 1.4652e-01    -0.0120      0.626    1487.73     73.924     4.7584   7.480656  0.000e+00
     68.887     9.2430    34.5655    26.7374 1.4652e-01    -0.0120      0.619    1487.73     73.985     4.7624   7.480656  0.000e+00
     68.910     9.2433    34.5656    26.7375 1.4652e-01    -0.0120      0.615    1487.73     73.992     4.7628   7.480657  0.000e+00
     68.934     9.2435    34.5656    26.7375 1.4652e-01    -0.0108      0.604    1487.73     73.999     4.7632   7.480657  0.000e+00
     68.958     9.2436    34.5656    26.7374 1.4652e-01    -0.0096      0.601    1487.73     74.005     4.7636   7.480658  0.000e+00
     68.994     9.2436    34.5651    26.7370 1.4652e-01    -0.0096      0.608    1487.73     73.950     4.7600   7.480658  0.000e+00
     68.994     9.2436    34.5654    26.7373 1.4652e-01    -0.0096      0.630    1487.73     74.010     4.7639   7.480659  0.000e+00
     69.043     9.2440    34.5650    26.7369 1.4652e-01    -0.0108      0.656    1487.73     74.016     4.7642   7.480659  0.000e+00
     69.079     9.2436    34.5654    26.7373 1.4652e-01    -0.0120      0.667    1487.73     74.021     4.7646   7.480660  0.000e+00
     69.068     9.2441    34.5652    26.7371 1.4652e-01    -0.0120      0.667    1487.74     74.026     4.7649   7.480660  0.000e+00
     69.116     9.2440    34.5653    26.7371 1.4652e-01    -0.0120      0.656    1487.74     74.031     4.7652   7.480661  0.000e+00
     69.139     9.2439    34.5652    26.7370 1.4652e-01    -0.0120      0.645    1487.74     74.036     4.7655   7.480661  0.000e+00
     69.152     9.2440    34.5647    26.7367 1.4652e-01    -0.0120      0.634    1487.74     74.040     4.7658   7.480662  0.000e+00
     69.188     9.2439    34.5650    26.7369 1.4652e-01    -0.0120      0.630    1487.74     74.044     4.7660   7.480662  0.000e+00
     69.212     9.2435    34.5653    26.7372 1.4652e-01    -0.0120      0.630    1487.74     73.986     4.7624   7.480663  0.000e+00
     69.248     9.2436    34.5652    26.7371 1.4652e-01    -0.0120      0.630    1487.74     74.044     4.7661   7.480663  0.000e+00
     69.248     9.2438    34.5652    26.7371 1.4652e-01    -0.0120      0.630    1487.74     74.047     4.7663   7.480664  0.000e+00
     69.284     9.2436    34.5658    26.7376 1.4652e-01    -0.0120      0.623    1487.74     73.989     4.7625   7.480664  0.000e+00
     69.308     9.2439    34.5662    26.7378 1.4652e-01    -0.0120      0.619    1487.74     73.985     4.7622   7.480665  0.000e+00
     69.333     9.2449    34.5660    26.7375 1.4652e-01    -0.0120      0.630    1487.74     73.982     4.7619   7.480665  0.000e+00
     69.344     9.2449    34.5660    26.7375 1.4652e-01    -0.0120      0.663    1487.74     73.978     4.7617   7.480666  0.000e+00
     69.393     9.2452    34.5660    26.7375 1.4652e-01    -0.0120      0.681    1487.75     73.974     4.7614   7.480666  0.000e+00
     69.417     9.2453    34.5661    26.7376 1.4652e-01    -0.0108      0.678    1487.75     73.970     4.7611   7.480666  0.000e+00
     69.429     9.2455    34.5657    26.7372 1.4652e-01    -0.0096      0.667    1487.75     73.967     4.7609   7.480667  0.000e+00
     69.465     9.2452    34.5652    26.7369 1.4652e-01    -0.0108      0.652    1487.75     73.963     4.7607   7.480667  0.000e+00
     69.489     9.2450    34.5654    26.7370 1.3431e-01    -0.0083      0.641    1487.75     73.959     4.7605   7.480668  0.000e+00
     69.502     9.2449    34.5656    26.7372 1.4652e-01    -0.0083      0.630    1487.75     73.955     4.7602   7.480668  0.000e+00
     69.525     9.2447    34.5660    26.7376 1.4652e-01    -0.0083      0.619    1487.75     73.951     4.7600   7.480669  0.000e+00
     69.549     9.2445    34.5663    26.7378 1.4652e-01    -0.0120      0.615    1487.75     73.948     4.7597   7.480669  0.000e+00
     69.574     9.2449    34.5660    26.7376 1.4652e-01    -0.0120      0.612    1487.75     73.882     4.7555   7.480670  0.000e+00
     69.610     9.2447    34.5660    26.7376 1.4652e-01    -0.0120      0.612    1487.75     73.872     4.7549   7.480670  0.000e+00
     69.610     9.2447    34.5662    26.7377 1.4652e-01    -0.0120      0.612    1487.75     73.862     4.7542   7.480671  0.000e+00
     69.645     9.2450    34.5660    26.7375 1.4652e-01    -0.0108      0.612    1487.75     73.852     4.7536   7.480671  0.000e+00
     69.694     9.2449    34.5668    26.7381 1.4652e-01    -0.0096      0.615    1487.75     73.843     4.7530   7.480672  0.000e+00
     69.694     9.2452    34.5667    26.7380 1.4652e-01    -0.0108      0.656    1487.75     73.834     4.7523   7.480672  0.000e+00
     69.719     9.2452    34.5665    26.7379 1.4652e-01    -0.0120      0.689    1487.75     73.825     4.7517   7.480673  0.000e+00
     69.756     9.2455    34.5670    26.7382 1.4652e-01    -0.0120      0.689    1487.75     73.816     4.7511   7.480673  0.000e+00
     69.779     9.2461    34.5672    26.7383 1.4652e-01    -0.0120      0.670    1487.76     73.808     4.7505   7.480674  0.000e+00
     69.790     9.2463    34.5669    26.7380 1.4652e-01    -0.0120      0.652    1487.76     73.800     4.7500   7.480674  0.000e+00
     69.815     9.2464    34.5668    26.7379 1.4652e-01    -0.0120      0.645    1487.76     73.792     4.7495   7.480675  0.000e+00
     69.852     9.2466    34.5672    26.7382 1.4652e-01    -0.0120      0.641    1487.76     73.723     4.7450   7.480675  0.000e+00
     69.839     9.2469    34.5673    26.7382 1.4652e-01    -0.0120      0.637    1487.76     73.709     4.7441   7.480676  0.000e+00
     69.888     9.2469    34.5669    26.7379 1.5873e-01    -0.0120      0.630    1487.76     73.757     4.7472   7.480676  0.000e+00
     69.924     9.2468    34.5670    26.7380 1.5873e-01    -0.0120      0.623    1487.76     73.751     4.7468   7.480677  0.000e+00
     69.937     9.2464    34.5672    26.7382 1.4652e-01    -0.0120      0.623    1487.76     73.684     4.7425   7.480677  0.000e+00
     69.960     9.2463    34.5672    26.7383 1.5873e-01    -0.0120      0.619    1487.76     73.672     4.7418   7.480678  0.000e+00
     69.984     9.2459    34.5672    26.7383 1.4652e-01    -0.0120      0.615    1487.76     73.661     4.7411   7.480678  0.000e+00
     69.995     9.2460    34.5672    26.7383 1.4652e-01    -0.0120      0.612    1487.76     73.649     4.7404   7.480679  0.000e+00
     70.021     9.2458    34.5671    26.7382 1.4652e-01    -0.0108      0.608    1487.76     73.639     4.7397   7.480679  0.000e+00
     70.069     9.2456    34.5670    26.7382 1.4652e-01    -0.0108      0.608    1487.76     73.630     4.7391   7.480679  0.000e+00
     70.080     9.2451    34.5670    26.7383 1.4652e-01    -0.0108      0.615    1487.76     73.627     4.7390   7.480680  0.000e+00
     70.093     9.2449    34.5668    26.7381 1.4652e-01    -0.0120      0.619    1487.76     73.626     4.7390   7.480680  0.000e+00
     70.117     9.2446    34.5666    26.7380 1.4652e-01    -0.0120      0.623    1487.76     73.626     4.7390   7.480681  0.000e+00
     70.165     9.2443    34.5664    26.7379 1.4652e-01    -0.0120      0.615    1487.76     73.627     4.7391   7.480681  0.000e+00
     70.165     9.2437    34.5665    26.7381 1.4652e-01    -0.0120      0.612    1487.75     73.559     4.7348   7.480682  0.000e+00
     70.200     9.2438    34.5662    26.7379 1.4652e-01    -0.0120      0.612    1487.76     73.616     4.7385   7.480682  0.000e+00
     70.214     9.2436    34.5668    26.7383 1.4652e-01    -0.0108      0.608    1487.76     73.558     4.7347   7.480683  0.000e+00
     70.238     9.2435    34.5668    26.7384 1.4652e-01    -0.0108      0.608    1487.76     73.555     4.7346   7.480683  0.000e+00
     70.261     9.2431    34.5673    26.7388 1.4652e-01    -0.0096      0.612    1487.75     73.553     4.7345   7.480684  0.000e+00
     70.310     9.2433    34.5667    26.7383 1.4652e-01    -0.0108      0.619    1487.76     73.553     4.7345   7.480684  0.000e+00
     70.298     9.2431    34.5672    26.7387 1.4652e-01    -0.0120      0.626    1487.76     73.554     4.7345   7.480685  0.000e+00
     70.358     9.2430    34.5671    26.7387 1.4652e-01    -0.0120      0.630    1487.76     73.556     4.7347   7.480685  0.000e+00
     70.358     9.2425    34.5671    26.7387 1.4652e-01    -0.0096      0.626    1487.75     73.498     4.7309   7.480686  0.000e+00
     70.381     9.2426    34.5670    26.7386 1.4652e-01    -0.0096      0.623    1487.75     73.488     4.7303   7.480686  0.000e+00
     70.419     9.2430    34.5668    26.7385 1.4652e-01    -0.0108      0.619    1487.76     73.548     4.7342   7.480687  0.000e+00
     70.419     9.2428    34.5671    26.7387 1.4652e-01    -0.0120      0.619    1487.76     73.555     4.7346   7.480687  0.000e+00
     70.479     9.2430    34.5670    26.7386 1.4652e-01    -0.0120      0.619    1487.76     73.495     4.7307   7.480688  0.000e+00
     70.479     9.2426    34.5674    26.7390 1.4652e-01    -0.0108      0.615    1487.76     73.490     4.7304   7.480688  0.000e+00
     70.515     9.2427    34.5673    26.7389 1.4652e-01    -0.0096      0.615    1487.76     73.486     4.7302   7.480689  0.000e+00
     70.526     9.2428    34.5672    26.7388 1.4652e-01    -0.0096      0.615    1487.76     73.483     4.7300   7.480689  0.000e+00
     70.564     9.2430    34.5673    26.7388 1.4652e-01    -0.0083      0.623    1487.76     73.482     4.7299   7.480690  0.000e+00
     70.586     9.2430    34.5675    26.7390 1.4652e-01    -0.0096      0.630    1487.76     73.481     4.7298   7.480690  0.000e+00
     70.611     9.2431    34.5677    26.7391 1.4652e-01    -0.0108      0.634    1487.76     73.544     4.7338   7.480691  0.000e+00
     70.635     9.2434    34.5672    26.7387 1.4652e-01    -0.0108      0.648    1487.76     73.491     4.7304   7.480691  0.000e+00
     70.660     9.2431    34.5673    26.7389 1.5873e-01    -0.0120      0.652    1487.76     73.494     4.7306   7.480692  0.000e+00
     70.648     9.2432    34.5674    26.7389 1.4652e-01    -0.0120      0.652    1487.76     73.497     4.7308   7.480692  0.000e+00
     70.744     9.2433    34.5674    26.7388 1.4652e-01    -0.0120      0.641    1487.76     73.503     4.7312   7.480693  0.000e+00
     70.731     9.2431    34.5677    26.7391 1.4652e-01    -0.0120      0.634    1487.76     73.509     4.7316   7.480693  0.000e+00
     70.769     9.2434    34.5674    26.7389 1.4652e-01    -0.0120      0.634    1487.76     73.509     4.7316   7.480693  0.000e+00
     70.780     9.2434    34.5671    26.7386 1.4652e-01    -0.0108      0.637    1487.76     73.510     4.7317   7.480694  0.000e+00
     70.804     9.2431    34.5676    26.7390 1.4652e-01    -0.0096      0.641    1487.76     73.451     4.7278   7.480694  0.000e+00
     70.831     9.2436    34.5671    26.7386 1.4652e-01    -0.0108      0.645    1487.77     73.508     4.7315   7.480695  0.000e+00
     70.852     9.2434    34.5676    26.7390 1.4652e-01    -0.0096      0.648    1487.77     73.512     4.7318   7.480695  0.000e+00
     70.876     9.2434    34.5677    26.7391 1.4652e-01    -0.0108      0.648    1487.77     73.517     4.7321   7.480696  0.000e+00
     70.901     9.2438    34.5677    26.7391 1.4652e-01    -0.0120      0.648    1487.77     73.523     4.7324   7.480696  0.000e+00
     70.925     9.2434    34.5686    26.7398 1.4652e-01    -0.0120      0.652    1487.77     73.468     4.7289   7.480697  0.000e+00
     70.936     9.2443    34.5682    26.7393 1.4652e-01    -0.0108      0.656    1487.77     73.468     4.7288   7.480697  0.000e+00
     70.985     9.2442    34.5682    26.7393 1.4652e-01    -0.0108      0.648    1487.77     73.532     4.7329   7.480698  0.000e+00
     71.011     9.2447    34.5680    26.7391 1.4652e-01    -0.0108      0.641    1487.77     73.480     4.7296   7.480698  0.000e+00
     71.021     9.2449    34.5691    26.7399 1.4652e-01    -0.0108      0.634    1487.78     73.477     4.7293   7.480699  0.000e+00
     71.057     9.2460    34.5700    26.7405 1.4652e-01    -0.0120      0.630    1487.78     73.475     4.7290   7.480699  0.000e+00
     71.081     9.2469    34.5703    26.7405 1.4652e-01    -0.0120      0.630    1487.79     73.480     4.7293   7.480700  0.000e+00
     71.106     9.2479    34.5709    26.7409 1.4652e-01    -0.0120      0.634    1487.79     73.487     4.7296   7.480700  0.000e+00
     71.119     9.2487    34.5718    26.7414 1.4652e-01    -0.0120      0.637    1487.80     73.488     4.7295   7.480701  0.000e+00
     71.154     9.2497    34.5713    26.7409 1.4652e-01    -0.0120      0.637    1487.80     73.489     4.7295   7.480701  0.000e+00
     71.181     9.2502    34.5710    26.7405 1.4652e-01    -0.0120      0.641    1487.80     73.553     4.7336   7.480702  0.000e+00
     71.190     9.2501    34.5715    26.7410 1.4652e-01    -0.0120      0.645    1487.80     73.502     4.7303   7.480702  0.000e+00
     71.226     9.2510    34.5711    26.7405 1.4652e-01    -0.0120      0.652    1487.80     73.506     4.7305   7.480703  0.000e+00
     71.251     9.2511    34.5714    26.7407 1.4652e-01    -0.0120      0.652    1487.81     73.572     4.7347   7.480703  0.000e+00
     71.286     9.2513    34.5715    26.7408 1.4652e-01    -0.0120      0.652    1487.81     73.523     4.7315   7.480704  0.000e+00
     71.299     9.2510    34.5714    26.7407 1.4652e-01    -0.0120      0.648    1487.81     73.590     4.7359   7.480704  0.000e+00
     71.324     9.2511    34.5707    26.7402 1.4652e-01    -0.0120      0.645    1487.81     73.543     4.7328   7.480705  0.000e+00
     71.347     9.2511    34.5710    26.7404 1.4652e-01    -0.0120      0.634    1487.81     73.550     4.7333   7.480705  0.000e+00
     71.361     9.2513    34.5710    26.7404 1.5873e-01    -0.0108      0.630    1487.81     73.613     4.7373   7.480706  0.000e+00
     71.407     9.2510    34.5709    26.7403 1.4652e-01    -0.0120      0.623    1487.81     73.629     4.7384   7.480706  0.000e+00
     71.420     9.2513    34.5710    26.7404 1.4652e-01    -0.0120      0.619    1487.81     73.576     4.7350   7.480707  0.000e+00
     71.456     9.2512    34.5709    26.7403 1.4652e-01    -0.0120      0.619    1487.81     73.641     4.7391   7.480707  0.000e+00
     71.469     9.2514    34.5710    26.7403 1.4652e-01    -0.0120      0.626    1487.81     73.651     4.7397   7.480707  0.000e+00
     71.505     9.2516    34.5711    26.7404 1.4652e-01    -0.0120      0.630    1487.81     73.661     4.7404   7.480708  0.000e+00
     71.529     9.2514    34.5716    26.7408 1.4652e-01    -0.0120      0.630    1487.81     73.672     4.7411   7.480708  0.000e+00
     71.540     9.2516    34.5712    26.7405 1.4652e-01    -0.0120      0.626    1487.81     73.682     4.7417   7.480709  0.000e+00
     71.552     9.2517    34.5712    26.7404 1.5873e-01    -0.0120      0.623    1487.81     73.686     4.7420   7.480709  0.000e+00
     71.591     9.2517    34.5714    26.7406 1.4652e-01    -0.0120      0.623    1487.81     73.690     4.7422   7.480710  0.000e+00
