RAWDATA/20190107/MO2_20190107.cnv
* Sea-Bird SBE 9 Data File:
* FileName = C:\CTD Brukere\NIVA\OKOKYST2019\20190107\MO2_20190107.hex
* Software Version Seasave V 7.23.2
* Temperature SN = 5352
* Conductivity SN = 3840
* Number of Bytes Per Scan = 28
* Number of Voltage Words = 4
* Number of Scans Averaged by the Deck Unit = 1
* NMEA baud rate = 4800
** Ship: R/V Trygve Braarud
** Cruise:
** Station:
** Operator:
# nquan = 12
# nvalues = 5198                                  
# units = specified
# name 0 = depSM: Depth [salt water, m], lat = 59.60
# name 1 = potemp090C: Potential Temperature [ITS-90, deg C]
# name 2 = sal00: Salinity, Practical [PSU]
# name 3 = sigma-t00: Density [sigma-t, kg/m^3 ]
# name 4 = flSP: Fluorescence, Seapoint
# name 5 = wetStar: Fluorescence, WET Labs WETstar [mg/m^3]
# name 6 = seaTurbMtr: Turbidity, Seapoint [FTU]
# name 7 = svCM: Sound Velocity [Chen-Millero, m/s]
# name 8 = sbeox0PS: Oxygen, SBE 43 [% saturation]
# name 9 = sbeox0ML/L: Oxygen, SBE 43 [ml/l]
# name 10 = timeJ: Julian Days
# name 11 = flag:  0.000e+00
# span 0 =      0.081,     95.280                 
# span 1 =     3.4799,     9.4056                 
# span 2 =    24.7752,    34.5833                 
# span 3 =    19.7009,    26.7524                 
# span 4 = 1.3431e-01, 7.0818e-01                 
# span 5 =    -0.0120,     0.8097                 
# span 6 =      0.531,      1.282                 
# span 7 =    1451.26,    1488.17                 
# span 8 =     69.720,     88.545                 
# span 9 =     4.5231,     6.8124                 
# span 10 =   7.478970,   7.481476                
# span 11 = 0.0000e+00, 0.0000e+00                
# interval = seconds: 0.0416667
# start_time = Jan 07 2019 11:29:43 [System UpLoad Time]
# bad_flag = -9.990e-29
*END*
[from data line 4091]
     83.553     9.2406    34.5792    26.7483 1.4652e-01    -0.0120      0.615    1487.99     74.122     4.7708   7.480943  0.000e+00
     83.553     9.2407    34.5790    26.7481 1.4652e-01    -0.0120      0.615    1487.99     74.061     4.7669   7.480943  0.000e+00
     83.627     9.2407    34.5791    26.7482 1.4652e-01    -0.0120      0.619    1487.99     74.118     4.7705   7.480944  0.000e+00
     83.638     9.2405    34.5791    26.7482 1.4652e-01    -0.0120      0.619    1487.99     74.057     4.7667   7.480944  0.000e+00
     83.650     9.2402    34.5791    26.7483 1.4652e-01    -0.0120      0.623    1487.99     74.059     4.7668   7.480945  0.000e+00
     83.674     9.2400    34.5791    26.7483 1.4652e-01    -0.0120      0.619    1487.99     74.116     4.7705   7.480945  0.000e+00
     83.699     9.2397    34.5794    26.7486 1.4652e-01    -0.0120      0.619    1487.99     74.057     4.7667   7.480946  0.000e+00
     83.734     9.2395    34.5798    26.7490 1.4652e-01    -0.0120      0.619    1487.99     74.053     4.7664   7.480946  0.000e+00
     83.747     9.2396    34.5791    26.7484 1.4652e-01    -0.0120      0.619    1487.99     74.049     4.7662   7.480947  0.000e+00
     83.772     9.2392    34.5794    26.7487 1.4652e-01    -0.0120      0.619    1487.99     74.045     4.7660   7.480947  0.000e+00
     83.785     9.2392    34.5791    26.7484 1.4652e-01    -0.0120      0.612    1487.99     74.041     4.7658   7.480948  0.000e+00
     83.819     9.2390    34.5798    26.7490 1.4652e-01    -0.0120      0.608    1487.99     74.038     4.7656   7.480948  0.000e+00
     83.844     9.2389    34.5801    26.7493 1.4652e-01    -0.0120      0.612    1487.99     74.035     4.7654   7.480949  0.000e+00
     83.879     9.2392    34.5795    26.7488 1.4652e-01    -0.0120      0.626    1487.99     74.033     4.7652   7.480949  0.000e+00
     83.892     9.2392    34.5794    26.7487 1.4652e-01    -0.0120      0.637    1487.99     74.030     4.7650   7.480950  0.000e+00
     83.917     9.2389    34.5795    26.7488 1.4652e-01    -0.0120      0.641    1487.99     74.021     4.7645   7.480950  0.000e+00
     83.940     9.2389    34.5796    26.7489 1.4652e-01    -0.0120      0.637    1487.99     74.012     4.7639   7.480951  0.000e+00
     83.977     9.2387    34.5799    26.7492 1.4652e-01    -0.0120      0.634    1487.99     74.002     4.7633   7.480951  0.000e+00
     83.989     9.2389    34.5796    26.7489 1.4652e-01    -0.0120      0.641    1487.99     74.000     4.7631   7.480951  0.000e+00
     84.013     9.2389    34.5797    26.7490 1.4652e-01    -0.0120      0.645    1487.99     73.999     4.7630   7.480952  0.000e+00
     84.038     9.2389    34.5796    26.7489 1.4652e-01    -0.0120      0.641    1487.99     73.997     4.7629   7.480952  0.000e+00
     84.062     9.2389    34.5798    26.7491 1.4652e-01    -0.0120      0.637    1487.99     74.050     4.7664   7.480953  0.000e+00
     84.086     9.2389    34.5800    26.7492 1.4652e-01    -0.0120      0.634    1487.99     74.056     4.7667   7.480953  0.000e+00
     84.122     9.2390    34.5798    26.7490 1.4652e-01    -0.0120      0.634    1487.99     74.061     4.7670   7.480954  0.000e+00
     84.160     9.2391    34.5798    26.7490 1.4652e-01    -0.0120      0.630    1487.99     74.005     4.7634   7.480954  0.000e+00
     84.158     9.2389    34.5796    26.7489 1.4652e-01    -0.0120      0.630    1487.99     74.004     4.7634   7.480955  0.000e+00
     84.183     9.2390    34.5798    26.7490 1.4652e-01    -0.0120      0.623    1487.99     74.064     4.7672   7.480955  0.000e+00
     84.218     9.2391    34.5794    26.7487 1.4652e-01    -0.0120      0.615    1487.99     74.070     4.7676   7.480956  0.000e+00
     84.243     9.2391    34.5796    26.7488 1.4652e-01    -0.0120      0.615    1487.99     74.076     4.7680   7.480956  0.000e+00
     84.243     9.2395    34.5795    26.7487 1.4652e-01    -0.0120      0.612    1487.99     74.020     4.7644   7.480957  0.000e+00
     84.292     9.2393    34.5798    26.7489 1.4652e-01    -0.0120      0.612    1488.00     74.082     4.7683   7.480957  0.000e+00
     84.316     9.2394    34.5797    26.7489 1.4652e-01    -0.0120      0.612    1488.00     74.088     4.7687   7.480958  0.000e+00
     84.328     9.2395    34.5796    26.7488 1.4652e-01    -0.0120      0.619    1488.00     74.094     4.7691   7.480958  0.000e+00
     84.363     9.2396    34.5795    26.7486 1.4652e-01    -0.0120      0.623    1488.00     74.100     4.7695   7.480959  0.000e+00
     84.388     9.2397    34.5794    26.7486 1.4652e-01    -0.0120      0.623    1488.00     74.107     4.7699   7.480959  0.000e+00
     84.401     9.2395    34.5794    26.7486 1.4652e-01    -0.0120      0.630    1488.00     74.113     4.7703   7.480960  0.000e+00
     84.437     9.2398    34.5792    26.7484 1.4652e-01    -0.0120      0.634    1488.00     74.119     4.7707   7.480960  0.000e+00
     84.461     9.2396    34.5794    26.7486 1.3431e-01    -0.0120      0.637    1488.00     74.126     4.7711   7.480961  0.000e+00
     84.484     9.2397    34.5796    26.7488 1.4652e-01    -0.0120      0.634    1488.00     74.070     4.7676   7.480961  0.000e+00
     84.509     9.2396    34.5797    26.7489 1.3431e-01    -0.0120      0.619    1488.00     74.131     4.7715   7.480962  0.000e+00
     84.535     9.2400    34.5791    26.7483 1.4652e-01    -0.0120      0.612    1488.00     74.076     4.7679   7.480962  0.000e+00
     84.546     9.2398    34.5792    26.7484 1.4652e-01    -0.0120      0.615    1488.00     74.076     4.7679   7.480963  0.000e+00
     84.582     9.2399    34.5788    26.7481 1.4652e-01    -0.0120      0.615    1488.00     74.077     4.7680   7.480963  0.000e+00
     84.593     9.2398    34.5798    26.7489 1.4652e-01    -0.0120      0.615    1488.00     74.139     4.7719   7.480964  0.000e+00
     84.629     9.2401    34.5791    26.7483 1.4652e-01    -0.0120      0.612    1488.00     74.146     4.7724   7.480964  0.000e+00
     84.642     9.2400    34.5792    26.7484 1.4652e-01    -0.0120      0.615    1488.00     74.092     4.7689   7.480965  0.000e+00
     84.691     9.2399    34.5794    26.7485 1.3431e-01    -0.0120      0.612    1488.00     74.093     4.7690   7.480965  0.000e+00
     84.714     9.2398    34.5794    26.7486 1.4652e-01    -0.0120      0.612    1488.00     74.156     4.7730   7.480965  0.000e+00
     84.727     9.2396    34.5796    26.7487 1.4652e-01    -0.0120      0.615    1488.00     74.163     4.7736   7.480966  0.000e+00
     84.738     9.2397    34.5793    26.7485 1.4652e-01    -0.0120      0.615    1488.00     74.171     4.7741   7.480966  0.000e+00
     84.763     9.2398    34.5793    26.7485 1.4652e-01    -0.0120      0.615    1488.00     74.111     4.7701   7.480967  0.000e+00
     84.787     9.2397    34.5792    26.7485 1.4652e-01    -0.0120      0.615    1488.00     74.112     4.7702   7.480967  0.000e+00
     84.823     9.2396    34.5795    26.7486 1.4652e-01    -0.0120      0.619    1488.00     74.106     4.7699   7.480968  0.000e+00
     84.848     9.2397    34.5795    26.7486 1.4652e-01    -0.0120      0.626    1488.01     74.100     4.7695   7.480968  0.000e+00
     84.885     9.2395    34.5796    26.7488 1.4652e-01    -0.0120      0.630    1488.01     74.102     4.7696   7.480969  0.000e+00
     84.908     9.2396    34.5796    26.7488 1.4652e-01    -0.0120      0.626    1488.01     74.096     4.7692   7.480969  0.000e+00
     84.908     9.2396    34.5797    26.7489 1.4652e-01    -0.0120      0.623    1488.01     74.090     4.7689   7.480970  0.000e+00
     84.944     9.2400    34.5798    26.7488 1.4652e-01    -0.0120      0.619    1488.01     74.085     4.7685   7.480970  0.000e+00
     84.970     9.2399    34.5796    26.7487 1.4652e-01    -0.0120      0.619    1488.01     74.079     4.7681   7.480971  0.000e+00
     84.981     9.2399    34.5792    26.7484 1.4652e-01    -0.0120      0.615    1488.01     74.074     4.7678   7.480971  0.000e+00
     85.017     9.2399    34.5792    26.7484 1.4652e-01    -0.0120      0.615    1488.01     74.068     4.7674   7.480972  0.000e+00
     85.053     9.2399    34.5796    26.7487 1.4652e-01    -0.0120      0.612    1488.01     74.063     4.7671   7.480972  0.000e+00
     85.066     9.2400    34.5794    26.7486 1.4652e-01    -0.0120      0.615    1488.01     74.057     4.7667   7.480973  0.000e+00
     85.102     9.2399    34.5794    26.7485 1.4652e-01    -0.0120      0.615    1488.01     74.052     4.7664   7.480973  0.000e+00
     85.113     9.2401    34.5796    26.7486 1.4652e-01    -0.0120      0.612    1488.01     74.046     4.7660   7.480974  0.000e+00
     85.151     9.2400    34.5791    26.7483 1.4652e-01    -0.0120      0.608    1488.01     74.041     4.7656   7.480974  0.000e+00
     85.175     9.2401    34.5792    26.7484 1.4652e-01    -0.0120      0.601    1488.01     74.035     4.7653   7.480975  0.000e+00
     85.187     9.2400    34.5795    26.7486 1.4652e-01    -0.0120      0.597    1488.01     74.030     4.7649   7.480975  0.000e+00
     85.222     9.2401    34.5793    26.7484 1.4652e-01    -0.0120      0.601    1488.01     74.086     4.7685   7.480976  0.000e+00
     85.235     9.2402    34.5792    26.7483 1.4652e-01    -0.0120      0.604    1488.01     74.025     4.7646   7.480976  0.000e+00
     85.271     9.2402    34.5793    26.7484 1.4652e-01    -0.0120      0.612    1488.01     74.027     4.7647   7.480977  0.000e+00
     85.296     9.2402    34.5792    26.7483 1.4652e-01    -0.0120      0.630    1488.01     74.029     4.7648   7.480977  0.000e+00
     85.296     9.2401    34.5794    26.7485 1.4652e-01    -0.0120      0.645    1488.01     74.030     4.7649   7.480978  0.000e+00
     85.343     9.2399    34.5794    26.7485 1.4652e-01    -0.0120      0.641    1488.01     74.026     4.7647   7.480978  0.000e+00
     85.367     9.2399    34.5796    26.7487 1.4652e-01    -0.0120      0.630    1488.02     74.021     4.7643   7.480978  0.000e+00
     85.381     9.2401    34.5790    26.7482 1.4652e-01    -0.0120      0.623    1488.02     74.023     4.7645   7.480979  0.000e+00
     85.416     9.2400    34.5791    26.7483 1.3431e-01    -0.0120      0.615    1488.02     74.025     4.7646   7.480979  0.000e+00
     85.441     9.2396    34.5796    26.7488 1.4652e-01    -0.0120      0.615    1488.02     74.028     4.7649   7.480980  0.000e+00
     85.452     9.2398    34.5795    26.7487 1.4652e-01    -0.0120      0.619    1488.02     74.024     4.7646   7.480980  0.000e+00
     85.488     9.2399    34.5795    26.7486 1.4652e-01    -0.0120      0.619    1488.02     74.027     4.7648   7.480981  0.000e+00
     85.513     9.2397    34.5798    26.7489 1.4652e-01    -0.0120      0.615    1488.02     74.031     4.7650   7.480981  0.000e+00
     85.526     9.2400    34.5794    26.7485 1.4652e-01    -0.0120      0.608    1488.02     74.034     4.7652   7.480982  0.000e+00
     85.561     9.2399    34.5793    26.7485 1.4652e-01    -0.0120      0.604    1488.02     74.038     4.7655   7.480982  0.000e+00
     85.586     9.2401    34.5792    26.7483 1.4652e-01    -0.0120      0.601    1488.02     74.043     4.7657   7.480983  0.000e+00
     85.597     9.2400    34.5791    26.7483 1.4652e-01    -0.0120      0.608    1488.02     74.047     4.7660   7.480983  0.000e+00
     85.633     9.2401    34.5794    26.7485 1.4652e-01    -0.0120      0.619    1488.02     74.052     4.7663   7.480984  0.000e+00
     85.646     9.2400    34.5803    26.7492 1.4652e-01    -0.0120      0.634    1488.02     74.057     4.7666   7.480984  0.000e+00
     85.671     9.2402    34.5805    26.7493 1.4652e-01    -0.0120      0.648    1488.02     74.055     4.7665   7.480985  0.000e+00
     85.718     9.2405    34.5800    26.7489 1.4652e-01    -0.0120      0.641    1488.02     74.061     4.7668   7.480985  0.000e+00
     85.718     9.2407    34.5800    26.7489 1.4652e-01    -0.0120      0.637    1488.02     74.059     4.7667   7.480986  0.000e+00
     85.742     9.2406    34.5801    26.7490 1.4652e-01    -0.0120      0.652    1488.02     74.057     4.7666   7.480986  0.000e+00
     85.780     9.2406    34.5798    26.7487 1.4652e-01    -0.0108      0.656    1488.03     74.056     4.7665   7.480987  0.000e+00
     85.791     9.2406    34.5797    26.7487 1.4652e-01    -0.0120      0.652    1488.03     74.062     4.7669   7.480987  0.000e+00
     85.827     9.2406    34.5800    26.7489 1.4652e-01    -0.0120      0.656    1488.03     74.068     4.7673   7.480988  0.000e+00
     85.852     9.2408    34.5802    26.7490 1.4652e-01    -0.0120      0.663    1488.03     74.067     4.7672   7.480988  0.000e+00
     85.876     9.2408    34.5800    26.7488 1.4652e-01    -0.0120      0.667    1488.03     74.066     4.7671   7.480989  0.000e+00
     85.900     9.2410    34.5800    26.7488 1.4652e-01    -0.0120      0.656    1488.03     74.072     4.7675   7.480989  0.000e+00
     85.912     9.2409    34.5801    26.7489 1.4652e-01    -0.0120      0.645    1488.03     74.079     4.7679   7.480990  0.000e+00
     85.936     9.2413    34.5797    26.7486 1.4652e-01    -0.0120      0.637    1488.03     74.085     4.7684   7.480990  0.000e+00
     85.972     9.2411    34.5801    26.7489 1.4652e-01    -0.0120      0.634    1488.03     74.086     4.7684   7.480991  0.000e+00
     85.972     9.2413    34.5798    26.7486 1.4652e-01    -0.0120      0.630    1488.03     74.085     4.7683   7.480991  0.000e+00
     86.010     9.2413    34.5799    26.7487 1.4652e-01    -0.0120      0.630    1488.03     74.085     4.7683   7.480992  0.000e+00
     86.033     9.2414    34.5796    26.7484 1.4652e-01    -0.0120      0.626    1488.03     74.085     4.7683   7.480992  0.000e+00
     86.070     9.2412    34.5797    26.7485 1.4652e-01    -0.0120      0.623    1488.03     74.085     4.7683   7.480992  0.000e+00
     86.033     9.2414    34.5795    26.7484 1.4652e-01    -0.0120      0.615    1488.03     74.085     4.7683   7.480993  0.000e+00
     86.142     9.2412    34.5799    26.7487 1.4652e-01    -0.0120      0.637    1488.03     74.085     4.7683   7.480993  0.000e+00
     86.130     9.2415    34.5795    26.7483 1.4652e-01    -0.0120      0.674    1488.03     74.085     4.7683   7.480994  0.000e+00
     86.142     9.2412    34.5796    26.7485 1.4652e-01    -0.0120      0.692    1488.03     74.085     4.7683   7.480994  0.000e+00
     86.178     9.2415    34.5793    26.7482 1.4652e-01    -0.0120      0.681    1488.03     74.085     4.7683   7.480995  0.000e+00
     86.191     9.2414    34.5794    26.7483 1.4652e-01    -0.0120      0.659    1488.03     74.023     4.7643   7.480995  0.000e+00
     86.213     9.2417    34.5793    26.7482 1.4652e-01    -0.0120      0.645    1488.04     74.078     4.7678   7.480996  0.000e+00
     86.227     9.2414    34.5793    26.7482 1.4652e-01    -0.0120      0.637    1488.03     74.078     4.7679   7.480996  0.000e+00
     86.262     9.2414    34.5795    26.7484 1.4652e-01    -0.0120      0.630    1488.04     74.017     4.7639   7.480997  0.000e+00
     86.287     9.2415    34.5791    26.7481 1.4652e-01    -0.0120      0.626    1488.04     74.072     4.7675   7.480997  0.000e+00
     86.300     9.2416    34.5793    26.7482 1.4652e-01    -0.0120      0.623    1488.04     74.011     4.7635   7.480998  0.000e+00
     86.336     9.2415    34.5796    26.7484 1.4652e-01    -0.0120      0.619    1488.04     74.005     4.7631   7.480998  0.000e+00
     86.347     9.2417    34.5796    26.7484 1.4652e-01    -0.0120      0.615    1488.04     73.999     4.7627   7.480999  0.000e+00
     86.372     9.2416    34.5794    26.7482 1.4652e-01    -0.0120      0.612    1488.04     74.001     4.7629   7.480999  0.000e+00
     86.407     9.2414    34.5796    26.7485 1.4652e-01    -0.0120      0.612    1488.04     74.057     4.7665   7.481000  0.000e+00
