RAWDATA/20190107/MO2_20190107.cnv
* Sea-Bird SBE 9 Data File:
* FileName = C:\CTD Brukere\NIVA\OKOKYST2019\20190107\MO2_20190107.hex
* Software Version Seasave V 7.23.2
* Temperature SN = 5352
* Conductivity SN = 3840
* Number of Bytes Per Scan = 28
* Number of Voltage Words = 4
* Number of Scans Averaged by the Deck Unit = 1
* NMEA baud rate = 4800
** Ship: R/V Trygve Braarud
** Cruise:
** Station:
** Operator:
# nquan = 12
# nvalues = 5198                                  
# units = specified
# name 0 = depSM: Depth [salt water, m], lat = 59.60
# name 1 = potemp090C: Potential Temperature [ITS-90, deg C]
# name 2 = sal00: Salinity, Practical [PSU]
# name 3 = sigma-t00: Density [sigma-t, kg/m^3 ]
# name 4 = flSP: Fluorescence, Seapoint
# name 5 = wetStar: Fluorescence, WET Labs WETstar [mg/m^3]
# name 6 = seaTurbMtr: Turbidity, Seapoint [FTU]
# name 7 = svCM: Sound Velocity [Chen-Millero, m/s]
# name 8 = sbeox0PS: Oxygen, SBE 43 [% saturation]
# name 9 = sbeox0ML/L: Oxygen, SBE 43 [ml/l]
# name 10 = timeJ: Julian Days
# name 11 = flag:  0.000e+00
# span 0 =      0.081,     95.280                 
# span 1 =     3.4799,     9.4056                 
# span 2 =    24.7752,    34.5833                 
# span 3 =    19.7009,    26.7524                 
# span 4 = 1.3431e-01, 7.0818e-01                 
# span 5 =    -0.0120,     0.8097                 
# span 6 =      0.531,      1.282                 
# span 7 =    1451.26,    1488.17                 
# span 8 =     69.720,     88.545                 
# span 9 =     4.5231,     6.8124                 
# span 10 =   7.478970,   7.481476                
# span 11 = 0.0000e+00, 0.0000e+00                
# interval = seconds: 0.0416667
# start_time = Jan 07 2019 11:29:43 [System UpLoad Time]
# bad_flag = -9.990e-29
*END*
[from data line 361]
      0.142     3.9286    25.9971    20.6386 6.8376e-01     0.7804      0.949    1454.76     84.790     6.5394   7.479144  0.000e+00
      0.095     3.9886    26.1593    20.7625 7.0818e-01     0.7792      0.952    1455.22     84.629     6.5101   7.479144  0.000e+00
      0.142     3.9778    26.2598    20.8431 6.1050e-01     0.7780      0.941    1455.30     84.484     6.4963   7.479145  0.000e+00
      0.129     3.9049    26.2208    20.8180 5.0061e-01     0.7768      0.916    1454.94     84.406     6.5037   7.479145  0.000e+00
      0.107     3.8382    26.0795    20.7111 4.2735e-01     0.7768      0.886    1454.47     84.269     6.5101   7.479146  0.000e+00
      0.131     3.7786    25.9221    20.5907 3.9072e-01     0.7731      0.861    1454.02     84.189     6.5205   7.479146  0.000e+00
      0.131     3.7427    25.7866    20.4859 3.5409e-01     0.7670      0.842    1453.69     84.119     6.5269   7.479147  0.000e+00
      0.153     3.7311    25.7114    20.4270 3.4188e-01     0.7621      0.828    1453.54     83.988     6.5219   7.479147  0.000e+00
      0.155     3.7403    25.6851    20.4054 3.4188e-01     0.7523      0.817    1453.55     83.913     6.5157   7.479148  0.000e+00
      0.166     3.8098    25.7170    20.4254 3.4188e-01     0.7401      0.802    1453.89     83.772     6.4922   7.479148  0.000e+00
      0.142     3.8640    25.8604    20.5351 3.2967e-01     0.7243      0.795    1454.30     83.703     6.4718   7.479149  0.000e+00
      0.165     3.9134    26.0257    20.6625 3.1746e-01     0.7023      0.788    1454.73     83.578     6.4471   7.479149  0.000e+00
      0.142     4.0577    26.2407    20.8216 3.0525e-01     0.6730      0.799    1455.62     83.503     6.4090   7.479150  0.000e+00
      0.166     4.3143    26.6719    21.1420 3.0525e-01     0.6449      0.828    1457.26     83.424     6.3442   7.479150  0.000e+00
      0.202     4.5635    27.3270    21.6392 3.0525e-01     0.6217      0.842    1459.15     83.355     6.2727   7.479151  0.000e+00
      0.213     4.5941    27.8775    22.0726 3.1746e-01     0.6034      0.828    1459.98     83.324     6.2426   7.479151  0.000e+00
      0.262     4.6320    27.9534    22.1292 3.2967e-01     0.5887      0.802    1460.24     83.300     6.2318   7.479152  0.000e+00
      0.286     4.7838    28.1043    22.2343 3.1746e-01     0.5790      0.784    1461.06     83.271     6.2005   7.479152  0.000e+00
      0.273     4.9333    28.4695    22.5089 3.4188e-01     0.5765      0.777    1462.15     83.258     6.1620   7.479153  0.000e+00
      0.260     5.0706    28.7918    22.7503 4.3956e-01     0.5741      0.773    1463.12     83.182     6.1229   7.479153  0.000e+00
      0.286     5.1552    29.0094    22.9137 5.1282e-01     0.5692      0.773    1463.75     83.173     6.1009   7.479154  0.000e+00
      0.309     5.1706    29.1083    22.9904 6.2271e-01     0.5692      0.780    1463.94     83.239     6.0994   7.479154  0.000e+00
      0.333     5.1625    29.1203    23.0007 6.8376e-01     0.5729      0.791    1463.92     83.267     6.1022   7.479155  0.000e+00
      0.380     5.1662    29.1318    23.0095 6.1050e-01     0.5790      0.795    1463.95     83.231     6.0985   7.479155  0.000e+00
      0.382     5.1837    29.1754    23.0421 5.3724e-01     0.5838      0.780    1464.08     83.316     6.1004   7.479156  0.000e+00
      0.382     5.1958    29.2045    23.0639 4.3956e-01     0.5790      0.773    1464.17     83.292     6.0957   7.479156  0.000e+00
      0.404     5.2138    29.2135    23.0691 3.9072e-01     0.5704      0.780    1464.25     83.328     6.0953   7.479157  0.000e+00
      0.416     5.2345    29.2397    23.0877 3.5409e-01     0.5594      0.780    1464.37     83.433     6.0989   7.479157  0.000e+00
      0.442     5.2606    29.2899    23.1247 3.4188e-01     0.5472      0.777    1464.54     83.482     6.0966   7.479158  0.000e+00
      0.453     5.2851    29.3575    23.1756 3.2967e-01     0.5387      0.766    1464.73     83.536     6.0942   7.479158  0.000e+00
      0.464     5.3070    29.4249    23.2265 3.1746e-01     0.5350      0.762    1464.90     83.525     6.0875   7.479158  0.000e+00
      0.477     5.3265    29.4872    23.2737 3.0525e-01     0.5265      0.762    1465.06     83.576     6.0858   7.479159  0.000e+00
      0.500     5.3418    29.5372    23.3116 3.0525e-01     0.5228      0.758    1465.19     83.624     6.0851   7.479159  0.000e+00
      0.537     5.3577    29.5755    23.3402 2.9304e-01     0.5191      0.755    1465.30     83.678     6.0851   7.479160  0.000e+00
      0.537     5.3779    29.6125    23.3673 2.8083e-01     0.5167      0.755    1465.43     83.728     6.0843   7.479160  0.000e+00
      0.548     5.3947    29.6430    23.3896 2.8083e-01     0.5081      0.758    1465.54     83.784     6.0848   7.479161  0.000e+00
      0.571     5.4056    29.6689    23.4089 2.8083e-01     0.4984      0.762    1465.62     83.838     6.0860   7.479161  0.000e+00
      0.595     5.4176    29.6896    23.4240 2.8083e-01     0.4935      0.762    1465.69     83.834     6.0832   7.479162  0.000e+00
      0.584     5.4268    29.7087    23.4381 2.8083e-01     0.4911      0.755    1465.76     83.953     6.0896   7.479162  0.000e+00
      0.632     5.4343    29.7233    23.4488 2.8083e-01     0.4862      0.751    1465.81     83.952     6.0879   7.479163  0.000e+00
      0.644     5.4420    29.7374    23.4591 2.8083e-01     0.4837      0.747    1465.85     84.001     6.0898   7.479163  0.000e+00
      0.655     5.4502    29.7531    23.4707 2.6862e-01     0.4788      0.747    1465.91     84.047     6.0913   7.479164  0.000e+00
      0.668     5.4599    29.7679    23.4813 2.6862e-01     0.4752      0.747    1465.97     84.034     6.0883   7.479164  0.000e+00
      0.691     5.4671    29.7811    23.4909 2.8083e-01     0.4727      0.744    1466.01     84.073     6.0896   7.479165  0.000e+00
      0.704     5.4733    29.7934    23.5000 2.8083e-01     0.4703      0.744    1466.05     84.116     6.0913   7.479165  0.000e+00
      0.715     5.4817    29.8038    23.5073 2.9304e-01     0.4703      0.744    1466.10     84.154     6.0924   7.479166  0.000e+00
      0.751     5.4890    29.8147    23.5151 2.9304e-01     0.4691      0.747    1466.15     84.126     6.0889   7.479166  0.000e+00
      0.764     5.4938    29.8241    23.5220 2.9304e-01     0.4642      0.747    1466.18     84.149     6.0894   7.479167  0.000e+00
      0.775     5.4980    29.8310    23.5270 2.8083e-01     0.4630      0.755    1466.20     84.175     6.0904   7.479167  0.000e+00
      0.786     5.5024    29.8374    23.5316 2.8083e-01     0.4630      0.758    1466.23     84.196     6.0911   7.479168  0.000e+00
      0.811     5.5070    29.8442    23.5364 2.8083e-01     0.4630      0.755    1466.26     84.212     6.0913   7.479168  0.000e+00
      0.833     5.5131    29.8523    23.5422 2.8083e-01     0.4642      0.747    1466.29     84.161     6.0864   7.479169  0.000e+00
      0.835     5.5194    29.8602    23.5477 2.8083e-01     0.4654      0.744    1466.33     84.166     6.0855   7.479169  0.000e+00
      0.859     5.5250    29.8694    23.5544 2.8083e-01     0.4605      0.740    1466.36     84.167     6.0844   7.479170  0.000e+00
      0.870     5.5335    29.8783    23.5605 2.8083e-01     0.4593      0.740    1466.41     84.107     6.0785   7.479170  0.000e+00
      0.895     5.5413    29.8878    23.5672 2.8083e-01     0.4569      0.740    1466.45     84.105     6.0768   7.479171  0.000e+00
      0.906     5.5494    29.8985    23.5747 2.9304e-01     0.4544      0.740    1466.50     84.097     6.0746   7.479171  0.000e+00
      0.929     5.5542    29.9087    23.5823 2.9304e-01     0.4544      0.744    1466.53     84.093     6.0732   7.479171  0.000e+00
      0.942     5.5538    29.9106    23.5838 2.9304e-01     0.4508      0.744    1466.53     84.021     6.0680   7.479172  0.000e+00
      0.966     5.5547    29.9090    23.5825 2.9304e-01     0.4471      0.744    1466.54     84.006     6.0669   7.479172  0.000e+00
      0.966     5.5569    29.9098    23.5829 2.8083e-01     0.4459      0.744    1466.55     83.923     6.0605   7.479173  0.000e+00
      0.990     5.5596    29.9135    23.5855 2.8083e-01     0.4434      0.747    1466.56     83.959     6.0626   7.479173  0.000e+00
      1.001     5.5643    29.9205    23.5905 2.9304e-01     0.4434      0.747    1466.59     83.881     6.0560   7.479174  0.000e+00
      1.037     5.5679    29.9290    23.5968 2.8083e-01     0.4398      0.751    1466.62     83.860     6.0536   7.479174  0.000e+00
      1.037     5.5704    29.9342    23.6006 2.8083e-01     0.4373      0.751    1466.63     83.841     6.0517   7.479175  0.000e+00
      1.061     5.5724    29.9373    23.6028 2.6862e-01     0.4349      0.755    1466.65     83.826     6.0501   7.479175  0.000e+00
      1.073     5.5754    29.9399    23.6046 2.9304e-01     0.4324      0.755    1466.66     83.812     6.0486   7.479176  0.000e+00
      1.073     5.5767    29.9416    23.6058 3.0525e-01     0.4324      0.758    1466.67     83.740     6.0431   7.479176  0.000e+00
      1.097     5.5771    29.9413    23.6055 2.9304e-01     0.4324      0.758    1466.67     83.716     6.0414   7.479177  0.000e+00
      1.133     5.5766    29.9404    23.6048 2.9304e-01     0.4324      0.758    1466.67     83.696     6.0400   7.479177  0.000e+00
      1.133     5.5750    29.9384    23.6035 2.9304e-01     0.4312      0.762    1466.66     83.686     6.0396   7.479178  0.000e+00
      1.146     5.5736    29.9377    23.6031 2.8083e-01     0.4312      0.766    1466.65     83.679     6.0394   7.479178  0.000e+00
      1.168     5.5772    29.9421    23.6061 2.8083e-01     0.4312      0.766    1466.67     83.667     6.0378   7.479179  0.000e+00
      1.181     5.5838    29.9519    23.6132 2.6862e-01     0.4300      0.766    1466.71     83.665     6.0363   7.479179  0.000e+00
      1.192     5.5887    29.9615    23.6202 2.8083e-01     0.4300      0.762    1466.74     83.658     6.0347   7.479180  0.000e+00
      1.215     5.5917    29.9671    23.6243 2.8083e-01     0.4276      0.758    1466.76     83.716     6.0382   7.479180  0.000e+00
      1.228     5.5909    29.9662    23.6237 2.8083e-01     0.4288      0.751    1466.76     83.793     6.0440   7.479181  0.000e+00
      1.252     5.5842    29.9585    23.6183 2.6862e-01     0.4276      0.755    1466.72     83.819     6.0471   7.479181  0.000e+00
      1.264     5.5595    29.9506    23.6148 2.6862e-01     0.4263      0.755    1466.61     83.912     6.0577   7.479182  0.000e+00
      1.277     5.5371    29.9323    23.6028 2.6862e-01     0.4251      0.755    1466.50     83.944     6.0639   7.479182  0.000e+00
      1.312     5.5286    29.9135    23.5889 2.6862e-01     0.4300      0.755    1466.44     83.976     6.0683   7.479183  0.000e+00
      1.312     5.5263    29.9045    23.5820 2.6862e-01     0.4312      0.751    1466.42     84.071     6.0758   7.479183  0.000e+00
      1.336     5.5234    29.9034    23.5815 2.6862e-01     0.4312      0.755    1466.41     84.113     6.0793   7.479184  0.000e+00
      1.348     5.5225    29.9034    23.5815 2.6862e-01     0.4288      0.758    1466.40     84.219     6.0871   7.479184  0.000e+00
      1.359     5.5243    29.9075    23.5846 2.5641e-01     0.4312      0.758    1466.42     84.333     6.0949   7.479185  0.000e+00
      1.383     5.5269    29.9145    23.5899 2.6862e-01     0.4324      0.758    1466.44     84.456     6.1032   7.479185  0.000e+00
      1.408     5.5267    29.9181    23.5928 2.6862e-01     0.4361      0.751    1466.44     84.580     6.1120   7.479185  0.000e+00
      1.419     5.5253    29.9180    23.5928 2.6862e-01     0.4385      0.744    1466.44     84.657     6.1178   7.479186  0.000e+00
      1.432     5.5235    29.9211    23.5955 2.8083e-01     0.4410      0.740    1466.43     84.788     6.1274   7.479186  0.000e+00
      1.455     5.5228    29.9244    23.5981 2.8083e-01     0.4410      0.740    1466.43     84.926     6.1373   7.479187  0.000e+00
      1.455     5.5218    29.9259    23.5995 2.8083e-01     0.4410      0.740    1466.43     85.009     6.1434   7.479187  0.000e+00
      1.490     5.5206    29.9258    23.5995 2.9304e-01     0.4422      0.744    1466.43     85.146     6.1535   7.479188  0.000e+00
      1.503     5.5170    29.9235    23.5980 2.9304e-01     0.4422      0.751    1466.41     85.289     6.1644   7.479188  0.000e+00
      1.515     5.5118    29.9201    23.5960 2.9304e-01     0.4398      0.758    1466.38     85.438     6.1761   7.479189  0.000e+00
      1.527     5.5091    29.9246    23.5998 2.8083e-01     0.4385      0.766    1466.38     85.592     6.1875   7.479189  0.000e+00
      1.539     5.5116    29.9410    23.6125 2.6862e-01     0.4385      0.766    1466.41     85.743     6.1973   7.479190  0.000e+00
      1.574     5.5191    29.9671    23.6323 2.6862e-01     0.4373      0.766    1466.48     85.897     6.2063   7.479190  0.000e+00
      1.586     5.5259    29.9895    23.6492 2.6862e-01     0.4349      0.766    1466.53     85.994     6.2113   7.479191  0.000e+00
      1.599     5.5332    30.0054    23.6610 2.9304e-01     0.4324      0.762    1466.58     86.211     6.2253   7.479191  0.000e+00
      1.610     5.5413    30.0234    23.6744 3.0525e-01     0.4300      0.762    1466.64     86.315     6.2308   7.479192  0.000e+00
      1.634     5.5458    30.0356    23.6835 2.9304e-01     0.4288      0.762    1466.67     86.469     6.2408   7.479192  0.000e+00
      1.659     5.5452    30.0398    23.6868 2.9304e-01     0.4276      0.758    1466.67     86.628     6.2522   7.479193  0.000e+00
      1.659     5.5449    30.0402    23.6872 2.9304e-01     0.4263      0.762    1466.67     86.789     6.2638   7.479193  0.000e+00
      1.681     5.5434    30.0416    23.6885 2.8083e-01     0.4251      0.762    1466.67     86.944     6.2752   7.479194  0.000e+00
      1.694     5.5406    30.0390    23.6868 2.8083e-01     0.4202      0.758    1466.66     87.039     6.2825   7.479194  0.000e+00
      1.718     5.5398    30.0457    23.6921 2.8083e-01     0.4154      0.755    1466.66     87.189     6.2933   7.479195  0.000e+00
      1.730     5.5486    30.0711    23.7112 2.6862e-01     0.4092      0.758    1466.73     87.339     6.3017   7.479195  0.000e+00
      1.754     5.5593    30.0989    23.7320 2.6862e-01     0.4044      0.755    1466.81     87.481     6.3091   7.479196  0.000e+00
      1.765     5.5792    30.1219    23.7480 2.5641e-01     0.4019      0.751    1466.92     87.558     6.3107   7.479196  0.000e+00
      1.765     5.5939    30.1405    23.7610 2.5641e-01     0.3983      0.755    1467.00     87.683     6.3167   7.479197  0.000e+00
      1.801     5.5950    30.1384    23.7592 2.6862e-01     0.3946      0.758    1467.00     87.819     6.3265   7.479197  0.000e+00
      1.801     5.5867    30.1184    23.7444 2.6862e-01     0.3909      0.762    1466.95     87.886     6.3334   7.479198  0.000e+00
      1.814     5.5737    30.0948    23.7272 2.6862e-01     0.3885      0.777    1466.86     88.009     6.3452   7.479198  0.000e+00
      1.850     5.5727    30.0881    23.7220 2.6862e-01     0.3836      0.791    1466.85     88.065     6.3497   7.479198  0.000e+00
      1.850     5.5950    30.1246    23.7484 2.6862e-01     0.3763      0.799    1466.99     88.168     6.3522   7.479199  0.000e+00
      1.872     5.6218    30.1675    23.7793 2.5641e-01     0.3726      0.795    1467.15     88.207     6.3491   7.479199  0.000e+00
      1.897     5.6398    30.1888    23.7941 2.5641e-01     0.3714      0.784    1467.25     88.292     6.3517   7.479200  0.000e+00
      1.897     5.6424    30.2009    23.8033 2.5641e-01     0.3690      0.766    1467.28     88.317     6.3525   7.479200  0.000e+00
      1.921     5.6482    30.2065    23.8071 2.5641e-01     0.3665      0.751    1467.31     88.456     6.3614   7.479201  0.000e+00
      1.945     5.6537    30.2055    23.8057 2.5641e-01     0.3665      0.755    1467.33     88.476     6.3621   7.479201  0.000e+00
