RAWDATA/20190107/MO2_20190107.cnv
* Sea-Bird SBE 9 Data File:
* FileName = C:\CTD Brukere\NIVA\OKOKYST2019\20190107\MO2_20190107.hex
* Software Version Seasave V 7.23.2
* Temperature SN = 5352
* Conductivity SN = 3840
* Number of Bytes Per Scan = 28
* Number of Voltage Words = 4
* Number of Scans Averaged by the Deck Unit = 1
* NMEA baud rate = 4800
** Ship: R/V Trygve Braarud
** Cruise:
** Station:
** Operator:
# nquan = 12
# nvalues = 5198                                  
# units = specified
# name 0 = depSM: Depth [salt water, m], lat = 59.60
# name 1 = potemp090C: Potential Temperature [ITS-90, deg C]
# name 2 = sal00: Salinity, Practical [PSU]
# name 3 = sigma-t00: Density [sigma-t, kg/m^3 ]
# name 4 = flSP: Fluorescence, Seapoint
# name 5 = wetStar: Fluorescence, WET Labs WETstar [mg/m^3]
# name 6 = seaTurbMtr: Turbidity, Seapoint [FTU]
# name 7 = svCM: Sound Velocity [Chen-Millero, m/s]
# name 8 = sbeox0PS: Oxygen, SBE 43 [% saturation]
# name 9 = sbeox0ML/L: Oxygen, SBE 43 [ml/l]
# name 10 = timeJ: Julian Days
# name 11 = flag:  0.000e+00
# span 0 =      0.081,     95.280                 
# span 1 =     3.4799,     9.4056                 
# span 2 =    24.7752,    34.5833                 
# span 3 =    19.7009,    26.7524                 
# span 4 = 1.3431e-01, 7.0818e-01                 
# span 5 =    -0.0120,     0.8097                 
# span 6 =      0.531,      1.282                 
# span 7 =    1451.26,    1488.17                 
# span 8 =     69.720,     88.545                 
# span 9 =     4.5231,     6.8124                 
# span 10 =   7.478970,   7.481476                
# span 11 = 0.0000e+00, 0.0000e+00                
# interval = seconds: 0.0416667
# start_time = Jan 07 2019 11:29:43 [System UpLoad Time]
# bad_flag = -9.990e-29
*END*
[from data line 4452]
     90.400     9.2385    34.5807    26.7497 1.4652e-01    -0.0120      0.597    1488.10     73.624     4.7388   7.481117  0.000e+00
     90.412     9.2385    34.5810    26.7500 1.4652e-01    -0.0120      0.593    1488.10     73.682     4.7426   7.481117  0.000e+00
     90.390     9.2384    34.5809    26.7499 1.4652e-01    -0.0120      0.593    1488.10     73.626     4.7390   7.481118  0.000e+00
     90.412     9.2383    34.5812    26.7501 1.4652e-01    -0.0120      0.593    1488.10     73.618     4.7385   7.481118  0.000e+00
     90.400     9.2385    34.5810    26.7499 1.4652e-01    -0.0120      0.597    1488.10     73.610     4.7380   7.481119  0.000e+00
     90.400     9.2383    34.5810    26.7499 1.4652e-01    -0.0120      0.604    1488.10     73.604     4.7376   7.481119  0.000e+00
     90.400     9.2384    34.5810    26.7500 1.4652e-01    -0.0120      0.604    1488.10     73.599     4.7372   7.481120  0.000e+00
     90.390     9.2385    34.5808    26.7498 1.4652e-01    -0.0120      0.615    1488.10     73.594     4.7369   7.481120  0.000e+00
     90.387     9.2382    34.5809    26.7499 1.4652e-01    -0.0120      0.626    1488.10     73.590     4.7367   7.481121  0.000e+00
     90.400     9.2384    34.5809    26.7498 1.4652e-01    -0.0120      0.630    1488.10     73.587     4.7365   7.481121  0.000e+00
     90.400     9.2382    34.5812    26.7501 1.4652e-01    -0.0120      0.630    1488.10     73.585     4.7364   7.481122  0.000e+00
     90.400     9.2384    34.5807    26.7497 1.4652e-01    -0.0120      0.619    1488.10     73.646     4.7403   7.481122  0.000e+00
     90.390     9.2383    34.5809    26.7498 1.4652e-01    -0.0120      0.615    1488.10     73.652     4.7407   7.481123  0.000e+00
     90.387     9.2380    34.5813    26.7503 1.5873e-01    -0.0120      0.619    1488.10     73.597     4.7372   7.481123  0.000e+00
     90.387     9.2383    34.5813    26.7502 1.4652e-01    -0.0120      0.619    1488.10     73.660     4.7412   7.481124  0.000e+00
     90.387     9.2380    34.5812    26.7502 1.4652e-01    -0.0120      0.612    1488.10     73.668     4.7417   7.481124  0.000e+00
     90.387     9.2380    34.5813    26.7502 1.4652e-01    -0.0120      0.604    1488.10     73.677     4.7423   7.481125  0.000e+00
     90.379     9.2382    34.5812    26.7501 1.4652e-01    -0.0120      0.601    1488.10     73.687     4.7429   7.481125  0.000e+00
     90.387     9.2382    34.5811    26.7500 1.4652e-01    -0.0120      0.597    1488.10     73.697     4.7436   7.481126  0.000e+00
     90.387     9.2382    34.5809    26.7499 1.4652e-01    -0.0120      0.597    1488.10     73.707     4.7442   7.481126  0.000e+00
     90.376     9.2382    34.5810    26.7500 1.5873e-01    -0.0120      0.601    1488.10     73.718     4.7450   7.481127  0.000e+00
     90.390     9.2380    34.5814    26.7503 1.5873e-01    -0.0120      0.604    1488.10     73.730     4.7457   7.481127  0.000e+00
     90.387     9.2380    34.5810    26.7500 1.4652e-01    -0.0120      0.604    1488.10     73.804     4.7505   7.481128  0.000e+00
     90.376     9.2382    34.5813    26.7502 1.4652e-01    -0.0120      0.608    1488.10     73.824     4.7517   7.481128  0.000e+00
     90.376     9.2380    34.5812    26.7502 1.4652e-01    -0.0120      0.608    1488.10     73.775     4.7486   7.481128  0.000e+00
     90.376     9.2379    34.5814    26.7503 1.4652e-01    -0.0120      0.615    1488.10     73.850     4.7534   7.481129  0.000e+00
     90.366     9.2380    34.5817    26.7505 1.4652e-01    -0.0120      0.615    1488.10     73.863     4.7543   7.481129  0.000e+00
     90.376     9.2382    34.5810    26.7499 1.4652e-01    -0.0120      0.615    1488.10     73.876     4.7551   7.481130  0.000e+00
     90.376     9.2378    34.5815    26.7504 1.4652e-01    -0.0120      0.608    1488.10     73.890     4.7560   7.481130  0.000e+00
     90.376     9.2379    34.5817    26.7506 1.4652e-01    -0.0120      0.608    1488.10     73.903     4.7568   7.481131  0.000e+00
     90.376     9.2382    34.5811    26.7500 1.4652e-01    -0.0120      0.612    1488.10     73.916     4.7577   7.481131  0.000e+00
     90.366     9.2380    34.5815    26.7504 1.4652e-01    -0.0120      0.619    1488.10     73.991     4.7625   7.481132  0.000e+00
     90.376     9.2380    34.5813    26.7502 1.4652e-01    -0.0120      0.619    1488.10     74.011     4.7638   7.481132  0.000e+00
     90.363     9.2380    34.5815    26.7504 1.4652e-01    -0.0120      0.623    1488.10     74.030     4.7650   7.481133  0.000e+00
     90.363     9.2382    34.5813    26.7502 1.5873e-01    -0.0120      0.630    1488.10     73.988     4.7623   7.481133  0.000e+00
     90.366     9.2380    34.5813    26.7503 1.5873e-01    -0.0120      0.630    1488.10     74.062     4.7671   7.481134  0.000e+00
     90.376     9.2380    34.5810    26.7500 1.4652e-01    -0.0120      0.626    1488.10     74.081     4.7683   7.481134  0.000e+00
     90.363     9.2378    34.5815    26.7504 1.4652e-01    -0.0120      0.652    1488.10     74.100     4.7695   7.481135  0.000e+00
     90.363     9.2380    34.5813    26.7502 1.4652e-01    -0.0120      0.678    1488.10     74.111     4.7702   7.481135  0.000e+00
     90.363     9.2382    34.5812    26.7501 1.4652e-01    -0.0120      0.681    1488.10     74.121     4.7709   7.481136  0.000e+00
     90.366     9.2382    34.5811    26.7500 1.4652e-01    -0.0120      0.674    1488.10     74.139     4.7720   7.481136  0.000e+00
     90.363     9.2378    34.5813    26.7503 1.4652e-01    -0.0120      0.656    1488.09     74.149     4.7727   7.481137  0.000e+00
     90.351     9.2379    34.5814    26.7503 1.4652e-01    -0.0120      0.630    1488.09     74.219     4.7772   7.481137  0.000e+00
     90.363     9.2379    34.5810    26.7501 1.4652e-01    -0.0120      0.619    1488.09     74.173     4.7742   7.481138  0.000e+00
     90.366     9.2380    34.5812    26.7502 1.4652e-01    -0.0120      0.637    1488.10     74.235     4.7782   7.481138  0.000e+00
     90.363     9.2379    34.5812    26.7502 1.4652e-01    -0.0120      0.652    1488.09     74.187     4.7752   7.481139  0.000e+00
     90.351     9.2378    34.5812    26.7502 1.4652e-01    -0.0120      0.656    1488.09     74.255     4.7795   7.481139  0.000e+00
     90.363     9.2377    34.5814    26.7504 1.4652e-01    -0.0120      0.648    1488.09     74.267     4.7803   7.481140  0.000e+00
     90.351     9.2378    34.5813    26.7503 1.4652e-01    -0.0120      0.637    1488.09     74.271     4.7805   7.481140  0.000e+00
     90.366     9.2377    34.5812    26.7502 1.4652e-01    -0.0120      0.623    1488.09     74.274     4.7807   7.481141  0.000e+00
     90.363     9.2377    34.5814    26.7503 1.4652e-01    -0.0120      0.623    1488.09     74.283     4.7813   7.481141  0.000e+00
     90.351     9.2377    34.5815    26.7505 1.4652e-01    -0.0120      0.637    1488.09     74.283     4.7814   7.481141  0.000e+00
     90.363     9.2379    34.5810    26.7501 1.4652e-01    -0.0120      0.652    1488.09     74.283     4.7813   7.481142  0.000e+00
     90.351     9.2377    34.5812    26.7502 1.4652e-01    -0.0120      0.659    1488.09     74.282     4.7813   7.481142  0.000e+00
     90.355     9.2379    34.5814    26.7504 1.4652e-01    -0.0120      0.659    1488.10     74.279     4.7811   7.481143  0.000e+00
     90.351     9.2375    34.5815    26.7505 1.4652e-01    -0.0120      0.652    1488.09     74.275     4.7809   7.481143  0.000e+00
     90.363     9.2376    34.5817    26.7506 1.4652e-01    -0.0120      0.645    1488.09     74.271     4.7805   7.481144  0.000e+00
     90.351     9.2378    34.5815    26.7504 1.4652e-01    -0.0120      0.637    1488.09     74.264     4.7801   7.481144  0.000e+00
     90.355     9.2377    34.5813    26.7503 1.4652e-01    -0.0120      0.630    1488.09     74.257     4.7797   7.481145  0.000e+00
     90.363     9.2376    34.5814    26.7504 1.4652e-01    -0.0120      0.626    1488.09     74.249     4.7792   7.481145  0.000e+00
     90.351     9.2378    34.5814    26.7504 1.4652e-01    -0.0120      0.619    1488.09     74.247     4.7790   7.481146  0.000e+00
     90.363     9.2376    34.5813    26.7503 1.4652e-01    -0.0120      0.612    1488.09     74.244     4.7788   7.481146  0.000e+00
     90.351     9.2378    34.5811    26.7501 1.4652e-01    -0.0120      0.612    1488.09     74.232     4.7781   7.481147  0.000e+00
     90.366     9.2377    34.5813    26.7503 1.4652e-01    -0.0120      0.615    1488.09     74.227     4.7777   7.481147  0.000e+00
     90.351     9.2377    34.5816    26.7505 1.4652e-01    -0.0120      0.619    1488.09     74.221     4.7773   7.481148  0.000e+00
     90.363     9.2376    34.5818    26.7507 1.4652e-01    -0.0120      0.619    1488.09     74.214     4.7769   7.481148  0.000e+00
     90.363     9.2377    34.5816    26.7505 1.4652e-01    -0.0120      0.612    1488.09     74.206     4.7764   7.481149  0.000e+00
     90.355     9.2376    34.5815    26.7505 1.4652e-01    -0.0120      0.604    1488.09     74.198     4.7759   7.481149  0.000e+00
     90.376     9.2377    34.5812    26.7502 1.4652e-01    -0.0120      0.597    1488.09     74.188     4.7753   7.481150  0.000e+00
     90.363     9.2377    34.5810    26.7501 1.4652e-01    -0.0120      0.593    1488.09     74.178     4.7746   7.481150  0.000e+00
     90.363     9.2379    34.5811    26.7501 1.4652e-01    -0.0120      0.601    1488.09     74.167     4.7738   7.481151  0.000e+00
     90.363     9.2377    34.5816    26.7505 1.4652e-01    -0.0120      0.608    1488.09     74.162     4.7735   7.481151  0.000e+00
     90.366     9.2377    34.5814    26.7503 1.4652e-01    -0.0120      0.608    1488.09     74.156     4.7732   7.481152  0.000e+00
     90.363     9.2378    34.5811    26.7502 1.4652e-01    -0.0120      0.608    1488.09     74.205     4.7763   7.481152  0.000e+00
     90.363     9.2377    34.5816    26.7505 1.4652e-01    -0.0120      0.608    1488.09     74.205     4.7763   7.481153  0.000e+00
     90.376     9.2378    34.5812    26.7502 1.4652e-01    -0.0120      0.608    1488.09     74.203     4.7762   7.481153  0.000e+00
     90.363     9.2377    34.5816    26.7505 1.4652e-01    -0.0120      0.608    1488.09     74.201     4.7761   7.481154  0.000e+00
     90.379     9.2379    34.5812    26.7502 1.4652e-01    -0.0120      0.608    1488.10     74.199     4.7759   7.481154  0.000e+00
     90.363     9.2378    34.5809    26.7500 1.4652e-01    -0.0120      0.601    1488.09     74.195     4.7757   7.481155  0.000e+00
     90.376     9.2379    34.5813    26.7503 1.4652e-01    -0.0120      0.608    1488.10     74.190     4.7754   7.481155  0.000e+00
     90.376     9.2378    34.5815    26.7505 1.4652e-01    -0.0120      0.623    1488.10     74.192     4.7755   7.481155  0.000e+00
     90.366     9.2377    34.5813    26.7503 1.4652e-01    -0.0120      0.626    1488.09     74.193     4.7755   7.481156  0.000e+00
     90.376     9.2377    34.5813    26.7503 1.4652e-01    -0.0120      0.630    1488.09     74.194     4.7756   7.481156  0.000e+00
     90.376     9.2377    34.5816    26.7505 1.5873e-01    -0.0120      0.652    1488.10     74.187     4.7751   7.481157  0.000e+00
     90.376     9.2380    34.5813    26.7503 1.5873e-01    -0.0120      0.685    1488.10     74.247     4.7790   7.481157  0.000e+00
     90.387     9.2379    34.5815    26.7504 1.5873e-01    -0.0120      0.703    1488.10     74.191     4.7754   7.481158  0.000e+00
     90.366     9.2377    34.5813    26.7503 1.5873e-01    -0.0120      0.703    1488.09     74.250     4.7792   7.481158  0.000e+00
     90.376     9.2378    34.5815    26.7504 1.4652e-01    -0.0120      0.696    1488.10     74.254     4.7794   7.481159  0.000e+00
     90.387     9.2377    34.5816    26.7505 1.4652e-01    -0.0120      0.681    1488.10     74.257     4.7796   7.481159  0.000e+00
     90.376     9.2378    34.5811    26.7501 1.4652e-01    -0.0120      0.663    1488.09     74.259     4.7798   7.481160  0.000e+00
     90.387     9.2377    34.5814    26.7504 1.4652e-01    -0.0120      0.637    1488.10     74.198     4.7759   7.481160  0.000e+00
     90.379     9.2377    34.5814    26.7504 1.4652e-01    -0.0120      0.615    1488.09     74.261     4.7799   7.481161  0.000e+00
     90.376     9.2379    34.5814    26.7503 1.4652e-01    -0.0120      0.604    1488.10     74.199     4.7759   7.481161  0.000e+00
     90.387     9.2378    34.5815    26.7504 1.4652e-01    -0.0120      0.601    1488.10     74.199     4.7759   7.481162  0.000e+00
     90.387     9.2379    34.5812    26.7502 1.4652e-01    -0.0120      0.597    1488.10     74.191     4.7754   7.481162  0.000e+00
     90.390     9.2377    34.5812    26.7502 1.4652e-01    -0.0120      0.593    1488.09     74.252     4.7793   7.481163  0.000e+00
     90.376     9.2380    34.5811    26.7501 1.4652e-01    -0.0120      0.593    1488.10     74.195     4.7757   7.481163  0.000e+00
     90.387     9.2379    34.5813    26.7503 1.4652e-01    -0.0120      0.597    1488.10     74.255     4.7795   7.481164  0.000e+00
     90.387     9.2378    34.5815    26.7505 1.4652e-01    -0.0120      0.597    1488.10     74.198     4.7758   7.481164  0.000e+00
     90.387     9.2377    34.5816    26.7505 1.4652e-01    -0.0120      0.597    1488.10     74.195     4.7756   7.481165  0.000e+00
     90.390     9.2378    34.5813    26.7502 1.4652e-01    -0.0120      0.593    1488.10     74.192     4.7754   7.481165  0.000e+00
     90.387     9.2379    34.5813    26.7503 1.4652e-01    -0.0120      0.593    1488.10     74.250     4.7792   7.481166  0.000e+00
     90.387     9.2380    34.5813    26.7503 1.4652e-01    -0.0120      0.601    1488.10     74.191     4.7754   7.481166  0.000e+00
     90.387     9.2378    34.5812    26.7502 1.4652e-01    -0.0120      0.604    1488.10     74.187     4.7751   7.481167  0.000e+00
     90.387     9.2377    34.5814    26.7504 1.4652e-01    -0.0120      0.604    1488.10     74.182     4.7748   7.481167  0.000e+00
     90.390     9.2378    34.5813    26.7502 1.4652e-01    -0.0120      0.601    1488.10     74.177     4.7745   7.481168  0.000e+00
     90.387     9.2380    34.5812    26.7502 1.4652e-01    -0.0120      0.597    1488.10     74.172     4.7742   7.481168  0.000e+00
     90.387     9.2377    34.5817    26.7506 1.4652e-01    -0.0120      0.593    1488.10     74.228     4.7778   7.481168  0.000e+00
     90.400     9.2380    34.5810    26.7500 1.4652e-01    -0.0120      0.590    1488.10     74.167     4.7739   7.481169  0.000e+00
     90.390     9.2378    34.5815    26.7504 1.4652e-01    -0.0120      0.590    1488.10     74.161     4.7735   7.481169  0.000e+00
     90.400     9.2377    34.5816    26.7505 1.4652e-01    -0.0120      0.597    1488.10     74.155     4.7731   7.481170  0.000e+00
     90.387     9.2380    34.5811    26.7501 1.4652e-01    -0.0108      0.601    1488.10     74.147     4.7726   7.481170  0.000e+00
     90.387     9.2378    34.5814    26.7503 1.4652e-01    -0.0120      0.604    1488.10     74.202     4.7761   7.481171  0.000e+00
     90.400     9.2380    34.5813    26.7503 1.4652e-01    -0.0120      0.612    1488.10     74.140     4.7721   7.481171  0.000e+00
     90.390     9.2380    34.5813    26.7503 1.4652e-01    -0.0120      0.619    1488.10     74.131     4.7716   7.481172  0.000e+00
     90.387     9.2379    34.5814    26.7504 1.5873e-01    -0.0120      0.630    1488.10     74.123     4.7710   7.481172  0.000e+00
     90.387     9.2378    34.5815    26.7505 1.4652e-01    -0.0120      0.637    1488.10     74.114     4.7705   7.481173  0.000e+00
     90.400     9.2382    34.5811    26.7500 1.4652e-01    -0.0120      0.637    1488.10     74.106     4.7699   7.481173  0.000e+00
     90.387     9.2382    34.5812    26.7501 1.4652e-01    -0.0120      0.630    1488.10     74.096     4.7693   7.481174  0.000e+00
