RAWDATA/20190107/SF1_20190108_down.cnv
* Sea-Bird SBE 9 Data File:
* FileName = C:\CTD Brukere\NIVA\OKOKYST2019\20190107\SF1_20190108.hex
* Software Version Seasave V 7.23.2
* Temperature SN = 5352
* Conductivity SN = 3840
* Number of Bytes Per Scan = 28
* Number of Voltage Words = 4
* Number of Scans Averaged by the Deck Unit = 1
* NMEA baud rate = 4800
** Ship: R/V Trygve Braarud
** Cruise:
** Station:
** Operator:
# nquan = 12
# nvalues = 2810                                  
# units = specified
# name 0 = depSM: Depth [salt water, m], lat = 59.60
# name 1 = t090C: Temperature [ITS-90, deg C]
# name 2 = sal00: Salinity, Practical [PSU]
# name 3 = sigma-t00: Density [sigma-t, kg/m^3 ]
# name 4 = flSP: Fluorescence, Seapoint
# name 5 = wetStar: Fluorescence, WET Labs WETstar [mg/m^3]
# name 6 = seaTurbMtr: Turbidity, Seapoint [FTU]
# name 7 = svCM: Sound Velocity [Chen-Millero, m/s]
# name 8 = sbeox0PS: Oxygen, SBE 43 [% saturation]
# name 9 = sbeox0ML/L: Oxygen, SBE 43 [ml/l]
# name 10 = timeJ: Julian Days
# name 11 = flag:  0.000e+00
# span 0 =      0.040,     49.886                 
# span 1 =     6.0192,     8.8419                 
# span 2 =    31.8302,    34.5432                 
# span 3 =    25.0461,    26.8094                 
# span 4 = 1.4652e-01, 5.1282e-01                 
# span 5 =     0.1200,     0.2336                 
# span 6 =      0.597,      1.685                 
# span 7 =    1470.83,    1485.55                 
# span 8 =     81.106,     88.757                 
# span 9 =     5.2919,     6.1921                 
# span 10 =   8.617025,   8.618380                
# span 11 = 0.0000e+00, 0.0000e+00                
# interval = seconds: 0.0416667
# start_time = Jan 08 2019 14:48:31 [System UpLoad Time]
# bad_flag = -9.990e-29
*END*
[from data line 1925]
     34.973     8.7585    34.4478    26.7239 1.5873e-01     0.1200      0.788    1485.21     85.726     5.5827   8.617954  0.000e+00
     34.998     8.7587    34.4477    26.7239 1.5873e-01     0.1200      0.784    1485.21     85.724     5.5825   8.617954  0.000e+00
     35.011     8.7587    34.4464    26.7229 1.7094e-01     0.1200      0.791    1485.21     85.719     5.5822   8.617955  0.000e+00
     35.047     8.7584    34.4465    26.7230 1.7094e-01     0.1200      0.795    1485.21     85.720     5.5823   8.617955  0.000e+00
     35.058     8.7587    34.4470    26.7234 1.7094e-01     0.1200      0.788    1485.21     85.718     5.5821   8.617956  0.000e+00
     35.082     8.7590    34.4472    26.7234 1.5873e-01     0.1200      0.788    1485.21     85.714     5.5818   8.617956  0.000e+00
     35.094     8.7589    34.4469    26.7232 1.5873e-01     0.1200      0.799    1485.21     85.769     5.5855   8.617957  0.000e+00
     35.131     8.7589    34.4460    26.7225 1.5873e-01     0.1200      0.817    1485.21     85.707     5.5814   8.617957  0.000e+00
     35.142     8.7587    34.4456    26.7222 1.5873e-01     0.1200      0.824    1485.21     85.697     5.5808   8.617958  0.000e+00
     35.167     8.7587    34.4453    26.7220 1.5873e-01     0.1200      0.828    1485.21     85.684     5.5800   8.617958  0.000e+00
     35.191     8.7587    34.4442    26.7211 1.5873e-01     0.1200      0.832    1485.21     85.739     5.5836   8.617959  0.000e+00
     35.214     8.7585    34.4424    26.7198 1.5873e-01     0.1200      0.813    1485.21     85.737     5.5835   8.617959  0.000e+00
     35.227     8.7584    34.4426    26.7199 1.5873e-01     0.1200      0.795    1485.21     85.733     5.5833   8.617960  0.000e+00
     35.262     8.7582    34.4451    26.7219 1.5873e-01     0.1200      0.784    1485.21     85.727     5.5828   8.617960  0.000e+00
     35.262     8.7582    34.4482    26.7244 1.5873e-01     0.1200      0.784    1485.21     85.718     5.5822   8.617961  0.000e+00
     35.298     8.7584    34.4497    26.7255 1.5873e-01     0.1200      0.795    1485.22     85.715     5.5819   8.617961  0.000e+00
     35.322     8.7589    34.4499    26.7256 1.5873e-01     0.1200      0.799    1485.22     85.711     5.5815   8.617962  0.000e+00
     35.347     8.7593    34.4498    26.7255 1.5873e-01     0.1200      0.799    1485.22     85.766     5.5851   8.617962  0.000e+00
     35.358     8.7593    34.4497    26.7253 1.5873e-01     0.1200      0.799    1485.22     85.703     5.5810   8.617962  0.000e+00
     35.382     8.7595    34.4494    26.7251 1.5873e-01     0.1200      0.799    1485.22     85.754     5.5843   8.617963  0.000e+00
     35.407     8.7595    34.4494    26.7251 1.5873e-01     0.1200      0.791    1485.22     85.687     5.5800   8.617963  0.000e+00
     35.407     8.7597    34.4488    26.7245 1.5873e-01     0.1200      0.784    1485.22     85.734     5.5830   8.617964  0.000e+00
     35.454     8.7593    34.4487    26.7245 1.5873e-01     0.1200      0.784    1485.22     85.726     5.5825   8.617964  0.000e+00
     35.467     8.7592    34.4492    26.7250 1.5873e-01     0.1200      0.780    1485.22     85.722     5.5823   8.617965  0.000e+00
     35.490     8.7592    34.4486    26.7245 1.5873e-01     0.1200      0.773    1485.22     85.716     5.5819   8.617965  0.000e+00
     35.503     8.7590    34.4490    26.7248 1.5873e-01     0.1200      0.773    1485.22     85.709     5.5814   8.617966  0.000e+00
     35.527     8.7595    34.4484    26.7243 1.5873e-01     0.1200      0.791    1485.22     85.700     5.5808   8.617966  0.000e+00
     35.550     8.7593    34.4482    26.7242 1.5873e-01     0.1200      0.813    1485.22     85.689     5.5801   8.617967  0.000e+00
     35.574     8.7592    34.4496    26.7253 1.5873e-01     0.1200      0.832    1485.22     85.677     5.5793   8.617967  0.000e+00
     35.587     8.7593    34.4504    26.7259 1.5873e-01     0.1200      0.832    1485.22     85.670     5.5788   8.617968  0.000e+00
     35.610     8.7597    34.4502    26.7257 1.5873e-01     0.1200      0.821    1485.23     85.661     5.5782   8.617968  0.000e+00
     35.647     8.7597    34.4502    26.7257 1.5873e-01     0.1200      0.813    1485.23     85.651     5.5776   8.617969  0.000e+00
     35.658     8.7593    34.4500    26.7255 1.5873e-01     0.1200      0.813    1485.23     85.640     5.5769   8.617969  0.000e+00
     35.683     8.7597    34.4495    26.7251 1.5873e-01     0.1200      0.810    1485.23     85.635     5.5765   8.617970  0.000e+00
     35.694     8.7598    34.4477    26.7237 1.5873e-01     0.1200      0.806    1485.23     85.628     5.5761   8.617970  0.000e+00
     35.730     8.7593    34.4464    26.7228 1.5873e-01     0.1200      0.802    1485.22     85.620     5.5757   8.617971  0.000e+00
     35.743     8.7590    34.4447    26.7215 1.5873e-01     0.1200      0.799    1485.22     85.672     5.5792   8.617971  0.000e+00
     35.766     8.7584    34.4452    26.7219 1.5873e-01     0.1200      0.799    1485.22     85.669     5.5790   8.617972  0.000e+00
     35.790     8.7577    34.4471    26.7235 1.7094e-01     0.1200      0.799    1485.22     85.603     5.5747   8.617972  0.000e+00
     35.814     8.7571    34.4487    26.7249 1.5873e-01     0.1200      0.799    1485.22     85.651     5.5779   8.617973  0.000e+00
     35.850     8.7572    34.4492    26.7253 1.5873e-01     0.1200      0.791    1485.22     85.651     5.5779   8.617973  0.000e+00
     35.850     8.7571    34.4500    26.7259 1.5873e-01     0.1200      0.784    1485.22     85.649     5.5777   8.617974  0.000e+00
     35.886     8.7569    34.4504    26.7262 1.5873e-01     0.1200      0.777    1485.22     85.646     5.5776   8.617974  0.000e+00
     35.910     8.7572    34.4508    26.7265 1.5873e-01     0.1200      0.780    1485.22     85.643     5.5773   8.617975  0.000e+00
     35.923     8.7574    34.4509    26.7266 1.5873e-01     0.1200      0.788    1485.22     85.699     5.5809   8.617975  0.000e+00
     35.946     8.7579    34.4509    26.7265 1.5873e-01     0.1200      0.795    1485.23     85.638     5.5769   8.617976  0.000e+00
     35.981     8.7585    34.4512    26.7267 1.5873e-01     0.1200      0.795    1485.23     85.638     5.5768   8.617976  0.000e+00
     35.994     8.7590    34.4513    26.7266 1.5873e-01     0.1200      0.795    1485.23     85.637     5.5766   8.617976  0.000e+00
     36.019     8.7597    34.4509    26.7262 1.5873e-01     0.1200      0.791    1485.23     85.696     5.5804   8.617977  0.000e+00
     36.054     8.7597    34.4513    26.7265 1.5873e-01     0.1200      0.788    1485.23     85.700     5.5807   8.617977  0.000e+00
     36.066     8.7599    34.4505    26.7259 1.5873e-01     0.1200      0.788    1485.24     85.702     5.5808   8.617978  0.000e+00
     36.090     8.7599    34.4506    26.7259 1.5873e-01     0.1200      0.780    1485.24     85.703     5.5809   8.617978  0.000e+00
     36.115     8.7599    34.4504    26.7258 1.5873e-01     0.1200      0.784    1485.24     85.704     5.5809   8.617979  0.000e+00
     36.139     8.7598    34.4497    26.7253 1.5873e-01     0.1200      0.868    1485.24     85.703     5.5809   8.617979  0.000e+00
     36.150     8.7585    34.4508    26.7263 1.4652e-01     0.1200      0.971    1485.23     85.701     5.5809   8.617980  0.000e+00
     36.186     8.7577    34.4507    26.7264 1.5873e-01     0.1200      0.982    1485.23     85.766     5.5853   8.617980  0.000e+00
     36.199     8.7572    34.4496    26.7256 1.5873e-01     0.1200      0.927    1485.23     85.769     5.5855   8.617981  0.000e+00
     36.246     8.7572    34.4502    26.7260 1.5873e-01     0.1200      0.872    1485.23     85.770     5.5856   8.617981  0.000e+00
     36.259     8.7574    34.4506    26.7264 1.5873e-01     0.1200      0.835    1485.23     85.770     5.5855   8.617982  0.000e+00
     36.283     8.7576    34.4508    26.7264 1.5873e-01     0.1200      0.813    1485.23     85.775     5.5859   8.617982  0.000e+00
     36.295     8.7576    34.4509    26.7265 1.5873e-01     0.1200      0.817    1485.23     85.779     5.5861   8.617983  0.000e+00
     36.319     8.7576    34.4501    26.7259 1.5873e-01     0.1200      0.821    1485.23     85.783     5.5864   8.617983  0.000e+00
     36.353     8.7564    34.4510    26.7268 1.5873e-01     0.1200      0.824    1485.23     85.785     5.5866   8.617984  0.000e+00
     36.355     8.7559    34.4511    26.7270 1.5873e-01     0.1200      0.821    1485.23     85.847     5.5907   8.617984  0.000e+00
     36.402     8.7555    34.4513    26.7272 1.5873e-01     0.1200      0.813    1485.23     85.853     5.5912   8.617985  0.000e+00
     36.413     8.7550    34.4517    26.7276 1.7094e-01     0.1200      0.799    1485.22     85.858     5.5916   8.617985  0.000e+00
     36.439     8.7543    34.4523    26.7281 1.5873e-01     0.1200      0.788    1485.22     85.869     5.5923   8.617986  0.000e+00
     36.451     8.7542    34.4521    26.7281 1.5873e-01     0.1200      0.788    1485.22     85.871     5.5925   8.617986  0.000e+00
     36.486     8.7540    34.4522    26.7281 1.5873e-01     0.1200      0.791    1485.22     85.879     5.5930   8.617987  0.000e+00
     36.522     8.7533    34.4526    26.7286 1.5873e-01     0.1200      0.784    1485.22     85.879     5.5931   8.617987  0.000e+00
     36.522     8.7537    34.4529    26.7288 1.5873e-01     0.1200      0.777    1485.22     85.884     5.5934   8.617988  0.000e+00
     36.546     8.7539    34.4532    26.7290 1.5873e-01     0.1200      0.773    1485.22     85.889     5.5936   8.617988  0.000e+00
     36.582     8.7545    34.4529    26.7286 1.5873e-01     0.1200      0.773    1485.23     85.892     5.5938   8.617989  0.000e+00
     36.595     8.7548    34.4528    26.7285 1.5873e-01     0.1200      0.773    1485.23     85.955     5.5979   8.617989  0.000e+00
     36.619     8.7555    34.4529    26.7284 1.5873e-01     0.1200      0.773    1485.23     85.901     5.5943   8.617989  0.000e+00
     36.642     8.7556    34.4530    26.7285 1.5873e-01     0.1200      0.780    1485.23     85.901     5.5942   8.617990  0.000e+00
     36.679     8.7555    34.4539    26.7292 1.7094e-01     0.1200      0.784    1485.23     85.960     5.5981   8.617990  0.000e+00
     36.702     8.7559    34.4549    26.7299 1.5873e-01     0.1200      0.780    1485.24     85.964     5.5982   8.617991  0.000e+00
     36.702     8.7567    34.4566    26.7312 1.5873e-01     0.1200      0.777    1485.24     85.966     5.5982   8.617991  0.000e+00
     36.751     8.7579    34.4582    26.7322 1.5873e-01     0.1200      0.777    1485.25     85.967     5.5981   8.617992  0.000e+00
     36.774     8.7592    34.4589    26.7326 1.7094e-01     0.1200      0.799    1485.25     85.905     5.5938   8.617992  0.000e+00
     36.787     8.7603    34.4575    26.7313 1.7094e-01     0.1200      0.799    1485.26     85.957     5.5971   8.617993  0.000e+00
     36.809     8.7606    34.4574    26.7312 1.5873e-01     0.1200      0.795    1485.26     85.954     5.5969   8.617993  0.000e+00
     36.835     8.7609    34.4583    26.7319 1.7094e-01     0.1200      0.802    1485.26     85.888     5.5925   8.617994  0.000e+00
     36.858     8.7617    34.4586    26.7320 1.5873e-01     0.1200      0.813    1485.27     85.937     5.5956   8.617994  0.000e+00
     36.882     8.7622    34.4581    26.7315 1.7094e-01     0.1200      0.821    1485.27     85.937     5.5955   8.617995  0.000e+00
     36.907     8.7626    34.4592    26.7323 1.5873e-01     0.1200      0.810    1485.27     85.935     5.5954   8.617995  0.000e+00
     36.929     8.7639    34.4597    26.7325 1.5873e-01     0.1200      0.795    1485.28     85.926     5.5946   8.617996  0.000e+00
     36.942     8.7646    34.4615    26.7337 1.5873e-01     0.1200      0.784    1485.28     85.922     5.5941   8.617996  0.000e+00
     36.978     8.7663    34.4657    26.7368 1.5873e-01     0.1200      0.777    1485.29     85.917     5.5935   8.617997  0.000e+00
     36.991     8.7680    34.4698    26.7397 1.5873e-01     0.1200      0.777    1485.30     85.910     5.5927   8.617997  0.000e+00
     37.014     8.7693    34.4725    26.7416 1.5873e-01     0.1200      0.777    1485.31     85.903     5.5919   8.617998  0.000e+00
     37.027     8.7698    34.4732    26.7421 1.5873e-01     0.1200      0.777    1485.32     85.894     5.5913   8.617998  0.000e+00
     37.063     8.7705    34.4728    26.7417 1.5873e-01     0.1200      0.773    1485.32     85.831     5.5871   8.617999  0.000e+00
     37.098     8.7708    34.4718    26.7409 1.5873e-01     0.1200      0.777    1485.32     85.875     5.5900   8.617999  0.000e+00
     37.087     8.7703    34.4702    26.7397 1.5873e-01     0.1200      0.777    1485.31     85.802     5.5853   8.618000  0.000e+00
     37.134     8.7696    34.4705    26.7400 1.5873e-01     0.1200      0.777    1485.31     85.845     5.5882   8.618000  0.000e+00
     37.147     8.7700    34.4718    26.7410 1.5873e-01     0.1200      0.784    1485.32     85.838     5.5877   8.618001  0.000e+00
     37.170     8.7701    34.4739    26.7426 1.7094e-01     0.1200      0.791    1485.32     85.831     5.5871   8.618001  0.000e+00
     37.183     8.7709    34.4743    26.7428 1.7094e-01     0.1200      0.799    1485.32     85.823     5.5865   8.618002  0.000e+00
     37.218     8.7708    34.4736    26.7422 1.8315e-01     0.1200      0.795    1485.32     85.815     5.5860   8.618002  0.000e+00
     37.231     8.7701    34.4720    26.7411 1.7094e-01     0.1200      0.795    1485.32     85.805     5.5855   8.618003  0.000e+00
     37.254     8.7696    34.4709    26.7403 1.7094e-01     0.1200      0.802    1485.32     85.795     5.5849   8.618003  0.000e+00
     37.267     8.7691    34.4710    26.7405 1.7094e-01     0.1200      0.821    1485.31     85.783     5.5842   8.618003  0.000e+00
     37.301     8.7691    34.4710    26.7405 1.7094e-01     0.1200      0.832    1485.32     85.779     5.5839   8.618004  0.000e+00
     37.327     8.7696    34.4728    26.7418 1.7094e-01     0.1200      0.824    1485.32     85.773     5.5834   8.618004  0.000e+00
     37.326     8.7705    34.4756    26.7439 1.5873e-01     0.1200      0.806    1485.33     85.767     5.5828   8.618005  0.000e+00
     37.363     8.7709    34.4779    26.7456 1.5873e-01     0.1200      0.802    1485.33     85.760     5.5822   8.618005  0.000e+00
     37.374     8.7716    34.4779    26.7455 1.7094e-01     0.1200      0.802    1485.33     85.753     5.5817   8.618006  0.000e+00
     37.412     8.7721    34.4771    26.7448 1.7094e-01     0.1200      0.806    1485.34     85.745     5.5811   8.618006  0.000e+00
     37.410     8.7722    34.4769    26.7446 1.7094e-01     0.1200      0.806    1485.34     85.736     5.5806   8.618007  0.000e+00
     37.447     8.7722    34.4769    26.7446 1.7094e-01     0.1200      0.810    1485.34     85.727     5.5800   8.618007  0.000e+00
     37.446     8.7722    34.4758    26.7438 1.5873e-01     0.1200      0.806    1485.33     85.725     5.5799   8.618008  0.000e+00
     37.496     8.7719    34.4755    26.7436 1.5873e-01     0.1200      0.832    1485.33     85.722     5.5798   8.618008  0.000e+00
     37.506     8.7718    34.4745    26.7428 1.5873e-01     0.1200      0.850    1485.33     85.719     5.5796   8.618009  0.000e+00
     37.519     8.7719    34.4739    26.7423 1.5873e-01     0.1200      0.846    1485.33     85.716     5.5794   8.618009  0.000e+00
     37.541     8.7719    34.4730    26.7416 1.5873e-01     0.1200      0.828    1485.33     85.712     5.5792   8.618010  0.000e+00
     37.567     8.7714    34.4732    26.7418 1.5873e-01     0.1200      0.821    1485.33     85.709     5.5790   8.618010  0.000e+00
     37.590     8.7718    34.4738    26.7423 1.5873e-01     0.1200      0.821    1485.33     85.705     5.5787   8.618011  0.000e+00
     37.603     8.7724    34.4747    26.7429 1.4652e-01     0.1200      0.813    1485.34     85.761     5.5823   8.618011  0.000e+00
