RAWDATA/20190107/SF1_20190108_down.cnv
* Sea-Bird SBE 9 Data File:
* FileName = C:\CTD Brukere\NIVA\OKOKYST2019\20190107\SF1_20190108.hex
* Software Version Seasave V 7.23.2
* Temperature SN = 5352
* Conductivity SN = 3840
* Number of Bytes Per Scan = 28
* Number of Voltage Words = 4
* Number of Scans Averaged by the Deck Unit = 1
* NMEA baud rate = 4800
** Ship: R/V Trygve Braarud
** Cruise:
** Station:
** Operator:
# nquan = 12
# nvalues = 2810                                  
# units = specified
# name 0 = depSM: Depth [salt water, m], lat = 59.60
# name 1 = t090C: Temperature [ITS-90, deg C]
# name 2 = sal00: Salinity, Practical [PSU]
# name 3 = sigma-t00: Density [sigma-t, kg/m^3 ]
# name 4 = flSP: Fluorescence, Seapoint
# name 5 = wetStar: Fluorescence, WET Labs WETstar [mg/m^3]
# name 6 = seaTurbMtr: Turbidity, Seapoint [FTU]
# name 7 = svCM: Sound Velocity [Chen-Millero, m/s]
# name 8 = sbeox0PS: Oxygen, SBE 43 [% saturation]
# name 9 = sbeox0ML/L: Oxygen, SBE 43 [ml/l]
# name 10 = timeJ: Julian Days
# name 11 = flag:  0.000e+00
# span 0 =      0.040,     49.886                 
# span 1 =     6.0192,     8.8419                 
# span 2 =    31.8302,    34.5432                 
# span 3 =    25.0461,    26.8094                 
# span 4 = 1.4652e-01, 5.1282e-01                 
# span 5 =     0.1200,     0.2336                 
# span 6 =      0.597,      1.685                 
# span 7 =    1470.83,    1485.55                 
# span 8 =     81.106,     88.757                 
# span 9 =     5.2919,     6.1921                 
# span 10 =   8.617025,   8.618380                
# span 11 = 0.0000e+00, 0.0000e+00                
# interval = seconds: 0.0416667
# start_time = Jan 08 2019 14:48:31 [System UpLoad Time]
# bad_flag = -9.990e-29
*END*
[from data line 2527]
     48.379     8.6990    34.5395    26.8052 1.5873e-01     0.1200      0.886    1485.32     86.707     5.6506   8.618244  0.000e+00
     48.383     8.6969    34.5400    26.8059 1.5873e-01     0.1200      0.890    1485.32     86.703     5.6507   8.618245  0.000e+00
     48.415     8.6948    34.5409    26.8069 1.7094e-01     0.1200      0.894    1485.31     86.699     5.6506   8.618245  0.000e+00
     48.454     8.6937    34.5409    26.8071 1.5873e-01     0.1200      0.897    1485.31     86.756     5.6544   8.618246  0.000e+00
     48.466     8.6922    34.5411    26.8075 1.5873e-01     0.1200      0.908    1485.30     86.756     5.6547   8.618246  0.000e+00
     48.488     8.6914    34.5412    26.8077 1.5873e-01     0.1200      0.919    1485.30     86.756     5.6547   8.618247  0.000e+00
     48.503     8.6903    34.5412    26.8079 1.5873e-01     0.1200      0.912    1485.30     86.754     5.6547   8.618247  0.000e+00
     48.535     8.6892    34.5414    26.8082 1.5873e-01     0.1200      0.919    1485.29     86.751     5.6547   8.618247  0.000e+00
     48.563     8.6883    34.5421    26.8089 1.5873e-01     0.1200      0.916    1485.29     86.747     5.6545   8.618248  0.000e+00
     48.586     8.6890    34.5424    26.8090 1.7094e-01     0.1200      0.908    1485.29     86.680     5.6501   8.618248  0.000e+00
     48.609     8.6903    34.5431    26.8094 1.5873e-01     0.1200      0.908    1485.30     86.729     5.6530   8.618249  0.000e+00
     48.635     8.6922    34.5427    26.8088 1.5873e-01     0.1200      0.908    1485.31     86.728     5.6528   8.618249  0.000e+00
     48.669     8.6929    34.5414    26.8076 1.5873e-01     0.1200      0.919    1485.31     86.659     5.6482   8.618250  0.000e+00
     48.683     8.6932    34.5415    26.8077 1.5873e-01     0.1200      0.956    1485.31     86.643     5.6471   8.618250  0.000e+00
     48.719     8.6937    34.5412    26.8074 1.5873e-01     0.1200      0.996    1485.31     86.633     5.6464   8.618251  0.000e+00
     48.729     8.6933    34.5410    26.8073 1.5873e-01     0.1200      1.026    1485.31     86.623     5.6458   8.618251  0.000e+00
     48.755     8.6926    34.5406    26.8070 1.5873e-01     0.1200      0.996    1485.31     86.673     5.6492   8.618252  0.000e+00
     48.791     8.6917    34.5412    26.8077 1.5873e-01     0.1200      0.952    1485.31     86.669     5.6490   8.618252  0.000e+00
     48.813     8.6912    34.5408    26.8074 1.5873e-01     0.1200      0.934    1485.30     86.656     5.6483   8.618253  0.000e+00
     48.826     8.6911    34.5406    26.8073 1.5873e-01     0.1200      0.919    1485.30     86.588     5.6438   8.618253  0.000e+00
     48.836     8.6911    34.5414    26.8079 1.5873e-01     0.1200      0.916    1485.30     86.573     5.6429   8.618254  0.000e+00
     48.886     8.6914    34.5415    26.8080 1.5873e-01     0.1200      0.912    1485.31     86.559     5.6419   8.618254  0.000e+00
     48.899     8.6919    34.5406    26.8072 1.5873e-01     0.1200      0.905    1485.31     86.543     5.6408   8.618255  0.000e+00
     48.934     8.6911    34.5413    26.8078 1.5873e-01     0.1200      0.905    1485.31     86.535     5.6403   8.618255  0.000e+00
     48.960     8.6909    34.5412    26.8078 1.5873e-01     0.1200      0.919    1485.30     86.526     5.6398   8.618256  0.000e+00
     48.971     8.6915    34.5423    26.8085 1.5873e-01     0.1200      0.934    1485.31     86.516     5.6390   8.618256  0.000e+00
     48.994     8.6933    34.5419    26.8080 1.5873e-01     0.1200      0.938    1485.32     86.506     5.6382   8.618257  0.000e+00
     49.020     8.6944    34.5405    26.8067 1.5873e-01     0.1200      0.963    1485.32     86.496     5.6375   8.618257  0.000e+00
     49.031     8.6940    34.5387    26.8053 1.5873e-01     0.1200      1.000    1485.31     86.486     5.6369   8.618258  0.000e+00
     49.077     8.6919    34.5390    26.8059 1.5873e-01     0.1200      1.015    1485.31     86.476     5.6365   8.618258  0.000e+00
     49.067     8.6903    34.5407    26.8075 1.5873e-01     0.1200      1.004    1485.30     86.465     5.6359   8.618259  0.000e+00
     49.104     8.6917    34.5418    26.8081 1.5873e-01     0.1200      0.982    1485.31     86.454     5.6350   8.618259  0.000e+00
     49.137     8.6940    34.5432    26.8089 1.5873e-01     0.1200      0.967    1485.32     86.442     5.6339   8.618260  0.000e+00
     49.127     8.6972    34.5426    26.8079 1.5873e-01     0.1200      0.949    1485.33     86.437     5.6332   8.618260  0.000e+00
     49.164     8.7001    34.5422    26.8071 1.5873e-01     0.1200      0.945    1485.34     86.433     5.6325   8.618261  0.000e+00
     49.174     8.7030    34.5417    26.8063 1.5873e-01     0.1200      0.938    1485.35     86.428     5.6319   8.618261  0.000e+00
     49.187     8.7057    34.5413    26.8055 1.5873e-01     0.1200      0.919    1485.36     86.423     5.6312   8.618261  0.000e+00
     49.224     8.7088    34.5403    26.8043 1.5873e-01     0.1200      0.908    1485.37     86.480     5.6346   8.618262  0.000e+00
     49.246     8.7107    34.5393    26.8032 1.5873e-01     0.1200      0.901    1485.38     86.482     5.6346   8.618262  0.000e+00
     49.260     8.7123    34.5381    26.8020 1.7094e-01     0.1200      0.901    1485.39     86.484     5.6345   8.618263  0.000e+00
     49.272     8.7125    34.5381    26.8020 1.5873e-01     0.1200      0.908    1485.39     86.486     5.6346   8.618263  0.000e+00
     49.294     8.7123    34.5374    26.8015 1.7094e-01     0.1200      0.908    1485.39     86.487     5.6347   8.618264  0.000e+00
     49.296     8.7118    34.5382    26.8021 1.5873e-01     0.1200      0.908    1485.38     86.488     5.6348   8.618264  0.000e+00
     49.307     8.7128    34.5384    26.8021 1.5873e-01     0.1200      0.905    1485.39     86.489     5.6347   8.618265  0.000e+00
     49.306     8.7133    34.5385    26.8021 1.5873e-01     0.1200      0.901    1485.39     86.496     5.6352   8.618265  0.000e+00
     49.332     8.7134    34.5374    26.8013 1.5873e-01     0.1200      0.905    1485.39     86.504     5.6357   8.618266  0.000e+00
     49.345     8.7123    34.5376    26.8016 1.5873e-01     0.1200      0.916    1485.39     86.512     5.6363   8.618266  0.000e+00
     49.366     8.7115    34.5380    26.8021 1.7094e-01     0.1200      0.912    1485.38     86.520     5.6369   8.618267  0.000e+00
     49.367     8.7107    34.5390    26.8029 1.7094e-01     0.1200      0.905    1485.38     86.527     5.6375   8.618267  0.000e+00
     49.392     8.7107    34.5395    26.8034 1.7094e-01     0.1200      0.908    1485.38     86.528     5.6375   8.618268  0.000e+00
     49.402     8.7118    34.5392    26.8029 1.7094e-01     0.1200      0.905    1485.39     86.528     5.6374   8.618268  0.000e+00
     49.416     8.7123    34.5391    26.8028 1.7094e-01     0.1200      0.901    1485.39     86.528     5.6373   8.618269  0.000e+00
     49.416     8.7134    34.5387    26.8023 1.7094e-01     0.1200      0.908    1485.39     86.534     5.6376   8.618269  0.000e+00
     49.415     8.7141    34.5389    26.8024 1.7094e-01     0.1200      0.912    1485.40     86.541     5.6380   8.618270  0.000e+00
     49.441     8.7149    34.5386    26.8020 1.5873e-01     0.1200      0.912    1485.40     86.548     5.6383   8.618270  0.000e+00
     49.452     8.7154    34.5392    26.8024 1.7094e-01     0.1200      0.905    1485.40     86.616     5.6427   8.618271  0.000e+00
     49.465     8.7160    34.5392    26.8023 1.7094e-01     0.1200      0.901    1485.40     86.630     5.6435   8.618271  0.000e+00
     49.486     8.7172    34.5398    26.8026 1.7094e-01     0.1200      0.905    1485.41     86.643     5.6442   8.618272  0.000e+00
     49.488     8.7194    34.5401    26.8025 1.7094e-01     0.1200      0.905    1485.42     86.648     5.6442   8.618272  0.000e+00
     49.501     8.7212    34.5396    26.8018 1.7094e-01     0.1200      0.908    1485.42     86.661     5.6448   8.618273  0.000e+00
     49.522     8.7226    34.5389    26.8010 1.8315e-01     0.1200      0.916    1485.43     86.673     5.6455   8.618273  0.000e+00
     49.512     8.7232    34.5386    26.8007 1.9536e-01     0.1200      0.923    1485.43     86.677     5.6457   8.618274  0.000e+00
     49.536     8.7236    34.5390    26.8009 1.8315e-01     0.1200      0.916    1485.43     86.681     5.6459   8.618274  0.000e+00
     49.546     8.7243    34.5386    26.8005 1.7094e-01     0.1200      0.908    1485.44     86.684     5.6460   8.618274  0.000e+00
     49.561     8.7241    34.5374    26.7996 1.7094e-01     0.1200      0.908    1485.43     86.687     5.6463   8.618275  0.000e+00
     49.561     8.7232    34.5364    26.7990 1.7094e-01     0.1200      0.905    1485.43     86.696     5.6470   8.618275  0.000e+00
     49.585     8.7229    34.5363    26.7989 1.7094e-01     0.1200      0.912    1485.43     86.706     5.6477   8.618276  0.000e+00
     49.595     8.7223    34.5362    26.7989 1.5873e-01     0.1200      1.018    1485.43     86.715     5.6483   8.618276  0.000e+00
     49.608     8.7205    34.5366    26.7995 1.5873e-01     0.1200      1.150    1485.42     86.716     5.6486   8.618277  0.000e+00
     49.621     8.7199    34.5373    26.8002 1.5873e-01     0.1200      1.242    1485.42     86.717     5.6487   8.618277  0.000e+00
     49.619     8.7192    34.5379    26.8007 1.5873e-01     0.1200      1.289    1485.42     86.717     5.6488   8.618278  0.000e+00
     49.632     8.7187    34.5383    26.8011 1.7094e-01     0.1200      1.264    1485.42     86.778     5.6528   8.618278  0.000e+00
     49.645     8.7184    34.5373    26.8004 1.7094e-01     0.1200      1.176    1485.41     86.722     5.6493   8.618279  0.000e+00
     49.668     8.7173    34.5364    26.7999 1.7094e-01     0.1200      1.084    1485.41     86.720     5.6493   8.618279  0.000e+00
     49.666     8.7156    34.5360    26.7999 1.7094e-01     0.1200      1.022    1485.40     86.718     5.6494   8.618280  0.000e+00
     49.668     8.7144    34.5374    26.8012 1.7094e-01     0.1200      0.971    1485.40     86.715     5.6493   8.618280  0.000e+00
     49.692     8.7142    34.5384    26.8019 1.7094e-01     0.1200      0.930    1485.40     86.711     5.6491   8.618281  0.000e+00
     49.702     8.7146    34.5376    26.8013 1.5873e-01     0.1200      0.905    1485.40     86.769     5.6528   8.618281  0.000e+00
     49.717     8.7147    34.5368    26.8006 1.5873e-01     0.1200      0.879    1485.40     86.770     5.6529   8.618282  0.000e+00
     49.705     8.7149    34.5383    26.8017 1.5873e-01     0.1200      0.864    1485.40     86.771     5.6529   8.618282  0.000e+00
     49.728     8.7154    34.5390    26.8022 1.5873e-01     0.1200      0.861    1485.41     86.710     5.6488   8.618283  0.000e+00
     49.740     8.7167    34.5389    26.8019 1.5873e-01     0.1200      0.861    1485.41     86.764     5.6522   8.618283  0.000e+00
     49.753     8.7181    34.5383    26.8013 1.5873e-01     0.1200      0.853    1485.42     86.701     5.6479   8.618284  0.000e+00
     49.766     8.7186    34.5380    26.8010 1.7094e-01     0.1200      0.853    1485.42     86.692     5.6473   8.618284  0.000e+00
     49.764     8.7193    34.5382    26.8010 1.5873e-01     0.1200      0.872    1485.42     86.744     5.6506   8.618285  0.000e+00
     49.788     8.7194    34.5383    26.8011 1.7094e-01     0.1200      0.912    1485.42     86.679     5.6463   8.618285  0.000e+00
     49.788     8.7195    34.5374    26.8003 1.7094e-01     0.1200      0.938    1485.42     86.675     5.6461   8.618286  0.000e+00
     49.766     8.7197    34.5375    26.8003 1.7094e-01     0.1200      0.938    1485.42     86.671     5.6458   8.618286  0.000e+00
     49.751     8.7187    34.5383    26.8012 1.7094e-01     0.1200      0.927    1485.42     86.728     5.6496   8.618287  0.000e+00
     49.788     8.7193    34.5390    26.8016 1.7094e-01     0.1200      0.916    1485.42     86.730     5.6496   8.618287  0.000e+00
     49.788     8.7218    34.5398    26.8018 1.7094e-01     0.1200      0.916    1485.43     86.670     5.6454   8.618288  0.000e+00
     49.788     8.7255    34.5376    26.7995 1.7094e-01     0.1200      0.916    1485.44     86.726     5.6486   8.618288  0.000e+00
     49.800     8.7276    34.5360    26.7979 1.5873e-01     0.1200      0.908    1485.45     86.665     5.6444   8.618288  0.000e+00
     49.813     8.7291    34.5352    26.7971 1.7094e-01     0.1200      0.908    1485.45     86.658     5.6438   8.618289  0.000e+00
     49.813     8.7294    34.5340    26.7961 1.7094e-01     0.1200      0.919    1485.45     86.651     5.6434   8.618289  0.000e+00
     49.787     8.7287    34.5338    26.7961 1.8315e-01     0.1200      0.938    1485.45     86.705     5.6470   8.618290  0.000e+00
     49.777     8.7271    34.5336    26.7961 1.8315e-01     0.1200      0.941    1485.44     86.643     5.6431   8.618290  0.000e+00
     49.753     8.7244    34.5345    26.7973 1.8315e-01     0.1200      0.941    1485.43     86.634     5.6429   8.618291  0.000e+00
     49.801     8.7223    34.5351    26.7981 1.7094e-01     0.1200      0.952    1485.43     86.688     5.6467   8.618291  0.000e+00
     49.775     8.7200    34.5349    26.7983 1.7094e-01     0.1200      0.963    1485.42     86.625     5.6428   8.618292  0.000e+00
     49.801     8.7176    34.5356    26.7992 1.5873e-01     0.1200      0.971    1485.41     86.616     5.6425   8.618292  0.000e+00
     49.788     8.7172    34.5354    26.7991 1.5873e-01     0.1200      0.971    1485.41     86.606     5.6419   8.618293  0.000e+00
     49.801     8.7160    34.5351    26.7991 1.5873e-01     0.1200      0.974    1485.40     86.596     5.6415   8.618293  0.000e+00
     49.800     8.7149    34.5360    26.8000 1.5873e-01     0.1200      0.971    1485.40     86.586     5.6409   8.618294  0.000e+00
     49.777     8.7141    34.5362    26.8002 1.5873e-01     0.1200      0.971    1485.40     86.583     5.6408   8.618294  0.000e+00
     49.777     8.7130    34.5362    26.8004 1.5873e-01     0.1200      0.960    1485.39     86.641     5.6447   8.618295  0.000e+00
     49.787     8.7117    34.5369    26.8012 1.5873e-01     0.1200      0.938    1485.39     86.583     5.6411   8.618295  0.000e+00
     49.813     8.7104    34.5371    26.8015 1.7094e-01     0.1200      0.923    1485.39     86.642     5.6450   8.618296  0.000e+00
     49.788     8.7100    34.5379    26.8022 1.7094e-01     0.1200      0.912    1485.39     86.583     5.6413   8.618296  0.000e+00
     49.813     8.7120    34.5375    26.8016 1.7094e-01     0.1200      0.901    1485.39     86.641     5.6448   8.618297  0.000e+00
     49.800     8.7134    34.5373    26.8012 1.8315e-01     0.1200      0.894    1485.40     86.644     5.6448   8.618297  0.000e+00
     49.813     8.7142    34.5368    26.8007 1.9536e-01     0.1200      0.894    1485.40     86.646     5.6449   8.618298  0.000e+00
     49.788     8.7139    34.5363    26.8003 1.9536e-01     0.1200      0.897    1485.40     86.648     5.6451   8.618298  0.000e+00
     49.801     8.7131    34.5353    26.7997 1.9536e-01     0.1200      0.908    1485.39     86.651     5.6454   8.618299  0.000e+00
     49.787     8.7109    34.5359    26.8005 2.0757e-01     0.1200      0.923    1485.39     86.652     5.6457   8.618299  0.000e+00
     49.801     8.7091    34.5368    26.8015 1.9536e-01     0.1200      0.930    1485.38     86.654     5.6460   8.618300  0.000e+00
     49.801     8.7081    34.5376    26.8023 1.8315e-01     0.1200      0.941    1485.38     86.655     5.6462   8.618300  0.000e+00
     49.801     8.7078    34.5373    26.8021 1.7094e-01     0.1200      0.949    1485.38     86.656     5.6463   8.618301  0.000e+00
     49.811     8.7073    34.5382    26.8029 1.7094e-01     0.1200      0.941    1485.38     86.657     5.6464   8.618301  0.000e+00
