RAWDATA/20190107/SF1_20190108_down.cnv
* Sea-Bird SBE 9 Data File:
* FileName = C:\CTD Brukere\NIVA\OKOKYST2019\20190107\SF1_20190108.hex
* Software Version Seasave V 7.23.2
* Temperature SN = 5352
* Conductivity SN = 3840
* Number of Bytes Per Scan = 28
* Number of Voltage Words = 4
* Number of Scans Averaged by the Deck Unit = 1
* NMEA baud rate = 4800
** Ship: R/V Trygve Braarud
** Cruise:
** Station:
** Operator:
# nquan = 12
# nvalues = 2810                                  
# units = specified
# name 0 = depSM: Depth [salt water, m], lat = 59.60
# name 1 = t090C: Temperature [ITS-90, deg C]
# name 2 = sal00: Salinity, Practical [PSU]
# name 3 = sigma-t00: Density [sigma-t, kg/m^3 ]
# name 4 = flSP: Fluorescence, Seapoint
# name 5 = wetStar: Fluorescence, WET Labs WETstar [mg/m^3]
# name 6 = seaTurbMtr: Turbidity, Seapoint [FTU]
# name 7 = svCM: Sound Velocity [Chen-Millero, m/s]
# name 8 = sbeox0PS: Oxygen, SBE 43 [% saturation]
# name 9 = sbeox0ML/L: Oxygen, SBE 43 [ml/l]
# name 10 = timeJ: Julian Days
# name 11 = flag:  0.000e+00
# span 0 =      0.040,     49.886                 
# span 1 =     6.0192,     8.8419                 
# span 2 =    31.8302,    34.5432                 
# span 3 =    25.0461,    26.8094                 
# span 4 = 1.4652e-01, 5.1282e-01                 
# span 5 =     0.1200,     0.2336                 
# span 6 =      0.597,      1.685                 
# span 7 =    1470.83,    1485.55                 
# span 8 =     81.106,     88.757                 
# span 9 =     5.2919,     6.1921                 
# span 10 =   8.617025,   8.618380                
# span 11 = 0.0000e+00, 0.0000e+00                
# interval = seconds: 0.0416667
# start_time = Jan 08 2019 14:48:31 [System UpLoad Time]
# bad_flag = -9.990e-29
*END*
[from data line 963]
     13.643     7.7778    33.4007    26.0502 1.9536e-01     0.1615      1.000    1479.87     88.248     5.9148   8.617490  0.000e+00
     13.680     7.7812    33.3943    26.0447 1.9536e-01     0.1615      1.004    1479.88     88.163     5.9089   8.617490  0.000e+00
     13.703     7.7926    33.3857    26.0363 1.9536e-01     0.1615      0.927    1479.91     88.131     5.9056   8.617491  0.000e+00
     13.703     7.8063    33.3864    26.0349 2.0757e-01     0.1603      0.883    1479.97     88.098     5.9015   8.617491  0.000e+00
     13.716     7.8189    33.3965    26.0410 1.9536e-01     0.1615      0.853    1480.03     88.003     5.8931   8.617492  0.000e+00
     13.755     7.8268    33.4097    26.0502 1.9536e-01     0.1627      0.824    1480.07     88.032     5.8934   8.617492  0.000e+00
     13.787     7.8321    33.4171    26.0553 1.9536e-01     0.1615      0.886    1480.10     87.944     5.8866   8.617493  0.000e+00
     13.798     7.8382    33.4207    26.0572 1.9536e-01     0.1615      1.055    1480.13     87.911     5.8834   8.617493  0.000e+00
     13.823     7.8441    33.4250    26.0597 1.9536e-01     0.1615      1.147    1480.16     87.878     5.8803   8.617494  0.000e+00
     13.858     7.8492    33.4302    26.0631 2.0757e-01     0.1615      1.147    1480.19     87.846     5.8772   8.617494  0.000e+00
     13.871     7.8532    33.4352    26.0664 1.9536e-01     0.1615      1.103    1480.21     87.820     5.8748   8.617495  0.000e+00
     13.883     7.8544    33.4399    26.0700 1.9536e-01     0.1591      0.996    1480.22     87.795     5.8728   8.617495  0.000e+00
     13.918     7.8576    33.4410    26.0704 1.9536e-01     0.1615      0.901    1480.23     87.709     5.8666   8.617496  0.000e+00
     13.894     7.8635    33.4415    26.0699 2.0757e-01     0.1591      0.839    1480.26     87.685     5.8641   8.617496  0.000e+00
     13.982     7.8691    33.4454    26.0721 1.9536e-01     0.1591      0.817    1480.28     87.663     5.8618   8.617497  0.000e+00
     13.967     7.8772    33.4486    26.0734 1.9536e-01     0.1603      0.806    1480.32     87.640     5.8590   8.617497  0.000e+00
     14.003     7.8839    33.4541    26.0768 1.9536e-01     0.1591      0.795    1480.35     87.619     5.8565   8.617498  0.000e+00
     14.014     7.8900    33.4594    26.0801 1.9536e-01     0.1627      0.806    1480.38     87.545     5.8506   8.617498  0.000e+00
     14.050     7.8943    33.4638    26.0829 1.9536e-01     0.1627      0.821    1480.40     87.526     5.8486   8.617499  0.000e+00
     14.063     7.8938    33.4700    26.0878 1.9536e-01     0.1615      0.813    1480.41     87.510     5.8473   8.617499  0.000e+00
     14.098     7.8946    33.4720    26.0893 1.8315e-01     0.1615      0.791    1480.41     87.495     5.8461   8.617500  0.000e+00
     14.101     7.9018    33.4705    26.0871 1.9536e-01     0.1615      0.773    1480.44     87.419     5.8402   8.617500  0.000e+00
     14.123     7.9122    33.4720    26.0868 1.9536e-01     0.1603      0.762    1480.48     87.407     5.8379   8.617500  0.000e+00
     14.170     7.9214    33.4759    26.0884 2.3199e-01     0.1603      0.758    1480.52     87.390     5.8354   8.617501  0.000e+00
     14.182     7.9280    33.4806    26.0912 2.8083e-01     0.1603      0.747    1480.55     87.374     5.8333   8.617501  0.000e+00
     14.205     7.9325    33.4842    26.0933 2.6862e-01     0.1627      0.733    1480.58     87.307     5.8281   8.617502  0.000e+00
     14.218     7.9355    33.4868    26.0950 2.3199e-01     0.1615      0.725    1480.59     87.296     5.8269   8.617502  0.000e+00
     14.257     7.9376    33.4895    26.0968 2.1978e-01     0.1627      0.714    1480.60     87.288     5.8260   8.617503  0.000e+00
     14.265     7.9392    33.4912    26.0979 2.0757e-01     0.1627      0.711    1480.61     87.274     5.8248   8.617503  0.000e+00
     14.302     7.9407    33.4930    26.0991 1.9536e-01     0.1615      0.711    1480.62     87.271     5.8243   8.617504  0.000e+00
     14.338     7.9430    33.4948    26.1001 1.9536e-01     0.1591      0.718    1480.63     87.208     5.8198   8.617504  0.000e+00
     14.361     7.9486    33.4976    26.1016 1.8315e-01     0.1566      0.722    1480.66     87.256     5.8221   8.617505  0.000e+00
     14.361     7.9553    33.5024    26.1043 1.8315e-01     0.1554      0.733    1480.69     87.251     5.8207   8.617505  0.000e+00
     14.401     7.9609    33.5054    26.1059 1.8315e-01     0.1566      0.736    1480.71     87.188     5.8156   8.617506  0.000e+00
     14.421     7.9650    33.5073    26.1068 1.8315e-01     0.1566      0.747    1480.73     87.243     5.8187   8.617506  0.000e+00
     14.445     7.9686    33.5091    26.1076 1.8315e-01     0.1566      0.762    1480.75     87.184     5.8142   8.617507  0.000e+00
     14.481     7.9713    33.5108    26.1085 1.9536e-01     0.1542      0.773    1480.76     87.181     5.8136   8.617507  0.000e+00
     14.481     7.9730    33.5118    26.1091 1.8315e-01     0.1566      0.777    1480.77     87.243     5.8175   8.617508  0.000e+00
     14.508     7.9760    33.5134    26.1099 1.8315e-01     0.1566      0.777    1480.78     87.191     5.8135   8.617508  0.000e+00
     14.529     7.9788    33.5147    26.1105 1.8315e-01     0.1566      0.799    1480.79     87.195     5.8134   8.617509  0.000e+00
     14.565     7.9809    33.5158    26.1111 1.8315e-01     0.1566      0.835    1480.80     87.264     5.8177   8.617509  0.000e+00
     14.565     7.9860    33.5176    26.1118 1.8315e-01     0.1554      1.007    1480.83     87.211     5.8134   8.617510  0.000e+00
     14.612     7.9941    33.5197    26.1122 1.8315e-01     0.1542      1.066    1480.86     87.276     5.8166   8.617510  0.000e+00
     14.628     8.0039    33.5223    26.1128 1.8315e-01     0.1579      0.993    1480.90     87.226     5.8119   8.617511  0.000e+00
     14.649     8.0127    33.5271    26.1153 1.8315e-01     0.1603      0.908    1480.94     87.295     5.8151   8.617511  0.000e+00
     14.685     8.0201    33.5313    26.1175 1.8315e-01     0.1615      0.897    1480.97     87.311     5.8151   8.617512  0.000e+00
     14.709     8.0264    33.5363    26.1205 1.9536e-01     0.1615      0.938    1481.00     87.206     5.8071   8.617512  0.000e+00
     14.720     8.0314    33.5405    26.1231 1.9536e-01     0.1603      0.941    1481.03     87.266     5.8103   8.617513  0.000e+00
     14.735     8.0376    33.5427    26.1239 1.9536e-01     0.1591      0.886    1481.06     87.335     5.8140   8.617513  0.000e+00
     14.767     8.0446    33.5456    26.1251 1.8315e-01     0.1579      0.850    1481.09     87.297     5.8104   8.617514  0.000e+00
     14.767     8.0517    33.5491    26.1268 1.9536e-01     0.1579      0.832    1481.12     87.247     5.8060   8.617514  0.000e+00
     14.816     8.0597    33.5520    26.1279 1.9536e-01     0.1591      0.813    1481.15     87.314     5.8093   8.617514  0.000e+00
     14.827     8.0680    33.5554    26.1293 1.9536e-01     0.1591      0.799    1481.19     87.390     5.8132   8.617515  0.000e+00
     14.855     8.0788    33.5610    26.1322 1.9536e-01     0.1627      0.780    1481.24     87.345     5.8085   8.617515  0.000e+00
     14.876     8.0903    33.5685    26.1363 1.9536e-01     0.1615      0.777    1481.29     87.301     5.8038   8.617516  0.000e+00
     14.887     8.0996    33.5756    26.1405 1.9536e-01     0.1603      0.788    1481.33     87.367     5.8068   8.617516  0.000e+00
     14.923     8.1081    33.5801    26.1428 1.9536e-01     0.1615      0.839    1481.37     87.381     5.8064   8.617517  0.000e+00
     14.939     8.1152    33.5833    26.1442 1.9536e-01     0.1579      0.908    1481.40     87.397     5.8064   8.617517  0.000e+00
     14.983     8.1217    33.5860    26.1454 1.9536e-01     0.1566      0.989    1481.43     87.414     5.8066   8.617518  0.000e+00
     14.996     8.1269    33.5895    26.1474 1.8315e-01     0.1591      1.018    1481.45     87.371     5.8029   8.617518  0.000e+00
     15.031     8.1329    33.5938    26.1499 1.8315e-01     0.1603      0.974    1481.48     87.384     5.8028   8.617519  0.000e+00
     15.035     8.1437    33.6005    26.1535 1.8315e-01     0.1591      0.912    1481.53     87.330     5.7976   8.617519  0.000e+00
     15.067     8.1590    33.6091    26.1580 1.8315e-01     0.1542      0.879    1481.60     87.393     5.7994   8.617520  0.000e+00
     15.091     8.1721    33.6194    26.1641 1.9536e-01     0.1517      0.879    1481.66     87.403     5.7980   8.617520  0.000e+00
     15.116     8.1839    33.6270    26.1683 1.9536e-01     0.1517      0.890    1481.72     87.292     5.7889   8.617521  0.000e+00
     15.142     8.1953    33.6323    26.1708 1.9536e-01     0.1517      0.890    1481.77     87.353     5.7912   8.617521  0.000e+00
     15.151     8.2059    33.6405    26.1756 1.9536e-01     0.1530      0.864    1481.82     87.354     5.7896   8.617522  0.000e+00
     15.176     8.2166    33.6486    26.1804 1.8315e-01     0.1542      0.835    1481.87     87.296     5.7840   8.617522  0.000e+00
     15.211     8.2274    33.6544    26.1833 1.8315e-01     0.1554      0.853    1481.92     87.293     5.7822   8.617523  0.000e+00
     15.237     8.2345    33.6585    26.1855 1.8315e-01     0.1554      0.864    1481.95     87.293     5.7811   8.617523  0.000e+00
     15.258     8.2410    33.6610    26.1865 1.8315e-01     0.1554      0.846    1481.98     87.287     5.7798   8.617524  0.000e+00
     15.283     8.2474    33.6665    26.1899 1.8315e-01     0.1542      0.821    1482.01     87.221     5.7744   8.617524  0.000e+00
     15.294     8.2532    33.6725    26.1937 1.8315e-01     0.1542      0.813    1482.04     87.211     5.7727   8.617525  0.000e+00
     15.344     8.2557    33.6763    26.1962 1.8315e-01     0.1554      0.828    1482.05     87.203     5.7718   8.617525  0.000e+00
     15.367     8.2541    33.6784    26.1981 1.7094e-01     0.1566      0.821    1482.05     87.129     5.7670   8.617526  0.000e+00
     15.367     8.2533    33.6791    26.1988 1.7094e-01     0.1566      0.802    1482.05     87.110     5.7658   8.617526  0.000e+00
     15.403     8.2554    33.6800    26.1992 1.8315e-01     0.1566      0.784    1482.06     87.093     5.7644   8.617527  0.000e+00
     15.428     8.2582    33.6822    26.2005 1.8315e-01     0.1566      0.773    1482.07     87.017     5.7589   8.617527  0.000e+00
     15.438     8.2608    33.6829    26.2007 1.9536e-01     0.1566      0.769    1482.08     86.996     5.7572   8.617527  0.000e+00
     15.463     8.2631    33.6849    26.2019 1.8315e-01     0.1566      0.817    1482.09     86.971     5.7551   8.617528  0.000e+00
     15.488     8.2662    33.6874    26.2034 1.9536e-01     0.1554      0.912    1482.11     86.954     5.7535   8.617528  0.000e+00
     15.522     8.2717    33.6901    26.2047 1.9536e-01     0.1554      0.941    1482.13     86.879     5.7477   8.617529  0.000e+00
     15.522     8.2766    33.6937    26.2067 1.9536e-01     0.1542      0.938    1482.16     86.852     5.7452   8.617529  0.000e+00
     15.545     8.2785    33.6954    26.2079 1.9536e-01     0.1542      0.905    1482.17     86.835     5.7438   8.617530  0.000e+00
     15.584     8.2781    33.6963    26.2086 1.9536e-01     0.1554      0.875    1482.17     86.752     5.7383   8.617530  0.000e+00
     15.594     8.2784    33.6977    26.2097 1.8315e-01     0.1530      0.842    1482.17     86.725     5.7364   8.617531  0.000e+00
     15.629     8.2804    33.7000    26.2112 1.8315e-01     0.1505      0.821    1482.18     86.709     5.7350   8.617531  0.000e+00
     15.644     8.2818    33.7026    26.2130 1.8315e-01     0.1505      0.806    1482.19     86.687     5.7333   8.617532  0.000e+00
     15.678     8.2838    33.7031    26.2131 1.8315e-01     0.1493      0.795    1482.20     86.668     5.7317   8.617532  0.000e+00
     15.689     8.2859    33.7041    26.2136 1.8315e-01     0.1517      0.788    1482.21     86.597     5.7267   8.617533  0.000e+00
     15.691     8.2870    33.7058    26.2147 1.8315e-01     0.1530      0.784    1482.21     86.576     5.7251   8.617533  0.000e+00
     15.725     8.2886    33.7075    26.2158 1.9536e-01     0.1530      0.773    1482.22     86.504     5.7201   8.617534  0.000e+00
     15.761     8.2901    33.7089    26.2167 1.9536e-01     0.1517      0.780    1482.23     86.482     5.7184   8.617534  0.000e+00
     15.764     8.2918    33.7101    26.2174 1.9536e-01     0.1542      0.821    1482.24     86.469     5.7173   8.617535  0.000e+00
     15.785     8.2917    33.7093    26.2167 1.9536e-01     0.1566      0.952    1482.24     86.461     5.7168   8.617535  0.000e+00
     15.809     8.2864    33.7072    26.2159 1.8315e-01     0.1591      1.125    1482.21     86.441     5.7162   8.617536  0.000e+00
     15.834     8.2864    33.7053    26.2144 1.8315e-01     0.1591      1.110    1482.21     86.370     5.7116   8.617536  0.000e+00
     15.847     8.2875    33.7083    26.2166 1.8315e-01     0.1554      1.015    1482.22     86.363     5.7109   8.617537  0.000e+00
     15.869     8.2878    33.7127    26.2200 1.8315e-01     0.1554      1.007    1482.23     86.353     5.7100   8.617537  0.000e+00
     15.894     8.2905    33.7147    26.2212 1.8315e-01     0.1554      0.996    1482.24     86.277     5.7046   8.617538  0.000e+00
     15.919     8.2962    33.7170    26.2221 1.8315e-01     0.1542      0.974    1482.27     86.266     5.7030   8.617538  0.000e+00
     15.929     8.3020    33.7192    26.2230 1.8315e-01     0.1542      1.029    1482.29     86.265     5.7022   8.617539  0.000e+00
     15.954     8.3053    33.7214    26.2242 1.9536e-01     0.1542      1.216    1482.31     86.262     5.7014   8.617539  0.000e+00
     15.991     8.3064    33.7220    26.2245 1.9536e-01     0.1542      1.326    1482.31     86.254     5.7008   8.617540  0.000e+00
     15.989     8.3077    33.7222    26.2244 1.9536e-01     0.1542      1.465    1482.32     86.257     5.7008   8.617540  0.000e+00
     16.012     8.3094    33.7245    26.2260 1.9536e-01     0.1579      1.458    1482.33     86.203     5.6969   8.617541  0.000e+00
     16.038     8.3116    33.7256    26.2265 1.8315e-01     0.1579      1.366    1482.34     86.206     5.6968   8.617541  0.000e+00
     16.060     8.3138    33.7272    26.2275 1.8315e-01     0.1566      1.388    1482.35     86.213     5.6969   8.617541  0.000e+00
     16.049     8.3167    33.7295    26.2288 1.7094e-01     0.1542      1.326    1482.36     86.155     5.6927   8.617542  0.000e+00
     16.122     8.3197    33.7324    26.2306 1.8315e-01     0.1530      1.172    1482.38     86.156     5.6922   8.617542  0.000e+00
     16.132     8.3236    33.7345    26.2318 1.8315e-01     0.1505      1.033    1482.39     86.153     5.6914   8.617543  0.000e+00
     16.133     8.3264    33.7363    26.2327 1.8315e-01     0.1505      0.985    1482.41     86.099     5.6875   8.617543  0.000e+00
     16.156     8.3282    33.7365    26.2326 1.8315e-01     0.1530      0.993    1482.41     86.104     5.6875   8.617544  0.000e+00
     16.192     8.3283    33.7369    26.2329 1.9536e-01     0.1554      1.022    1482.41     86.099     5.6871   8.617544  0.000e+00
     16.218     8.3274    33.7371    26.2332 1.8315e-01     0.1566      1.103    1482.41     86.104     5.6876   8.617545  0.000e+00
     16.216     8.3276    33.7369    26.2330 1.8315e-01     0.1579      1.132    1482.41     86.051     5.6841   8.617545  0.000e+00
     16.265     8.3284    33.7378    26.2336 1.7094e-01     0.1566      1.077    1482.42     86.050     5.6839   8.617546  0.000e+00
     16.266     8.3299    33.7387    26.2341 1.8315e-01     0.1591      0.989    1482.42     86.053     5.6838   8.617546  0.000e+00
     16.300     8.3316    33.7394    26.2344 1.8315e-01     0.1579      0.934    1482.43     86.059     5.6840   8.617547  0.000e+00
