RAWDATA/20190107/SF1_20190108_down.cnv
* Sea-Bird SBE 9 Data File:
* FileName = C:\CTD Brukere\NIVA\OKOKYST2019\20190107\SF1_20190108.hex
* Software Version Seasave V 7.23.2
* Temperature SN = 5352
* Conductivity SN = 3840
* Number of Bytes Per Scan = 28
* Number of Voltage Words = 4
* Number of Scans Averaged by the Deck Unit = 1
* NMEA baud rate = 4800
** Ship: R/V Trygve Braarud
** Cruise:
** Station:
** Operator:
# nquan = 12
# nvalues = 2810                                  
# units = specified
# name 0 = depSM: Depth [salt water, m], lat = 59.60
# name 1 = t090C: Temperature [ITS-90, deg C]
# name 2 = sal00: Salinity, Practical [PSU]
# name 3 = sigma-t00: Density [sigma-t, kg/m^3 ]
# name 4 = flSP: Fluorescence, Seapoint
# name 5 = wetStar: Fluorescence, WET Labs WETstar [mg/m^3]
# name 6 = seaTurbMtr: Turbidity, Seapoint [FTU]
# name 7 = svCM: Sound Velocity [Chen-Millero, m/s]
# name 8 = sbeox0PS: Oxygen, SBE 43 [% saturation]
# name 9 = sbeox0ML/L: Oxygen, SBE 43 [ml/l]
# name 10 = timeJ: Julian Days
# name 11 = flag:  0.000e+00
# span 0 =      0.040,     49.886                 
# span 1 =     6.0192,     8.8419                 
# span 2 =    31.8302,    34.5432                 
# span 3 =    25.0461,    26.8094                 
# span 4 = 1.4652e-01, 5.1282e-01                 
# span 5 =     0.1200,     0.2336                 
# span 6 =      0.597,      1.685                 
# span 7 =    1470.83,    1485.55                 
# span 8 =     81.106,     88.757                 
# span 9 =     5.2919,     6.1921                 
# span 10 =   8.617025,   8.618380                
# span 11 = 0.0000e+00, 0.0000e+00                
# interval = seconds: 0.0416667
# start_time = Jan 08 2019 14:48:31 [System UpLoad Time]
# bad_flag = -9.990e-29
*END*
[from data line 1564]
     27.096     8.8145    34.2984    26.5981 1.8315e-01     0.1224      0.872    1485.10     82.478     5.3696   8.617780  0.000e+00
     27.103     8.8138    34.2986    26.5984 1.7094e-01     0.1224      0.875    1485.10     82.526     5.3729   8.617780  0.000e+00
     27.125     8.8138    34.2982    26.5981 1.7094e-01     0.1200      0.879    1485.10     82.512     5.3719   8.617781  0.000e+00
     27.168     8.8137    34.2972    26.5973 1.7094e-01     0.1200      0.875    1485.10     82.504     5.3715   8.617781  0.000e+00
     27.174     8.8142    34.2951    26.5956 1.7094e-01     0.1200      0.868    1485.10     82.494     5.3708   8.617782  0.000e+00
     27.203     8.8137    34.2949    26.5955 1.7094e-01     0.1200      0.853    1485.10     82.483     5.3702   8.617782  0.000e+00
     27.234     8.8130    34.2967    26.5970 1.7094e-01     0.1200      0.846    1485.10     82.540     5.3739   8.617783  0.000e+00
     27.252     8.8120    34.2983    26.5984 2.0757e-01     0.1200      0.850    1485.09     82.480     5.3701   8.617783  0.000e+00
     27.270     8.8117    34.2989    26.5989 2.0757e-01     0.1200      0.853    1485.09     82.473     5.3697   8.617784  0.000e+00
     27.288     8.8114    34.2998    26.5997 1.9536e-01     0.1200      0.861    1485.09     82.466     5.3692   8.617784  0.000e+00
     27.305     8.8113    34.2994    26.5994 1.8315e-01     0.1200      0.868    1485.09     82.518     5.3726   8.617785  0.000e+00
     27.336     8.8109    34.3000    26.5999 1.7094e-01     0.1200      0.868    1485.09     82.516     5.3725   8.617785  0.000e+00
     27.365     8.8113    34.2996    26.5995 1.7094e-01     0.1200      0.875    1485.10     82.512     5.3722   8.617785  0.000e+00
     27.383     8.8111    34.2998    26.5998 1.7094e-01     0.1200      0.879    1485.10     82.507     5.3719   8.617786  0.000e+00
     27.414     8.8108    34.2995    26.5995 1.7094e-01     0.1200      0.872    1485.09     82.508     5.3720   8.617786  0.000e+00
     27.432     8.8109    34.2976    26.5980 1.7094e-01     0.1200      0.864    1485.09     82.501     5.3716   8.617787  0.000e+00
     27.438     8.8108    34.2957    26.5966 1.7094e-01     0.1200      0.853    1485.09     82.500     5.3717   8.617787  0.000e+00
     27.479     8.8104    34.2957    26.5966 1.7094e-01     0.1200      0.846    1485.09     82.499     5.3716   8.617788  0.000e+00
     27.474     8.8106    34.2969    26.5975 1.7094e-01     0.1200      0.839    1485.09     82.496     5.3713   8.617788  0.000e+00
     27.515     8.8103    34.2983    26.5987 1.7094e-01     0.1200      0.828    1485.09     82.554     5.3751   8.617789  0.000e+00
     27.534     8.8103    34.2986    26.5989 1.5873e-01     0.1200      0.824    1485.09     82.556     5.3752   8.617789  0.000e+00
     27.552     8.8096    34.2990    26.5993 1.7094e-01     0.1200      0.828    1485.09     82.557     5.3754   8.617790  0.000e+00
     27.581     8.8085    34.2992    26.5997 1.5873e-01     0.1200      0.832    1485.09     82.557     5.3755   8.617790  0.000e+00
     27.599     8.8067    34.3004    26.6009 1.5873e-01     0.1200      0.853    1485.08     82.563     5.3761   8.617791  0.000e+00
     27.630     8.8053    34.3009    26.6016 1.5873e-01     0.1200      0.875    1485.08     82.630     5.3806   8.617791  0.000e+00
     27.648     8.8038    34.3016    26.6023 1.5873e-01     0.1200      0.879    1485.07     82.641     5.3814   8.617792  0.000e+00
     27.665     8.8029    34.3021    26.6028 1.5873e-01     0.1200      0.861    1485.07     82.650     5.3822   8.617792  0.000e+00
     27.695     8.8022    34.3026    26.6033 1.5873e-01     0.1200      0.846    1485.07     82.659     5.3828   8.617793  0.000e+00
     27.701     8.8019    34.3019    26.6028 1.5873e-01     0.1200      0.850    1485.07     82.666     5.3833   8.617793  0.000e+00
     27.719     8.8021    34.3006    26.6018 1.7094e-01     0.1200      0.853    1485.07     82.680     5.3842   8.617794  0.000e+00
     27.761     8.8011    34.3002    26.6016 1.7094e-01     0.1200      0.850    1485.07     82.686     5.3847   8.617794  0.000e+00
     27.768     8.8003    34.2973    26.5995 1.7094e-01     0.1200      0.842    1485.06     82.751     5.3892   8.617795  0.000e+00
     27.797     8.8003    34.2939    26.5968 1.7094e-01     0.1200      0.839    1485.05     82.768     5.3904   8.617795  0.000e+00
     27.815     8.8007    34.2963    26.5986 1.5873e-01     0.1200      0.839    1485.06     82.784     5.3913   8.617796  0.000e+00
     27.857     8.8011    34.2997    26.6012 1.5873e-01     0.1200      0.835    1485.07     82.853     5.3956   8.617796  0.000e+00
     27.875     8.8019    34.3018    26.6027 1.5873e-01     0.1200      0.842    1485.07     82.865     5.3963   8.617797  0.000e+00
     27.881     8.8027    34.3022    26.6029 1.5873e-01     0.1200      0.846    1485.08     82.883     5.3973   8.617797  0.000e+00
     27.923     8.8030    34.3023    26.6030 1.5873e-01     0.1200      0.872    1485.08     82.900     5.3984   8.617798  0.000e+00
     27.930     8.8030    34.3014    26.6022 1.5873e-01     0.1200      0.890    1485.08     82.908     5.3989   8.617798  0.000e+00
     27.946     8.8032    34.3009    26.6018 1.5873e-01     0.1200      0.886    1485.08     82.914     5.3993   8.617799  0.000e+00
     27.954     8.8032    34.3009    26.6018 1.5873e-01     0.1200      0.883    1485.08     82.925     5.4001   8.617799  0.000e+00
     28.043     8.8030    34.3007    26.6017 1.5873e-01     0.1200      0.872    1485.08     82.936     5.4008   8.617799  0.000e+00
     28.043     8.8013    34.3008    26.6020 1.5873e-01     0.1200      0.868    1485.07     83.006     5.4056   8.617800  0.000e+00
     28.050     8.7979    34.3017    26.6033 1.5873e-01     0.1200      0.872    1485.06     83.021     5.4069   8.617800  0.000e+00
     28.079     8.7945    34.3024    26.6044 1.5873e-01     0.1200      0.875    1485.05     83.033     5.4081   8.617801  0.000e+00
     28.097     8.7922    34.3036    26.6057 1.5873e-01     0.1200      0.879    1485.04     83.044     5.4090   8.617801  0.000e+00
     28.126     8.7914    34.3043    26.6064 1.5873e-01     0.1200      0.868    1485.04     83.053     5.4097   8.617802  0.000e+00
     28.146     8.7911    34.3044    26.6065 1.5873e-01     0.1200      0.868    1485.04     83.053     5.4097   8.617802  0.000e+00
     28.162     8.7909    34.3041    26.6063 1.5873e-01     0.1200      0.875    1485.04     83.051     5.4096   8.617803  0.000e+00
     28.206     8.7906    34.3041    26.6063 1.7094e-01     0.1200      0.875    1485.04     83.108     5.4134   8.617803  0.000e+00
     28.222     8.7904    34.3047    26.6068 1.5873e-01     0.1200      0.864    1485.04     83.116     5.4139   8.617804  0.000e+00
     28.246     8.7903    34.3046    26.6067 1.5873e-01     0.1200      0.850    1485.04     83.061     5.4103   8.617804  0.000e+00
     28.266     8.7908    34.3031    26.6056 1.5873e-01     0.1200      0.835    1485.04     83.119     5.4141   8.617805  0.000e+00
     28.306     8.7911    34.3000    26.6030 1.5873e-01     0.1200      0.813    1485.04     83.121     5.4143   8.617805  0.000e+00
     28.326     8.7919    34.2957    26.5996 1.5873e-01     0.1200      0.799    1485.03     83.121     5.4143   8.617806  0.000e+00
     28.342     8.7925    34.2927    26.5971 1.5873e-01     0.1200      0.799    1485.03     83.126     5.4147   8.617806  0.000e+00
     28.348     8.7909    34.2938    26.5982 1.5873e-01     0.1200      0.806    1485.03     83.183     5.4186   8.617807  0.000e+00
     28.426     8.7880    34.2966    26.6009 1.5873e-01     0.1200      0.821    1485.02     83.124     5.4149   8.617807  0.000e+00
     28.402     8.7849    34.3003    26.6042 1.5873e-01     0.1200      0.817    1485.02     83.115     5.4146   8.617808  0.000e+00
     28.446     8.7832    34.3018    26.6057 1.7094e-01     0.1200      0.806    1485.01     83.174     5.4186   8.617808  0.000e+00
     28.451     8.7829    34.3005    26.6048 1.5873e-01     0.1200      0.799    1485.01     83.115     5.4148   8.617809  0.000e+00
     28.493     8.7835    34.2964    26.6014 1.5873e-01     0.1200      0.799    1485.01     83.230     5.4225   8.617809  0.000e+00
     28.522     8.7849    34.2914    26.5973 1.5873e-01     0.1200      0.795    1485.01     83.174     5.4188   8.617810  0.000e+00
     28.533     8.7862    34.2865    26.5933 1.5873e-01     0.1200      0.791    1485.01     83.231     5.4225   8.617810  0.000e+00
     28.566     8.7864    34.2876    26.5941 1.5873e-01     0.1200      0.795    1485.01     83.232     5.4225   8.617811  0.000e+00
     28.582     8.7848    34.2934    26.5988 1.5873e-01     0.1200      0.799    1485.01     83.230     5.4224   8.617811  0.000e+00
     28.601     8.7827    34.2975    26.6024 1.5873e-01     0.1200      0.795    1485.01     83.226     5.4222   8.617812  0.000e+00
     28.618     8.7811    34.2999    26.6045 1.5873e-01     0.1200      0.795    1485.00     83.220     5.4219   8.617812  0.000e+00
     28.653     8.7790    34.3026    26.6070 1.5873e-01     0.1200      0.795    1485.00     83.218     5.4220   8.617812  0.000e+00
     28.661     8.7766    34.3051    26.6093 1.5873e-01     0.1200      0.791    1485.00     83.276     5.4260   8.617813  0.000e+00
     28.702     8.7748    34.3056    26.6100 1.5873e-01     0.1200      0.784    1484.99     83.278     5.4263   8.617813  0.000e+00
     28.721     8.7748    34.3020    26.6071 1.5873e-01     0.1200      0.773    1484.99     83.276     5.4263   8.617814  0.000e+00
     28.738     8.7770    34.2953    26.6015 1.5873e-01     0.1200      0.773    1484.99     83.273     5.4260   8.617814  0.000e+00
     28.773     8.7790    34.2911    26.5980 1.5873e-01     0.1200      0.773    1484.99     83.274     5.4260   8.617815  0.000e+00
     28.781     8.7795    34.2914    26.5981 1.5873e-01     0.1200      0.780    1484.99     83.273     5.4259   8.617815  0.000e+00
     28.809     8.7783    34.2944    26.6006 1.5873e-01     0.1200      0.791    1484.99     83.271     5.4258   8.617816  0.000e+00
     28.833     8.7774    34.2977    26.6034 1.7094e-01     0.1200      0.795    1484.99     83.327     5.4295   8.617816  0.000e+00
     28.842     8.7761    34.3010    26.6062 1.5873e-01     0.1200      0.802    1484.99     83.266     5.4255   8.617817  0.000e+00
     28.882     8.7743    34.3043    26.6091 1.7094e-01     0.1200      0.806    1484.99     83.319     5.4290   8.617817  0.000e+00
     28.877     8.7733    34.3053    26.6100 1.7094e-01     0.1200      0.810    1484.99     83.314     5.4288   8.617818  0.000e+00
     28.929     8.7736    34.3037    26.6087 1.7094e-01     0.1200      0.810    1484.99     83.315     5.4289   8.617818  0.000e+00
     28.942     8.7740    34.3018    26.6072 1.5873e-01     0.1200      0.806    1484.99     83.313     5.4288   8.617819  0.000e+00
     28.949     8.7746    34.3002    26.6058 1.5873e-01     0.1200      0.802    1484.99     83.310     5.4285   8.617819  0.000e+00
     28.978     8.7746    34.3009    26.6063 1.5873e-01     0.1200      0.802    1484.99     83.311     5.4286   8.617820  0.000e+00
     28.989     8.7740    34.3023    26.6075 1.5873e-01     0.1200      0.799    1484.99     83.311     5.4287   8.617820  0.000e+00
     29.033     8.7735    34.3030    26.6081 1.5873e-01     0.1200      0.806    1484.99     83.310     5.4286   8.617821  0.000e+00
     29.025     8.7733    34.3029    26.6081 1.5873e-01     0.1200      0.810    1484.99     83.367     5.4324   8.617821  0.000e+00
     29.061     8.7732    34.3012    26.6068 1.5873e-01     0.1200      0.813    1484.98     83.369     5.4325   8.617822  0.000e+00
     29.080     8.7745    34.2985    26.6044 1.5873e-01     0.1200      0.810    1484.99     83.368     5.4324   8.617822  0.000e+00
     29.098     8.7756    34.2975    26.6035 1.5873e-01     0.1200      0.795    1484.99     83.365     5.4321   8.617823  0.000e+00
     29.121     8.7759    34.2992    26.6048 1.5873e-01     0.1200      0.795    1484.99     83.360     5.4317   8.617823  0.000e+00
     29.140     8.7756    34.3007    26.6061 1.7094e-01     0.1200      0.795    1484.99     83.422     5.4357   8.617824  0.000e+00
     29.145     8.7762    34.2997    26.6052 1.7094e-01     0.1200      0.791    1485.00     83.427     5.4360   8.617824  0.000e+00
     29.181     8.7770    34.2999    26.6051 1.7094e-01     0.1200      0.788    1485.00     83.431     5.4362   8.617825  0.000e+00
     29.200     8.7766    34.3015    26.6065 1.5873e-01     0.1200      0.784    1485.00     83.432     5.4363   8.617825  0.000e+00
     29.229     8.7764    34.3018    26.6067 1.5873e-01     0.1200      0.780    1485.00     83.432     5.4362   8.617826  0.000e+00
     29.241     8.7761    34.3032    26.6079 1.5873e-01     0.1200      0.773    1485.00     83.429     5.4360   8.617826  0.000e+00
     29.260     8.7761    34.3059    26.6100 1.5873e-01     0.1200      0.773    1485.00     83.486     5.4396   8.617826  0.000e+00
     29.265     8.7766    34.3059    26.6099 1.5873e-01     0.1200      0.773    1485.01     83.431     5.4360   8.617827  0.000e+00
     29.301     8.7769    34.3086    26.6120 1.5873e-01     0.1200      0.773    1485.01     83.491     5.4398   8.617827  0.000e+00
     29.320     8.7767    34.3147    26.6168 1.5873e-01     0.1200      0.769    1485.02     83.426     5.4354   8.617828  0.000e+00
     29.336     8.7764    34.3194    26.6205 1.5873e-01     0.1200      0.766    1485.02     83.482     5.4389   8.617828  0.000e+00
     29.361     8.7764    34.3214    26.6221 1.5873e-01     0.1200      0.773    1485.03     83.481     5.4388   8.617829  0.000e+00
     29.380     8.7756    34.3229    26.6234 1.5873e-01     0.1200      0.784    1485.03     83.479     5.4386   8.617829  0.000e+00
     29.396     8.7761    34.3221    26.6228 1.5873e-01     0.1200      0.791    1485.03     83.535     5.4423   8.617830  0.000e+00
     29.409     8.7764    34.3217    26.6224 1.5873e-01     0.1200      0.799    1485.03     83.542     5.4427   8.617830  0.000e+00
     29.429     8.7770    34.3215    26.6221 1.5873e-01     0.1200      0.802    1485.03     83.479     5.4385   8.617831  0.000e+00
     29.456     8.7770    34.3220    26.6225 1.5873e-01     0.1200      0.813    1485.03     83.529     5.4418   8.617831  0.000e+00
     29.481     8.7769    34.3229    26.6232 1.7094e-01     0.1200      0.821    1485.03     83.530     5.4418   8.617832  0.000e+00
     29.489     8.7762    34.3251    26.6251 1.5873e-01     0.1200      0.824    1485.03     83.521     5.4413   8.617832  0.000e+00
     29.516     8.7758    34.3255    26.6254 1.5873e-01     0.1200      0.817    1485.03     83.525     5.4416   8.617833  0.000e+00
     29.529     8.7758    34.3243    26.6245 1.5873e-01     0.1200      0.810    1485.03     83.581     5.4452   8.617833  0.000e+00
     29.552     8.7761    34.3229    26.6233 1.5873e-01     0.1200      0.806    1485.03     83.588     5.4457   8.617834  0.000e+00
     29.560     8.7761    34.3231    26.6235 1.5873e-01     0.1200      0.802    1485.03     83.592     5.4460   8.617834  0.000e+00
     29.589     8.7761    34.3243    26.6244 1.5873e-01     0.1200      0.806    1485.03     83.595     5.4461   8.617835  0.000e+00
     29.612     8.7762    34.3265    26.6261 1.5873e-01     0.1200      0.806    1485.04     83.595     5.4460   8.617835  0.000e+00
     29.620     8.7761    34.3281    26.6274 1.5873e-01     0.1200      0.813    1485.04     83.594     5.4459   8.617836  0.000e+00
     29.649     8.7759    34.3285    26.6278 1.5873e-01     0.1200      0.828    1485.04     83.590     5.4457   8.617836  0.000e+00
     29.672     8.7758    34.3292    26.6283 1.5873e-01     0.1200      0.832    1485.04     83.592     5.4458   8.617837  0.000e+00
     29.669     8.7751    34.3297    26.6288 1.5873e-01     0.1200      0.824    1485.04     83.592     5.4458   8.617837  0.000e+00
