RAWDATA/20190107/SKJ1_20190110_down.cnv
* Sea-Bird SBE 9 Data File:
* FileName = C:\CTD Brukere\NIVA\OKOKYST2019\20190107\SKJ1_20190110.hex
* Software Version Seasave V 7.23.2
* Temperature SN = 5352
* Conductivity SN = 3840
* Number of Bytes Per Scan = 28
* Number of Voltage Words = 4
* Number of Scans Averaged by the Deck Unit = 1
* NMEA baud rate = 4800
** Ship: R/V Trygve Braarud
** Cruise:
** Station:
** Operator:
# nquan = 12
# nvalues = 1936                                  
# units = specified
# name 0 = depSM: Depth [salt water, m], lat = 59.60
# name 1 = t090C: Temperature [ITS-90, deg C]
# name 2 = sal00: Salinity, Practical [PSU]
# name 3 = sigma-t00: Density [sigma-t, kg/m^3 ]
# name 4 = flSP: Fluorescence, Seapoint
# name 5 = wetStar: Fluorescence, WET Labs WETstar [mg/m^3]
# name 6 = seaTurbMtr: Turbidity, Seapoint [FTU]
# name 7 = svCM: Sound Velocity [Chen-Millero, m/s]
# name 8 = sbeox0PS: Oxygen, SBE 43 [% saturation]
# name 9 = sbeox0ML/L: Oxygen, SBE 43 [ml/l]
# name 10 = timeJ: Julian Days
# name 11 = flag:  0.000e+00
# span 0 =      0.682,     30.450                 
# span 1 =     5.7632,     9.2453                 
# span 2 =    30.1487,    34.5267                 
# span 3 =    23.6073,    26.7080                 
# span 4 = 1.3431e-01, 8.6691e-01                 
# span 5 =     0.1200,     0.6731                 
# span 6 =      0.637,      5.905                 
# span 7 =    1468.18,    1487.02                 
# span 8 =     73.442,     97.704                 
# span 9 =     4.7977,     6.8709                 
# span 10 =  10.511493,  10.512426                
# span 11 = 0.0000e+00, 0.0000e+00                
# interval = seconds: 0.0416667
# start_time = Jan 10 2019 12:16:33 [System UpLoad Time]
# bad_flag = -9.990e-29
*END*
[from data line 1324]
     19.481     8.8314    34.3943    26.6706 1.4652e-01     0.1237      1.330    1485.16     78.258     5.0898  10.512132  0.000e+00
     19.494     8.8312    34.3949    26.6711 1.4652e-01     0.1224      1.385    1485.16     78.246     5.0891  10.512132  0.000e+00
     19.530     8.8316    34.3945    26.6707 1.4652e-01     0.1237      1.403    1485.16     78.172     5.0843  10.512133  0.000e+00
     19.541     8.8314    34.3946    26.6708 1.4652e-01     0.1237      1.381    1485.16     78.153     5.0830  10.512133  0.000e+00
     19.554     8.8314    34.3948    26.6709 1.4652e-01     0.1212      1.418    1485.16     78.133     5.0817  10.512133  0.000e+00
     19.577     8.8312    34.3945    26.6708 1.4652e-01     0.1224      1.527    1485.16     78.113     5.0804  10.512134  0.000e+00
     19.614     8.8311    34.3947    26.6709 1.4652e-01     0.1212      1.747    1485.16     78.100     5.0796  10.512134  0.000e+00
     19.614     8.8311    34.3946    26.6708 1.4652e-01     0.1224      1.989    1485.16     78.086     5.0787  10.512135  0.000e+00
     19.637     8.8311    34.3945    26.6708 1.4652e-01     0.1249      2.176    1485.16     78.073     5.0778  10.512135  0.000e+00
     19.650     8.8311    34.3942    26.6706 1.4652e-01     0.1249      2.315    1485.16     78.060     5.0770  10.512136  0.000e+00
     19.672     8.8312    34.3943    26.6706 1.4652e-01     0.1224      2.370    1485.16     78.046     5.0761  10.512136  0.000e+00
     19.698     8.8314    34.3941    26.6704 1.4652e-01     0.1200      2.315    1485.16     78.033     5.0752  10.512137  0.000e+00
     19.710     8.8312    34.3946    26.6708 1.4652e-01     0.1212      2.212    1485.16     78.020     5.0744  10.512137  0.000e+00
     19.732     8.8314    34.3945    26.6707 1.4652e-01     0.1200      2.128    1485.16     78.014     5.0739  10.512138  0.000e+00
     19.745     8.8312    34.3944    26.6706 1.5873e-01     0.1212      2.245    1485.16     78.008     5.0736  10.512138  0.000e+00
     19.768     8.8314    34.3943    26.6706 1.4652e-01     0.1212      2.557    1485.16     77.995     5.0727  10.512139  0.000e+00
     19.781     8.8316    34.3943    26.6706 1.4652e-01     0.1212      2.711    1485.16     77.989     5.0724  10.512139  0.000e+00
     19.805     8.8316    34.3948    26.6709 1.4652e-01     0.1224      2.612    1485.16     77.984     5.0720  10.512140  0.000e+00
     19.830     8.8317    34.3946    26.6707 1.4652e-01     0.1224      2.370    1485.16     77.979     5.0717  10.512140  0.000e+00
     19.841     8.8316    34.3944    26.6706 1.4652e-01     0.1212      2.088    1485.16     77.975     5.0714  10.512141  0.000e+00
     19.852     8.8312    34.3943    26.6706 1.4652e-01     0.1237      1.846    1485.16     77.970     5.0711  10.512141  0.000e+00
     19.877     8.8306    34.3947    26.6710 1.4652e-01     0.1224      1.648    1485.16     77.966     5.0709  10.512142  0.000e+00
     19.901     8.8305    34.3939    26.6704 1.4652e-01     0.1237      1.465    1485.16     77.962     5.0707  10.512142  0.000e+00
     19.901     8.8303    34.3940    26.6705 1.4652e-01     0.1237      1.352    1485.16     77.959     5.0705  10.512143  0.000e+00
     19.937     8.8301    34.3945    26.6709 1.4652e-01     0.1224      1.421    1485.16     77.955     5.0703  10.512143  0.000e+00
     19.950     8.8303    34.3942    26.6707 1.4652e-01     0.1212      1.714    1485.16     77.952     5.0701  10.512144  0.000e+00
     19.961     8.8300    34.3942    26.6707 1.4652e-01     0.1237      2.011    1485.16     77.957     5.0704  10.512144  0.000e+00
     19.984     8.8300    34.3941    26.6706 1.4652e-01     0.1249      2.183    1485.16     77.901     5.0668  10.512145  0.000e+00
     19.997     8.8299    34.3939    26.6705 1.4652e-01     0.1224      2.253    1485.16     77.961     5.0707  10.512145  0.000e+00
     20.021     8.8297    34.3942    26.6708 1.4652e-01     0.1237      2.168    1485.16     77.968     5.0712  10.512146  0.000e+00
     20.044     8.8297    34.3940    26.6706 1.4652e-01     0.1261      2.033    1485.16     77.975     5.0716  10.512146  0.000e+00
     20.057     8.8300    34.3942    26.6707 1.4652e-01     0.1261      1.864    1485.16     77.982     5.0721  10.512147  0.000e+00
     20.068     8.8297    34.3945    26.6710 1.4652e-01     0.1261      1.674    1485.16     77.983     5.0722  10.512147  0.000e+00
     20.092     8.8295    34.3942    26.6708 1.4652e-01     0.1249      1.509    1485.16     78.053     5.0767  10.512147  0.000e+00
     20.117     8.8290    34.3946    26.6712 1.4652e-01     0.1249      1.396    1485.16     78.000     5.0734  10.512148  0.000e+00
     20.128     8.8280    34.3950    26.6716 1.4652e-01     0.1249      1.311    1485.15     78.002     5.0736  10.512148  0.000e+00
     20.152     8.8274    34.3949    26.6717 1.4652e-01     0.1224      1.289    1485.15     78.012     5.0743  10.512149  0.000e+00
     20.152     8.8272    34.3942    26.6711 1.4652e-01     0.1200      1.322    1485.15     78.021     5.0749  10.512149  0.000e+00
     20.188     8.8268    34.3938    26.6709 1.4652e-01     0.1200      1.322    1485.15     78.093     5.0797  10.512150  0.000e+00
     20.199     8.8274    34.3938    26.6708 1.4652e-01     0.1212      1.308    1485.15     78.043     5.0763  10.512150  0.000e+00
     20.224     8.8271    34.3945    26.6714 1.4652e-01     0.1212      1.330    1485.15     78.047     5.0766  10.512151  0.000e+00
     20.236     8.8275    34.3940    26.6709 1.4652e-01     0.1200      1.458    1485.15     78.051     5.0768  10.512151  0.000e+00
     20.259     8.8272    34.3948    26.6716 1.4652e-01     0.1212      1.619    1485.15     78.116     5.0811  10.512152  0.000e+00
     20.272     8.8266    34.3950    26.6719 1.4652e-01     0.1237      1.751    1485.15     78.128     5.0819  10.512152  0.000e+00
     20.283     8.8263    34.3951    26.6720 1.4652e-01     0.1273      1.919    1485.15     78.139     5.0827  10.512153  0.000e+00
     20.319     8.8261    34.3942    26.6713 1.4652e-01     0.1261      2.168    1485.15     78.151     5.0835  10.512153  0.000e+00
     20.332     8.8258    34.3944    26.6715 1.4652e-01     0.1237      2.377    1485.15     78.162     5.0842  10.512154  0.000e+00
     20.343     8.8250    34.3946    26.6718 1.4652e-01     0.1224      2.385    1485.15     78.112     5.0811  10.512154  0.000e+00
     20.368     8.8241    34.3946    26.6719 1.4652e-01     0.1212      2.308    1485.14     78.178     5.0855  10.512155  0.000e+00
     20.379     8.8245    34.3938    26.6713 1.4652e-01     0.1212      2.172    1485.14     78.190     5.0862  10.512155  0.000e+00
     20.392     8.8246    34.3936    26.6711 1.4652e-01     0.1224      2.092    1485.14     78.201     5.0870  10.512156  0.000e+00
     20.428     8.8245    34.3940    26.6714 1.4652e-01     0.1249      2.000    1485.15     78.267     5.0912  10.512156  0.000e+00
     20.450     8.8245    34.3942    26.6716 1.4652e-01     0.1273      1.832    1485.15     78.217     5.0880  10.512157  0.000e+00
     20.450     8.8250    34.3937    26.6711 1.4652e-01     0.1273      1.604    1485.15     78.220     5.0882  10.512157  0.000e+00
     20.475     8.8251    34.3939    26.6713 1.5873e-01     0.1273      1.458    1485.15     78.224     5.0883  10.512158  0.000e+00
     20.501     8.8258    34.3937    26.6710 1.5873e-01     0.1273      1.421    1485.15     78.288     5.0925  10.512158  0.000e+00
     20.523     8.8256    34.3941    26.6713 1.5873e-01     0.1273      1.418    1485.15     78.297     5.0931  10.512159  0.000e+00
     20.535     8.8261    34.3935    26.6708 1.5873e-01     0.1237      1.381    1485.15     78.306     5.0936  10.512159  0.000e+00
     20.546     8.8260    34.3935    26.6708 1.4652e-01     0.1237      1.341    1485.15     78.314     5.0941  10.512160  0.000e+00
     20.570     8.8261    34.3934    26.6707 1.4652e-01     0.1249      1.381    1485.15     78.322     5.0946  10.512160  0.000e+00
     20.583     8.8261    34.3932    26.6705 1.4652e-01     0.1224      1.524    1485.15     78.329     5.0951  10.512160  0.000e+00
     20.619     8.8258    34.3939    26.6712 1.4652e-01     0.1224      1.575    1485.15     78.397     5.0995  10.512161  0.000e+00
     20.619     8.8251    34.3947    26.6719 1.4652e-01     0.1249      1.509    1485.15     78.409     5.1004  10.512161  0.000e+00
     20.655     8.8237    34.3951    26.6724 1.4652e-01     0.1237      1.414    1485.15     78.421     5.1013  10.512162  0.000e+00
     20.666     8.8218    34.3958    26.6732 1.5873e-01     0.1249      1.366    1485.14     78.432     5.1022  10.512162  0.000e+00
     20.681     8.8195    34.3964    26.6741 1.5873e-01     0.1249      1.370    1485.13     78.503     5.1071  10.512163  0.000e+00
     20.715     8.8182    34.3955    26.6736 1.4652e-01     0.1261      1.399    1485.13     78.458     5.1043  10.512163  0.000e+00
     20.715     8.8169    34.3952    26.6735 1.4652e-01     0.1249      1.509    1485.12     78.466     5.1050  10.512164  0.000e+00
     20.739     8.8161    34.3937    26.6725 1.4652e-01     0.1237      1.615    1485.12     78.473     5.1056  10.512164  0.000e+00
     20.762     8.8161    34.3929    26.6719 1.4652e-01     0.1224      1.641    1485.12     78.479     5.1060  10.512165  0.000e+00
     20.776     8.8164    34.3925    26.6715 1.4652e-01     0.1212      1.593    1485.12     78.546     5.1103  10.512165  0.000e+00
     20.799     8.8172    34.3919    26.6709 1.4652e-01     0.1200      1.505    1485.12     78.557     5.1110  10.512166  0.000e+00
     20.810     8.8185    34.3913    26.6703 1.4652e-01     0.1200      1.399    1485.13     78.567     5.1115  10.512166  0.000e+00
     20.835     8.8187    34.3923    26.6710 1.4652e-01     0.1200      1.289    1485.13     78.575     5.1120  10.512167  0.000e+00
     20.857     8.8184    34.3934    26.6720 1.4652e-01     0.1200      1.198    1485.13     78.583     5.1125  10.512167  0.000e+00
     20.870     8.8175    34.3934    26.6721 1.4652e-01     0.1212      1.139    1485.13     78.590     5.1130  10.512168  0.000e+00
     20.883     8.8166    34.3937    26.6725 1.4652e-01     0.1212      1.099    1485.12     78.588     5.1130  10.512168  0.000e+00
     20.906     8.8157    34.3934    26.6723 1.4652e-01     0.1200      1.077    1485.12     78.592     5.1134  10.512169  0.000e+00
     20.930     8.8151    34.3932    26.6722 1.4652e-01     0.1224      1.088    1485.12     78.595     5.1136  10.512169  0.000e+00
     20.942     8.8149    34.3924    26.6717 1.5873e-01     0.1224      1.136    1485.12     78.596     5.1138  10.512170  0.000e+00
     20.966     8.8146    34.3926    26.6719 1.5873e-01     0.1212      1.212    1485.12     78.658     5.1178  10.512170  0.000e+00
     20.977     8.8142    34.3927    26.6720 1.5873e-01     0.1224      1.319    1485.11     78.603     5.1143  10.512171  0.000e+00
     21.015     8.8143    34.3924    26.6718 1.5873e-01     0.1237      1.436    1485.12     78.669     5.1186  10.512171  0.000e+00
     21.013     8.8143    34.3926    26.6719 1.4652e-01     0.1261      1.520    1485.12     78.673     5.1188  10.512172  0.000e+00
     21.037     8.8138    34.3932    26.6725 1.4652e-01     0.1249      1.524    1485.11     78.675     5.1190  10.512172  0.000e+00
     21.062     8.8138    34.3926    26.6720 1.4652e-01     0.1237      1.462    1485.11     78.676     5.1191  10.512173  0.000e+00
     21.073     8.8135    34.3928    26.6722 1.4652e-01     0.1224      1.385    1485.11     78.675     5.1191  10.512173  0.000e+00
     21.097     8.8138    34.3922    26.6717 1.4652e-01     0.1249      1.330    1485.11     78.680     5.1194  10.512174  0.000e+00
     21.099     8.8140    34.3925    26.6719 1.5873e-01     0.1249      1.300    1485.12     78.677     5.1191  10.512174  0.000e+00
     21.146     8.8132    34.3934    26.6728 1.5873e-01     0.1261      1.370    1485.11     78.672     5.1189  10.512174  0.000e+00
     21.146     8.8127    34.3931    26.6726 1.4652e-01     0.1261      1.513    1485.11     78.666     5.1186  10.512175  0.000e+00
     21.169     8.8127    34.3928    26.6724 1.4652e-01     0.1261      1.634    1485.11     78.666     5.1185  10.512175  0.000e+00
     21.193     8.8125    34.3927    26.6723 1.4652e-01     0.1261      1.736    1485.11     78.603     5.1145  10.512176  0.000e+00
     21.206     8.8129    34.3925    26.6721 1.4652e-01     0.1261      1.846    1485.11     78.655     5.1178  10.512176  0.000e+00
     21.217     8.8130    34.3927    26.6722 1.5873e-01     0.1261      1.886    1485.11     78.651     5.1176  10.512177  0.000e+00
     21.253     8.8129    34.3924    26.6720 1.5873e-01     0.1273      1.839    1485.11     78.647     5.1173  10.512177  0.000e+00
     21.268     8.8133    34.3918    26.6715 1.5873e-01     0.1285      1.718    1485.12     78.634     5.1164  10.512178  0.000e+00
     21.277     8.8153    34.3909    26.6704 1.5873e-01     0.1285      1.615    1485.12     78.626     5.1157  10.512178  0.000e+00
     21.289     8.8167    34.3917    26.6708 1.4652e-01     0.1285      1.557    1485.13     78.618     5.1150  10.512179  0.000e+00
     21.313     8.8167    34.3928    26.6717 1.4652e-01     0.1298      1.484    1485.13     78.608     5.1143  10.512179  0.000e+00
     21.324     8.8164    34.3927    26.6717 1.4652e-01     0.1273      1.385    1485.13     78.604     5.1141  10.512180  0.000e+00
     21.349     8.8172    34.3923    26.6712 1.5873e-01     0.1249      1.278    1485.13     78.593     5.1133  10.512180  0.000e+00
     21.373     8.8188    34.3922    26.6709 1.5873e-01     0.1237      1.205    1485.14     78.580     5.1123  10.512181  0.000e+00
     21.350     8.8200    34.3930    26.6713 1.4652e-01     0.1249      1.158    1485.14     78.566     5.1112  10.512181  0.000e+00
     21.433     8.8199    34.3937    26.6719 1.5873e-01     0.1249      1.099    1485.14     78.558     5.1107  10.512182  0.000e+00
     21.433     8.8201    34.3932    26.6715 1.4652e-01     0.1249      1.026    1485.14     78.550     5.1101  10.512182  0.000e+00
     21.433     8.8208    34.3931    26.6713 1.5873e-01     0.1249      0.978    1485.15     78.540     5.1094  10.512183  0.000e+00
     21.457     8.8229    34.3924    26.6704 1.4652e-01     0.1249      0.960    1485.15     78.529     5.1085  10.512183  0.000e+00
     21.480     8.8250    34.3932    26.6708 1.4652e-01     0.1261      0.938    1485.16     78.579     5.1115  10.512184  0.000e+00
     21.493     8.8272    34.3942    26.6711 1.4652e-01     0.1249      0.905    1485.17     78.573     5.1108  10.512184  0.000e+00
     21.517     8.8277    34.3953    26.6719 1.4652e-01     0.1249      0.872    1485.18     78.574     5.1108  10.512185  0.000e+00
     21.517     8.8275    34.3954    26.6720 1.4652e-01     0.1249      0.850    1485.18     78.573     5.1108  10.512185  0.000e+00
     21.506     8.8264    34.3955    26.6723 1.4652e-01     0.1273      0.832    1485.17     78.572     5.1108  10.512186  0.000e+00
     21.600     8.8245    34.3948    26.6721 1.5873e-01     0.1261      0.824    1485.17     78.632     5.1149  10.512186  0.000e+00
     21.589     8.8227    34.3941    26.6718 1.4652e-01     0.1261      0.813    1485.16     78.642     5.1158  10.512187  0.000e+00
     21.600     8.8222    34.3932    26.6712 1.4652e-01     0.1261      0.817    1485.16     78.584     5.1121  10.512187  0.000e+00
     21.624     8.8218    34.3938    26.6717 1.4652e-01     0.1261      0.832    1485.16     78.640     5.1158  10.512188  0.000e+00
     21.624     8.8226    34.3941    26.6718 1.4652e-01     0.1273      0.839    1485.16     78.641     5.1157  10.512188  0.000e+00
     21.660     8.8229    34.3948    26.6723 1.5873e-01     0.1273      0.842    1485.16     78.640     5.1157  10.512188  0.000e+00
