RAWDATA/20190107/SKJ1_20190110_down.cnv
* Sea-Bird SBE 9 Data File:
* FileName = C:\CTD Brukere\NIVA\OKOKYST2019\20190107\SKJ1_20190110.hex
* Software Version Seasave V 7.23.2
* Temperature SN = 5352
* Conductivity SN = 3840
* Number of Bytes Per Scan = 28
* Number of Voltage Words = 4
* Number of Scans Averaged by the Deck Unit = 1
* NMEA baud rate = 4800
** Ship: R/V Trygve Braarud
** Cruise:
** Station:
** Operator:
# nquan = 12
# nvalues = 1936                                  
# units = specified
# name 0 = depSM: Depth [salt water, m], lat = 59.60
# name 1 = t090C: Temperature [ITS-90, deg C]
# name 2 = sal00: Salinity, Practical [PSU]
# name 3 = sigma-t00: Density [sigma-t, kg/m^3 ]
# name 4 = flSP: Fluorescence, Seapoint
# name 5 = wetStar: Fluorescence, WET Labs WETstar [mg/m^3]
# name 6 = seaTurbMtr: Turbidity, Seapoint [FTU]
# name 7 = svCM: Sound Velocity [Chen-Millero, m/s]
# name 8 = sbeox0PS: Oxygen, SBE 43 [% saturation]
# name 9 = sbeox0ML/L: Oxygen, SBE 43 [ml/l]
# name 10 = timeJ: Julian Days
# name 11 = flag:  0.000e+00
# span 0 =      0.682,     30.450                 
# span 1 =     5.7632,     9.2453                 
# span 2 =    30.1487,    34.5267                 
# span 3 =    23.6073,    26.7080                 
# span 4 = 1.3431e-01, 8.6691e-01                 
# span 5 =     0.1200,     0.6731                 
# span 6 =      0.637,      5.905                 
# span 7 =    1468.18,    1487.02                 
# span 8 =     73.442,     97.704                 
# span 9 =     4.7977,     6.8709                 
# span 10 =  10.511493,  10.512426                
# span 11 = 0.0000e+00, 0.0000e+00                
# interval = seconds: 0.0416667
# start_time = Jan 10 2019 12:16:33 [System UpLoad Time]
# bad_flag = -9.990e-29
*END*
[from data line 1805]
     28.215     9.2388    34.5178    26.7020 1.4652e-01     0.1200      0.832    1486.95     78.958     5.0853  10.512364  0.000e+00
     28.244     9.2389    34.5177    26.7020 1.4652e-01     0.1200      0.780    1486.95     78.953     5.0850  10.512364  0.000e+00
     28.244     9.2387    34.5179    26.7021 1.4652e-01     0.1200      0.747    1486.95     78.948     5.0847  10.512364  0.000e+00
     28.275     9.2389    34.5176    26.7018 1.4652e-01     0.1200      0.733    1486.95     78.943     5.0844  10.512365  0.000e+00
     28.293     9.2390    34.5175    26.7018 1.4652e-01     0.1200      0.740    1486.95     78.937     5.0840  10.512365  0.000e+00
     28.299     9.2387    34.5183    26.7024 1.4652e-01     0.1200      0.755    1486.95     78.932     5.0836  10.512366  0.000e+00
     28.328     9.2390    34.5180    26.7021 1.4652e-01     0.1200      0.762    1486.95     78.926     5.0832  10.512366  0.000e+00
     28.335     9.2392    34.5177    26.7019 1.4652e-01     0.1200      0.766    1486.96     78.919     5.0828  10.512367  0.000e+00
     28.364     9.2390    34.5180    26.7022 1.4652e-01     0.1200      0.777    1486.96     78.913     5.0824  10.512367  0.000e+00
     28.375     9.2390    34.5181    26.7022 1.4652e-01     0.1200      0.802    1486.96     78.913     5.0824  10.512368  0.000e+00
     28.395     9.2390    34.5182    26.7023 1.4652e-01     0.1200      0.810    1486.96     78.852     5.0785  10.512368  0.000e+00
     28.413     9.2390    34.5184    26.7025 1.4652e-01     0.1200      0.813    1486.96     78.846     5.0781  10.512369  0.000e+00
     28.419     9.2390    34.5182    26.7024 1.4652e-01     0.1200      0.817    1486.96     78.840     5.0777  10.512369  0.000e+00
     28.435     9.2392    34.5181    26.7022 1.4652e-01     0.1200      0.802    1486.96     78.895     5.0812  10.512370  0.000e+00
     28.460     9.2390    34.5182    26.7023 1.4652e-01     0.1200      0.780    1486.96     78.835     5.0774  10.512370  0.000e+00
     28.479     9.2392    34.5182    26.7023 1.4652e-01     0.1200      0.758    1486.96     78.891     5.0809  10.512371  0.000e+00
     28.495     9.2393    34.5182    26.7023 1.4652e-01     0.1200      0.747    1486.96     78.892     5.0810  10.512371  0.000e+00
     28.503     9.2392    34.5183    26.7024 1.4652e-01     0.1200      0.744    1486.96     78.893     5.0811  10.512372  0.000e+00
     28.520     9.2392    34.5181    26.7022 1.4652e-01     0.1200      0.740    1486.96     78.833     5.0772  10.512372  0.000e+00
     28.515     9.2393    34.5181    26.7022 1.4652e-01     0.1200      0.762    1486.96     78.828     5.0769  10.512373  0.000e+00
     28.580     9.2392    34.5183    26.7023 1.4652e-01     0.1200      0.802    1486.96     78.884     5.0805  10.512373  0.000e+00
     28.580     9.2392    34.5183    26.7024 1.4652e-01     0.1200      0.842    1486.96     78.886     5.0806  10.512374  0.000e+00
     28.586     9.2390    34.5185    26.7026 1.4652e-01     0.1200      0.886    1486.96     78.888     5.0808  10.512374  0.000e+00
     28.604     9.2393    34.5182    26.7022 1.4652e-01     0.1200      0.938    1486.96     78.890     5.0809  10.512375  0.000e+00
     28.615     9.2392    34.5182    26.7023 1.4652e-01     0.1200      0.923    1486.96     78.892     5.0810  10.512375  0.000e+00
     28.635     9.2393    34.5186    26.7026 1.3431e-01     0.1200      0.886    1486.96     78.894     5.0811  10.512376  0.000e+00
     28.664     9.2390    34.5185    26.7026 1.4652e-01     0.1200      0.864    1486.96     78.896     5.0813  10.512376  0.000e+00
     28.670     9.2392    34.5187    26.7027 1.3431e-01     0.1200      0.835    1486.96     78.897     5.0813  10.512377  0.000e+00
     28.675     9.2392    34.5185    26.7026 1.3431e-01     0.1200      0.802    1486.96     78.899     5.0815  10.512377  0.000e+00
     28.700     9.2392    34.5183    26.7024 1.4652e-01     0.1200      0.773    1486.96     78.901     5.0816  10.512378  0.000e+00
     28.719     9.2392    34.5187    26.7026 1.7094e-01     0.1200      0.755    1486.96     78.964     5.0856  10.512378  0.000e+00
     28.735     9.2393    34.5185    26.7025 1.7094e-01     0.1200      0.736    1486.96     78.911     5.0822  10.512378  0.000e+00
     28.742     9.2390    34.5191    26.7030 1.5873e-01     0.1200      0.722    1486.96     78.974     5.0863  10.512379  0.000e+00
     28.760     9.2395    34.5181    26.7022 1.5873e-01     0.1200      0.714    1486.96     78.982     5.0868  10.512379  0.000e+00
     28.784     9.2392    34.5189    26.7029 1.4652e-01     0.1200      0.755    1486.96     78.990     5.0873  10.512380  0.000e+00
     28.791     9.2392    34.5186    26.7026 1.4652e-01     0.1200      0.828    1486.96     78.997     5.0878  10.512380  0.000e+00
     28.807     9.2393    34.5188    26.7028 1.4652e-01     0.1200      0.868    1486.96     79.004     5.0882  10.512381  0.000e+00
     28.820     9.2394    34.5183    26.7024 1.4652e-01     0.1200      0.850    1486.96     79.011     5.0887  10.512381  0.000e+00
     28.851     9.2393    34.5183    26.7024 1.4652e-01     0.1200      0.828    1486.96     79.018     5.0891  10.512382  0.000e+00
     28.855     9.2394    34.5188    26.7027 1.3431e-01     0.1200      0.813    1486.97     79.024     5.0895  10.512382  0.000e+00
     28.875     9.2395    34.5183    26.7024 1.4652e-01     0.1200      0.799    1486.97     79.030     5.0899  10.512383  0.000e+00
     28.902     9.2395    34.5186    26.7026 1.3431e-01     0.1200      0.777    1486.97     79.097     5.0942  10.512383  0.000e+00
     28.902     9.2397    34.5185    26.7025 1.4652e-01     0.1200      0.755    1486.97     79.109     5.0949  10.512384  0.000e+00
     28.922     9.2399    34.5187    26.7026 1.4652e-01     0.1200      0.736    1486.97     79.121     5.0957  10.512384  0.000e+00
     28.940     9.2397    34.5190    26.7029 1.4652e-01     0.1200      0.722    1486.97     79.132     5.0964  10.512385  0.000e+00
     28.951     9.2397    34.5187    26.7026 1.4652e-01     0.1200      0.711    1486.97     79.142     5.0970  10.512385  0.000e+00
     28.982     9.2397    34.5188    26.7027 1.4652e-01     0.1200      0.707    1486.97     79.152     5.0977  10.512386  0.000e+00
     28.975     9.2399    34.5190    26.7028 1.4652e-01     0.1200      0.703    1486.97     79.161     5.0982  10.512386  0.000e+00
     29.011     9.2400    34.5188    26.7026 1.4652e-01     0.1200      0.703    1486.97     79.170     5.0988  10.512387  0.000e+00
     29.031     9.2399    34.5190    26.7028 1.4652e-01     0.1200      0.703    1486.97     79.178     5.0993  10.512387  0.000e+00
     29.035     9.2400    34.5192    26.7030 1.4652e-01     0.1200      0.696    1486.97     79.185     5.0998  10.512388  0.000e+00
     29.055     9.2401    34.5190    26.7028 1.4652e-01     0.1200      0.692    1486.97     79.192     5.1002  10.512388  0.000e+00
     29.071     9.2402    34.5188    26.7026 1.4652e-01     0.1200      0.692    1486.97     79.259     5.1046  10.512389  0.000e+00
     29.096     9.2401    34.5191    26.7028 1.4652e-01     0.1200      0.696    1486.97     79.211     5.1014  10.512389  0.000e+00
     29.102     9.2400    34.5193    26.7030 1.4652e-01     0.1200      0.707    1486.97     79.216     5.1017  10.512390  0.000e+00
     29.118     9.2406    34.5192    26.7029 1.4652e-01     0.1200      0.722    1486.98     79.220     5.1020  10.512390  0.000e+00
     29.143     9.2406    34.5194    26.7030 1.4652e-01     0.1200      0.733    1486.98     79.285     5.1061  10.512391  0.000e+00
     29.162     9.2408    34.5197    26.7032 1.4652e-01     0.1200      0.755    1486.98     79.295     5.1067  10.512391  0.000e+00
     29.178     9.2406    34.5202    26.7036 1.4652e-01     0.1200      0.762    1486.98     79.243     5.1034  10.512391  0.000e+00
     29.191     9.2411    34.5196    26.7031 1.4652e-01     0.1200      0.758    1486.98     79.298     5.1069  10.512392  0.000e+00
     29.211     9.2410    34.5202    26.7036 1.4652e-01     0.1200      0.747    1486.98     79.298     5.1069  10.512392  0.000e+00
     29.238     9.2409    34.5204    26.7037 1.4652e-01     0.1200      0.733    1486.98     79.298     5.1069  10.512393  0.000e+00
     29.251     9.2410    34.5206    26.7038 1.4652e-01     0.1200      0.725    1486.98     79.302     5.1072  10.512393  0.000e+00
     29.258     9.2412    34.5209    26.7041 1.4652e-01     0.1200      0.722    1486.98     79.299     5.1069  10.512394  0.000e+00
     29.287     9.2412    34.5208    26.7040 1.4652e-01     0.1200      0.729    1486.98     79.303     5.1071  10.512394  0.000e+00
     29.287     9.2415    34.5214    26.7044 1.4652e-01     0.1200      0.751    1486.98     79.304     5.1072  10.512395  0.000e+00
     29.331     9.2419    34.5214    26.7043 1.3431e-01     0.1200      0.769    1486.99     79.306     5.1073  10.512395  0.000e+00
     29.334     9.2423    34.5213    26.7042 1.3431e-01     0.1200      0.777    1486.99     79.299     5.1068  10.512396  0.000e+00
     29.347     9.2426    34.5217    26.7045 1.3431e-01     0.1200      0.769    1486.99     79.291     5.1063  10.512396  0.000e+00
     29.378     9.2426    34.5220    26.7047 1.4652e-01     0.1200      0.751    1486.99     79.290     5.1061  10.512397  0.000e+00
     29.383     9.2427    34.5221    26.7048 1.4652e-01     0.1200      0.733    1486.99     79.287     5.1059  10.512397  0.000e+00
     29.394     9.2428    34.5223    26.7049 2.1978e-01     0.1200      0.740    1486.99     79.283     5.1057  10.512398  0.000e+00
     29.431     9.2428    34.5222    26.7048 2.4420e-01     0.1200      0.806    1486.99     79.279     5.1054  10.512398  0.000e+00
     29.426     9.2428    34.5225    26.7051 2.0757e-01     0.1200      0.894    1486.99     79.274     5.1051  10.512399  0.000e+00
     29.467     9.2430    34.5221    26.7047 1.8315e-01     0.1200      0.890    1486.99     79.268     5.1047  10.512399  0.000e+00
     29.478     9.2431    34.5225    26.7050 1.7094e-01     0.1200      0.835    1486.99     79.261     5.1042  10.512400  0.000e+00
     29.486     9.2432    34.5226    26.7051 1.5873e-01     0.1200      0.791    1486.99     79.253     5.1037  10.512400  0.000e+00
     29.514     9.2433    34.5224    26.7049 1.5873e-01     0.1200      0.769    1487.00     79.245     5.1031  10.512401  0.000e+00
     29.527     9.2431    34.5230    26.7054 1.4652e-01     0.1200      0.747    1487.00     79.235     5.1025  10.512401  0.000e+00
     29.547     9.2433    34.5227    26.7052 1.4652e-01     0.1200      0.733    1487.00     79.232     5.1023  10.512402  0.000e+00
     29.563     9.2434    34.5224    26.7049 1.4652e-01     0.1200      0.729    1487.00     79.221     5.1016  10.512402  0.000e+00
     29.587     9.2438    34.5226    26.7050 1.4652e-01     0.1200      0.725    1487.00     79.217     5.1013  10.512403  0.000e+00
     29.607     9.2436    34.5229    26.7052 1.4652e-01     0.1200      0.722    1487.00     79.212     5.1010  10.512403  0.000e+00
     29.623     9.2437    34.5230    26.7053 1.4652e-01     0.1200      0.722    1487.00     79.206     5.1006  10.512404  0.000e+00
     29.634     9.2436    34.5228    26.7052 1.4652e-01     0.1200      0.718    1487.00     79.200     5.1002  10.512404  0.000e+00
     29.658     9.2437    34.5232    26.7055 1.5873e-01     0.1200      0.718    1487.00     79.193     5.0997  10.512405  0.000e+00
     29.678     9.2441    34.5227    26.7050 1.5873e-01     0.1200      0.725    1487.00     79.185     5.0992  10.512405  0.000e+00
     29.694     9.2438    34.5232    26.7055 1.4652e-01     0.1200      0.729    1487.00     79.177     5.0987  10.512405  0.000e+00
     29.705     9.2440    34.5233    26.7055 1.4652e-01     0.1200      0.733    1487.00     79.169     5.0981  10.512406  0.000e+00
     29.727     9.2437    34.5238    26.7060 1.4652e-01     0.1200      0.736    1487.00     79.160     5.0976  10.512406  0.000e+00
     29.766     9.2438    34.5238    26.7060 1.4652e-01     0.1200      0.747    1487.00     79.157     5.0974  10.512407  0.000e+00
     29.778     9.2439    34.5235    26.7057 1.4652e-01     0.1200      0.766    1487.00     79.154     5.0972  10.512407  0.000e+00
     29.790     9.2442    34.5237    26.7058 1.4652e-01     0.1200      0.799    1487.00     79.151     5.0970  10.512408  0.000e+00
     29.809     9.2439    34.5241    26.7061 1.4652e-01     0.1200      0.810    1487.00     79.147     5.0967  10.512408  0.000e+00
     29.826     9.2443    34.5237    26.7057 1.4652e-01     0.1200      0.788    1487.01     79.144     5.0965  10.512409  0.000e+00
     29.863     9.2442    34.5243    26.7062 1.4652e-01     0.1200      0.799    1487.01     79.140     5.0962  10.512409  0.000e+00
     29.863     9.2442    34.5243    26.7063 1.4652e-01     0.1200      0.791    1487.01     79.196     5.0999  10.512410  0.000e+00
     29.894     9.2444    34.5242    26.7062 1.4652e-01     0.1200      0.777    1487.01     79.198     5.1000  10.512410  0.000e+00
     29.910     9.2443    34.5241    26.7061 1.4652e-01     0.1200      0.795    1487.01     79.139     5.0961  10.512411  0.000e+00
     29.934     9.2443    34.5242    26.7062 1.4652e-01     0.1200      0.850    1487.01     79.133     5.0958  10.512411  0.000e+00
     29.929     9.2447    34.5240    26.7060 1.4652e-01     0.1200      0.842    1487.01     79.127     5.0953  10.512412  0.000e+00
     29.981     9.2443    34.5246    26.7065 1.4652e-01     0.1200      0.810    1487.01     79.189     5.0993  10.512412  0.000e+00
     29.994     9.2446    34.5244    26.7063 1.4652e-01     0.1200      0.773    1487.01     79.128     5.0954  10.512413  0.000e+00
     30.006     9.2443    34.5246    26.7065 1.4652e-01     0.1200      0.751    1487.01     79.121     5.0950  10.512413  0.000e+00
     30.038     9.2444    34.5246    26.7065 1.4652e-01     0.1200      0.740    1487.01     79.175     5.0985  10.512414  0.000e+00
     30.041     9.2446    34.5243    26.7062 1.4652e-01     0.1200      0.736    1487.01     79.120     5.0949  10.512414  0.000e+00
     30.066     9.2446    34.5244    26.7062 1.4652e-01     0.1200      0.744    1487.01     79.180     5.0988  10.512415  0.000e+00
     30.079     9.2445    34.5242    26.7061 1.4652e-01     0.1200      0.744    1487.01     79.118     5.0948  10.512415  0.000e+00
     30.109     9.2446    34.5243    26.7062 1.4652e-01     0.1200      0.773    1487.01     79.178     5.0986  10.512416  0.000e+00
     30.137     9.2448    34.5238    26.7058 1.4652e-01     0.1200      0.795    1487.01     79.122     5.0950  10.512416  0.000e+00
     30.137     9.2446    34.5240    26.7059 1.4652e-01     0.1200      0.780    1487.01     79.182     5.0989  10.512417  0.000e+00
     30.161     9.2446    34.5242    26.7061 1.4652e-01     0.1200      0.762    1487.01     79.187     5.0992  10.512417  0.000e+00
     30.186     9.2445    34.5245    26.7063 1.4652e-01     0.1200      0.788    1487.01     79.130     5.0956  10.512418  0.000e+00
     30.207     9.2444    34.5248    26.7066 1.4652e-01     0.1200      0.864    1487.01     79.189     5.0994  10.512418  0.000e+00
     30.221     9.2445    34.5249    26.7067 1.4652e-01     0.1200      0.872    1487.01     79.194     5.0996  10.512418  0.000e+00
     30.246     9.2447    34.5253    26.7070 1.4652e-01     0.1200      0.824    1487.02     79.198     5.0999  10.512419  0.000e+00
     30.270     9.2446    34.5258    26.7074 1.4652e-01     0.1200      0.777    1487.02     79.202     5.1001  10.512419  0.000e+00
     30.278     9.2447    34.5259    26.7074 1.4652e-01     0.1200      0.758    1487.02     79.205     5.1003  10.512420  0.000e+00
     30.306     9.2450    34.5256    26.7071 1.4652e-01     0.1200      0.758    1487.02     79.209     5.1005  10.512420  0.000e+00
