RAWDATA/20190107/SKJ1_20190110_down.cnv
* Sea-Bird SBE 9 Data File:
* FileName = C:\CTD Brukere\NIVA\OKOKYST2019\20190107\SKJ1_20190110.hex
* Software Version Seasave V 7.23.2
* Temperature SN = 5352
* Conductivity SN = 3840
* Number of Bytes Per Scan = 28
* Number of Voltage Words = 4
* Number of Scans Averaged by the Deck Unit = 1
* NMEA baud rate = 4800
** Ship: R/V Trygve Braarud
** Cruise:
** Station:
** Operator:
# nquan = 12
# nvalues = 1936                                  
# units = specified
# name 0 = depSM: Depth [salt water, m], lat = 59.60
# name 1 = t090C: Temperature [ITS-90, deg C]
# name 2 = sal00: Salinity, Practical [PSU]
# name 3 = sigma-t00: Density [sigma-t, kg/m^3 ]
# name 4 = flSP: Fluorescence, Seapoint
# name 5 = wetStar: Fluorescence, WET Labs WETstar [mg/m^3]
# name 6 = seaTurbMtr: Turbidity, Seapoint [FTU]
# name 7 = svCM: Sound Velocity [Chen-Millero, m/s]
# name 8 = sbeox0PS: Oxygen, SBE 43 [% saturation]
# name 9 = sbeox0ML/L: Oxygen, SBE 43 [ml/l]
# name 10 = timeJ: Julian Days
# name 11 = flag:  0.000e+00
# span 0 =      0.682,     30.450                 
# span 1 =     5.7632,     9.2453                 
# span 2 =    30.1487,    34.5267                 
# span 3 =    23.6073,    26.7080                 
# span 4 = 1.3431e-01, 8.6691e-01                 
# span 5 =     0.1200,     0.6731                 
# span 6 =      0.637,      5.905                 
# span 7 =    1468.18,    1487.02                 
# span 8 =     73.442,     97.704                 
# span 9 =     4.7977,     6.8709                 
# span 10 =  10.511493,  10.512426                
# span 11 = 0.0000e+00, 0.0000e+00                
# interval = seconds: 0.0416667
# start_time = Jan 10 2019 12:16:33 [System UpLoad Time]
# bad_flag = -9.990e-29
*END*
[from data line 963]
     12.827     8.9082    34.3928    26.6573 1.4652e-01     0.1224      1.066    1485.33     77.098     5.0060  10.511957  0.000e+00
     12.852     8.9087    34.3927    26.6571 1.4652e-01     0.1224      1.022    1485.33     77.104     5.0063  10.511958  0.000e+00
     12.876     8.9092    34.3932    26.6574 1.4652e-01     0.1237      0.989    1485.33     77.102     5.0061  10.511958  0.000e+00
     12.887     8.9093    34.3935    26.6576 1.4652e-01     0.1224      1.044    1485.33     77.099     5.0059  10.511959  0.000e+00
     12.900     8.9093    34.3938    26.6578 1.4652e-01     0.1212      1.223    1485.33     77.095     5.0056  10.511959  0.000e+00
     12.925     8.9090    34.3950    26.6588 1.4652e-01     0.1224      1.377    1485.33     77.098     5.0058  10.511960  0.000e+00
     12.947     8.9090    34.3947    26.6586 1.5873e-01     0.1261      1.403    1485.33     77.154     5.0094  10.511960  0.000e+00
     12.972     8.9090    34.3950    26.6589 1.4652e-01     0.1261      1.330    1485.34     77.093     5.0054  10.511961  0.000e+00
     12.983     8.9090    34.3952    26.6590 1.4652e-01     0.1249      1.223    1485.34     77.086     5.0050  10.511961  0.000e+00
     12.996     8.9092    34.3951    26.6589 1.5873e-01     0.1249      1.121    1485.34     77.024     5.0009  10.511962  0.000e+00
     13.020     8.9087    34.3958    26.6595 1.5873e-01     0.1237      1.077    1485.34     77.077     5.0044  10.511962  0.000e+00
     13.043     8.9090    34.3953    26.6590 1.5873e-01     0.1237      1.099    1485.34     77.075     5.0043  10.511963  0.000e+00
     13.056     8.9092    34.3953    26.6591 1.4652e-01     0.1224      1.110    1485.34     77.065     5.0036  10.511963  0.000e+00
     13.067     8.9095    34.3956    26.6592 1.5873e-01     0.1212      1.088    1485.34     77.062     5.0034  10.511964  0.000e+00
     13.079     8.9095    34.3959    26.6595 1.4652e-01     0.1224      1.055    1485.34     77.058     5.0031  10.511964  0.000e+00
     13.103     8.9095    34.3955    26.6592 1.4652e-01     0.1224      1.037    1485.34     77.054     5.0028  10.511965  0.000e+00
     13.127     8.9101    34.3952    26.6588 1.4652e-01     0.1224      1.015    1485.34     77.049     5.0025  10.511965  0.000e+00
     13.143     8.9099    34.3956    26.6592 1.4652e-01     0.1249      0.993    1485.34     77.104     5.0061  10.511966  0.000e+00
     13.163     8.9098    34.3963    26.6597 1.4652e-01     0.1237      0.960    1485.34     77.105     5.0061  10.511966  0.000e+00
     13.187     8.9095    34.3962    26.6597 1.4652e-01     0.1224      0.923    1485.34     77.105     5.0061  10.511967  0.000e+00
     13.198     8.9093    34.3962    26.6597 1.4652e-01     0.1224      0.934    1485.34     77.103     5.0060  10.511967  0.000e+00
     13.223     8.9095    34.3955    26.6591 1.4652e-01     0.1249      0.993    1485.34     77.108     5.0064  10.511968  0.000e+00
     13.234     8.9098    34.3953    26.6589 1.4652e-01     0.1237      1.018    1485.34     77.113     5.0066  10.511968  0.000e+00
     13.247     8.9101    34.3950    26.6587 1.4652e-01     0.1224      1.018    1485.34     77.109     5.0064  10.511969  0.000e+00
     13.283     8.9104    34.3955    26.6590 1.4652e-01     0.1212      1.007    1485.35     77.113     5.0065  10.511969  0.000e+00
     13.294     8.9106    34.3956    26.6591 1.4652e-01     0.1212      0.996    1485.35     77.054     5.0027  10.511970  0.000e+00
     13.318     8.9112    34.3957    26.6590 1.4652e-01     0.1200      0.996    1485.35     77.110     5.0063  10.511970  0.000e+00
     13.331     8.9111    34.3967    26.6598 1.4652e-01     0.1200      1.018    1485.35     77.112     5.0064  10.511970  0.000e+00
     13.343     8.9116    34.3966    26.6597 1.4652e-01     0.1224      1.077    1485.35     77.113     5.0064  10.511971  0.000e+00
     13.367     8.9116    34.3964    26.6595 1.4652e-01     0.1249      1.176    1485.35     77.113     5.0064  10.511971  0.000e+00
     13.390     8.9117    34.3967    26.6597 1.4652e-01     0.1237      1.333    1485.35     77.113     5.0064  10.511972  0.000e+00
     13.414     8.9122    34.3961    26.6592 1.5873e-01     0.1224      1.535    1485.36     77.113     5.0063  10.511972  0.000e+00
     13.419     8.9126    34.3962    26.6592 1.4652e-01     0.1224      1.663    1485.36     77.111     5.0062  10.511973  0.000e+00
     13.450     8.9130    34.3961    26.6591 1.4652e-01     0.1237      1.615    1485.36     77.110     5.0060  10.511973  0.000e+00
     13.463     8.9135    34.3962    26.6591 1.4652e-01     0.1249      1.480    1485.36     77.107     5.0058  10.511974  0.000e+00
     13.474     8.9138    34.3967    26.6594 1.4652e-01     0.1237      1.359    1485.36     77.104     5.0056  10.511974  0.000e+00
     13.498     8.9147    34.3962    26.6589 1.4652e-01     0.1212      1.260    1485.37     77.100     5.0053  10.511975  0.000e+00
     13.522     8.9151    34.3961    26.6588 1.4652e-01     0.1200      1.168    1485.37     77.096     5.0050  10.511975  0.000e+00
     13.534     8.9153    34.3968    26.6592 1.4652e-01     0.1200      1.095    1485.37     77.092     5.0046  10.511976  0.000e+00
     13.558     8.9155    34.3977    26.6599 1.4652e-01     0.1200      1.044    1485.37     77.094     5.0047  10.511976  0.000e+00
     13.582     8.9159    34.3975    26.6597 1.4652e-01     0.1200      1.004    1485.37     77.088     5.0043  10.511977  0.000e+00
     13.582     8.9160    34.3976    26.6598 1.4652e-01     0.1212      0.971    1485.37     77.082     5.0039  10.511977  0.000e+00
     13.605     8.9161    34.3979    26.6600 1.4652e-01     0.1212      0.949    1485.38     77.075     5.0034  10.511978  0.000e+00
     13.621     8.9163    34.3983    26.6603 1.4652e-01     0.1200      0.982    1485.38     77.075     5.0034  10.511978  0.000e+00
     13.654     8.9158    34.3990    26.6609 1.4652e-01     0.1212      1.088    1485.38     77.136     5.0074  10.511979  0.000e+00
     13.665     8.9155    34.3989    26.6609 1.5873e-01     0.1224      1.249    1485.38     77.142     5.0078  10.511979  0.000e+00
     13.678     8.9153    34.3988    26.6608 1.5873e-01     0.1237      1.425    1485.37     77.147     5.0081  10.511980  0.000e+00
     13.701     8.9148    34.3989    26.6610 1.5873e-01     0.1224      1.509    1485.37     77.152     5.0085  10.511980  0.000e+00
     13.714     8.9151    34.3983    26.6604 1.5873e-01     0.1224      1.451    1485.37     77.156     5.0088  10.511981  0.000e+00
     13.738     8.9148    34.3985    26.6606 1.5873e-01     0.1212      1.330    1485.37     77.160     5.0090  10.511981  0.000e+00
     13.749     8.9151    34.3982    26.6604 1.4652e-01     0.1212      1.212    1485.37     77.163     5.0092  10.511982  0.000e+00
     13.785     8.9151    34.3982    26.6604 1.4652e-01     0.1224      1.128    1485.38     77.165     5.0094  10.511982  0.000e+00
     13.777     8.9155    34.3983    26.6604 1.4652e-01     0.1224      1.081    1485.38     77.167     5.0094  10.511983  0.000e+00
     13.821     8.9151    34.3993    26.6613 1.4652e-01     0.1237      1.055    1485.38     77.168     5.0095  10.511983  0.000e+00
     13.834     8.9151    34.3997    26.6616 1.4652e-01     0.1212      1.033    1485.38     77.169     5.0096  10.511984  0.000e+00
     13.845     8.9151    34.3990    26.6610 1.5873e-01     0.1200      0.996    1485.38     77.237     5.0140  10.511984  0.000e+00
     13.869     8.9153    34.3989    26.6609 1.5873e-01     0.1200      0.938    1485.38     77.244     5.0144  10.511984  0.000e+00
     13.881     8.9153    34.3987    26.6607 1.4652e-01     0.1200      0.872    1485.38     77.188     5.0108  10.511985  0.000e+00
     13.905     8.9153    34.3988    26.6608 1.4652e-01     0.1200      0.824    1485.38     77.241     5.0142  10.511985  0.000e+00
     13.929     8.9154    34.3985    26.6606 1.4652e-01     0.1200      0.799    1485.38     77.244     5.0145  10.511986  0.000e+00
     13.932     8.9151    34.3993    26.6612 1.4652e-01     0.1200      0.795    1485.38     77.247     5.0147  10.511986  0.000e+00
     13.965     8.9145    34.4001    26.6620 1.4652e-01     0.1212      0.949    1485.38     77.250     5.0149  10.511987  0.000e+00
     13.976     8.9131    34.3999    26.6620 1.4652e-01     0.1200      1.377    1485.37     77.251     5.0151  10.511987  0.000e+00
     14.000     8.9113    34.4003    26.6626 1.4652e-01     0.1200      1.861    1485.37     77.313     5.0193  10.511988  0.000e+00
     14.012     8.9098    34.4002    26.6628 1.4652e-01     0.1200      2.176    1485.36     77.258     5.0159  10.511988  0.000e+00
     14.036     8.9095    34.3993    26.6621 1.4652e-01     0.1200      2.249    1485.36     77.318     5.0198  10.511989  0.000e+00
     14.047     8.9088    34.3984    26.6615 1.4652e-01     0.1200      2.136    1485.36     77.268     5.0167  10.511989  0.000e+00
     14.064     8.9082    34.3988    26.6619 1.5873e-01     0.1200      1.901    1485.35     77.272     5.0170  10.511990  0.000e+00
     14.085     8.9077    34.3988    26.6620 1.4652e-01     0.1212      1.637    1485.35     77.336     5.0213  10.511990  0.000e+00
     14.107     8.9069    34.3990    26.6623 1.4652e-01     0.1212      1.399    1485.35     77.407     5.0259  10.511991  0.000e+00
     14.120     8.9061    34.3988    26.6623 1.4652e-01     0.1224      1.212    1485.35     77.361     5.0230  10.511991  0.000e+00
     14.145     8.9055    34.3986    26.6622 1.4652e-01     0.1212      1.084    1485.35     77.368     5.0236  10.511992  0.000e+00
     14.156     8.9053    34.3984    26.6621 1.4652e-01     0.1200      1.004    1485.35     77.435     5.0280  10.511992  0.000e+00
     14.180     8.9060    34.3978    26.6615 1.4652e-01     0.1212      0.952    1485.35     77.448     5.0287  10.511993  0.000e+00
     14.183     8.9065    34.3979    26.6615 1.4652e-01     0.1200      0.919    1485.35     77.451     5.0289  10.511993  0.000e+00
     14.216     8.9075    34.3981    26.6615 1.4652e-01     0.1200      0.883    1485.35     77.461     5.0294  10.511994  0.000e+00
     14.227     8.9077    34.3985    26.6618 1.4652e-01     0.1200      0.861    1485.36     77.469     5.0299  10.511994  0.000e+00
     14.252     8.9084    34.3980    26.6613 1.5873e-01     0.1200      0.875    1485.36     77.477     5.0303  10.511995  0.000e+00
     14.263     8.9095    34.3979    26.6611 1.4652e-01     0.1212      0.897    1485.36     77.544     5.0346  10.511995  0.000e+00
     14.287     8.9104    34.3983    26.6612 1.4652e-01     0.1212      0.923    1485.37     77.555     5.0352  10.511996  0.000e+00
     14.290     8.9106    34.3988    26.6616 1.4652e-01     0.1224      0.967    1485.37     77.565     5.0358  10.511996  0.000e+00
     14.323     8.9106    34.3989    26.6616 1.5873e-01     0.1237      1.026    1485.37     77.574     5.0364  10.511997  0.000e+00
     14.336     8.9108    34.3989    26.6616 1.5873e-01     0.1249      1.092    1485.37     77.581     5.0368  10.511997  0.000e+00
     14.358     8.9108    34.3992    26.6619 1.4652e-01     0.1261      1.172    1485.37     77.587     5.0372  10.511997  0.000e+00
     14.371     8.9111    34.3996    26.6621 1.4652e-01     0.1249      1.297    1485.37     77.653     5.0414  10.511998  0.000e+00
     14.383     8.9109    34.3999    26.6624 1.4652e-01     0.1237      1.436    1485.37     77.662     5.0420  10.511998  0.000e+00
     14.410     8.9108    34.4000    26.6625 1.4652e-01     0.1212      1.535    1485.37     77.670     5.0426  10.511999  0.000e+00
     14.431     8.9106    34.4000    26.6625 1.4652e-01     0.1200      1.520    1485.37     77.677     5.0430  10.511999  0.000e+00
     14.454     8.9108    34.3997    26.6622 1.5873e-01     0.1200      1.418    1485.37     77.681     5.0433  10.512000  0.000e+00
     14.454     8.9108    34.3997    26.6622 1.7094e-01     0.1200      1.304    1485.37     77.684     5.0434  10.512000  0.000e+00
     14.491     8.9113    34.3997    26.6621 1.5873e-01     0.1212      1.179    1485.37     77.685     5.0435  10.512001  0.000e+00
     14.495     8.9111    34.4005    26.6628 1.4652e-01     0.1224      1.092    1485.37     77.684     5.0434  10.512001  0.000e+00
     14.527     8.9113    34.4004    26.6627 1.4652e-01     0.1249      1.084    1485.38     77.743     5.0472  10.512002  0.000e+00
     14.527     8.9111    34.4004    26.6628 1.4652e-01     0.1249      1.238    1485.38     77.691     5.0439  10.512002  0.000e+00
     14.563     8.9113    34.4003    26.6627 1.4652e-01     0.1224      1.451    1485.38     77.754     5.0479  10.512003  0.000e+00
     14.574     8.9111    34.4004    26.6627 1.4652e-01     0.1224      1.659    1485.38     77.760     5.0484  10.512003  0.000e+00
     14.574     8.9112    34.3999    26.6623 1.5873e-01     0.1237      1.806    1485.38     77.765     5.0486  10.512004  0.000e+00
     14.626     8.9104    34.4008    26.6632 1.5873e-01     0.1249      1.912    1485.38     77.768     5.0489  10.512004  0.000e+00
     14.647     8.9103    34.4008    26.6632 1.5873e-01     0.1273      2.011    1485.37     77.769     5.0490  10.512005  0.000e+00
     14.634     8.9098    34.4010    26.6634 1.5873e-01     0.1285      1.941    1485.37     77.769     5.0490  10.512005  0.000e+00
     14.683     8.9097    34.4007    26.6632 1.4652e-01     0.1273      1.696    1485.37     77.767     5.0490  10.512006  0.000e+00
     14.673     8.9092    34.4006    26.6632 1.5873e-01     0.1249      1.436    1485.37     77.824     5.0527  10.512006  0.000e+00
     14.707     8.9093    34.4000    26.6627 1.5873e-01     0.1273      1.267    1485.37     77.764     5.0488  10.512007  0.000e+00
     14.718     8.9092    34.4000    26.6628 1.5873e-01     0.1298      1.223    1485.37     77.818     5.0523  10.512007  0.000e+00
     14.742     8.9092    34.4005    26.6632 1.4652e-01     0.1273      1.308    1485.37     77.761     5.0486  10.512008  0.000e+00
     14.765     8.9092    34.4007    26.6633 1.4652e-01     0.1237      1.454    1485.37     77.757     5.0484  10.512008  0.000e+00
     14.781     8.9088    34.4005    26.6632 1.4652e-01     0.1224      1.553    1485.37     77.745     5.0476  10.512009  0.000e+00
     14.789     8.9087    34.4007    26.6634 1.4652e-01     0.1237      1.535    1485.37     77.738     5.0472  10.512009  0.000e+00
     14.814     8.9087    34.4003    26.6631 1.4652e-01     0.1224      1.432    1485.37     77.730     5.0466  10.512010  0.000e+00
     14.838     8.9080    34.4010    26.6637 1.4652e-01     0.1237      1.293    1485.37     77.781     5.0500  10.512010  0.000e+00
     14.849     8.9077    34.4007    26.6635 1.4652e-01     0.1212      1.212    1485.37     77.776     5.0498  10.512011  0.000e+00
     14.864     8.9072    34.4008    26.6636 1.4652e-01     0.1212      1.165    1485.37     77.770     5.0494  10.512011  0.000e+00
     14.898     8.9072    34.4008    26.6636 1.4652e-01     0.1200      1.136    1485.37     77.708     5.0454  10.512011  0.000e+00
     14.909     8.9072    34.4008    26.6637 1.4652e-01     0.1212      1.136    1485.37     77.753     5.0483  10.512012  0.000e+00
     14.921     8.9072    34.4008    26.6637 1.4652e-01     0.1212      1.161    1485.37     77.688     5.0441  10.512012  0.000e+00
     14.948     8.9070    34.4012    26.6640 1.4652e-01     0.1212      1.158    1485.37     77.730     5.0468  10.512013  0.000e+00
     14.958     8.9069    34.4012    26.6640 1.4652e-01     0.1212      1.121    1485.37     77.716     5.0460  10.512013  0.000e+00
     14.981     8.9070    34.4004    26.6634 1.4652e-01     0.1200      1.077    1485.37     77.708     5.0454  10.512014  0.000e+00
     15.005     8.9067    34.4008    26.6637 1.4652e-01     0.1200      1.055    1485.37     77.705     5.0453  10.512014  0.000e+00
