RAWDATA/20190107/SKJ1_20190110_down.cnv
* Sea-Bird SBE 9 Data File:
* FileName = C:\CTD Brukere\NIVA\OKOKYST2019\20190107\SKJ1_20190110.hex
* Software Version Seasave V 7.23.2
* Temperature SN = 5352
* Conductivity SN = 3840
* Number of Bytes Per Scan = 28
* Number of Voltage Words = 4
* Number of Scans Averaged by the Deck Unit = 1
* NMEA baud rate = 4800
** Ship: R/V Trygve Braarud
** Cruise:
** Station:
** Operator:
# nquan = 12
# nvalues = 1936                                  
# units = specified
# name 0 = depSM: Depth [salt water, m], lat = 59.60
# name 1 = t090C: Temperature [ITS-90, deg C]
# name 2 = sal00: Salinity, Practical [PSU]
# name 3 = sigma-t00: Density [sigma-t, kg/m^3 ]
# name 4 = flSP: Fluorescence, Seapoint
# name 5 = wetStar: Fluorescence, WET Labs WETstar [mg/m^3]
# name 6 = seaTurbMtr: Turbidity, Seapoint [FTU]
# name 7 = svCM: Sound Velocity [Chen-Millero, m/s]
# name 8 = sbeox0PS: Oxygen, SBE 43 [% saturation]
# name 9 = sbeox0ML/L: Oxygen, SBE 43 [ml/l]
# name 10 = timeJ: Julian Days
# name 11 = flag:  0.000e+00
# span 0 =      0.682,     30.450                 
# span 1 =     5.7632,     9.2453                 
# span 2 =    30.1487,    34.5267                 
# span 3 =    23.6073,    26.7080                 
# span 4 = 1.3431e-01, 8.6691e-01                 
# span 5 =     0.1200,     0.6731                 
# span 6 =      0.637,      5.905                 
# span 7 =    1468.18,    1487.02                 
# span 8 =     73.442,     97.704                 
# span 9 =     4.7977,     6.8709                 
# span 10 =  10.511493,  10.512426                
# span 11 = 0.0000e+00, 0.0000e+00                
# interval = seconds: 0.0416667
# start_time = Jan 10 2019 12:16:33 [System UpLoad Time]
# bad_flag = -9.990e-29
*END*
      0.693     6.3529    31.0794    24.4135 2.4420e-01     0.6060      0.652    1471.22     97.704     6.8709  10.511493  0.000e+00
      0.695     6.3420    31.0759    24.4121 2.4420e-01     0.6121      0.648    1471.17     97.582     6.8642  10.511494  0.000e+00
      0.695     6.3294    31.0626    24.4031 2.4420e-01     0.6121      0.645    1471.10     97.507     6.8616  10.511494  0.000e+00
      0.695     6.3120    31.0521    24.3970 2.3199e-01     0.6133      0.645    1471.02     97.364     6.8548  10.511495  0.000e+00
      0.695     6.2984    31.0455    24.3934 2.4420e-01     0.6169      0.648    1470.96     97.206     6.8462  10.511495  0.000e+00
      0.682     6.2914    31.0394    24.3895 2.5641e-01     0.6157      0.652    1470.92     97.035     6.8355  10.511495  0.000e+00
      0.695     6.2835    31.0328    24.3852 2.5641e-01     0.6169      0.652    1470.88     96.851     6.8241  10.511496  0.000e+00
      0.682     6.2795    31.0221    24.3772 2.4420e-01     0.6133      0.652    1470.85     96.654     6.8114  10.511496  0.000e+00
      0.682     6.2789    31.0110    24.3685 2.4420e-01     0.6145      0.652    1470.84     96.446     6.7973  10.511497  0.000e+00
      0.695     6.2827    30.9991    24.3587 2.4420e-01     0.6133      0.652    1470.84     96.227     6.7818  10.511497  0.000e+00
      0.682     6.2882    30.9855    24.3473 2.4420e-01     0.6157      0.652    1470.84     95.997     6.7653  10.511498  0.000e+00
      0.682     6.2927    30.9715    24.3357 2.4420e-01     0.6157      0.652    1470.84     95.759     6.7484  10.511498  0.000e+00
      0.695     6.2950    30.9620    24.3280 2.4420e-01     0.6169      0.652    1470.84     95.512     6.7311  10.511499  0.000e+00
      0.695     6.2771    30.9723    24.3383 2.4420e-01     0.6157      0.656    1470.78     95.258     6.7156  10.511499  0.000e+00
      0.682     6.2457    30.9936    24.3589 2.4420e-01     0.6133      0.663    1470.68     94.999     6.7013  10.511500  0.000e+00
      0.682     6.2227    31.0072    24.3723 2.4420e-01     0.6133      0.667    1470.61     94.731     6.6854  10.511500  0.000e+00
      0.682     6.2063    31.0162    24.3815 2.5641e-01     0.6096      0.670    1470.55     94.457     6.6682  10.511501  0.000e+00
      0.695     6.2014    31.0155    24.3815 2.5641e-01     0.6060      0.667    1470.53     94.114     6.6448  10.511501  0.000e+00
      0.695     6.2102    31.0021    24.3699 2.6862e-01     0.6047      0.663    1470.55     93.820     6.6233  10.511502  0.000e+00
      0.682     6.2227    30.9885    24.3576 2.6862e-01     0.6011      0.663    1470.58     93.522     6.6009  10.511502  0.000e+00
      0.693     6.2346    30.9765    24.3467 2.5641e-01     0.5999      0.667    1470.62     93.221     6.5783  10.511503  0.000e+00
      0.695     6.2430    30.9646    24.3363 2.5641e-01     0.5950      0.670    1470.63     92.855     6.5518  10.511503  0.000e+00
      0.682     6.2511    30.9482    24.3224 2.6862e-01     0.5950      0.670    1470.65     92.481     6.5248  10.511504  0.000e+00
      0.695     6.2570    30.9295    24.3069 2.8083e-01     0.5937      0.674    1470.65     92.160     6.5021  10.511504  0.000e+00
      0.706     6.2614    30.9136    24.2939 3.1746e-01     0.5913      0.685    1470.64     91.840     6.4795  10.511505  0.000e+00
      0.693     6.2673    30.8960    24.2792 3.2967e-01     0.5901      0.689    1470.64     91.520     6.4568  10.511505  0.000e+00
      0.695     6.2743    30.8789    24.2649 3.2967e-01     0.5864      0.692    1470.65     91.140     6.4296  10.511506  0.000e+00
      0.695     6.2787    30.8662    24.2544 3.0525e-01     0.5840      0.692    1470.65     90.754     6.4023  10.511506  0.000e+00
      0.706     6.2819    30.8574    24.2470 3.0525e-01     0.5767      0.692    1470.65     90.426     6.3791  10.511507  0.000e+00
      0.706     6.2854    30.8530    24.2432 2.9304e-01     0.5718      0.689    1470.66     90.040     6.3515  10.511507  0.000e+00
      0.693     6.2809    30.8601    24.2493 2.8083e-01     0.5693      0.685    1470.65     89.774     6.3331  10.511508  0.000e+00
      0.706     6.2743    30.8660    24.2548 2.6862e-01     0.5718      0.681    1470.64     89.397     6.3072  10.511508  0.000e+00
      0.706     6.2692    30.8706    24.2590 2.6862e-01     0.5718      0.678    1470.62     89.080     6.2855  10.511508  0.000e+00
      0.695     6.2578    30.8857    24.2723 2.5641e-01     0.5718      0.670    1470.59     88.770     6.2646  10.511509  0.000e+00
      0.706     6.2478    30.8977    24.2830 2.5641e-01     0.5718      0.667    1470.57     88.467     6.2442  10.511509  0.000e+00
      0.718     6.2309    30.9147    24.2984 2.4420e-01     0.5742      0.670    1470.52     88.109     6.2206  10.511510  0.000e+00
      0.695     6.2038    30.9437    24.3245 2.5641e-01     0.5779      0.674    1470.45     87.812     6.2025  10.511510  0.000e+00
      0.719     6.1798    30.9708    24.3488 2.5641e-01     0.5803      0.670    1470.39     87.463     6.1802  10.511511  0.000e+00
      0.706     6.1684    30.9823    24.3593 2.5641e-01     0.5840      0.667    1470.36     87.181     6.1614  10.511511  0.000e+00
      0.706     6.1476    31.0032    24.3782 2.4420e-01     0.5901      0.663    1470.30     86.846     6.1399  10.511512  0.000e+00
      0.705     6.1051    31.0458    24.4169 2.4420e-01     0.5913      0.667    1470.19     86.574     6.1250  10.511512  0.000e+00
      0.719     6.0665    31.0805    24.4489 2.3199e-01     0.5937      0.670    1470.08     86.191     6.1021  10.511513  0.000e+00
      0.706     6.0314    31.1112    24.4773 2.3199e-01     0.5925      0.674    1469.97     85.930     6.0874  10.511513  0.000e+00
      0.719     6.0062    31.1326    24.4972 2.3199e-01     0.5937      0.670    1469.90     85.624     6.0685  10.511514  0.000e+00
      0.706     5.9859    31.1460    24.5102 2.3199e-01     0.5937      0.667    1469.84     85.389     6.0541  10.511514  0.000e+00
      0.718     5.9662    31.1586    24.5225 2.3199e-01     0.5962      0.663    1469.77     85.108     6.0365  10.511515  0.000e+00
      0.719     5.9346    31.1796    24.5428 2.3199e-01     0.5999      0.667    1469.67     84.835     6.0208  10.511515  0.000e+00
      0.719     5.9053    31.1961    24.5592 2.3199e-01     0.6023      0.667    1469.58     84.634     6.0100  10.511516  0.000e+00
      0.706     5.8873    31.2006    24.5649 2.3199e-01     0.6047      0.667    1469.51     84.455     5.9997  10.511516  0.000e+00
      0.719     5.8771    31.1905    24.5582 2.3199e-01     0.6084      0.670    1469.45     84.235     5.9859  10.511517  0.000e+00
      0.729     5.8652    31.1711    24.5442 2.3199e-01     0.6096      0.670    1469.38     84.074     5.9769  10.511517  0.000e+00
      0.719     5.8440    31.1583    24.5366 2.3199e-01     0.6121      0.670    1469.28     83.924     5.9697  10.511518  0.000e+00
      0.706     5.8219    31.1364    24.5219 2.4420e-01     0.6108      0.667    1469.16     83.715     5.9589  10.511518  0.000e+00
      0.731     5.8061    31.0992    24.4943 2.4420e-01     0.6145      0.663    1469.05     83.568     5.9521  10.511519  0.000e+00
      0.706     5.7992    31.0651    24.4682 2.5641e-01     0.6145      0.659    1468.98     83.428     5.9444  10.511519  0.000e+00
      0.718     5.7980    31.0173    24.4305 2.8083e-01     0.6169      0.659    1468.92     83.295     5.9370  10.511520  0.000e+00
      0.731     5.7940    30.9545    24.3814 2.9304e-01     0.6169      0.659    1468.82     83.166     5.9308  10.511520  0.000e+00
      0.719     5.7938    30.9078    24.3445 3.2967e-01     0.6145      0.656    1468.76     83.043     5.9239  10.511521  0.000e+00
      0.719     5.7913    30.8742    24.3183 3.2967e-01     0.6157      0.656    1468.71     82.987     5.9216  10.511521  0.000e+00
      0.719     5.7901    30.8271    24.2812 3.1746e-01     0.6182      0.659    1468.65     82.820     5.9117  10.511522  0.000e+00
      0.718     5.7855    30.7826    24.2466 2.9304e-01     0.6206      0.663    1468.57     82.712     5.9064  10.511522  0.000e+00
      0.719     5.7868    30.7310    24.2058 2.6862e-01     0.6218      0.667    1468.51     82.610     5.9009  10.511522  0.000e+00
      0.719     5.7815    30.6703    24.1584 2.6862e-01     0.6194      0.670    1468.41     82.450     5.8926  10.511523  0.000e+00
      0.719     5.7728    30.6287    24.1265 2.5641e-01     0.6157      0.681    1468.33     82.349     5.8882  10.511523  0.000e+00
      0.719     5.7667    30.5958    24.1012 2.6862e-01     0.6133      0.689    1468.26     82.254     5.8836  10.511524  0.000e+00
      0.729     5.7632    30.5536    24.0683 2.5641e-01     0.6133      0.692    1468.19     82.166     5.8794  10.511524  0.000e+00
      0.719     5.7752    30.5062    24.0295 2.4420e-01     0.6133      0.689    1468.18     82.078     5.8733  10.511525  0.000e+00
      0.731     5.8150    30.4438    23.9757 2.4420e-01     0.6157      0.681    1468.26     82.064     5.8692  10.511525  0.000e+00
      0.719     5.8762    30.3689    23.9095 2.3199e-01     0.6194      0.678    1468.41     82.066     5.8638  10.511526  0.000e+00
      0.719     5.9773    30.2705    23.8201 2.4420e-01     0.6182      0.674    1468.70     82.028     5.8509  10.511526  0.000e+00
      0.693     6.0736    30.1790    23.7368 2.4420e-01     0.6182      0.674    1468.97     81.984     5.8381  10.511527  0.000e+00
      0.766     6.0916    30.1487    23.7108 2.4420e-01     0.6169      0.670    1469.00     81.858     5.8278  10.511527  0.000e+00
      0.731     6.0565    30.1708    23.7323 2.3199e-01     0.6206      0.663    1468.89     81.779     5.8261  10.511528  0.000e+00
      0.719     6.0239    30.1926    23.7533 2.3199e-01     0.6194      0.656    1468.79     81.767     5.8289  10.511528  0.000e+00
      0.742     5.9876    30.2098    23.7711 2.4420e-01     0.6182      0.652    1468.66     81.767     5.8332  10.511529  0.000e+00
      0.719     5.9639    30.2178    23.7802 2.3199e-01     0.6182      0.652    1468.58     81.772     5.8365  10.511529  0.000e+00
      0.742     5.9486    30.2159    23.7804 2.4420e-01     0.6243      0.656    1468.51     81.720     5.8350  10.511530  0.000e+00
      0.731     5.9360    30.2141    23.7805 2.4420e-01     0.6255      0.656    1468.46     81.795     5.8421  10.511530  0.000e+00
      0.731     5.9305    30.2160    23.7826 2.3199e-01     0.6255      0.656    1468.44     81.756     5.8401  10.511531  0.000e+00
      0.742     5.9259    30.2237    23.7892 2.3199e-01     0.6243      0.659    1468.43     81.790     5.8429  10.511531  0.000e+00
      0.731     5.9283    30.2443    23.8052 2.4420e-01     0.6255      0.659    1468.47     81.827     5.8443  10.511532  0.000e+00
      0.729     5.9430    30.2651    23.8199 2.3199e-01     0.6279      0.659    1468.55     81.874     5.8449  10.511532  0.000e+00
      0.742     5.9575    30.2742    23.8254 2.4420e-01     0.6279      0.659    1468.62     81.868     5.8421  10.511533  0.000e+00
      0.731     5.9741    30.2897    23.8357 2.4420e-01     0.6255      0.659    1468.71     81.925     5.8432  10.511533  0.000e+00
      0.731     5.9892    30.3165    23.8551 2.4420e-01     0.6231      0.667    1468.80     81.919     5.8397  10.511534  0.000e+00
      0.742     5.9879    30.3321    23.8676 2.4420e-01     0.6206      0.674    1468.82     81.972     5.8431  10.511534  0.000e+00
      0.729     5.9871    30.3398    23.8738 2.4420e-01     0.6231      0.681    1468.82     81.963     5.8422  10.511535  0.000e+00
      0.731     5.9848    30.3560    23.8868 2.3199e-01     0.6267      0.681    1468.84     82.015     5.8457  10.511535  0.000e+00
      0.731     5.9861    30.3573    23.8876 2.3199e-01     0.6279      0.670    1468.84     82.067     5.8491  10.511535  0.000e+00
      0.742     5.9840    30.3581    23.8885 2.3199e-01     0.6267      0.663    1468.83     82.124     5.8534  10.511536  0.000e+00
      0.742     5.9835    30.3661    23.8949 2.3199e-01     0.6243      0.659    1468.84     82.109     5.8521  10.511536  0.000e+00
      0.729     5.9855    30.3747    23.9014 2.3199e-01     0.6231      0.659    1468.86     82.153     5.8546  10.511537  0.000e+00
      0.731     5.9917    30.3760    23.9017 2.3199e-01     0.6243      0.663    1468.89     82.133     5.8523  10.511537  0.000e+00
      0.742     6.0112    30.3686    23.8936 2.3199e-01     0.6255      0.663    1468.96     82.235     5.8572  10.511538  0.000e+00
      0.731     6.0419    30.3440    23.8707 2.3199e-01     0.6243      0.663    1469.05     82.280     5.8571  10.511538  0.000e+00
      0.742     6.0505    30.3392    23.8659 2.3199e-01     0.6255      0.663    1469.08     82.317     5.8587  10.511539  0.000e+00
      0.742     6.0435    30.3560    23.8800 2.4420e-01     0.6267      0.659    1469.07     82.355     5.8618  10.511539  0.000e+00
      0.731     6.0286    30.3728    23.8949 2.6862e-01     0.6279      0.659    1469.03     82.395     5.8660  10.511540  0.000e+00
      0.755     6.0200    30.3794    23.9012 2.9304e-01     0.6279      0.652    1469.01     82.429     5.8694  10.511540  0.000e+00
      0.742     6.0176    30.3863    23.9069 3.1746e-01     0.6279      0.648    1469.01     82.465     5.8720  10.511541  0.000e+00
      0.742     6.0160    30.3892    23.9094 3.0525e-01     0.6279      0.645    1469.00     82.502     5.8747  10.511541  0.000e+00
      0.753     6.0189    30.3786    23.9006 2.9304e-01     0.6279      0.648    1469.00     82.470     5.8725  10.511542  0.000e+00
      0.742     6.0224    30.3780    23.8997 2.8083e-01     0.6267      0.648    1469.01     82.493     5.8736  10.511542  0.000e+00
      0.742     6.0208    30.3799    23.9015 2.6862e-01     0.6304      0.648    1469.01     82.515     5.8753  10.511543  0.000e+00
      0.742     6.0189    30.3716    23.8951 2.6862e-01     0.6304      0.648    1468.99     82.475     5.8731  10.511543  0.000e+00
      0.755     6.0147    30.3717    23.8957 2.6862e-01     0.6279      0.648    1468.98     82.488     5.8746  10.511544  0.000e+00
      0.753     6.0125    30.3792    23.9018 2.8083e-01     0.6292      0.645    1468.98     82.501     5.8756  10.511544  0.000e+00
      0.742     6.0121    30.3802    23.9027 2.6862e-01     0.6292      0.645    1468.98     82.521     5.8770  10.511545  0.000e+00
      0.755     6.0115    30.3840    23.9058 2.5641e-01     0.6304      0.645    1468.98     82.533     5.8777  10.511545  0.000e+00
      0.742     6.0109    30.3931    23.9131 2.5641e-01     0.6292      0.645    1468.99     82.480     5.8737  10.511546  0.000e+00
      0.755     6.0127    30.3983    23.9169 2.5641e-01     0.6316      0.652    1469.00     82.481     5.8733  10.511546  0.000e+00
      0.755     6.0235    30.3986    23.9159 2.4420e-01     0.6304      0.659    1469.04     82.471     5.8711  10.511547  0.000e+00
      0.753     6.0355    30.4049    23.9195 2.4420e-01     0.6292      0.663    1469.10     82.459     5.8684  10.511547  0.000e+00
      0.755     6.0446    30.4019    23.9160 2.5641e-01     0.6292      0.663    1469.13     82.444     5.8662  10.511548  0.000e+00
      0.742     6.0641    30.3889    23.9035 2.8083e-01     0.6292      0.667    1469.20     82.364     5.8583  10.511548  0.000e+00
      0.755     6.0948    30.3727    23.8871 2.8083e-01     0.6292      0.667    1469.30     82.398     5.8571  10.511549  0.000e+00
      0.742     6.1245    30.3469    23.8632 2.8083e-01     0.6304      0.670    1469.38     82.382     5.8528  10.511549  0.000e+00
      0.753     6.1522    30.3221    23.8404 2.6862e-01     0.6304      0.674    1469.46     82.369     5.8491  10.511549  0.000e+00
      0.755     6.1604    30.3240    23.8410 2.8083e-01     0.6255      0.670    1469.50     82.352     5.8467  10.511550  0.000e+00
      0.742     6.1533    30.3277    23.8447 2.9304e-01     0.6267      0.663    1469.48     82.330     5.8459  10.511550  0.000e+00
