RAWDATA/20190107/SP1_20190110_down.cnv
* Sea-Bird SBE 9 Data File:
* FileName = C:\CTD Brukere\NIVA\OKOKYST2019\20190107\SP1_20190110.hex
* Software Version Seasave V 7.23.2
* Temperature SN = 5352
* Conductivity SN = 3840
* Number of Bytes Per Scan = 28
* Number of Voltage Words = 4
* Number of Scans Averaged by the Deck Unit = 1
* NMEA baud rate = 4800
** Ship: R/V Trygve Braarud
** Cruise:
** Station:
** Operator:
** Sponvika
# nquan = 12
# nvalues = 3771                                  
# units = specified
# name 0 = depSM: Depth [salt water, m], lat = 59.60
# name 1 = t090C: Temperature [ITS-90, deg C]
# name 2 = sal00: Salinity, Practical [PSU]
# name 3 = sigma-t00: Density [sigma-t, kg/m^3 ]
# name 4 = flSP: Fluorescence, Seapoint
# name 5 = wetStar: Fluorescence, WET Labs WETstar [mg/m^3]
# name 6 = seaTurbMtr: Turbidity, Seapoint [FTU]
# name 7 = svCM: Sound Velocity [Chen-Millero, m/s]
# name 8 = sbeox0PS: Oxygen, SBE 43 [% saturation]
# name 9 = sbeox0ML/L: Oxygen, SBE 43 [ml/l]
# name 10 = timeJ: Julian Days
# name 11 = flag:  0.000e+00
# span 0 =     -0.307,     29.757                 
# span 1 =     2.5201,     8.9349                 
# span 2 =     1.3801,    34.4271                 
# span 3 =     1.0742,    26.6912                 
# span 4 = 1.3431e-01, 6.8376e-01                 
# span 5 =     0.1200,     3.8013                 
# span 6 =      0.571,      3.579                 
# span 7 =    1416.63,    1485.49                 
# span 8 =     70.714,    102.465                 
# span 9 =     4.9930,     7.6900                 
# span 10 =  10.468785,  10.470603                
# span 11 = 0.0000e+00, 0.0000e+00                
# interval = seconds: 0.0416667
# start_time = Jan 10 2019 11:15:03 [System UpLoad Time]
# bad_flag = -9.990e-29
*END*
[from data line 1444]
      2.237     6.9246    28.7380    22.4997 2.9304e-01     0.6438      0.678    1470.57     77.794     5.4824  10.469481  0.000e+00
      2.260     6.9254    28.7215    22.4866 2.8083e-01     0.6438      0.663    1470.56     77.898     5.4901  10.469482  0.000e+00
      2.297     6.9264    28.7157    22.4820 2.8083e-01     0.6401      0.652    1470.55     77.996     5.4971  10.469482  0.000e+00
      2.284     6.9351    28.7117    22.4777 2.8083e-01     0.6426      0.648    1470.58     78.085     5.5024  10.469483  0.000e+00
      2.308     6.9471    28.6923    22.4610 2.9304e-01     0.6426      0.645    1470.61     78.176     5.5080  10.469483  0.000e+00
      2.332     6.9495    28.6966    22.4641 3.0525e-01     0.6463      0.634    1470.62     78.270     5.5142  10.469484  0.000e+00
      2.344     6.9530    28.7039    22.4694 2.9304e-01     0.6524      0.626    1470.64     78.358     5.5197  10.469484  0.000e+00
      2.355     6.9630    28.7081    22.4714 2.9304e-01     0.6560      0.626    1470.69     78.507     5.5287  10.469484  0.000e+00
      2.379     6.9798    28.7165    22.4760 2.9304e-01     0.6572      0.626    1470.77     78.594     5.5324  10.469485  0.000e+00
      2.392     7.0052    28.7145    22.4712 2.8083e-01     0.6585      0.630    1470.86     78.679     5.5351  10.469485  0.000e+00
      2.392     7.0239    28.7271    22.4788 2.8083e-01     0.6597      0.634    1470.95     78.758     5.5378  10.469486  0.000e+00
      2.428     7.0559    28.7437    22.4879 2.8083e-01     0.6609      0.634    1471.10     78.896     5.5428  10.469486  0.000e+00
      2.428     7.0884    28.7686    22.5034 2.6862e-01     0.6609      0.634    1471.26     78.972     5.5431  10.469487  0.000e+00
      2.464     7.1194    28.8272    22.5456 2.6862e-01     0.6585      0.630    1471.46     79.109     5.5466  10.469487  0.000e+00
      2.451     7.1312    28.9144    22.6126 2.6862e-01     0.6536      0.641    1471.61     79.196     5.5480  10.469488  0.000e+00
      2.488     7.1247    29.0164    22.6936 2.6862e-01     0.6475      0.667    1471.71     79.288     5.5515  10.469488  0.000e+00
      2.499     7.1184    29.1251    22.7799 2.6862e-01     0.6426      0.681    1471.82     79.371     5.5542  10.469489  0.000e+00
      2.511     7.1323    29.1730    22.8157 2.6862e-01     0.6389      0.678    1471.94     79.448     5.5560  10.469489  0.000e+00
      2.535     7.1784    29.1905    22.8236 2.6862e-01     0.6377      0.674    1472.14     79.515     5.5542  10.469490  0.000e+00
      2.546     7.2344    29.1933    22.8187 2.6862e-01     0.6353      0.692    1472.36     79.580     5.5514  10.469490  0.000e+00
      2.559     7.2446    29.2718    22.8791 2.6862e-01     0.6316      0.711    1472.50     79.655     5.5524  10.469491  0.000e+00
      2.583     7.2333    29.3770    22.9632 2.6862e-01     0.6304      0.718    1472.59     79.796     5.5599  10.469491  0.000e+00
      2.583     7.2274    29.4385    23.0122 2.5641e-01     0.6292      0.707    1472.64     79.872     5.5637  10.469492  0.000e+00
      2.619     7.2274    29.4921    23.0543 2.5641e-01     0.6292      0.696    1472.71     80.007     5.5712  10.469492  0.000e+00
      2.630     7.2548    29.4907    23.0497 2.5641e-01     0.6316      0.692    1472.81     80.141     5.5770  10.469493  0.000e+00
      2.655     7.2928    29.4970    23.0498 2.6862e-01     0.6389      0.707    1472.97     80.215     5.5770  10.469493  0.000e+00
      2.642     7.3234    29.5384    23.0783 2.6862e-01     0.6438      0.722    1473.14     80.350     5.5810  10.469494  0.000e+00
      2.679     7.3598    29.5882    23.1127 2.5641e-01     0.6475      0.729    1473.35     80.428     5.5799  10.469494  0.000e+00
      2.690     7.4026    29.6462    23.1527 2.6862e-01     0.6499      0.725    1473.58     80.501     5.5773  10.469495  0.000e+00
      2.702     7.4281    29.6945    23.1873 2.6862e-01     0.6536      0.707    1473.74     80.638     5.5818  10.469495  0.000e+00
      2.726     7.4424    29.7627    23.2389 2.6862e-01     0.6548      0.685    1473.88     80.721     5.5832  10.469496  0.000e+00
      2.739     7.4511    29.8311    23.2915 2.8083e-01     0.6560      0.663    1474.00     80.802     5.5852  10.469496  0.000e+00
      2.761     7.4489    29.9078    23.3521 2.6862e-01     0.6572      0.652    1474.09     80.883     5.5883  10.469497  0.000e+00
      2.774     7.4451    29.9848    23.4130 2.8083e-01     0.6572      0.645    1474.17     80.962     5.5914  10.469497  0.000e+00
      2.774     7.4458    30.0564    23.4692 2.6862e-01     0.6572      0.634    1474.26     81.037     5.5939  10.469497  0.000e+00
      2.797     7.4495    30.1082    23.5093 2.6862e-01     0.6585      0.626    1474.34     81.109     5.5964  10.469498  0.000e+00
      2.834     7.4576    30.1420    23.5349 2.9304e-01     0.6548      0.626    1474.42     81.231     5.6026  10.469498  0.000e+00
      2.834     7.4616    30.1887    23.5710 2.8083e-01     0.6536      0.623    1474.49     81.235     5.6006  10.469499  0.000e+00
      2.846     7.4600    30.2454    23.6157 2.8083e-01     0.6499      0.623    1474.55     81.291     5.6026  10.469499  0.000e+00
      2.857     7.4512    30.3232    23.6780 2.9304e-01     0.6487      0.619    1474.62     81.346     5.6047  10.469500  0.000e+00
      2.881     7.4399    30.3773    23.7220 2.9304e-01     0.6450      0.615    1474.64     81.407     5.6083  10.469500  0.000e+00
      2.893     7.4291    30.3795    23.7252 2.9304e-01     0.6438      0.615    1474.60     81.456     5.6131  10.469501  0.000e+00
      2.905     7.4138    30.3798    23.7275 2.9304e-01     0.6438      0.619    1474.54     81.451     5.6146  10.469501  0.000e+00
      2.930     7.4021    30.3595    23.7130 2.9304e-01     0.6438      0.623    1474.47     81.496     5.6200  10.469502  0.000e+00
      2.952     7.4042    30.3178    23.6800 2.9304e-01     0.6426      0.626    1474.43     81.535     5.6239  10.469502  0.000e+00
      2.941     7.4020    30.3005    23.6667 2.8083e-01     0.6475      0.634    1474.40     81.572     5.6274  10.469503  0.000e+00
      2.977     7.3928    30.2852    23.6559 2.9304e-01     0.6633      0.645    1474.35     81.609     5.6317  10.469503  0.000e+00
      2.977     7.3941    30.2642    23.6393 2.8083e-01     0.6865      0.645    1474.32     81.641     5.6345  10.469504  0.000e+00
      3.001     7.3848    30.2499    23.6292 2.8083e-01     0.7097      0.641    1474.27     81.673     5.6385  10.469504  0.000e+00
      3.012     7.3817    30.2301    23.6141 2.8083e-01     0.7281      0.645    1474.23     81.770     5.6463  10.469505  0.000e+00
      3.037     7.3707    30.2118    23.6012 2.8083e-01     0.7427      0.663    1474.17     81.751     5.6471  10.469505  0.000e+00
      3.037     7.3491    30.1936    23.5897 2.9304e-01     0.7549      0.667    1474.06     81.787     5.6531  10.469506  0.000e+00
      3.072     7.3265    30.1737    23.5770 2.8083e-01     0.7696      0.663    1473.95     81.821     5.6591  10.469506  0.000e+00
      3.072     7.2940    30.1509    23.5634 2.9304e-01     0.7818      0.656    1473.80     81.917     5.6708  10.469507  0.000e+00
      3.084     7.2491    30.1391    23.5600 2.9304e-01     0.7952      0.652    1473.61     81.959     5.6801  10.469507  0.000e+00
      3.121     7.2173    30.0944    23.5290 2.9304e-01     0.8050      0.645    1473.43     81.996     5.6885  10.469508  0.000e+00
      3.121     7.1900    30.0283    23.4806 3.1746e-01     0.8123      0.645    1473.24     82.037     5.6973  10.469508  0.000e+00
      3.132     7.1720    29.9439    23.4166 3.4188e-01     0.8184      0.645    1473.06     82.134     5.7097  10.469509  0.000e+00
      3.156     7.1554    29.8482    23.3435 3.2967e-01     0.8294      0.641    1472.88     82.175     5.7183  10.469509  0.000e+00
      3.168     7.1467    29.7676    23.2812 3.2967e-01     0.8392      0.637    1472.75     82.211     5.7250  10.469510  0.000e+00
      3.179     7.1489    29.6833    23.2147 3.1746e-01     0.8514      0.634    1472.65     82.249     5.7305  10.469510  0.000e+00
      3.203     7.1539    29.6208    23.1649 3.0525e-01     0.8611      0.637    1472.59     82.285     5.7347  10.469511  0.000e+00
      3.192     7.1602    29.5651    23.1204 3.0525e-01     0.8660      0.645    1472.55     82.325     5.7387  10.469511  0.000e+00
      3.239     7.1640    29.5192    23.0838 3.2967e-01     0.8734      0.663    1472.50     82.365     5.7427  10.469511  0.000e+00
      3.252     7.1698    29.4920    23.0617 3.2967e-01     0.8807      0.681    1472.49     82.402     5.7456  10.469512  0.000e+00
      3.252     7.1902    29.4594    23.0335 3.1746e-01     0.8868      0.681    1472.53     82.495     5.7506  10.469512  0.000e+00
      3.288     7.2034    29.4481    23.0228 3.0525e-01     0.8929      0.670    1472.57     82.534     5.7520  10.469513  0.000e+00
      3.288     7.2384    29.4242    22.9996 3.0525e-01     0.8966      0.670    1472.68     82.565     5.7504  10.469513  0.000e+00
      3.312     7.2738    29.4114    22.9850 3.0525e-01     0.9051      0.674    1472.80     82.655     5.7524  10.469514  0.000e+00
      3.312     7.3149    29.4240    22.9896 3.0525e-01     0.9100      0.674    1472.98     82.687     5.7487  10.469514  0.000e+00
      3.347     7.3262    29.4581    23.0149 2.9304e-01     0.9112      0.670    1473.06     82.733     5.7491  10.469515  0.000e+00
      3.347     7.3146    29.5436    23.0835 3.0525e-01     0.9161      0.667    1473.13     82.781     5.7508  10.469515  0.000e+00
      3.370     7.3309    29.6000    23.1258 3.0525e-01     0.9185      0.659    1473.26     82.828     5.7498  10.469516  0.000e+00
      3.394     7.3556    29.6491    23.1611 3.0525e-01     0.9173      0.645    1473.42     82.879     5.7482  10.469516  0.000e+00
      3.407     7.3668    29.6983    23.1983 3.2967e-01     0.9124      0.634    1473.52     82.871     5.7443  10.469517  0.000e+00
      3.419     7.3696    29.7590    23.2456 3.4188e-01     0.9088      0.626    1473.61     82.925     5.7454  10.469517  0.000e+00
      3.443     7.3674    29.8587    23.3242 3.4188e-01     0.9051      0.623    1473.72     83.041     5.7499  10.469518  0.000e+00
      3.443     7.3681    29.9462    23.3929 4.0293e-01     0.9075      0.630    1473.84     83.100     5.7507  10.469518  0.000e+00
      3.466     7.3529    30.0489    23.4755 6.2271e-01     0.9173      0.637    1473.90     83.170     5.7537  10.469519  0.000e+00
      3.490     7.3284    30.1026    23.5209 6.1050e-01     0.9283      0.645    1473.88     83.242     5.7598  10.469519  0.000e+00
      3.503     7.2994    30.1070    23.5282 5.0061e-01     0.9430      0.645    1473.77     83.314     5.7685  10.469520  0.000e+00
      3.514     7.2606    30.1003    23.5280 4.1514e-01     0.9576      0.663    1473.61     83.326     5.7747  10.469520  0.000e+00
      3.538     7.2271    30.0449    23.4888 3.6630e-01     0.9686      0.674    1473.41     83.390     5.7858  10.469521  0.000e+00
      3.550     7.2063    29.9770    23.4381 3.4188e-01     0.9735      0.667    1473.25     83.450     5.7953  10.469521  0.000e+00
      3.585     7.1937    29.8912    23.3723 3.9072e-01     0.9686      0.663    1473.09     83.446     5.8000  10.469522  0.000e+00
      3.598     7.1856    29.7961    23.2987 4.2735e-01     0.9527      0.659    1472.94     83.503     5.8086  10.469522  0.000e+00
      3.598     7.1792    29.7317    23.2489 4.0293e-01     0.9332      0.652    1472.83     83.551     5.8153  10.469523  0.000e+00
      3.621     7.1749    29.6737    23.2038 3.6630e-01     0.9149      0.648    1472.75     83.599     5.8214  10.469523  0.000e+00
      3.634     7.1706    29.6396    23.1776 3.4188e-01     0.9027      0.648    1472.69     83.646     5.8266  10.469524  0.000e+00
      3.668     7.1685    29.6093    23.1540 3.2967e-01     0.9027      0.648    1472.64     83.631     5.8269  10.469524  0.000e+00
      3.681     7.1699    29.5894    23.1382 3.1746e-01     0.9246      0.648    1472.62     83.607     5.8259  10.469524  0.000e+00
      3.694     7.1746    29.5762    23.1272 3.0525e-01     0.9454      0.645    1472.62     83.629     5.8273  10.469525  0.000e+00
      3.705     7.1755    29.5735    23.1250 3.0525e-01     0.9662      0.637    1472.63     83.653     5.8289  10.469525  0.000e+00
      3.729     7.1804    29.5743    23.1249 3.0525e-01     0.9857      0.634    1472.65     83.675     5.8298  10.469526  0.000e+00
      3.741     7.1876    29.5709    23.1214 3.0525e-01     1.0077      0.630    1472.67     83.635     5.8261  10.469526  0.000e+00
      3.765     7.1891    29.5780    23.1268 3.0525e-01     1.0235      0.637    1472.68     83.651     5.8268  10.469527  0.000e+00
      3.776     7.1823    29.5901    23.1372 3.0525e-01     1.0406      0.652    1472.67     83.608     5.8242  10.469527  0.000e+00
      3.789     7.1494    29.6156    23.1614 3.0525e-01     1.0602      0.674    1472.58     83.564     5.8246  10.469528  0.000e+00
      3.812     7.1140    29.6181    23.1679 3.0525e-01     1.0785      0.692    1472.44     83.584     5.8307  10.469528  0.000e+00
      3.835     7.0871    29.5789    23.1405 3.0525e-01     1.0895      0.696    1472.29     83.534     5.8323  10.469529  0.000e+00
      3.849     7.0781    29.4861    23.0687 3.0525e-01     1.0980      0.689    1472.14     83.472     5.8328  10.469529  0.000e+00
      3.861     7.0940    29.4099    23.0067 3.1746e-01     1.1066      0.681    1472.10     83.461     5.8328  10.469530  0.000e+00
      3.885     7.1206    29.3636    22.9670 3.1746e-01     1.1078      0.678    1472.15     83.395     5.8263  10.469530  0.000e+00
      3.896     7.1376    29.3875    22.9836 3.1746e-01     1.1066      0.674    1472.25     83.387     5.8226  10.469531  0.000e+00
      3.907     7.1462    29.4632    23.0420 3.4188e-01     1.1041      0.667    1472.38     83.323     5.8140  10.469531  0.000e+00
      3.932     7.1447    29.5167    23.0843 3.2967e-01     1.1005      0.659    1472.44     83.255     5.8075  10.469532  0.000e+00
      3.945     7.1481    29.5460    23.1069 3.2967e-01     1.0944      0.663    1472.49     83.190     5.8014  10.469532  0.000e+00
      3.967     7.1483    29.5579    23.1162 3.1746e-01     1.0870      0.667    1472.50     83.121     5.7961  10.469533  0.000e+00
      3.980     7.1204    29.5738    23.1323 3.1746e-01     1.0809      0.663    1472.41     83.054     5.7946  10.469533  0.000e+00
      4.003     7.0618    29.5624    23.1308 3.1746e-01     1.0797      0.670    1472.17     82.991     5.7984  10.469534  0.000e+00
      4.016     7.0112    29.4554    23.0530 3.1746e-01     1.0846      0.674    1471.84     82.984     5.8088  10.469534  0.000e+00
      4.040     6.9870    29.2968    22.9313 3.1746e-01     1.0919      0.667    1471.55     82.852     5.8089  10.469535  0.000e+00
      4.052     6.9865    29.2000    22.8553 3.1746e-01     1.0968      0.670    1471.42     82.828     5.8110  10.469535  0.000e+00
      4.076     6.9923    29.1496    22.8150 3.0525e-01     1.1005      0.670    1471.38     82.686     5.8022  10.469536  0.000e+00
      4.086     6.9986    29.1376    22.8047 3.0525e-01     1.1066      0.667    1471.39     82.603     5.7959  10.469536  0.000e+00
      4.111     7.0047    29.1223    22.7919 3.0525e-01     1.0883      0.670    1471.40     82.519     5.7898  10.469537  0.000e+00
      4.123     7.0199    29.1088    22.7794 3.0525e-01     1.0480      0.674    1471.44     82.432     5.7822  10.469537  0.000e+00
      4.136     7.0725    29.1217    22.7829 2.9304e-01     1.0138      0.674    1471.67     82.346     5.7686  10.469538  0.000e+00
      4.158     7.1763    29.2373    22.8607 2.8083e-01     0.9784      0.670    1472.22     82.251     5.7438  10.469538  0.000e+00
