RAWDATA/20190107/SP1_20190110_down.cnv
* Sea-Bird SBE 9 Data File:
* FileName = C:\CTD Brukere\NIVA\OKOKYST2019\20190107\SP1_20190110.hex
* Software Version Seasave V 7.23.2
* Temperature SN = 5352
* Conductivity SN = 3840
* Number of Bytes Per Scan = 28
* Number of Voltage Words = 4
* Number of Scans Averaged by the Deck Unit = 1
* NMEA baud rate = 4800
** Ship: R/V Trygve Braarud
** Cruise:
** Station:
** Operator:
** Sponvika
# nquan = 12
# nvalues = 3771                                  
# units = specified
# name 0 = depSM: Depth [salt water, m], lat = 59.60
# name 1 = t090C: Temperature [ITS-90, deg C]
# name 2 = sal00: Salinity, Practical [PSU]
# name 3 = sigma-t00: Density [sigma-t, kg/m^3 ]
# name 4 = flSP: Fluorescence, Seapoint
# name 5 = wetStar: Fluorescence, WET Labs WETstar [mg/m^3]
# name 6 = seaTurbMtr: Turbidity, Seapoint [FTU]
# name 7 = svCM: Sound Velocity [Chen-Millero, m/s]
# name 8 = sbeox0PS: Oxygen, SBE 43 [% saturation]
# name 9 = sbeox0ML/L: Oxygen, SBE 43 [ml/l]
# name 10 = timeJ: Julian Days
# name 11 = flag:  0.000e+00
# span 0 =     -0.307,     29.757                 
# span 1 =     2.5201,     8.9349                 
# span 2 =     1.3801,    34.4271                 
# span 3 =     1.0742,    26.6912                 
# span 4 = 1.3431e-01, 6.8376e-01                 
# span 5 =     0.1200,     3.8013                 
# span 6 =      0.571,      3.579                 
# span 7 =    1416.63,    1485.49                 
# span 8 =     70.714,    102.465                 
# span 9 =     4.9930,     7.6900                 
# span 10 =  10.468785,  10.470603                
# span 11 = 0.0000e+00, 0.0000e+00                
# interval = seconds: 0.0416667
# start_time = Jan 10 2019 11:15:03 [System UpLoad Time]
# bad_flag = -9.990e-29
*END*
[from data line 2647]
     21.819     8.8753    34.3956    26.6647 1.4652e-01     0.1200      0.740    1485.36     81.966     5.3258  10.470061  0.000e+00
     21.854     8.8747    34.3956    26.6648 1.4652e-01     0.1200      0.736    1485.36     82.013     5.3289  10.470062  0.000e+00
     21.856     8.8746    34.3955    26.6647 1.4652e-01     0.1200      0.740    1485.36     81.942     5.3243  10.470062  0.000e+00
     21.890     8.8746    34.3959    26.6650 1.4652e-01     0.1200      0.740    1485.36     81.932     5.3237  10.470063  0.000e+00
     21.890     8.8746    34.3957    26.6649 1.4652e-01     0.1200      0.751    1485.36     81.982     5.3269  10.470063  0.000e+00
     21.914     8.8747    34.3958    26.6649 1.4652e-01     0.1200      0.762    1485.36     81.977     5.3266  10.470064  0.000e+00
     21.926     8.8750    34.3961    26.6651 1.5873e-01     0.1200      0.769    1485.36     81.970     5.3261  10.470064  0.000e+00
     21.963     8.8757    34.3969    26.6656 1.5873e-01     0.1200      0.762    1485.36     81.970     5.3260  10.470065  0.000e+00
     21.950     8.8767    34.3979    26.6662 1.5873e-01     0.1200      0.751    1485.37     81.961     5.3252  10.470065  0.000e+00
     21.986     8.8776    34.3980    26.6661 1.5873e-01     0.1200      0.751    1485.37     81.959     5.3250  10.470066  0.000e+00
     21.999     8.8781    34.3985    26.6665 1.4652e-01     0.1200      0.747    1485.38     81.956     5.3247  10.470066  0.000e+00
     22.021     8.8784    34.3981    26.6661 1.4652e-01     0.1200      0.744    1485.38     81.891     5.3204  10.470067  0.000e+00
     22.046     8.8791    34.3981    26.6660 1.4652e-01     0.1200      0.744    1485.38     81.940     5.3236  10.470067  0.000e+00
     22.046     8.8788    34.3982    26.6661 1.4652e-01     0.1200      0.751    1485.38     81.934     5.3232  10.470068  0.000e+00
     22.070     8.8791    34.3982    26.6661 1.4652e-01     0.1200      0.762    1485.38     81.928     5.3228  10.470068  0.000e+00
     22.094     8.8792    34.3980    26.6659 1.4652e-01     0.1200      0.769    1485.38     81.921     5.3223  10.470068  0.000e+00
     22.094     8.8793    34.3976    26.6656 1.4652e-01     0.1200      0.762    1485.38     81.913     5.3218  10.470069  0.000e+00
     22.106     8.8792    34.3980    26.6659 1.4652e-01     0.1200      0.751    1485.38     81.904     5.3212  10.470069  0.000e+00
     22.130     8.8796    34.3976    26.6656 1.5873e-01     0.1200      0.744    1485.38     81.901     5.3210  10.470070  0.000e+00
     22.120     8.8797    34.3987    26.6664 1.5873e-01     0.1200      0.744    1485.38     81.897     5.3207  10.470070  0.000e+00
     22.190     8.8802    34.3984    26.6660 1.5873e-01     0.1200      0.747    1485.39     81.894     5.3204  10.470071  0.000e+00
     22.177     8.8804    34.3982    26.6659 1.4652e-01     0.1200      0.766    1485.39     81.889     5.3201  10.470071  0.000e+00
     22.201     8.8804    34.3979    26.6656 1.4652e-01     0.1200      0.766    1485.39     81.884     5.3198  10.470072  0.000e+00
     22.226     8.8800    34.3983    26.6660 1.4652e-01     0.1200      0.762    1485.39     81.886     5.3200  10.470072  0.000e+00
     22.237     8.8800    34.3987    26.6663 1.4652e-01     0.1200      0.762    1485.39     81.887     5.3200  10.470073  0.000e+00
     22.250     8.8806    34.3990    26.6665 1.4652e-01     0.1200      0.769    1485.39     81.888     5.3200  10.470073  0.000e+00
     22.274     8.8809    34.3995    26.6668 1.4652e-01     0.1200      0.758    1485.39     81.821     5.3156  10.470074  0.000e+00
     22.274     8.8814    34.4000    26.6671 1.5873e-01     0.1200      0.747    1485.39     81.875     5.3190  10.470074  0.000e+00
     22.310     8.8823    34.3997    26.6668 1.4652e-01     0.1200      0.740    1485.40     81.815     5.3150  10.470075  0.000e+00
     22.321     8.8828    34.3995    26.6665 1.4652e-01     0.1200      0.751    1485.40     81.869     5.3185  10.470075  0.000e+00
     22.333     8.8833    34.3995    26.6665 1.4652e-01     0.1200      0.766    1485.40     81.808     5.3144  10.470076  0.000e+00
     22.346     8.8834    34.3998    26.6666 1.4652e-01     0.1200      0.773    1485.40     81.801     5.3139  10.470076  0.000e+00
     22.357     8.8841    34.3990    26.6659 1.4652e-01     0.1200      0.780    1485.40     81.794     5.3134  10.470077  0.000e+00
     22.393     8.8839    34.3993    26.6662 1.4652e-01     0.1200      0.780    1485.40     81.787     5.3130  10.470077  0.000e+00
     22.393     8.8843    34.3995    26.6663 1.4652e-01     0.1200      0.766    1485.41     81.780     5.3125  10.470078  0.000e+00
     22.417     8.8843    34.3999    26.6666 1.4652e-01     0.1200      0.751    1485.41     81.773     5.3120  10.470078  0.000e+00
     22.430     8.8846    34.4003    26.6668 1.4652e-01     0.1200      0.736    1485.41     81.766     5.3115  10.470079  0.000e+00
     22.453     8.8844    34.4008    26.6673 1.4652e-01     0.1200      0.733    1485.41     81.759     5.3111  10.470079  0.000e+00
     22.466     8.8846    34.4010    26.6674 1.4652e-01     0.1200      0.729    1485.41     81.691     5.3066  10.470080  0.000e+00
     22.490     8.8844    34.4012    26.6676 1.7094e-01     0.1200      0.733    1485.41     81.738     5.3097  10.470080  0.000e+00
     22.490     8.8843    34.4016    26.6680 1.7094e-01     0.1200      0.736    1485.41     81.670     5.3053  10.470081  0.000e+00
     22.513     8.8844    34.4021    26.6683 1.7094e-01     0.1200      0.736    1485.41     81.718     5.3084  10.470081  0.000e+00
     22.537     8.8847    34.4022    26.6683 1.5873e-01     0.1200      0.733    1485.41     81.651     5.3040  10.470082  0.000e+00
     22.548     8.8849    34.4019    26.6680 1.4652e-01     0.1200      0.725    1485.41     81.638     5.3031  10.470082  0.000e+00
     22.573     8.8848    34.4013    26.6676 1.4652e-01     0.1200      0.729    1485.41     81.625     5.3023  10.470082  0.000e+00
     22.586     8.8849    34.4010    26.6674 1.4652e-01     0.1200      0.736    1485.41     81.620     5.3020  10.470083  0.000e+00
     22.608     8.8849    34.4010    26.6674 1.4652e-01     0.1200      0.740    1485.41     81.608     5.3012  10.470083  0.000e+00
     22.621     8.8852    34.4013    26.6675 1.4652e-01     0.1200      0.747    1485.42     81.596     5.3004  10.470084  0.000e+00
     22.633     8.8855    34.4005    26.6669 1.5873e-01     0.1200      0.744    1485.42     81.524     5.2957  10.470084  0.000e+00
     22.657     8.8854    34.4008    26.6671 1.5873e-01     0.1200      0.740    1485.42     81.567     5.2985  10.470085  0.000e+00
     22.657     8.8858    34.4005    26.6668 1.4652e-01     0.1200      0.740    1485.42     81.503     5.2943  10.470085  0.000e+00
     22.681     8.8858    34.4007    26.6670 1.4652e-01     0.1200      0.744    1485.42     81.548     5.2972  10.470086  0.000e+00
     22.704     8.8857    34.4009    26.6672 1.4652e-01     0.1200      0.744    1485.42     81.477     5.2926  10.470086  0.000e+00
     22.717     8.8860    34.4001    26.6665 1.4652e-01     0.1200      0.744    1485.42     81.469     5.2921  10.470087  0.000e+00
     22.728     8.8857    34.4002    26.6666 1.4652e-01     0.1200      0.744    1485.42     81.461     5.2916  10.470087  0.000e+00
     22.753     8.8854    34.4005    26.6669 1.4652e-01     0.1200      0.736    1485.42     81.455     5.2912  10.470088  0.000e+00
     22.764     8.8854    34.4008    26.6671 1.4652e-01     0.1200      0.733    1485.42     81.449     5.2908  10.470088  0.000e+00
     22.777     8.8851    34.4014    26.6677 1.4652e-01     0.1200      0.733    1485.42     81.444     5.2905  10.470089  0.000e+00
     22.788     8.8851    34.4017    26.6679 1.4652e-01     0.1200      0.740    1485.42     81.439     5.2902  10.470089  0.000e+00
     22.813     8.8847    34.4022    26.6683 1.4652e-01     0.1200      0.766    1485.42     81.436     5.2900  10.470090  0.000e+00
     22.837     8.8848    34.4019    26.6681 1.4652e-01     0.1200      0.758    1485.42     81.427     5.2894  10.470090  0.000e+00
     22.848     8.8849    34.4014    26.6677 1.4652e-01     0.1200      0.740    1485.42     81.425     5.2893  10.470091  0.000e+00
     22.848     8.8847    34.4017    26.6679 1.4652e-01     0.1200      0.733    1485.42     81.424     5.2893  10.470091  0.000e+00
     22.884     8.8849    34.4016    26.6679 1.5873e-01     0.1200      0.740    1485.42     81.424     5.2892  10.470092  0.000e+00
     22.884     8.8852    34.4013    26.6676 1.5873e-01     0.1200      0.747    1485.42     81.424     5.2892  10.470092  0.000e+00
     22.908     8.8852    34.4013    26.6676 1.7094e-01     0.1200      0.747    1485.42     81.426     5.2894  10.470093  0.000e+00
     22.920     8.8854    34.4013    26.6675 1.7094e-01     0.1200      0.747    1485.42     81.429     5.2895  10.470093  0.000e+00
     22.933     8.8852    34.4014    26.6676 1.7094e-01     0.1200      0.751    1485.42     81.432     5.2897  10.470094  0.000e+00
     22.957     8.8852    34.4013    26.6676 1.5873e-01     0.1200      0.751    1485.42     81.436     5.2900  10.470094  0.000e+00
     22.968     8.8851    34.4012    26.6675 1.5873e-01     0.1200      0.747    1485.42     81.441     5.2904  10.470095  0.000e+00
     22.993     8.8849    34.4012    26.6676 1.4652e-01     0.1200      0.747    1485.42     81.447     5.2908  10.470095  0.000e+00
     22.993     8.8851    34.4016    26.6678 1.4652e-01     0.1200      0.747    1485.42     81.454     5.2912  10.470095  0.000e+00
     22.993     8.8848    34.4015    26.6678 1.5873e-01     0.1200      0.747    1485.42     81.522     5.2956  10.470096  0.000e+00
     23.049     8.8847    34.4016    26.6679 1.5873e-01     0.1200      0.751    1485.42     81.477     5.2927  10.470096  0.000e+00
     23.053     8.8848    34.4014    26.6677 1.5873e-01     0.1200      0.747    1485.42     81.547     5.2972  10.470097  0.000e+00
     23.040     8.8844    34.4017    26.6680 1.5873e-01     0.1200      0.747    1485.42     81.556     5.2979  10.470097  0.000e+00
     23.088     8.8843    34.4018    26.6681 1.4652e-01     0.1200      0.751    1485.42     81.573     5.2990  10.470098  0.000e+00
     23.088     8.8841    34.4014    26.6678 1.4652e-01     0.1200      0.755    1485.42     81.583     5.2997  10.470098  0.000e+00
     23.100     8.8831    34.4011    26.6678 1.4652e-01     0.1200      0.755    1485.42     81.601     5.3009  10.470099  0.000e+00
     23.124     8.8821    34.4012    26.6680 1.4652e-01     0.1200      0.762    1485.41     81.612     5.3018  10.470099  0.000e+00
     23.124     8.8814    34.4011    26.6680 1.4652e-01     0.1200      0.762    1485.41     81.623     5.3026  10.470100  0.000e+00
     23.160     8.8807    34.4012    26.6682 1.4652e-01     0.1200      0.755    1485.41     81.635     5.3034  10.470100  0.000e+00
     23.173     8.8802    34.4010    26.6681 1.5873e-01     0.1200      0.747    1485.41     81.647     5.3043  10.470101  0.000e+00
     23.173     8.8796    34.4015    26.6686 1.4652e-01     0.1200      0.744    1485.40     81.720     5.3091  10.470101  0.000e+00
     23.208     8.8788    34.4017    26.6689 1.4652e-01     0.1200      0.751    1485.40     81.739     5.3104  10.470102  0.000e+00
     23.208     8.8778    34.4020    26.6693 1.4652e-01     0.1200      0.762    1485.40     81.758     5.3118  10.470102  0.000e+00
     23.233     8.8770    34.4021    26.6695 1.4652e-01     0.1200      0.773    1485.40     81.777     5.3131  10.470103  0.000e+00
     23.244     8.8757    34.4026    26.6701 1.4652e-01     0.1200      0.788    1485.39     81.789     5.3140  10.470103  0.000e+00
     23.268     8.8753    34.4030    26.6705 1.5873e-01     0.1200      0.788    1485.39     81.747     5.3113  10.470104  0.000e+00
     23.268     8.8750    34.4032    26.6706 1.5873e-01     0.1200      0.791    1485.39     81.752     5.3117  10.470104  0.000e+00
     23.301     8.8746    34.4036    26.6710 1.5873e-01     0.1200      0.784    1485.39     81.826     5.3165  10.470105  0.000e+00
     23.304     8.8745    34.4037    26.6711 1.4652e-01     0.1200      0.762    1485.39     81.837     5.3173  10.470105  0.000e+00
     23.315     8.8741    34.4033    26.6709 1.4652e-01     0.1200      0.744    1485.39     81.788     5.3141  10.470106  0.000e+00
     23.340     8.8738    34.4033    26.6709 1.4652e-01     0.1200      0.736    1485.39     81.854     5.3184  10.470106  0.000e+00
     23.351     8.8738    34.4027    26.6705 1.5873e-01     0.1200      0.744    1485.39     81.804     5.3152  10.470107  0.000e+00
     23.375     8.8733    34.4031    26.6708 1.5873e-01     0.1200      0.758    1485.39     81.809     5.3155  10.470107  0.000e+00
     23.375     8.8733    34.4028    26.6706 1.5873e-01     0.1200      0.780    1485.39     81.813     5.3158  10.470108  0.000e+00
     23.411     8.8728    34.4032    26.6710 1.5873e-01     0.1200      0.795    1485.38     81.810     5.3157  10.470108  0.000e+00
     23.411     8.8728    34.4030    26.6708 1.5873e-01     0.1200      0.784    1485.38     81.876     5.3200  10.470109  0.000e+00
     23.435     8.8728    34.4031    26.6709 1.5873e-01     0.1200      0.773    1485.38     81.818     5.3162  10.470109  0.000e+00
     23.435     8.8727    34.4033    26.6711 1.5873e-01     0.1200      0.766    1485.38     81.822     5.3165  10.470109  0.000e+00
     23.460     8.8726    34.4031    26.6709 1.4652e-01     0.1200      0.755    1485.38     81.818     5.3162  10.470110  0.000e+00
     23.471     8.8724    34.4032    26.6711 1.4652e-01     0.1200      0.747    1485.38     81.814     5.3160  10.470110  0.000e+00
     23.492     8.8724    34.4029    26.6708 1.4652e-01     0.1200      0.740    1485.38     81.810     5.3158  10.470111  0.000e+00
     23.507     8.8726    34.4031    26.6710 1.4652e-01     0.1200      0.736    1485.39     81.806     5.3154  10.470111  0.000e+00
     23.520     8.8726    34.4033    26.6711 1.5873e-01     0.1200      0.733    1485.39     81.801     5.3151  10.470112  0.000e+00
     23.531     8.8727    34.4035    26.6712 1.5873e-01     0.1200      0.733    1485.39     81.796     5.3148  10.470112  0.000e+00
     23.567     8.8726    34.4036    26.6714 1.5873e-01     0.1200      0.736    1485.39     81.852     5.3184  10.470113  0.000e+00
     23.567     8.8729    34.4038    26.6715 1.4652e-01     0.1200      0.769    1485.39     81.853     5.3184  10.470113  0.000e+00
     23.591     8.8728    34.4043    26.6719 1.4652e-01     0.1200      0.799    1485.39     81.792     5.3145  10.470114  0.000e+00
     23.591     8.8728    34.4045    26.6720 1.4652e-01     0.1200      0.788    1485.39     81.785     5.3141  10.470114  0.000e+00
     23.627     8.8728    34.4047    26.6722 1.4652e-01     0.1200      0.769    1485.39     81.779     5.3136  10.470115  0.000e+00
     23.640     8.8729    34.4041    26.6717 1.4652e-01     0.1200      0.769    1485.39     81.771     5.3131  10.470115  0.000e+00
     23.648     8.8728    34.4041    26.6717 1.4652e-01     0.1200      0.791    1485.39     81.825     5.3166  10.470116  0.000e+00
     23.662     8.8729    34.4042    26.6718 1.4652e-01     0.1200      0.832    1485.39     81.762     5.3125  10.470116  0.000e+00
     23.687     8.8729    34.4043    26.6719 1.5873e-01     0.1200      0.842    1485.39     81.815     5.3160  10.470117  0.000e+00
     23.687     8.8727    34.4046    26.6721 1.5873e-01     0.1200      0.821    1485.39     81.813     5.3158  10.470117  0.000e+00
     23.722     8.8728    34.4041    26.6717 1.5873e-01     0.1200      0.795    1485.39     81.810     5.3157  10.470118  0.000e+00
     23.722     8.8729    34.4039    26.6716 1.5873e-01     0.1200      0.780    1485.39     81.807     5.3155  10.470118  0.000e+00
