RAWDATA/20190107/SP1_20190110_down.cnv
* Sea-Bird SBE 9 Data File:
* FileName = C:\CTD Brukere\NIVA\OKOKYST2019\20190107\SP1_20190110.hex
* Software Version Seasave V 7.23.2
* Temperature SN = 5352
* Conductivity SN = 3840
* Number of Bytes Per Scan = 28
* Number of Voltage Words = 4
* Number of Scans Averaged by the Deck Unit = 1
* NMEA baud rate = 4800
** Ship: R/V Trygve Braarud
** Cruise:
** Station:
** Operator:
** Sponvika
# nquan = 12
# nvalues = 3771                                  
# units = specified
# name 0 = depSM: Depth [salt water, m], lat = 59.60
# name 1 = t090C: Temperature [ITS-90, deg C]
# name 2 = sal00: Salinity, Practical [PSU]
# name 3 = sigma-t00: Density [sigma-t, kg/m^3 ]
# name 4 = flSP: Fluorescence, Seapoint
# name 5 = wetStar: Fluorescence, WET Labs WETstar [mg/m^3]
# name 6 = seaTurbMtr: Turbidity, Seapoint [FTU]
# name 7 = svCM: Sound Velocity [Chen-Millero, m/s]
# name 8 = sbeox0PS: Oxygen, SBE 43 [% saturation]
# name 9 = sbeox0ML/L: Oxygen, SBE 43 [ml/l]
# name 10 = timeJ: Julian Days
# name 11 = flag:  0.000e+00
# span 0 =     -0.307,     29.757                 
# span 1 =     2.5201,     8.9349                 
# span 2 =     1.3801,    34.4271                 
# span 3 =     1.0742,    26.6912                 
# span 4 = 1.3431e-01, 6.8376e-01                 
# span 5 =     0.1200,     3.8013                 
# span 6 =      0.571,      3.579                 
# span 7 =    1416.63,    1485.49                 
# span 8 =     70.714,    102.465                 
# span 9 =     4.9930,     7.6900                 
# span 10 =  10.468785,  10.470603                
# span 11 = 0.0000e+00, 0.0000e+00                
# interval = seconds: 0.0416667
# start_time = Jan 10 2019 11:15:03 [System UpLoad Time]
# bad_flag = -9.990e-29
*END*
[from data line 1204]
      0.065     8.1839    23.1380    17.9528 2.0757e-01     0.5669      0.736    1468.53     70.950     5.0374  10.469365  0.000e+00
      0.076     8.1850    23.1352    17.9505 2.0757e-01     0.5644      0.758    1468.53     70.978     5.0393  10.469366  0.000e+00
      0.063     8.1850    23.1402    17.9544 2.0757e-01     0.5547      0.744    1468.54     71.012     5.0416  10.469366  0.000e+00
      0.088     8.1785    22.9142    17.7785 2.0757e-01     0.5437      0.718    1468.24     71.046     5.0522  10.469367  0.000e+00
      0.065     8.1789    22.8618    17.7375 2.0757e-01     0.5339      0.700    1468.17     71.018     5.0518  10.469367  0.000e+00
      0.076     8.1927    22.9216    17.7826 2.0757e-01     0.5242      0.703    1468.30     71.050     5.0505  10.469368  0.000e+00
      0.075     8.1916    22.8028    17.6898 2.1978e-01     0.5132      0.711    1468.15     71.081     5.0568  10.469368  0.000e+00
      0.076     8.1741    22.8640    17.7398 2.1978e-01     0.4875      0.718    1468.16     71.112     5.0590  10.469369  0.000e+00
      0.076     8.1659    22.9830    17.8339 2.1978e-01     0.4509      0.718    1468.27     71.087     5.0543  10.469369  0.000e+00
      0.076     8.1649    22.9080    17.7753 2.0757e-01     0.4179      0.718    1468.18     71.108     5.0583  10.469370  0.000e+00
      0.075     8.1644    23.0102    17.8553 2.0757e-01     0.3898      0.718    1468.30     71.134     5.0569  10.469370  0.000e+00
      0.076     8.1710    23.1311    17.9491 2.0757e-01     0.3654      0.722    1468.48     71.104     5.0501  10.469371  0.000e+00
      0.065     8.1755    23.0141    17.8570 2.0757e-01     0.3373      0.740    1468.35     71.188     5.0593  10.469371  0.000e+00
      0.075     8.1800    23.0968    17.9211 2.0757e-01     0.3117      0.751    1468.47     71.224     5.0586  10.469372  0.000e+00
      0.065     8.1896    23.2085    18.0073 1.9536e-01     0.2885      0.736    1468.64     71.257     5.0562  10.469372  0.000e+00
      0.076     8.1959    23.1008    17.9222 1.9536e-01     0.2702      0.703    1468.53     71.288     5.0612  10.469373  0.000e+00
      0.065     8.2031    23.1930    17.9935 2.0757e-01     0.2629      0.670    1468.68     71.324     5.0599  10.469373  0.000e+00
      0.063     8.2191    23.3242    18.0941 2.0757e-01     0.2580      0.648    1468.90     71.364     5.0565  10.469374  0.000e+00
      0.076     8.2287    23.2271    18.0169 2.0757e-01     0.2604      0.648    1468.82     71.394     5.0608  10.469374  0.000e+00
      0.065     8.2352    23.3816    18.1369 2.0757e-01     0.2677      0.670    1469.03     71.429     5.0573  10.469375  0.000e+00
      0.052     8.2472    23.5401    18.2594 2.0757e-01     0.2775      0.711    1469.27     71.459     5.0529  10.469375  0.000e+00
      0.063     8.2551    23.4256    18.1689 2.0757e-01     0.2861      0.736    1469.16     71.494     5.0582  10.469375  0.000e+00
      0.052     8.2632    23.6328    18.3299 2.0757e-01     0.2958      0.740    1469.45     71.526     5.0527  10.469376  0.000e+00
      0.065     8.2815    23.7439    18.4144 2.0757e-01     0.3056      0.729    1469.66     71.560     5.0494  10.469376  0.000e+00
      0.052     8.2946    23.5120    18.2314 2.1978e-01     0.3166      0.707    1469.42     71.584     5.0571  10.469377  0.000e+00
      0.063     8.2878    23.6154    18.3131 2.1978e-01     0.3239      0.685    1469.52     71.618     5.0569  10.469377  0.000e+00
      0.052     8.2519    23.7594    18.4303 2.1978e-01     0.3337      0.667    1469.56     71.650     5.0586  10.469378  0.000e+00
      0.065     8.2191    23.5896    18.3016 2.3199e-01     0.3398      0.659    1469.23     71.684     5.0705  10.469378  0.000e+00
      0.050     8.1956    23.7479    18.4283 2.1978e-01     0.3447      0.656    1469.33     71.721     5.0706  10.469379  0.000e+00
      0.052     8.1823    23.9108    18.5574 2.1978e-01     0.3471      0.663    1469.48     71.761     5.0696  10.469379  0.000e+00
      0.041     8.1745    23.7607    18.4410 2.1978e-01     0.3544      0.667    1469.26     71.796     5.0779  10.469380  0.000e+00
      0.065     8.1630    23.9462    18.5876 2.3199e-01     0.3642      0.656    1469.45     71.827     5.0753  10.469380  0.000e+00
      0.039     8.1418    24.0078    18.6384 2.3199e-01     0.3789      0.645    1469.44     71.860     5.0781  10.469381  0.000e+00
      0.052     8.1270    23.7329    18.4252 2.3199e-01     0.3947      0.648    1469.04     71.888     5.0909  10.469381  0.000e+00
      0.065     8.1086    23.8445    18.5148 2.3199e-01     0.4118      0.674    1469.11     71.919     5.0916  10.469382  0.000e+00
      0.041     8.0889    23.8611    18.5303 2.3199e-01     0.4228      0.722    1469.05     71.944     5.0951  10.469382  0.000e+00
      0.050     8.0818    23.5340    18.2752 2.3199e-01     0.4362      0.733    1468.62     71.970     5.1087  10.469383  0.000e+00
      0.052     8.0682    23.5138    18.2611 2.3199e-01     0.4484      0.703    1468.55     71.999     5.1130  10.469383  0.000e+00
      0.052     8.0469    23.5089    18.2599 2.3199e-01     0.4607      0.674    1468.46     72.022     5.1173  10.469384  0.000e+00
      0.041     8.0414    23.2835    18.0843 2.3199e-01     0.4826      0.652    1468.16     72.039     5.1267  10.469384  0.000e+00
      0.050     8.0414    23.3274    18.1186 2.1978e-01     0.5071      0.645    1468.21     72.056     5.1265  10.469385  0.000e+00
      0.052     8.0432    23.3887    18.1663 2.3199e-01     0.5327      0.641    1468.29     72.075     5.1255  10.469385  0.000e+00
      0.052     8.0506    23.2677    18.0708 2.3199e-01     0.5559      0.641    1468.17     72.094     5.1301  10.469386  0.000e+00
      0.052     8.0496    23.4340    18.2010 2.3199e-01     0.5718      0.645    1468.37     72.115     5.1261  10.469386  0.000e+00
      0.050     8.0198    23.5816    18.3202 2.3199e-01     0.5767      0.645    1468.44     72.132     5.1259  10.469387  0.000e+00
      0.052     7.9948    23.4909    18.2522 2.1978e-01     0.5705      0.637    1468.23     72.211     5.1375  10.469387  0.000e+00
      0.052     7.9640    23.7037    18.4225 2.1978e-01     0.5583      0.641    1468.37     72.175     5.1315  10.469388  0.000e+00
      0.050     7.9314    23.9463    18.6164 2.1978e-01     0.5474      0.645    1468.54     72.195     5.1287  10.469388  0.000e+00
      0.052     7.9119    23.9293    18.6055 2.3199e-01     0.5315      0.648    1468.45     72.207     5.1324  10.469389  0.000e+00
      0.052     7.8820    24.2775    18.8819 2.5641e-01     0.5156      0.659    1468.76     72.220     5.1253  10.469389  0.000e+00
      0.052     7.8374    24.5172    19.0751 2.4420e-01     0.4973      0.648    1468.88     72.236     5.1236  10.469389  0.000e+00
      0.063     7.7973    24.4517    19.0287 2.4420e-01     0.4790      0.641    1468.65     72.251     5.1317  10.469390  0.000e+00
      0.041     7.7682    24.8318    19.3300 2.5641e-01     0.4631      0.634    1469.00     72.266     5.1235  10.469390  0.000e+00
      0.065     7.7521    24.9506    19.4250 2.4420e-01     0.4607      0.634    1469.08     72.274     5.1220  10.469391  0.000e+00
      0.065     7.7439    24.6279    19.1733 2.4420e-01     0.4790      0.630    1468.65     72.281     5.1343  10.469391  0.000e+00
      0.050     7.7383    24.7752    19.2893 2.3199e-01     0.5193      0.626    1468.81     72.289     5.1305  10.469392  0.000e+00
      0.052     7.7385    24.8546    19.3515 2.4420e-01     0.5828      0.630    1468.91     72.296     5.1284  10.469392  0.000e+00
      0.065     7.7402    24.5561    19.1174 2.4420e-01     0.6572      0.667    1468.55     72.234     5.1338  10.469393  0.000e+00
      0.052     7.7330    24.6755    19.2119 2.4420e-01     0.7366      0.681    1468.67     72.289     5.1345  10.469393  0.000e+00
      0.050     7.7187    24.7573    19.2777 2.5641e-01     0.8294      0.667    1468.71     72.229     5.1293  10.469394  0.000e+00
      0.052     7.7013    24.5710    19.1338 2.8083e-01     0.9320      0.656    1468.42     72.217     5.1367  10.469394  0.000e+00
      0.065     7.6803    24.8646    19.3665 3.0525e-01     1.0187      0.648    1468.70     72.273     5.1333  10.469395  0.000e+00
      0.050     7.6649    24.9674    19.4489 3.1746e-01     1.0895      0.659    1468.76     72.214     5.1275  10.469395  0.000e+00
      0.065     7.6477    24.7270    19.2626 2.9304e-01     1.1517      0.678    1468.40     72.209     5.1372  10.469396  0.000e+00
      0.052     7.5868    24.9065    19.4107 2.9304e-01     1.2104      0.681    1468.38     72.207     5.1384  10.469396  0.000e+00
      0.065     7.5043    24.9529    19.4571 2.8083e-01     1.2653      0.681    1468.12     72.209     5.1468  10.469397  0.000e+00
      0.050     7.4504    24.7149    19.2769 2.9304e-01     1.3117      0.685    1467.61     72.207     5.1612  10.469397  0.000e+00
      0.052     7.4020    24.8837    19.4151 2.9304e-01     1.3532      0.696    1467.63     72.206     5.1612  10.469398  0.000e+00
      0.052     7.3659    24.9285    19.4545 2.9304e-01     1.3874      0.707    1467.54     72.204     5.1639  10.469398  0.000e+00
      0.052     7.3760    24.6836    19.2612 2.9304e-01     1.4082      0.707    1467.28     72.138     5.1662  10.469399  0.000e+00
      0.050     7.3745    24.9024    19.4330 2.9304e-01     1.4191      0.696    1467.54     72.188     5.1626  10.469399  0.000e+00
      0.052     7.3442    25.0841    19.5791 3.0525e-01     1.4216      0.689    1467.65     72.125     5.1556  10.469400  0.000e+00
      0.065     7.3319    25.0696    19.5692 3.2967e-01     1.4167      0.700    1467.58     72.116     5.1569  10.469400  0.000e+00
      0.041     7.3109    25.6390    20.0184 3.1746e-01     1.4045      0.711    1468.20     72.108     5.1396  10.469401  0.000e+00
      0.050     7.2798    25.8871    20.2169 3.0525e-01     1.3886      0.718    1468.39     72.101     5.1345  10.469401  0.000e+00
      0.052     7.2431    25.8669    20.2054 3.1746e-01     1.3740      0.722    1468.22     72.096     5.1392  10.469402  0.000e+00
      0.052     7.2052    26.4314    20.6531 3.1746e-01     1.3593      0.736    1468.77     72.091     5.1244  10.469402  0.000e+00
      0.039     7.1779    26.5498    20.7494 3.2967e-01     1.3471      0.747    1468.81     72.086     5.1233  10.469402  0.000e+00
      0.065     7.1605    26.3733    20.6128 3.2967e-01     1.3361      0.762    1468.52     72.081     5.1309  10.469403  0.000e+00
      0.052     7.1611    26.7675    20.9223 3.2967e-01     1.3263      0.780    1469.02     72.074     5.1172  10.469403  0.000e+00
      0.052     7.1747    26.6714    20.8453 3.2967e-01     1.3202      0.766    1468.95     72.006     5.1139  10.469404  0.000e+00
      0.050     7.1819    26.2896    20.5446 3.2967e-01     1.3154      0.744    1468.50     71.993     5.1250  10.469404  0.000e+00
      0.065     7.1602    26.5137    20.7232 3.2967e-01     1.3117      0.729    1468.70     71.984     5.1194  10.469405  0.000e+00
      0.052     7.1342    26.2983    20.5571 3.2967e-01     1.3105      0.718    1468.33     71.976     5.1292  10.469405  0.000e+00
      0.065     7.1293    25.8131    20.1768 3.2967e-01     1.3117      0.729    1467.70     71.967     5.1455  10.469406  0.000e+00
      0.063     7.1193    25.9984    20.3234 3.4188e-01     1.3105      0.755    1467.89     71.960     5.1399  10.469406  0.000e+00
      0.065     7.1218    25.9554    20.2894 3.4188e-01     1.3105      0.780    1467.85     71.891     5.1361  10.469407  0.000e+00
      0.065     7.1422    25.7819    20.1507 3.4188e-01     1.3117      0.784    1467.72     71.875     5.1384  10.469407  0.000e+00
      0.065     7.1542    26.2928    20.5504 3.4188e-01     1.3141      0.799    1468.40     71.862     5.1188  10.469408  0.000e+00
      0.075     7.1651    26.3027    20.5569 3.4188e-01     1.3117      0.817    1468.45     71.850     5.1164  10.469408  0.000e+00
      0.065     7.1735    26.1680    20.4501 3.4188e-01     1.3105      0.813    1468.32     71.840     5.1191  10.469409  0.000e+00
      0.076     7.1409    26.7298    20.8951 3.2967e-01     1.3080      0.784    1468.89     71.834     5.1037  10.469409  0.000e+00
      0.088     7.1079    26.6390    20.8278 3.4188e-01     1.3093      0.755    1468.65     71.767     5.1060  10.469410  0.000e+00
      0.075     7.0865    26.3433    20.5982 3.4188e-01     1.3080      0.736    1468.19     71.817     5.1220  10.469410  0.000e+00
      0.088     7.0502    26.7106    20.8910 3.4188e-01     1.3044      0.733    1468.51     71.762     5.1101  10.469411  0.000e+00
      0.076     7.0242    26.6076    20.8132 3.4188e-01     1.3007      0.733    1468.28     71.753     5.1160  10.469411  0.000e+00
      0.086     7.0253    26.3150    20.5832 3.2967e-01     1.2983      0.729    1467.92     71.745     5.1251  10.469412  0.000e+00
      0.088     7.0256    26.7183    20.8999 3.2967e-01     1.2995      0.725    1468.42     71.737     5.1110  10.469412  0.000e+00
      0.088     7.0231    26.6243    20.8264 3.2967e-01     1.3007      0.722    1468.29     71.732     5.1141  10.469413  0.000e+00
      0.088     7.0276    26.3286    20.5936 3.2967e-01     1.3056      0.722    1467.94     71.728     5.1232  10.469413  0.000e+00
      0.099     7.0041    26.7346    20.9153 3.7851e-01     1.3080      0.736    1468.35     71.665     5.1079  10.469414  0.000e+00
      0.088     6.9833    26.7689    20.9448 4.0293e-01     1.3080      0.744    1468.31     71.659     5.1088  10.469414  0.000e+00
      0.101     6.9912    26.5985    20.8099 3.9072e-01     1.3105      0.736    1468.13     71.652     5.1131  10.469415  0.000e+00
      0.101     7.0041    27.0322    21.1492 3.6630e-01     1.3117      0.729    1468.73     71.647     5.0966  10.469415  0.000e+00
      0.099     7.0055    27.0886    21.1933 3.5409e-01     1.3080      0.725    1468.80     71.644     5.0944  10.469416  0.000e+00
      0.112     7.0004    27.0349    21.1517 3.5409e-01     1.3068      0.718    1468.71     71.644     5.0968  10.469416  0.000e+00
      0.112     6.9876    27.5183    21.5331 3.5409e-01     1.3056      0.725    1469.27     71.638     5.0817  10.469416  0.000e+00
      0.123     6.9726    27.6935    21.6727 3.4188e-01     1.3080      0.733    1469.43     71.704     5.0823  10.469417  0.000e+00
      0.135     6.9611    27.8460    21.7940 3.4188e-01     1.3068      0.729    1469.57     71.648     5.0746  10.469417  0.000e+00
      0.161     6.9434    28.5640    22.3605 3.1746e-01     1.3080      0.718    1470.40     71.647     5.0527  10.469418  0.000e+00
      0.136     6.9270    28.9303    22.6506 3.1746e-01     1.3032      0.714    1470.79     71.656     5.0431  10.469418  0.000e+00
      0.136     6.9176    29.0104    22.7148 3.2967e-01     1.3032      0.725    1470.85     71.658     5.0417  10.469419  0.000e+00
      0.123     6.9141    29.4268    23.0427 3.1746e-01     1.2934      0.733    1471.36     71.661     5.0285  10.469419  0.000e+00
      0.123     6.9136    29.4381    23.0516 3.1746e-01     1.2738      0.729    1471.37     71.666     5.0286  10.469420  0.000e+00
      0.183     6.9154    29.5195    23.1154 3.1746e-01     1.2519      0.718    1471.48     71.611     5.0218  10.469420  0.000e+00
      0.196     6.9180    29.9900    23.4852 3.1746e-01     1.2311      0.711    1472.08     71.673     5.0103  10.469421  0.000e+00
      0.230     6.9219    30.1184    23.5858 3.1746e-01     1.2091      0.711    1472.25     71.683     5.0063  10.469421  0.000e+00
      0.243     6.9273    30.2244    23.6684 3.1746e-01     1.1847      0.707    1472.41     71.694     5.0030  10.469422  0.000e+00
      0.243     6.9342    30.3831    23.7925 3.1746e-01     1.1688      0.692    1472.63     71.637     4.9930  10.469422  0.000e+00
