RAWDATA/20190107/SP1_20190110_down.cnv
* Sea-Bird SBE 9 Data File:
* FileName = C:\CTD Brukere\NIVA\OKOKYST2019\20190107\SP1_20190110.hex
* Software Version Seasave V 7.23.2
* Temperature SN = 5352
* Conductivity SN = 3840
* Number of Bytes Per Scan = 28
* Number of Voltage Words = 4
* Number of Scans Averaged by the Deck Unit = 1
* NMEA baud rate = 4800
** Ship: R/V Trygve Braarud
** Cruise:
** Station:
** Operator:
** Sponvika
# nquan = 12
# nvalues = 3771                                  
# units = specified
# name 0 = depSM: Depth [salt water, m], lat = 59.60
# name 1 = t090C: Temperature [ITS-90, deg C]
# name 2 = sal00: Salinity, Practical [PSU]
# name 3 = sigma-t00: Density [sigma-t, kg/m^3 ]
# name 4 = flSP: Fluorescence, Seapoint
# name 5 = wetStar: Fluorescence, WET Labs WETstar [mg/m^3]
# name 6 = seaTurbMtr: Turbidity, Seapoint [FTU]
# name 7 = svCM: Sound Velocity [Chen-Millero, m/s]
# name 8 = sbeox0PS: Oxygen, SBE 43 [% saturation]
# name 9 = sbeox0ML/L: Oxygen, SBE 43 [ml/l]
# name 10 = timeJ: Julian Days
# name 11 = flag:  0.000e+00
# span 0 =     -0.307,     29.757                 
# span 1 =     2.5201,     8.9349                 
# span 2 =     1.3801,    34.4271                 
# span 3 =     1.0742,    26.6912                 
# span 4 = 1.3431e-01, 6.8376e-01                 
# span 5 =     0.1200,     3.8013                 
# span 6 =      0.571,      3.579                 
# span 7 =    1416.63,    1485.49                 
# span 8 =     70.714,    102.465                 
# span 9 =     4.9930,     7.6900                 
# span 10 =  10.468785,  10.470603                
# span 11 = 0.0000e+00, 0.0000e+00                
# interval = seconds: 0.0416667
# start_time = Jan 10 2019 11:15:03 [System UpLoad Time]
# bad_flag = -9.990e-29
*END*
[from data line 2166]
     14.051     8.9036    34.3846    26.6515 1.4652e-01     0.1200      1.817    1485.32     80.641     5.2368  10.469829  0.000e+00
     14.062     8.9030    34.3845    26.6516 1.4652e-01     0.1200      1.560    1485.32     80.664     5.2384  10.469830  0.000e+00
     14.086     8.9029    34.3843    26.6515 1.4652e-01     0.1200      1.326    1485.32     80.627     5.2360  10.469830  0.000e+00
     14.099     8.9029    34.3848    26.6518 1.4652e-01     0.1200      1.168    1485.32     80.704     5.2410  10.469831  0.000e+00
     14.102     8.9033    34.3845    26.6515 1.5873e-01     0.1200      1.128    1485.32     80.728     5.2425  10.469831  0.000e+00
     14.135     8.9033    34.3849    26.6519 1.5873e-01     0.1200      1.150    1485.32     80.752     5.2440  10.469832  0.000e+00
     14.146     8.9033    34.3849    26.6518 1.5873e-01     0.1200      1.172    1485.32     80.768     5.2451  10.469832  0.000e+00
     14.170     8.9035    34.3848    26.6518 1.5873e-01     0.1200      1.399    1485.32     80.784     5.2461  10.469833  0.000e+00
     14.170     8.9031    34.3850    26.6520 1.4652e-01     0.1200      1.971    1485.32     80.800     5.2471  10.469833  0.000e+00
     14.195     8.9032    34.3849    26.6519 1.5873e-01     0.1200      2.535    1485.32     80.816     5.2482  10.469834  0.000e+00
     14.206     8.9033    34.3848    26.6517 1.5873e-01     0.1200      2.894    1485.32     80.831     5.2491  10.469834  0.000e+00
     14.234     8.9032    34.3851    26.6520 1.5873e-01     0.1200      3.081    1485.32     80.839     5.2497  10.469835  0.000e+00
     14.242     8.9031    34.3853    26.6521 1.5873e-01     0.1200      3.212    1485.32     80.853     5.2506  10.469835  0.000e+00
     14.255     8.9029    34.3855    26.6524 1.5873e-01     0.1200      3.176    1485.32     80.860     5.2511  10.469836  0.000e+00
     14.266     8.9027    34.3852    26.6521 1.5873e-01     0.1200      2.700    1485.32     80.867     5.2515  10.469836  0.000e+00
     14.290     8.9024    34.3851    26.6521 1.4652e-01     0.1200      2.143    1485.32     80.873     5.2520  10.469837  0.000e+00
     14.302     8.9026    34.3850    26.6521 1.4652e-01     0.1200      1.725    1485.32     80.878     5.2523  10.469837  0.000e+00
     14.316     8.9025    34.3849    26.6520 1.4652e-01     0.1200      1.458    1485.32     80.883     5.2526  10.469837  0.000e+00
     14.326     8.9023    34.3851    26.6522 1.4652e-01     0.1200      1.319    1485.32     80.887     5.2529  10.469838  0.000e+00
     14.362     8.9022    34.3851    26.6522 1.4652e-01     0.1200      1.245    1485.32     80.951     5.2571  10.469838  0.000e+00
     14.362     8.9019    34.3847    26.6519 1.4652e-01     0.1200      1.223    1485.32     80.900     5.2538  10.469839  0.000e+00
     14.373     8.9006    34.3822    26.6501 1.4652e-01     0.1200      1.212    1485.31     80.902     5.2542  10.469839  0.000e+00
     14.397     8.8999    34.3785    26.6473 1.5873e-01     0.1200      1.271    1485.31     80.897     5.2540  10.469840  0.000e+00
     14.413     8.8994    34.3767    26.6460 1.4652e-01     0.1200      1.527    1485.30     80.897     5.2542  10.469840  0.000e+00
     14.433     8.8998    34.3760    26.6454 1.4652e-01     0.1200      1.916    1485.30     80.890     5.2537  10.469841  0.000e+00
     14.433     8.9005    34.3782    26.6471 1.5873e-01     0.1200      2.066    1485.31     80.890     5.2535  10.469841  0.000e+00
     14.469     8.9011    34.3809    26.6491 1.5873e-01     0.1200      1.879    1485.31     80.881     5.2528  10.469842  0.000e+00
     14.457     8.9014    34.3829    26.6506 1.5873e-01     0.1200      1.623    1485.32     80.872     5.2521  10.469842  0.000e+00
     14.496     8.9016    34.3837    26.6511 1.5873e-01     0.1200      1.432    1485.32     80.862     5.2514  10.469843  0.000e+00
     14.493     8.9017    34.3843    26.6516 1.5873e-01     0.1200      1.341    1485.32     80.851     5.2506  10.469843  0.000e+00
     14.529     8.9021    34.3843    26.6516 1.4652e-01     0.1200      1.315    1485.32     80.839     5.2498  10.469844  0.000e+00
     14.529     8.9019    34.3849    26.6520 1.4652e-01     0.1200      1.476    1485.32     80.826     5.2490  10.469844  0.000e+00
     14.553     8.9019    34.3852    26.6523 1.4652e-01     0.1200      1.663    1485.32     80.820     5.2486  10.469845  0.000e+00
     14.567     8.9024    34.3850    26.6521 1.4652e-01     0.1200      1.663    1485.33     80.874     5.2520  10.469845  0.000e+00
     14.566     8.9022    34.3856    26.6525 1.5873e-01     0.1200      1.579    1485.33     80.873     5.2520  10.469846  0.000e+00
     14.601     8.9023    34.3854    26.6524 1.5873e-01     0.1200      1.469    1485.33     80.871     5.2519  10.469846  0.000e+00
     14.601     8.9024    34.3849    26.6520 1.4652e-01     0.1200      1.407    1485.33     80.868     5.2517  10.469847  0.000e+00
     14.624     8.9021    34.3854    26.6524 1.5873e-01     0.1200      1.388    1485.33     80.865     5.2515  10.469847  0.000e+00
     14.640     8.9019    34.3854    26.6524 1.4652e-01     0.1200      1.476    1485.32     80.861     5.2512  10.469848  0.000e+00
     14.648     8.9017    34.3855    26.6525 1.5873e-01     0.1200      1.535    1485.32     80.855     5.2509  10.469848  0.000e+00
     14.673     8.9014    34.3854    26.6525 1.4652e-01     0.1200      1.414    1485.32     80.849     5.2505  10.469849  0.000e+00
     14.684     8.9014    34.3862    26.6532 1.4652e-01     0.1200      1.245    1485.32     80.842     5.2501  10.469849  0.000e+00
     14.697     8.9019    34.3859    26.6529 1.5873e-01     0.1200      1.289    1485.33     80.902     5.2539  10.469850  0.000e+00
     14.723     8.9021    34.3862    26.6531 1.4652e-01     0.1200      1.634    1485.33     80.847     5.2503  10.469850  0.000e+00
     14.721     8.9025    34.3860    26.6528 1.4652e-01     0.1200      1.886    1485.33     80.906     5.2540  10.469851  0.000e+00
     14.744     8.9024    34.3861    26.6529 1.4652e-01     0.1200      1.875    1485.33     80.909     5.2543  10.469851  0.000e+00
     14.757     8.9017    34.3860    26.6529 1.5873e-01     0.1200      1.744    1485.33     80.851     5.2506  10.469851  0.000e+00
     14.780     8.9011    34.3861    26.6531 1.4652e-01     0.1200      1.549    1485.33     80.908     5.2544  10.469852  0.000e+00
     14.783     8.9006    34.3857    26.6529 1.4652e-01     0.1200      1.440    1485.32     80.910     5.2546  10.469852  0.000e+00
     14.804     8.8998    34.3854    26.6528 1.4652e-01     0.1200      1.399    1485.32     80.918     5.2552  10.469853  0.000e+00
     14.804     8.8997    34.3847    26.6523 1.4652e-01     0.1200      1.315    1485.32     80.925     5.2557  10.469853  0.000e+00
     14.840     8.8991    34.3852    26.6527 1.4652e-01     0.1200      1.322    1485.32     80.925     5.2557  10.469854  0.000e+00
     14.840     8.8992    34.3848    26.6524 1.4652e-01     0.1200      1.593    1485.32     80.930     5.2561  10.469854  0.000e+00
     14.856     8.8991    34.3853    26.6528 1.4652e-01     0.1200      2.011    1485.32     80.936     5.2564  10.469855  0.000e+00
     14.877     8.8990    34.3848    26.6525 1.5873e-01     0.1200      2.187    1485.32     80.941     5.2568  10.469855  0.000e+00
     14.900     8.8981    34.3849    26.6527 1.4652e-01     0.1200      2.022    1485.31     80.945     5.2572  10.469856  0.000e+00
     14.900     8.8975    34.3855    26.6532 1.5873e-01     0.1200      1.810    1485.31     80.948     5.2574  10.469856  0.000e+00
     14.914     8.8979    34.3862    26.6537 1.5873e-01     0.1200      1.762    1485.32     80.951     5.2575  10.469857  0.000e+00
     14.935     8.8987    34.3863    26.6537 1.5873e-01     0.1200      2.004    1485.32     81.015     5.2616  10.469857  0.000e+00
     14.948     8.8995    34.3866    26.6537 1.5873e-01     0.1200      2.136    1485.32     81.023     5.2620  10.469858  0.000e+00
     14.960     8.8998    34.3867    26.6538 1.5873e-01     0.1200      1.985    1485.32     81.031     5.2625  10.469858  0.000e+00
     14.974     8.9004    34.3867    26.6537 1.4652e-01     0.1200      1.883    1485.33     81.037     5.2628  10.469859  0.000e+00
     14.984     8.9013    34.3868    26.6536 1.5873e-01     0.1200      1.868    1485.33     81.043     5.2631  10.469859  0.000e+00
     15.019     8.9024    34.3863    26.6530 1.5873e-01     0.1200      1.835    1485.33     81.048     5.2633  10.469860  0.000e+00
     15.008     8.9026    34.3867    26.6533 1.4652e-01     0.1200      2.084    1485.33     81.052     5.2635  10.469860  0.000e+00
     15.032     8.9029    34.3868    26.6534 1.4652e-01     0.1200      2.520    1485.34     81.055     5.2637  10.469861  0.000e+00
     15.070     8.9030    34.3867    26.6533 1.4652e-01     0.1200      2.527    1485.34     81.119     5.2678  10.469861  0.000e+00
     15.068     8.9030    34.3869    26.6534 1.4652e-01     0.1200      2.147    1485.34     81.066     5.2644  10.469862  0.000e+00
     15.079     8.9031    34.3872    26.6536 1.4652e-01     0.1200      1.802    1485.34     81.074     5.2648  10.469862  0.000e+00
     15.091     8.9035    34.3871    26.6535 1.4652e-01     0.1200      1.762    1485.34     81.073     5.2648  10.469863  0.000e+00
     15.105     8.9033    34.3874    26.6538 1.5873e-01     0.1200      1.923    1485.34     81.072     5.2647  10.469863  0.000e+00
     15.139     8.9036    34.3871    26.6535 1.5873e-01     0.1200      1.941    1485.34     81.071     5.2646  10.469864  0.000e+00
     15.128     8.9033    34.3872    26.6536 1.5873e-01     0.1200      1.853    1485.34     81.068     5.2645  10.469864  0.000e+00
     15.164     8.9033    34.3865    26.6531 1.5873e-01     0.1200      1.930    1485.34     81.126     5.2682  10.469864  0.000e+00
     15.165     8.9033    34.3865    26.6531 1.7094e-01     0.1200      2.125    1485.34     81.067     5.2644  10.469865  0.000e+00
     15.188     8.9031    34.3874    26.6538 2.1978e-01     0.1200      2.139    1485.34     81.122     5.2680  10.469865  0.000e+00
     15.211     8.9030    34.3874    26.6538 2.1978e-01     0.1200      1.919    1485.34     81.122     5.2680  10.469866  0.000e+00
     15.214     8.9030    34.3871    26.6536 1.9536e-01     0.1200      1.670    1485.34     81.060     5.2640  10.469866  0.000e+00
     15.235     8.9025    34.3875    26.6540 1.7094e-01     0.1200      1.407    1485.34     81.113     5.2674  10.469867  0.000e+00
     15.259     8.9026    34.3874    26.6539 1.5873e-01     0.1200      1.227    1485.34     81.049     5.2633  10.469867  0.000e+00
     15.259     8.9027    34.3878    26.6542 1.5873e-01     0.1200      1.198    1485.34     81.038     5.2626  10.469868  0.000e+00
     15.285     8.9032    34.3875    26.6539 1.5873e-01     0.1200      1.260    1485.34     81.087     5.2657  10.469868  0.000e+00
     15.295     8.9031    34.3880    26.6543 1.5873e-01     0.1200      1.297    1485.34     81.028     5.2618  10.469869  0.000e+00
     15.319     8.9033    34.3877    26.6540 1.4652e-01     0.1200      1.271    1485.34     81.083     5.2654  10.469869  0.000e+00
     15.319     8.9038    34.3874    26.6537 1.4652e-01     0.1200      1.205    1485.35     81.021     5.2614  10.469870  0.000e+00
     15.356     8.9041    34.3872    26.6535 1.4652e-01     0.1200      1.114    1485.35     81.014     5.2609  10.469870  0.000e+00
     15.366     8.9043    34.3878    26.6539 1.5873e-01     0.1200      1.125    1485.35     81.006     5.2603  10.469871  0.000e+00
     15.379     8.9043    34.3875    26.6537 1.5873e-01     0.1200      1.205    1485.35     80.997     5.2597  10.469871  0.000e+00
     15.391     8.9047    34.3875    26.6537 1.5873e-01     0.1200      1.333    1485.35     80.988     5.2591  10.469872  0.000e+00
     15.416     8.9048    34.3876    26.6537 1.5873e-01     0.1200      1.425    1485.35     80.978     5.2584  10.469872  0.000e+00
     15.439     8.9050    34.3874    26.6535 1.5873e-01     0.1200      1.414    1485.35     80.968     5.2577  10.469873  0.000e+00
     15.439     8.9051    34.3877    26.6538 1.4652e-01     0.1200      1.271    1485.35     80.964     5.2575  10.469873  0.000e+00
     15.465     8.9053    34.3878    26.6538 1.5873e-01     0.1200      1.139    1485.35     80.952     5.2567  10.469874  0.000e+00
     15.475     8.9051    34.3879    26.6539 1.5873e-01     0.1200      1.201    1485.35     80.948     5.2564  10.469874  0.000e+00
     15.486     8.9050    34.3880    26.6540 1.4652e-01     0.1200      1.238    1485.35     80.943     5.2561  10.469875  0.000e+00
     15.510     8.9048    34.3876    26.6537 1.4652e-01     0.1200      1.172    1485.35     80.930     5.2553  10.469875  0.000e+00
     15.536     8.9043    34.3878    26.6539 1.4652e-01     0.1200      1.092    1485.35     80.925     5.2550  10.469876  0.000e+00
     15.546     8.9041    34.3875    26.6537 1.4652e-01     0.1200      1.051    1485.35     80.919     5.2547  10.469876  0.000e+00
     15.557     8.9038    34.3877    26.6540 1.5873e-01     0.1200      1.055    1485.35     80.912     5.2543  10.469877  0.000e+00
     15.585     8.9033    34.3879    26.6542 1.4652e-01     0.1200      1.062    1485.35     80.906     5.2539  10.469877  0.000e+00
     15.582     8.9030    34.3879    26.6542 1.5873e-01     0.1200      1.110    1485.35     80.898     5.2535  10.469878  0.000e+00
     15.617     8.9031    34.3874    26.6539 1.5873e-01     0.1200      1.201    1485.35     80.891     5.2530  10.469878  0.000e+00
     15.632     8.9031    34.3878    26.6542 1.4652e-01     0.1200      1.176    1485.35     80.884     5.2525  10.469878  0.000e+00
     15.642     8.9033    34.3880    26.6543 1.5873e-01     0.1200      1.062    1485.35     80.815     5.2480  10.469879  0.000e+00
     15.666     8.9031    34.3876    26.6539 1.4652e-01     0.1200      0.967    1485.35     80.800     5.2471  10.469879  0.000e+00
     15.677     8.9033    34.3876    26.6540 1.4652e-01     0.1200      0.923    1485.35     80.786     5.2461  10.469880  0.000e+00
     15.703     8.9033    34.3878    26.6541 1.5873e-01     0.1200      0.894    1485.35     80.771     5.2452  10.469880  0.000e+00
     15.702     8.9042    34.3878    26.6539 1.5873e-01     0.1200      0.886    1485.35     80.702     5.2406  10.469881  0.000e+00
     15.726     8.9054    34.3881    26.6540 1.5873e-01     0.1200      0.894    1485.36     80.688     5.2395  10.469881  0.000e+00
     15.763     8.9065    34.3884    26.6541 1.5873e-01     0.1200      0.890    1485.36     80.675     5.2385  10.469882  0.000e+00
     15.750     8.9069    34.3887    26.6542 1.5873e-01     0.1200      0.868    1485.37     80.662     5.2377  10.469882  0.000e+00
     15.773     8.9067    34.3887    26.6542 1.4652e-01     0.1200      0.883    1485.37     80.650     5.2369  10.469883  0.000e+00
     15.799     8.9067    34.3883    26.6540 1.4652e-01     0.1200      1.022    1485.37     80.639     5.2362  10.469883  0.000e+00
     15.822     8.9082    34.3884    26.6538 1.4652e-01     0.1200      1.264    1485.37     80.567     5.2313  10.469884  0.000e+00
     15.822     8.9103    34.3884    26.6534 1.4652e-01     0.1200      1.260    1485.38     80.550     5.2299  10.469884  0.000e+00
     15.847     8.9111    34.3889    26.6537 1.4652e-01     0.1200      1.150    1485.38     80.541     5.2293  10.469885  0.000e+00
     15.869     8.9121    34.3887    26.6534 1.5873e-01     0.1200      1.158    1485.39     80.526     5.2282  10.469885  0.000e+00
     15.882     8.9121    34.3890    26.6537 1.4652e-01     0.1200      1.179    1485.39     80.512     5.2273  10.469886  0.000e+00
     15.907     8.9117    34.3895    26.6541 1.5873e-01     0.1200      1.125    1485.39     80.498     5.2264  10.469886  0.000e+00
