RAWDATA/20190107/TØ1_20190108_down.cnv
* Sea-Bird SBE 9 Data File:
* FileName = C:\CTD Brukere\NIVA\OKOKYST2019\20190107\TØ1_20190108.hex
* Software Version Seasave V 7.23.2
* Temperature SN = 5352
* Conductivity SN = 3840
* Number of Bytes Per Scan = 28
* Number of Voltage Words = 4
* Number of Scans Averaged by the Deck Unit = 1
* NMEA baud rate = 4800
** Ship: R/V Trygve Braarud
** Cruise:
** Station:
** Operator:
# nquan = 12
# nvalues = 2977                                  
# units = specified
# name 0 = depSM: Depth [salt water, m], lat = 59.60
# name 1 = t090C: Temperature [ITS-90, deg C]
# name 2 = sal00: Salinity, Practical [PSU]
# name 3 = sigma-t00: Density [sigma-t, kg/m^3 ]
# name 4 = flSP: Fluorescence, Seapoint
# name 5 = wetStar: Fluorescence, WET Labs WETstar [mg/m^3]
# name 6 = seaTurbMtr: Turbidity, Seapoint [FTU]
# name 7 = svCM: Sound Velocity [Chen-Millero, m/s]
# name 8 = sbeox0PS: Oxygen, SBE 43 [% saturation]
# name 9 = sbeox0ML/L: Oxygen, SBE 43 [ml/l]
# name 10 = timeJ: Julian Days
# name 11 = flag:  0.000e+00
# span 0 =     -0.167,     40.303                 
# span 1 =     5.7782,     9.3698                 
# span 2 =    30.5426,    34.3662                 
# span 3 =    24.0501,    26.6750                 
# span 4 = 1.5873e-01, 7.5702e-01                 
# span 5 =     0.1200,     0.3251                 
# span 6 =      0.689,      1.945                 
# span 7 =    1468.32,    1486.76                 
# span 8 =     73.763,     88.148                 
# span 9 =     4.8029,     6.2118                 
# span 10 =   8.548785,   8.550220                
# span 11 = 0.0000e+00, 0.0000e+00                
# interval = seconds: 0.0416667
# start_time = Jan 08 2019 13:10:15 [System UpLoad Time]
# bad_flag = -9.990e-29
*END*
[from data line 2767]
     39.639     8.6645    34.3619    26.6714 2.1978e-01     0.1237      1.168    1484.83     84.995     5.5497   8.550119  0.000e+00
     39.650     8.6647    34.3619    26.6713 2.6862e-01     0.1224      1.176    1484.83     85.059     5.5539   8.550120  0.000e+00
     39.642     8.6647    34.3619    26.6713 2.6862e-01     0.1224      1.179    1484.83     85.061     5.5540   8.550120  0.000e+00
     39.650     8.6645    34.3621    26.6715 2.4420e-01     0.1224      1.179    1484.83     85.063     5.5541   8.550121  0.000e+00
     39.650     8.6649    34.3615    26.6710 2.1978e-01     0.1224      1.179    1484.83     85.064     5.5542   8.550121  0.000e+00
     39.639     8.6647    34.3620    26.6714 1.9536e-01     0.1224      1.183    1484.83     85.065     5.5543   8.550122  0.000e+00
     39.653     8.6647    34.3619    26.6714 1.8315e-01     0.1224      1.190    1484.83     85.066     5.5543   8.550122  0.000e+00
     39.650     8.6647    34.3619    26.6713 1.8315e-01     0.1212      1.201    1484.83     85.067     5.5544   8.550122  0.000e+00
     39.639     8.6649    34.3619    26.6713 1.7094e-01     0.1200      1.209    1484.83     85.067     5.5544   8.550123  0.000e+00
     39.653     8.6647    34.3622    26.6716 1.7094e-01     0.1200      1.220    1484.83     85.067     5.5544   8.550123  0.000e+00
     39.650     8.6647    34.3619    26.6714 1.7094e-01     0.1212      1.231    1484.83     85.067     5.5544   8.550124  0.000e+00
     39.650     8.6649    34.3619    26.6713 1.7094e-01     0.1200      1.245    1484.83     85.066     5.5543   8.550124  0.000e+00
     39.650     8.6649    34.3621    26.6714 1.7094e-01     0.1212      1.253    1484.83     85.065     5.5543   8.550125  0.000e+00
     39.642     8.6649    34.3623    26.6716 1.7094e-01     0.1224      1.264    1484.83     85.003     5.5502   8.550125  0.000e+00
     39.663     8.6647    34.3623    26.6716 1.7094e-01     0.1261      1.271    1484.83     85.056     5.5537   8.550126  0.000e+00
     39.650     8.6649    34.3621    26.6714 1.7094e-01     0.1273      1.275    1484.83     85.062     5.5540   8.550126  0.000e+00
     39.642     8.6649    34.3623    26.6716 1.7094e-01     0.1285      1.278    1484.83     84.999     5.5499   8.550127  0.000e+00
     39.650     8.6649    34.3621    26.6715 1.7094e-01     0.1285      1.282    1484.83     85.052     5.5534   8.550127  0.000e+00
     39.663     8.6647    34.3624    26.6717 1.7094e-01     0.1249      1.289    1484.83     84.989     5.5493   8.550128  0.000e+00
     39.650     8.6649    34.3624    26.6717 1.7094e-01     0.1224      1.289    1484.83     84.980     5.5487   8.550128  0.000e+00
     39.653     8.6649    34.3621    26.6715 1.7094e-01     0.1212      1.289    1484.83     85.033     5.5521   8.550129  0.000e+00
     39.639     8.6645    34.3626    26.6719 1.7094e-01     0.1212      1.289    1484.83     84.969     5.5480   8.550129  0.000e+00
     39.663     8.6649    34.3624    26.6717 1.8315e-01     0.1212      1.289    1484.83     84.961     5.5474   8.550130  0.000e+00
     39.653     8.6647    34.3625    26.6718 1.8315e-01     0.1224      1.293    1484.83     84.951     5.5468   8.550130  0.000e+00
     39.650     8.6649    34.3624    26.6717 1.8315e-01     0.1212      1.311    1484.83     84.942     5.5462   8.550131  0.000e+00
     39.650     8.6647    34.3625    26.6718 1.8315e-01     0.1200      1.326    1484.83     84.933     5.5456   8.550131  0.000e+00
     39.650     8.6646    34.3627    26.6720 1.8315e-01     0.1200      1.326    1484.83     84.924     5.5451   8.550132  0.000e+00
     39.653     8.6649    34.3624    26.6717 1.8315e-01     0.1212      1.315    1484.83     84.915     5.5444   8.550132  0.000e+00
     39.650     8.6646    34.3624    26.6718 1.8315e-01     0.1224      1.304    1484.83     84.906     5.5439   8.550133  0.000e+00
     39.650     8.6649    34.3622    26.6716 1.9536e-01     0.1224      1.300    1484.83     84.897     5.5433   8.550133  0.000e+00
     39.653     8.6645    34.3625    26.6718 1.8315e-01     0.1249      1.300    1484.83     84.888     5.5427   8.550134  0.000e+00
     39.663     8.6649    34.3622    26.6716 1.8315e-01     0.1249      1.297    1484.83     84.887     5.5426   8.550134  0.000e+00
     39.650     8.6645    34.3627    26.6720 1.8315e-01     0.1224      1.289    1484.83     84.878     5.5420   8.550135  0.000e+00
     39.650     8.6649    34.3621    26.6715 1.8315e-01     0.1224      1.278    1484.83     84.815     5.5379   8.550135  0.000e+00
     39.653     8.6649    34.3621    26.6714 1.9536e-01     0.1212      1.264    1484.83     84.861     5.5409   8.550136  0.000e+00
     39.650     8.6647    34.3622    26.6716 1.8315e-01     0.1200      1.256    1484.83     84.853     5.5404   8.550136  0.000e+00
     39.663     8.6646    34.3623    26.6717 1.9536e-01     0.1200      1.256    1484.83     84.791     5.5364   8.550136  0.000e+00
     39.642     8.6647    34.3619    26.6714 1.9536e-01     0.1200      1.256    1484.83     84.845     5.5399   8.550137  0.000e+00
     39.663     8.6645    34.3623    26.6716 1.9536e-01     0.1200      1.260    1484.83     84.845     5.5399   8.550137  0.000e+00
     39.650     8.6649    34.3621    26.6714 1.9536e-01     0.1200      1.267    1484.83     84.845     5.5399   8.550138  0.000e+00
     39.650     8.6647    34.3619    26.6714 1.9536e-01     0.1200      1.275    1484.83     84.846     5.5399   8.550138  0.000e+00
     39.653     8.6645    34.3623    26.6716 1.9536e-01     0.1200      1.278    1484.83     84.847     5.5400   8.550139  0.000e+00
     39.663     8.6647    34.3619    26.6714 1.9536e-01     0.1200      1.278    1484.83     84.787     5.5361   8.550139  0.000e+00
     39.639     8.6645    34.3623    26.6717 1.8315e-01     0.1200      1.275    1484.83     84.843     5.5397   8.550140  0.000e+00
     39.653     8.6647    34.3619    26.6714 1.8315e-01     0.1200      1.267    1484.83     84.845     5.5399   8.550140  0.000e+00
     39.650     8.6646    34.3620    26.6714 1.7094e-01     0.1200      1.260    1484.83     84.847     5.5400   8.550141  0.000e+00
     39.663     8.6645    34.3623    26.6716 1.7094e-01     0.1212      1.253    1484.83     84.850     5.5402   8.550141  0.000e+00
     39.618     8.6646    34.3618    26.6713 1.7094e-01     0.1212      1.238    1484.83     84.852     5.5404   8.550142  0.000e+00
     39.674     8.6649    34.3618    26.6713 1.7094e-01     0.1200      1.223    1484.83     84.856     5.5406   8.550142  0.000e+00
     39.650     8.6645    34.3619    26.6713 1.7094e-01     0.1200      1.212    1484.83     84.852     5.5404   8.550143  0.000e+00
     39.650     8.6649    34.3619    26.6713 1.7094e-01     0.1200      1.205    1484.83     84.855     5.5406   8.550143  0.000e+00
     39.653     8.6647    34.3619    26.6714 1.8315e-01     0.1212      1.198    1484.83     84.859     5.5408   8.550144  0.000e+00
     39.650     8.6645    34.3621    26.6715 1.7094e-01     0.1212      1.190    1484.83     84.863     5.5411   8.550144  0.000e+00
     39.639     8.6647    34.3619    26.6713 1.7094e-01     0.1212      1.187    1484.83     84.868     5.5414   8.550145  0.000e+00
     39.653     8.6649    34.3619    26.6713 1.7094e-01     0.1224      1.187    1484.83     84.872     5.5417   8.550145  0.000e+00
     39.650     8.6647    34.3619    26.6714 1.7094e-01     0.1224      1.183    1484.83     84.877     5.5420   8.550146  0.000e+00
     39.650     8.6645    34.3621    26.6715 1.7094e-01     0.1224      1.187    1484.83     84.883     5.5424   8.550146  0.000e+00
     39.639     8.6649    34.3619    26.6713 1.7094e-01     0.1224      1.187    1484.83     84.888     5.5427   8.550147  0.000e+00
     39.653     8.6646    34.3621    26.6715 1.7094e-01     0.1224      1.190    1484.83     84.894     5.5431   8.550147  0.000e+00
     39.639     8.6647    34.3619    26.6713 1.8315e-01     0.1212      1.187    1484.83     84.900     5.5435   8.550148  0.000e+00
     39.650     8.6647    34.3619    26.6713 1.8315e-01     0.1212      1.187    1484.83     84.906     5.5439   8.550148  0.000e+00
     39.642     8.6649    34.3617    26.6712 1.9536e-01     0.1212      1.183    1484.83     84.913     5.5443   8.550149  0.000e+00
     39.650     8.6645    34.3621    26.6715 1.8315e-01     0.1212      1.183    1484.83     84.913     5.5443   8.550149  0.000e+00
     39.650     8.6649    34.3617    26.6712 1.8315e-01     0.1224      1.183    1484.83     84.920     5.5448   8.550149  0.000e+00
     39.639     8.6647    34.3621    26.6715 1.8315e-01     0.1224      1.183    1484.83     84.927     5.5452   8.550150  0.000e+00
     39.642     8.6645    34.3619    26.6713 1.8315e-01     0.1224      1.187    1484.83     84.927     5.5453   8.550150  0.000e+00
     39.650     8.6647    34.3615    26.6711 1.8315e-01     0.1212      1.198    1484.83     84.935     5.5458   8.550151  0.000e+00
     39.639     8.6647    34.3615    26.6711 1.8315e-01     0.1200      1.212    1484.83     84.935     5.5458   8.550151  0.000e+00
     39.653     8.6647    34.3615    26.6711 1.9536e-01     0.1200      1.231    1484.83     84.936     5.5458   8.550152  0.000e+00
     39.639     8.6647    34.3617    26.6712 2.1978e-01     0.1200      1.238    1484.83     84.944     5.5463   8.550152  0.000e+00
     39.639     8.6645    34.3618    26.6713 2.4420e-01     0.1212      1.245    1484.83     84.945     5.5464   8.550153  0.000e+00
     39.650     8.6649    34.3614    26.6709 2.8083e-01     0.1224      1.245    1484.83     84.946     5.5465   8.550153  0.000e+00
     39.642     8.6644    34.3619    26.6714 2.9304e-01     0.1224      1.245    1484.83     84.946     5.5466   8.550154  0.000e+00
     39.639     8.6649    34.3611    26.6707 2.9304e-01     0.1224      1.253    1484.83     84.947     5.5466   8.550154  0.000e+00
     39.650     8.6646    34.3616    26.6711 2.6862e-01     0.1224      1.256    1484.83     84.948     5.5467   8.550155  0.000e+00
     39.631     8.6645    34.3617    26.6712 2.3199e-01     0.1212      1.256    1484.83     84.949     5.5467   8.550155  0.000e+00
     39.650     8.6645    34.3617    26.6712 2.0757e-01     0.1200      1.260    1484.83     84.950     5.5468   8.550156  0.000e+00
     39.639     8.6647    34.3617    26.6712 1.9536e-01     0.1212      1.267    1484.83     84.951     5.5468   8.550156  0.000e+00
     39.639     8.6645    34.3618    26.6713 1.9536e-01     0.1224      1.267    1484.83     84.952     5.5469   8.550157  0.000e+00
     39.642     8.6644    34.3621    26.6715 1.9536e-01     0.1224      1.264    1484.83     84.953     5.5469   8.550157  0.000e+00
     39.639     8.6646    34.3620    26.6715 1.9536e-01     0.1237      1.253    1484.83     84.953     5.5470   8.550158  0.000e+00
     39.639     8.6642    34.3621    26.6716 1.9536e-01     0.1249      1.245    1484.83     84.954     5.5471   8.550158  0.000e+00
     39.653     8.6645    34.3617    26.6712 1.9536e-01     0.1249      1.234    1484.83     84.948     5.5466   8.550159  0.000e+00
     39.639     8.6644    34.3621    26.6715 1.9536e-01     0.1224      1.227    1484.83     84.948     5.5467   8.550159  0.000e+00
     39.639     8.6644    34.3619    26.6714 1.9536e-01     0.1224      1.223    1484.83     84.949     5.5467   8.550160  0.000e+00
     39.639     8.6644    34.3619    26.6714 1.9536e-01     0.1237      1.216    1484.83     85.004     5.5503   8.550160  0.000e+00
     39.642     8.6644    34.3621    26.6715 1.9536e-01     0.1224      1.212    1484.83     85.011     5.5507   8.550161  0.000e+00
     39.650     8.6644    34.3616    26.6712 1.9536e-01     0.1224      1.209    1484.83     85.018     5.5512   8.550161  0.000e+00
     39.627     8.6642    34.3619    26.6714 1.9536e-01     0.1212      1.209    1484.83     85.024     5.5516   8.550162  0.000e+00
     39.642     8.6645    34.3617    26.6712 1.9536e-01     0.1212      1.209    1484.83     84.969     5.5480   8.550162  0.000e+00
     39.650     8.6644    34.3619    26.6714 1.9536e-01     0.1212      1.212    1484.83     85.029     5.5520   8.550163  0.000e+00
     39.639     8.6641    34.3622    26.6716 1.9536e-01     0.1200      1.216    1484.83     84.966     5.5479   8.550163  0.000e+00
     39.639     8.6644    34.3619    26.6714 1.8315e-01     0.1200      1.216    1484.83     84.965     5.5478   8.550163  0.000e+00
     39.631     8.6642    34.3620    26.6715 1.8315e-01     0.1212      1.220    1484.83     84.963     5.5477   8.550164  0.000e+00
     39.639     8.6642    34.3622    26.6717 1.8315e-01     0.1212      1.223    1484.83     84.962     5.5476   8.550164  0.000e+00
     39.650     8.6642    34.3618    26.6713 1.7094e-01     0.1212      1.223    1484.83     84.961     5.5475   8.550165  0.000e+00
     39.631     8.6644    34.3615    26.6711 1.7094e-01     0.1224      1.220    1484.83     84.959     5.5474   8.550165  0.000e+00
     39.639     8.6642    34.3619    26.6714 1.7094e-01     0.1237      1.212    1484.83     84.958     5.5473   8.550166  0.000e+00
     39.639     8.6644    34.3619    26.6714 1.8315e-01     0.1237      1.205    1484.83     85.017     5.5512   8.550166  0.000e+00
     39.606     8.6641    34.3622    26.6717 1.7094e-01     0.1249      1.205    1484.83     84.961     5.5475   8.550167  0.000e+00
     39.674     8.6642    34.3617    26.6712 1.8315e-01     0.1249      1.205    1484.83     84.960     5.5475   8.550167  0.000e+00
     39.639     8.6644    34.3617    26.6713 1.8315e-01     0.1237      1.212    1484.83     84.958     5.5473   8.550168  0.000e+00
     39.639     8.6641    34.3624    26.6718 1.8315e-01     0.1224      1.223    1484.83     84.956     5.5472   8.550168  0.000e+00
     39.631     8.6644    34.3622    26.6716 1.8315e-01     0.1224      1.234    1484.83     84.954     5.5471   8.550169  0.000e+00
     39.650     8.6646    34.3617    26.6712 1.7094e-01     0.1212      1.238    1484.83     84.953     5.5469   8.550169  0.000e+00
     39.627     8.6642    34.3620    26.6715 1.8315e-01     0.1224      1.242    1484.83     84.889     5.5428   8.550170  0.000e+00
     39.642     8.6642    34.3622    26.6717 1.8315e-01     0.1224      1.245    1484.83     84.881     5.5423   8.550170  0.000e+00
     39.650     8.6642    34.3621    26.6716 1.8315e-01     0.1212      1.253    1484.83     84.934     5.5458   8.550171  0.000e+00
     39.627     8.6644    34.3619    26.6714 1.8315e-01     0.1224      1.264    1484.83     84.933     5.5457   8.550171  0.000e+00
     39.650     8.6642    34.3620    26.6715 1.8315e-01     0.1249      1.278    1484.83     84.871     5.5416   8.550172  0.000e+00
     39.631     8.6644    34.3616    26.6711 1.8315e-01     0.1249      1.289    1484.83     84.924     5.5451   8.550172  0.000e+00
     39.639     8.6642    34.3619    26.6714 1.9536e-01     0.1237      1.300    1484.83     84.923     5.5451   8.550173  0.000e+00
     39.639     8.6646    34.3621    26.6716 1.8315e-01     0.1237      1.308    1484.83     84.861     5.5409   8.550173  0.000e+00
     39.642     8.6641    34.3620    26.6715 1.8315e-01     0.1212      1.319    1484.83     84.853     5.5405   8.550174  0.000e+00
     39.639     8.6642    34.3622    26.6716 1.8315e-01     0.1212      1.322    1484.83     84.907     5.5440   8.550174  0.000e+00
     39.639     8.6644    34.3616    26.6712 1.8315e-01     0.1212      1.326    1484.83     84.846     5.5400   8.550175  0.000e+00
     39.650     8.6644    34.3617    26.6713 1.8315e-01     0.1212      1.337    1484.83     84.839     5.5395   8.550175  0.000e+00
     39.642     8.6642    34.3620    26.6715 1.7094e-01     0.1212      1.348    1484.83     84.894     5.5431   8.550176  0.000e+00
     39.639     8.6642    34.3620    26.6715 1.7094e-01     0.1212      1.359    1484.83     84.894     5.5431   8.550176  0.000e+00
     39.639     8.6645    34.3614    26.6710 1.7094e-01     0.1224      1.359    1484.83     84.833     5.5391   8.550177  0.000e+00
