RAWDATA/20190107/TØ1_20190108_down.cnv
* Sea-Bird SBE 9 Data File:
* FileName = C:\CTD Brukere\NIVA\OKOKYST2019\20190107\TØ1_20190108.hex
* Software Version Seasave V 7.23.2
* Temperature SN = 5352
* Conductivity SN = 3840
* Number of Bytes Per Scan = 28
* Number of Voltage Words = 4
* Number of Scans Averaged by the Deck Unit = 1
* NMEA baud rate = 4800
** Ship: R/V Trygve Braarud
** Cruise:
** Station:
** Operator:
# nquan = 12
# nvalues = 2977                                  
# units = specified
# name 0 = depSM: Depth [salt water, m], lat = 59.60
# name 1 = t090C: Temperature [ITS-90, deg C]
# name 2 = sal00: Salinity, Practical [PSU]
# name 3 = sigma-t00: Density [sigma-t, kg/m^3 ]
# name 4 = flSP: Fluorescence, Seapoint
# name 5 = wetStar: Fluorescence, WET Labs WETstar [mg/m^3]
# name 6 = seaTurbMtr: Turbidity, Seapoint [FTU]
# name 7 = svCM: Sound Velocity [Chen-Millero, m/s]
# name 8 = sbeox0PS: Oxygen, SBE 43 [% saturation]
# name 9 = sbeox0ML/L: Oxygen, SBE 43 [ml/l]
# name 10 = timeJ: Julian Days
# name 11 = flag:  0.000e+00
# span 0 =     -0.167,     40.303                 
# span 1 =     5.7782,     9.3698                 
# span 2 =    30.5426,    34.3662                 
# span 3 =    24.0501,    26.6750                 
# span 4 = 1.5873e-01, 7.5702e-01                 
# span 5 =     0.1200,     0.3251                 
# span 6 =      0.689,      1.945                 
# span 7 =    1468.32,    1486.76                 
# span 8 =     73.763,     88.148                 
# span 9 =     4.8029,     6.2118                 
# span 10 =   8.548785,   8.550220                
# span 11 = 0.0000e+00, 0.0000e+00                
# interval = seconds: 0.0416667
# start_time = Jan 08 2019 13:10:15 [System UpLoad Time]
# bad_flag = -9.990e-29
*END*
[from data line 2647]
     39.650     8.6645    34.3597    26.6696 1.7094e-01     0.1237      1.282    1484.83     85.020     5.5514   8.550061  0.000e+00
     39.642     8.6645    34.3599    26.6698 1.7094e-01     0.1249      1.293    1484.83     85.040     5.5527   8.550062  0.000e+00
     39.639     8.6646    34.3600    26.6699 1.5873e-01     0.1224      1.300    1484.83     85.053     5.5535   8.550062  0.000e+00
     39.650     8.6645    34.3600    26.6699 1.5873e-01     0.1212      1.308    1484.83     85.064     5.5543   8.550063  0.000e+00
     39.653     8.6645    34.3600    26.6699 1.5873e-01     0.1224      1.308    1484.83     85.075     5.5550   8.550063  0.000e+00
     39.639     8.6647    34.3595    26.6695 1.7094e-01     0.1224      1.308    1484.83     85.085     5.5556   8.550064  0.000e+00
     39.650     8.6647    34.3594    26.6694 1.8315e-01     0.1249      1.300    1484.83     85.094     5.5562   8.550064  0.000e+00
     39.639     8.6647    34.3597    26.6696 1.9536e-01     0.1261      1.297    1484.83     85.102     5.5567   8.550065  0.000e+00
     39.666     8.6645    34.3600    26.6699 1.9536e-01     0.1249      1.297    1484.83     85.164     5.5608   8.550065  0.000e+00
     39.639     8.6647    34.3603    26.6701 1.9536e-01     0.1261      1.289    1484.83     85.108     5.5571   8.550066  0.000e+00
     39.650     8.6647    34.3602    26.6700 1.9536e-01     0.1261      1.286    1484.83     85.112     5.5574   8.550066  0.000e+00
     39.653     8.6645    34.3603    26.6701 1.9536e-01     0.1224      1.286    1484.83     85.178     5.5617   8.550067  0.000e+00
     39.650     8.6645    34.3603    26.6702 1.9536e-01     0.1200      1.293    1484.83     85.187     5.5623   8.550067  0.000e+00
     39.650     8.6644    34.3607    26.6704 1.8315e-01     0.1200      1.308    1484.83     85.196     5.5629   8.550068  0.000e+00
     39.650     8.6645    34.3609    26.6706 1.7094e-01     0.1200      1.319    1484.83     85.203     5.5633   8.550068  0.000e+00
     39.653     8.6644    34.3611    26.6708 1.8315e-01     0.1200      1.322    1484.83     85.209     5.5637   8.550068  0.000e+00
     39.663     8.6646    34.3611    26.6708 1.8315e-01     0.1212      1.322    1484.83     85.214     5.5640   8.550069  0.000e+00
     39.650     8.6644    34.3612    26.6709 2.1978e-01     0.1200      1.322    1484.83     85.218     5.5643   8.550069  0.000e+00
     39.653     8.6647    34.3608    26.6705 2.5641e-01     0.1200      1.322    1484.83     85.220     5.5644   8.550070  0.000e+00
     39.663     8.6644    34.3611    26.6708 2.6862e-01     0.1200      1.322    1484.83     85.283     5.5686   8.550070  0.000e+00
     39.663     8.6644    34.3613    26.6710 2.6862e-01     0.1200      1.315    1484.83     85.290     5.5690   8.550071  0.000e+00
     39.650     8.6642    34.3616    26.6712 2.4420e-01     0.1200      1.308    1484.83     85.296     5.5694   8.550071  0.000e+00
     39.653     8.6645    34.3613    26.6709 2.1978e-01     0.1200      1.297    1484.83     85.300     5.5696   8.550072  0.000e+00
     39.663     8.6644    34.3615    26.6711 2.1978e-01     0.1200      1.289    1484.83     85.302     5.5698   8.550072  0.000e+00
     39.663     8.6646    34.3613    26.6709 1.9536e-01     0.1200      1.282    1484.83     85.250     5.5663   8.550073  0.000e+00
     39.653     8.6642    34.3616    26.6712 1.9536e-01     0.1200      1.275    1484.83     85.304     5.5699   8.550073  0.000e+00
     39.663     8.6644    34.3617    26.6713 1.8315e-01     0.1200      1.267    1484.83     85.303     5.5698   8.550074  0.000e+00
     39.663     8.6645    34.3614    26.6710 1.8315e-01     0.1200      1.264    1484.83     85.300     5.5697   8.550074  0.000e+00
     39.663     8.6647    34.3611    26.6707 1.8315e-01     0.1200      1.264    1484.83     85.296     5.5694   8.550075  0.000e+00
     39.653     8.6641    34.3618    26.6713 1.7094e-01     0.1200      1.264    1484.83     85.291     5.5691   8.550075  0.000e+00
     39.663     8.6644    34.3615    26.6711 1.7094e-01     0.1200      1.264    1484.83     85.291     5.5691   8.550076  0.000e+00
     39.663     8.6644    34.3615    26.6711 1.7094e-01     0.1200      1.260    1484.83     85.283     5.5685   8.550076  0.000e+00
     39.653     8.6646    34.3615    26.6711 1.7094e-01     0.1200      1.256    1484.83     85.281     5.5684   8.550077  0.000e+00
     39.663     8.6645    34.3614    26.6710 1.7094e-01     0.1200      1.256    1484.83     85.270     5.5677   8.550077  0.000e+00
     39.663     8.6644    34.3615    26.6711 1.7094e-01     0.1200      1.249    1484.83     85.204     5.5634   8.550078  0.000e+00
     39.650     8.6645    34.3613    26.6709 1.7094e-01     0.1200      1.249    1484.83     85.252     5.5665   8.550078  0.000e+00
     39.666     8.6644    34.3615    26.6711 1.7094e-01     0.1200      1.249    1484.83     85.245     5.5661   8.550079  0.000e+00
     39.650     8.6644    34.3617    26.6713 1.7094e-01     0.1200      1.253    1484.83     85.237     5.5655   8.550079  0.000e+00
     39.663     8.6644    34.3615    26.6711 1.7094e-01     0.1200      1.256    1484.83     85.228     5.5649   8.550080  0.000e+00
     39.666     8.6645    34.3613    26.6709 1.7094e-01     0.1200      1.249    1484.83     85.217     5.5642   8.550080  0.000e+00
     39.650     8.6647    34.3611    26.6707 1.7094e-01     0.1200      1.245    1484.83     85.205     5.5634   8.550081  0.000e+00
     39.663     8.6645    34.3616    26.6711 1.7094e-01     0.1212      1.242    1484.83     85.131     5.5586   8.550081  0.000e+00
     39.663     8.6645    34.3614    26.6710 1.7094e-01     0.1212      1.238    1484.83     85.179     5.5618   8.550082  0.000e+00
     39.653     8.6646    34.3613    26.6709 1.7094e-01     0.1212      1.234    1484.83     85.172     5.5613   8.550082  0.000e+00
     39.650     8.6645    34.3611    26.6707 1.7094e-01     0.1224      1.231    1484.83     85.102     5.5568   8.550082  0.000e+00
     39.663     8.6646    34.3615    26.6710 1.7094e-01     0.1237      1.234    1484.83     85.148     5.5597   8.550083  0.000e+00
     39.653     8.6645    34.3614    26.6710 1.7094e-01     0.1224      1.238    1484.83     85.139     5.5591   8.550083  0.000e+00
     39.650     8.6645    34.3613    26.6709 1.8315e-01     0.1224      1.242    1484.83     85.128     5.5584   8.550084  0.000e+00
     39.663     8.6646    34.3615    26.6711 1.8315e-01     0.1212      1.242    1484.83     85.117     5.5577   8.550084  0.000e+00
     39.650     8.6645    34.3617    26.6712 1.9536e-01     0.1212      1.238    1484.83     85.112     5.5573   8.550085  0.000e+00
     39.653     8.6645    34.3617    26.6712 1.9536e-01     0.1224      1.231    1484.83     85.106     5.5570   8.550085  0.000e+00
     39.650     8.6647    34.3612    26.6708 1.9536e-01     0.1249      1.223    1484.83     85.100     5.5566   8.550086  0.000e+00
     39.650     8.6645    34.3613    26.6709 1.8315e-01     0.1249      1.216    1484.83     85.093     5.5562   8.550086  0.000e+00
     39.666     8.6646    34.3613    26.6709 1.8315e-01     0.1237      1.216    1484.83     85.086     5.5557   8.550087  0.000e+00
     39.639     8.6645    34.3613    26.6709 1.8315e-01     0.1237      1.220    1484.83     85.078     5.5552   8.550087  0.000e+00
     39.650     8.6645    34.3613    26.6709 1.9536e-01     0.1224      1.227    1484.83     85.070     5.5546   8.550088  0.000e+00
     39.618     8.6646    34.3616    26.6711 2.1978e-01     0.1249      1.242    1484.83     85.060     5.5540   8.550088  0.000e+00
     39.687     8.6645    34.3617    26.6712 2.1978e-01     0.1249      1.267    1484.83     85.059     5.5539   8.550089  0.000e+00
     39.650     8.6645    34.3614    26.6710 2.0757e-01     0.1224      1.289    1484.83     85.049     5.5532   8.550089  0.000e+00
     39.650     8.6646    34.3613    26.6709 1.8315e-01     0.1212      1.308    1484.83     85.038     5.5525   8.550090  0.000e+00
     39.642     8.6645    34.3616    26.6711 1.7094e-01     0.1212      1.326    1484.83     85.034     5.5523   8.550090  0.000e+00
     39.650     8.6645    34.3617    26.6712 1.7094e-01     0.1212      1.341    1484.83     85.030     5.5520   8.550091  0.000e+00
     39.650     8.6646    34.3617    26.6712 1.7094e-01     0.1224      1.344    1484.83     85.087     5.5557   8.550091  0.000e+00
     39.642     8.6647    34.3612    26.6708 1.7094e-01     0.1237      1.355    1484.83     85.028     5.5519   8.550092  0.000e+00
     39.639     8.6646    34.3616    26.6711 1.8315e-01     0.1249      1.366    1484.83     85.023     5.5515   8.550092  0.000e+00
     39.650     8.6645    34.3614    26.6710 1.8315e-01     0.1237      1.377    1484.83     85.017     5.5512   8.550093  0.000e+00
     39.639     8.6644    34.3615    26.6711 1.7094e-01     0.1237      1.385    1484.83     85.011     5.5508   8.550093  0.000e+00
     39.653     8.6646    34.3615    26.6711 1.7094e-01     0.1224      1.377    1484.83     84.944     5.5464   8.550094  0.000e+00
     39.639     8.6642    34.3617    26.6713 1.7094e-01     0.1224      1.359    1484.83     84.999     5.5500   8.550094  0.000e+00
     39.639     8.6645    34.3613    26.6709 1.7094e-01     0.1212      1.337    1484.83     85.000     5.5501   8.550095  0.000e+00
     39.642     8.6642    34.3622    26.6716 1.7094e-01     0.1200      1.319    1484.83     85.002     5.5502   8.550095  0.000e+00
     39.650     8.6644    34.3619    26.6714 1.5873e-01     0.1212      1.308    1484.83     85.003     5.5502   8.550095  0.000e+00
     39.639     8.6646    34.3617    26.6712 1.7094e-01     0.1212      1.297    1484.83     85.004     5.5503   8.550096  0.000e+00
     39.639     8.6644    34.3619    26.6714 1.5873e-01     0.1212      1.286    1484.83     84.936     5.5459   8.550096  0.000e+00
     39.642     8.6642    34.3617    26.6713 1.5873e-01     0.1224      1.282    1484.83     84.931     5.5456   8.550097  0.000e+00
     39.639     8.6646    34.3616    26.6711 1.5873e-01     0.1237      1.289    1484.83     84.925     5.5451   8.550097  0.000e+00
     39.639     8.6645    34.3617    26.6712 1.7094e-01     0.1237      1.297    1484.83     84.920     5.5448   8.550098  0.000e+00
     39.631     8.6644    34.3613    26.6709 1.7094e-01     0.1249      1.304    1484.83     84.915     5.5445   8.550098  0.000e+00
     39.639     8.6644    34.3617    26.6712 1.7094e-01     0.1237      1.311    1484.83     84.910     5.5442   8.550099  0.000e+00
     39.639     8.6644    34.3616    26.6711 1.7094e-01     0.1224      1.322    1484.83     84.906     5.5439   8.550099  0.000e+00
     39.627     8.6644    34.3620    26.6715 1.8315e-01     0.1212      1.330    1484.83     84.902     5.5436   8.550100  0.000e+00
     39.642     8.6642    34.3618    26.6713 1.7094e-01     0.1212      1.341    1484.83     84.898     5.5434   8.550100  0.000e+00
     39.639     8.6644    34.3617    26.6713 1.7094e-01     0.1212      1.344    1484.83     84.895     5.5432   8.550101  0.000e+00
     39.639     8.6642    34.3617    26.6713 1.8315e-01     0.1212      1.341    1484.83     84.884     5.5425   8.550101  0.000e+00
     39.631     8.6642    34.3619    26.6714 1.9536e-01     0.1200      1.337    1484.83     84.881     5.5423   8.550102  0.000e+00
     39.639     8.6642    34.3617    26.6713 1.9536e-01     0.1200      1.333    1484.83     84.878     5.5421   8.550102  0.000e+00
     39.639     8.6641    34.3620    26.6715 1.9536e-01     0.1200      1.330    1484.83     84.937     5.5460   8.550103  0.000e+00
     39.627     8.6644    34.3616    26.6711 1.9536e-01     0.1200      1.322    1484.83     84.880     5.5422   8.550103  0.000e+00
     39.642     8.6642    34.3616    26.6712 1.8315e-01     0.1200      1.315    1484.83     84.877     5.5421   8.550104  0.000e+00
     39.627     8.6642    34.3616    26.6712 1.9536e-01     0.1200      1.311    1484.83     84.875     5.5419   8.550104  0.000e+00
     39.639     8.6642    34.3611    26.6708 1.8315e-01     0.1224      1.304    1484.83     84.866     5.5414   8.550105  0.000e+00
     39.631     8.6642    34.3618    26.6713 1.8315e-01     0.1237      1.308    1484.83     84.865     5.5412   8.550105  0.000e+00
     39.650     8.6642    34.3617    26.6712 1.8315e-01     0.1224      1.308    1484.83     84.863     5.5412   8.550106  0.000e+00
     39.614     8.6642    34.3614    26.6710 1.8315e-01     0.1249      1.308    1484.83     84.854     5.5406   8.550106  0.000e+00
     39.639     8.6642    34.3615    26.6711 1.8315e-01     0.1249      1.300    1484.83     84.854     5.5405   8.550107  0.000e+00
     39.642     8.6642    34.3616    26.6712 1.8315e-01     0.1237      1.293    1484.83     84.853     5.5405   8.550107  0.000e+00
     39.627     8.6642    34.3614    26.6710 1.8315e-01     0.1261      1.286    1484.83     84.852     5.5404   8.550108  0.000e+00
     39.639     8.6642    34.3621    26.6716 1.8315e-01     0.1261      1.278    1484.83     84.852     5.5404   8.550108  0.000e+00
     39.631     8.6642    34.3621    26.6716 1.8315e-01     0.1249      1.267    1484.83     84.852     5.5404   8.550109  0.000e+00
     39.639     8.6642    34.3620    26.6715 1.9536e-01     0.1237      1.253    1484.83     84.852     5.5404   8.550109  0.000e+00
     39.639     8.6644    34.3616    26.6711 1.9536e-01     0.1224      1.238    1484.83     84.853     5.5404   8.550109  0.000e+00
     39.606     8.6644    34.3615    26.6711 1.9536e-01     0.1200      1.223    1484.83     84.853     5.5405   8.550110  0.000e+00
     39.663     8.6644    34.3617    26.6713 1.9536e-01     0.1200      1.212    1484.83     84.916     5.5446   8.550110  0.000e+00
     39.639     8.6642    34.3620    26.6715 1.9536e-01     0.1212      1.205    1484.83     84.863     5.5411   8.550111  0.000e+00
     39.650     8.6644    34.3613    26.6709 2.0757e-01     0.1224      1.205    1484.83     84.926     5.5452   8.550111  0.000e+00
     39.631     8.6644    34.3617    26.6712 2.0757e-01     0.1224      1.205    1484.83     84.873     5.5417   8.550112  0.000e+00
     39.639     8.6645    34.3614    26.6710 2.0757e-01     0.1200      1.205    1484.83     84.874     5.5419   8.550112  0.000e+00
     39.639     8.6644    34.3617    26.6713 2.0757e-01     0.1200      1.205    1484.83     84.938     5.5460   8.550113  0.000e+00
     39.631     8.6646    34.3617    26.6712 1.9536e-01     0.1200      1.205    1484.83     84.947     5.5466   8.550113  0.000e+00
     39.639     8.6644    34.3619    26.6714 1.9536e-01     0.1200      1.198    1484.83     84.956     5.5472   8.550114  0.000e+00
     39.639     8.6646    34.3619    26.6713 1.8315e-01     0.1224      1.194    1484.83     84.965     5.5477   8.550114  0.000e+00
     39.639     8.6645    34.3618    26.6713 1.7094e-01     0.1224      1.190    1484.83     84.981     5.5488   8.550115  0.000e+00
     39.642     8.6645    34.3619    26.6714 1.7094e-01     0.1237      1.183    1484.83     84.991     5.5494   8.550115  0.000e+00
     39.639     8.6646    34.3618    26.6712 1.7094e-01     0.1224      1.179    1484.83     85.000     5.5500   8.550116  0.000e+00
     39.650     8.6645    34.3617    26.6712 1.7094e-01     0.1237      1.176    1484.83     85.009     5.5506   8.550116  0.000e+00
     39.642     8.6645    34.3617    26.6712 1.5873e-01     0.1224      1.168    1484.83     85.019     5.5513   8.550117  0.000e+00
     39.639     8.6646    34.3619    26.6713 1.5873e-01     0.1249      1.165    1484.83     85.021     5.5514   8.550117  0.000e+00
     39.650     8.6645    34.3621    26.6715 1.7094e-01     0.1261      1.161    1484.83     85.030     5.5520   8.550118  0.000e+00
     39.639     8.6647    34.3619    26.6713 1.7094e-01     0.1249      1.161    1484.83     85.039     5.5525   8.550118  0.000e+00
