RAWDATA/20190107/TØ1_20190108_down.cnv
* Sea-Bird SBE 9 Data File:
* FileName = C:\CTD Brukere\NIVA\OKOKYST2019\20190107\TØ1_20190108.hex
* Software Version Seasave V 7.23.2
* Temperature SN = 5352
* Conductivity SN = 3840
* Number of Bytes Per Scan = 28
* Number of Voltage Words = 4
* Number of Scans Averaged by the Deck Unit = 1
* NMEA baud rate = 4800
** Ship: R/V Trygve Braarud
** Cruise:
** Station:
** Operator:
# nquan = 12
# nvalues = 2977                                  
# units = specified
# name 0 = depSM: Depth [salt water, m], lat = 59.60
# name 1 = t090C: Temperature [ITS-90, deg C]
# name 2 = sal00: Salinity, Practical [PSU]
# name 3 = sigma-t00: Density [sigma-t, kg/m^3 ]
# name 4 = flSP: Fluorescence, Seapoint
# name 5 = wetStar: Fluorescence, WET Labs WETstar [mg/m^3]
# name 6 = seaTurbMtr: Turbidity, Seapoint [FTU]
# name 7 = svCM: Sound Velocity [Chen-Millero, m/s]
# name 8 = sbeox0PS: Oxygen, SBE 43 [% saturation]
# name 9 = sbeox0ML/L: Oxygen, SBE 43 [ml/l]
# name 10 = timeJ: Julian Days
# name 11 = flag:  0.000e+00
# span 0 =     -0.167,     40.303                 
# span 1 =     5.7782,     9.3698                 
# span 2 =    30.5426,    34.3662                 
# span 3 =    24.0501,    26.6750                 
# span 4 = 1.5873e-01, 7.5702e-01                 
# span 5 =     0.1200,     0.3251                 
# span 6 =      0.689,      1.945                 
# span 7 =    1468.32,    1486.76                 
# span 8 =     73.763,     88.148                 
# span 9 =     4.8029,     6.2118                 
# span 10 =   8.548785,   8.550220                
# span 11 = 0.0000e+00, 0.0000e+00                
# interval = seconds: 0.0416667
# start_time = Jan 08 2019 13:10:15 [System UpLoad Time]
# bad_flag = -9.990e-29
*END*
[from data line 2888]
     39.639     8.6644    34.3619    26.6714 1.7094e-01     0.1237      1.348    1484.83     84.888     5.5428   8.550177  0.000e+00
     39.663     8.6642    34.3614    26.6710 1.7094e-01     0.1237      1.341    1484.83     84.889     5.5428   8.550178  0.000e+00
     39.627     8.6642    34.3618    26.6714 1.7094e-01     0.1212      1.330    1484.83     84.889     5.5428   8.550178  0.000e+00
     39.653     8.6642    34.3617    26.6712 1.7094e-01     0.1200      1.319    1484.83     84.829     5.5389   8.550179  0.000e+00
     39.639     8.6641    34.3618    26.6713 1.7094e-01     0.1200      1.311    1484.83     84.884     5.5425   8.550179  0.000e+00
     39.650     8.6642    34.3619    26.6714 1.7094e-01     0.1200      1.304    1484.83     84.885     5.5426   8.550180  0.000e+00
     39.642     8.6642    34.3617    26.6713 1.7094e-01     0.1200      1.304    1484.83     84.886     5.5426   8.550180  0.000e+00
     39.639     8.6644    34.3612    26.6709 1.7094e-01     0.1200      1.308    1484.83     84.887     5.5427   8.550181  0.000e+00
     39.650     8.6642    34.3618    26.6714 1.7094e-01     0.1200      1.315    1484.83     84.888     5.5427   8.550181  0.000e+00
     39.639     8.6642    34.3617    26.6713 1.7094e-01     0.1200      1.319    1484.83     84.888     5.5428   8.550182  0.000e+00
     39.653     8.6642    34.3616    26.6712 1.7094e-01     0.1212      1.326    1484.83     84.889     5.5429   8.550182  0.000e+00
     39.639     8.6641    34.3618    26.6713 1.7094e-01     0.1212      1.330    1484.83     84.951     5.5469   8.550183  0.000e+00
     39.650     8.6641    34.3615    26.6711 1.7094e-01     0.1200      1.330    1484.83     84.959     5.5474   8.550183  0.000e+00
     39.642     8.6641    34.3616    26.6712 1.7094e-01     0.1200      1.326    1484.83     84.912     5.5444   8.550184  0.000e+00
     39.650     8.6641    34.3618    26.6713 1.7094e-01     0.1200      1.322    1484.83     84.982     5.5489   8.550184  0.000e+00
     39.639     8.6639    34.3617    26.6713 1.7094e-01     0.1200      1.319    1484.83     84.996     5.5499   8.550185  0.000e+00
     39.650     8.6639    34.3621    26.6716 1.7094e-01     0.1200      1.315    1484.83     85.011     5.5508   8.550185  0.000e+00
     39.642     8.6639    34.3620    26.6716 1.7094e-01     0.1200      1.315    1484.83     85.019     5.5513   8.550186  0.000e+00
     39.650     8.6641    34.3615    26.6711 1.7094e-01     0.1200      1.311    1484.83     85.033     5.5523   8.550186  0.000e+00
     39.650     8.6639    34.3618    26.6714 1.7094e-01     0.1200      1.308    1484.83     85.041     5.5528   8.550187  0.000e+00
     39.642     8.6641    34.3618    26.6713 1.7094e-01     0.1200      1.297    1484.83     85.047     5.5532   8.550187  0.000e+00
     39.663     8.6639    34.3616    26.6713 1.7094e-01     0.1200      1.289    1484.83     85.054     5.5537   8.550188  0.000e+00
     39.639     8.6639    34.3616    26.6713 1.7094e-01     0.1212      1.275    1484.83     85.061     5.5541   8.550188  0.000e+00
     39.650     8.6639    34.3616    26.6713 1.5873e-01     0.1237      1.267    1484.83     85.067     5.5545   8.550189  0.000e+00
     39.653     8.6639    34.3618    26.6714 1.5873e-01     0.1224      1.256    1484.83     85.073     5.5549   8.550189  0.000e+00
     39.650     8.6639    34.3617    26.6713 1.5873e-01     0.1212      1.253    1484.83     85.078     5.5552   8.550190  0.000e+00
     39.650     8.6639    34.3616    26.6712 1.5873e-01     0.1200      1.253    1484.83     85.091     5.5560   8.550190  0.000e+00
     39.642     8.6641    34.3616    26.6712 1.7094e-01     0.1200      1.256    1484.83     85.096     5.5564   8.550190  0.000e+00
     39.650     8.6639    34.3622    26.6717 1.5873e-01     0.1200      1.256    1484.83     85.101     5.5567   8.550191  0.000e+00
     39.663     8.6642    34.3617    26.6712 1.5873e-01     0.1200      1.260    1484.83     85.106     5.5570   8.550191  0.000e+00
     39.639     8.6642    34.3611    26.6708 1.5873e-01     0.1200      1.264    1484.83     85.110     5.5573   8.550192  0.000e+00
     39.653     8.6639    34.3621    26.6716 1.7094e-01     0.1212      1.264    1484.83     85.114     5.5575   8.550192  0.000e+00
     39.650     8.6642    34.3617    26.6712 1.7094e-01     0.1224      1.267    1484.83     85.118     5.5578   8.550193  0.000e+00
     39.650     8.6639    34.3620    26.6715 1.7094e-01     0.1212      1.271    1484.83     85.114     5.5576   8.550193  0.000e+00
     39.653     8.6641    34.3620    26.6715 1.7094e-01     0.1212      1.267    1484.83     85.110     5.5572   8.550194  0.000e+00
     39.639     8.6644    34.3621    26.6715 1.5873e-01     0.1224      1.267    1484.83     85.112     5.5573   8.550194  0.000e+00
     39.650     8.6642    34.3621    26.6716 1.5873e-01     0.1224      1.267    1484.83     85.114     5.5575   8.550195  0.000e+00
     39.642     8.6644    34.3621    26.6715 1.5873e-01     0.1237      1.271    1484.83     85.108     5.5571   8.550195  0.000e+00
     39.663     8.6644    34.3619    26.6714 1.5873e-01     0.1249      1.275    1484.83     85.110     5.5572   8.550196  0.000e+00
     39.650     8.6639    34.3620    26.6716 1.5873e-01     0.1261      1.278    1484.83     85.110     5.5573   8.550196  0.000e+00
     39.650     8.6641    34.3620    26.6715 1.5873e-01     0.1224      1.282    1484.83     85.104     5.5569   8.550197  0.000e+00
     39.653     8.6642    34.3620    26.6715 1.5873e-01     0.1212      1.286    1484.83     85.096     5.5564   8.550197  0.000e+00
     39.650     8.6644    34.3615    26.6711 1.5873e-01     0.1200      1.286    1484.83     85.096     5.5563   8.550198  0.000e+00
     39.663     8.6641    34.3620    26.6715 1.7094e-01     0.1200      1.282    1484.83     85.088     5.5558   8.550198  0.000e+00
     39.678     8.6644    34.3621    26.6715 1.7094e-01     0.1212      1.275    1484.83     85.079     5.5552   8.550199  0.000e+00
     39.687     8.6642    34.3621    26.6715 1.8315e-01     0.1212      1.267    1484.83     85.077     5.5551   8.550199  0.000e+00
     39.687     8.6644    34.3621    26.6715 1.8315e-01     0.1224      1.249    1484.83     85.075     5.5549   8.550200  0.000e+00
     39.710     8.6642    34.3617    26.6713 1.8315e-01     0.1212      1.234    1484.83     85.065     5.5543   8.550200  0.000e+00
     39.691     8.6644    34.3620    26.6715 1.7094e-01     0.1200      1.297    1484.83     85.062     5.5541   8.550201  0.000e+00
     39.699     8.6647    34.3620    26.6714 1.7094e-01     0.1200      1.337    1484.83     85.059     5.5538   8.550201  0.000e+00
     39.699     8.6647    34.3622    26.6716 1.5873e-01     0.1224      1.352    1484.83     85.055     5.5536   8.550202  0.000e+00
     39.666     8.6647    34.3611    26.6707 1.5873e-01     0.1224      1.337    1484.83     85.050     5.5533   8.550202  0.000e+00
     39.795     8.6642    34.3594    26.6694 1.5873e-01     0.1224      1.308    1484.83     85.102     5.5568   8.550203  0.000e+00
     39.783     8.6631    34.3589    26.6693 1.5873e-01     0.1224      1.278    1484.82     85.042     5.5531   8.550203  0.000e+00
     39.795     8.6617    34.3573    26.6682 1.5873e-01     0.1237      1.260    1484.82     85.098     5.5569   8.550204  0.000e+00
     39.811     8.6607    34.3567    26.6679 1.5873e-01     0.1261      1.238    1484.81     85.038     5.5532   8.550204  0.000e+00
     39.830     8.6602    34.3572    26.6684 1.5873e-01     0.1237      1.205    1484.81     85.093     5.5568   8.550204  0.000e+00
     39.843     8.6599    34.3598    26.6705 1.5873e-01     0.1237      1.220    1484.81     85.093     5.5568   8.550205  0.000e+00
     39.843     8.6613    34.3623    26.6722 1.5873e-01     0.1249      1.267    1484.82     85.031     5.5524   8.550205  0.000e+00
     39.858     8.6622    34.3620    26.6718 1.5873e-01     0.1249      1.271    1484.83     85.023     5.5518   8.550206  0.000e+00
     39.903     8.6622    34.3618    26.6717 1.7094e-01     0.1249      1.253    1484.83     85.023     5.5518   8.550206  0.000e+00
     39.915     8.6620    34.3625    26.6723 1.7094e-01     0.1237      1.238    1484.83     85.022     5.5518   8.550207  0.000e+00
     39.926     8.6620    34.3629    26.6726 1.5873e-01     0.1237      1.231    1484.83     85.014     5.5512   8.550207  0.000e+00
     39.967     8.6622    34.3623    26.6721 1.5873e-01     0.1237      1.227    1484.83     85.013     5.5512   8.550208  0.000e+00
     39.986     8.6615    34.3628    26.6726 1.5873e-01     0.1224      1.212    1484.83     85.012     5.5512   8.550208  0.000e+00
     40.011     8.6613    34.3637    26.6733 1.5873e-01     0.1212      1.201    1484.83     85.012     5.5511   8.550209  0.000e+00
     40.024     8.6615    34.3638    26.6733 1.5873e-01     0.1224      1.194    1484.83     85.011     5.5510   8.550209  0.000e+00
     40.027     8.6618    34.3643    26.6736 1.5873e-01     0.1261      1.194    1484.83     85.009     5.5509   8.550210  0.000e+00
     40.024     8.6623    34.3648    26.6740 1.5873e-01     0.1273      1.216    1484.83     85.008     5.5507   8.550210  0.000e+00
     40.059     8.6628    34.3647    26.6739 1.7094e-01     0.1285      1.275    1484.84     85.007     5.5506   8.550211  0.000e+00
     40.084     8.6633    34.3647    26.6738 1.5873e-01     0.1298      1.264    1484.84     85.006     5.5505   8.550211  0.000e+00
     40.087     8.6634    34.3646    26.6737 1.5873e-01     0.1273      1.231    1484.84     85.005     5.5504   8.550212  0.000e+00
     40.106     8.6637    34.3645    26.6735 1.5873e-01     0.1224      1.201    1484.84     85.004     5.5503   8.550212  0.000e+00
     40.144     8.6639    34.3645    26.6735 1.7094e-01     0.1224      1.194    1484.84     85.004     5.5503   8.550213  0.000e+00
     40.144     8.6636    34.3645    26.6736 1.7094e-01     0.1224      1.220    1484.84     85.002     5.5502   8.550213  0.000e+00
     40.158     8.6636    34.3642    26.6733 1.7094e-01     0.1200      1.293    1484.84     84.940     5.5462   8.550214  0.000e+00
     40.179     8.6633    34.3637    26.6729 1.7094e-01     0.1200      1.403    1484.84     84.932     5.5457   8.550214  0.000e+00
     40.191     8.6634    34.3629    26.6723 1.5873e-01     0.1200      1.447    1484.84     84.986     5.5492   8.550215  0.000e+00
     40.191     8.6631    34.3632    26.6726 1.5873e-01     0.1200      1.381    1484.84     84.986     5.5492   8.550215  0.000e+00
     40.207     8.6628    34.3639    26.6732 1.5873e-01     0.1200      1.304    1484.84     84.924     5.5452   8.550216  0.000e+00
     40.240     8.6628    34.3643    26.6735 1.5873e-01     0.1200      1.260    1484.84     84.917     5.5447   8.550216  0.000e+00
     40.227     8.6630    34.3653    26.6743 1.5873e-01     0.1200      1.249    1484.84     84.910     5.5442   8.550217  0.000e+00
     40.227     8.6633    34.3654    26.6743 1.5873e-01     0.1224      1.245    1484.84     84.903     5.5437   8.550217  0.000e+00
     40.243     8.6630    34.3662    26.6750 1.5873e-01     0.1249      1.300    1484.84     84.897     5.5434   8.550217  0.000e+00
     40.264     8.6634    34.3659    26.6746 1.5873e-01     0.1261      1.352    1484.84     84.891     5.5429   8.550218  0.000e+00
     40.251     8.6636    34.3655    26.6743 1.5873e-01     0.1249      1.333    1484.84     84.885     5.5425   8.550218  0.000e+00
     40.300     8.6633    34.3647    26.6738 1.7094e-01     0.1224      1.293    1484.84     84.880     5.5423   8.550219  0.000e+00
     40.300     8.6630    34.3634    26.6728 1.5873e-01     0.1237      1.267    1484.84     84.875     5.5420   8.550219  0.000e+00
     40.303     8.6625    34.3624    26.6721 1.7094e-01     0.1249      1.275    1484.84     84.809     5.5378   8.550220  0.000e+00
