RAWDATA/20190107/TØ1_20190108_down.cnv
* Sea-Bird SBE 9 Data File:
* FileName = C:\CTD Brukere\NIVA\OKOKYST2019\20190107\TØ1_20190108.hex
* Software Version Seasave V 7.23.2
* Temperature SN = 5352
* Conductivity SN = 3840
* Number of Bytes Per Scan = 28
* Number of Voltage Words = 4
* Number of Scans Averaged by the Deck Unit = 1
* NMEA baud rate = 4800
** Ship: R/V Trygve Braarud
** Cruise:
** Station:
** Operator:
# nquan = 12
# nvalues = 2977                                  
# units = specified
# name 0 = depSM: Depth [salt water, m], lat = 59.60
# name 1 = t090C: Temperature [ITS-90, deg C]
# name 2 = sal00: Salinity, Practical [PSU]
# name 3 = sigma-t00: Density [sigma-t, kg/m^3 ]
# name 4 = flSP: Fluorescence, Seapoint
# name 5 = wetStar: Fluorescence, WET Labs WETstar [mg/m^3]
# name 6 = seaTurbMtr: Turbidity, Seapoint [FTU]
# name 7 = svCM: Sound Velocity [Chen-Millero, m/s]
# name 8 = sbeox0PS: Oxygen, SBE 43 [% saturation]
# name 9 = sbeox0ML/L: Oxygen, SBE 43 [ml/l]
# name 10 = timeJ: Julian Days
# name 11 = flag:  0.000e+00
# span 0 =     -0.167,     40.303                 
# span 1 =     5.7782,     9.3698                 
# span 2 =    30.5426,    34.3662                 
# span 3 =    24.0501,    26.6750                 
# span 4 = 1.5873e-01, 7.5702e-01                 
# span 5 =     0.1200,     0.3251                 
# span 6 =      0.689,      1.945                 
# span 7 =    1468.32,    1486.76                 
# span 8 =     73.763,     88.148                 
# span 9 =     4.8029,     6.2118                 
# span 10 =   8.548785,   8.550220                
# span 11 = 0.0000e+00, 0.0000e+00                
# interval = seconds: 0.0416667
# start_time = Jan 08 2019 13:10:15 [System UpLoad Time]
# bad_flag = -9.990e-29
*END*
[from data line 2166]
     39.642     8.6594    34.3549    26.6667 1.7094e-01     0.1224      1.190    1484.80     84.737     5.5337   8.549829  0.000e+00
     39.650     8.6594    34.3547    26.6665 1.7094e-01     0.1249      1.187    1484.80     84.792     5.5374   8.549830  0.000e+00
     39.650     8.6596    34.3545    26.6663 1.7094e-01     0.1261      1.176    1484.80     84.731     5.5334   8.549830  0.000e+00
     39.650     8.6595    34.3532    26.6653 1.7094e-01     0.1249      1.168    1484.80     84.723     5.5329   8.549831  0.000e+00
     39.653     8.6587    34.3494    26.6625 1.7094e-01     0.1249      1.165    1484.79     84.715     5.5326   8.549831  0.000e+00
     39.650     8.6573    34.3437    26.6582 1.7094e-01     0.1237      1.172    1484.78     84.712     5.5328   8.549832  0.000e+00
     39.639     8.6557    34.3404    26.6559 1.7094e-01     0.1237      1.179    1484.77     84.702     5.5324   8.549832  0.000e+00
     39.653     8.6539    34.3401    26.6560 1.7094e-01     0.1237      1.198    1484.77     84.699     5.5324   8.549833  0.000e+00
     39.650     8.6534    34.3407    26.6565 1.7094e-01     0.1212      1.231    1484.76     84.694     5.5322   8.549833  0.000e+00
     39.650     8.6532    34.3416    26.6573 1.7094e-01     0.1200      1.249    1484.76     84.689     5.5319   8.549834  0.000e+00
     39.639     8.6536    34.3424    26.6578 1.7094e-01     0.1200      1.245    1484.77     84.684     5.5314   8.549834  0.000e+00
     39.653     8.6536    34.3451    26.6599 1.7094e-01     0.1200      1.242    1484.77     84.616     5.5269   8.549835  0.000e+00
     39.663     8.6539    34.3477    26.6619 1.8315e-01     0.1212      1.245    1484.77     84.664     5.5299   8.549835  0.000e+00
     39.639     8.6550    34.3491    26.6628 1.7094e-01     0.1224      1.249    1484.78     84.718     5.5333   8.549836  0.000e+00
     39.653     8.6564    34.3494    26.6629 1.7094e-01     0.1237      1.242    1484.79     84.656     5.5290   8.549836  0.000e+00
     39.650     8.6573    34.3482    26.6618 1.8315e-01     0.1224      1.238    1484.79     84.648     5.5284   8.549837  0.000e+00
     39.639     8.6577    34.3423    26.6571 1.7094e-01     0.1224      1.242    1484.78     84.707     5.5325   8.549837  0.000e+00
     39.650     8.6568    34.3347    26.6513 1.7094e-01     0.1212      1.242    1484.77     84.651     5.5291   8.549837  0.000e+00
     39.653     8.6545    34.3323    26.6497 1.8315e-01     0.1224      1.242    1484.76     84.641     5.5289   8.549838  0.000e+00
     39.650     8.6535    34.3345    26.6516 1.8315e-01     0.1249      1.238    1484.76     84.631     5.5283   8.549838  0.000e+00
     39.650     8.6539    34.3403    26.6561 1.8315e-01     0.1261      1.234    1484.77     84.565     5.5237   8.549839  0.000e+00
     39.642     8.6548    34.3460    26.6604 1.8315e-01     0.1249      1.223    1484.78     84.616     5.5267   8.549839  0.000e+00
     39.650     8.6557    34.3469    26.6610 1.8315e-01     0.1237      1.209    1484.78     84.612     5.5263   8.549840  0.000e+00
     39.650     8.6557    34.3470    26.6611 1.7094e-01     0.1237      1.190    1484.78     84.607     5.5260   8.549840  0.000e+00
     39.639     8.6562    34.3476    26.6615 1.7094e-01     0.1212      1.183    1484.78     84.541     5.5216   8.549841  0.000e+00
     39.653     8.6567    34.3479    26.6616 1.7094e-01     0.1212      1.187    1484.79     84.530     5.5208   8.549841  0.000e+00
     39.650     8.6570    34.3481    26.6618 1.7094e-01     0.1224      1.187    1484.79     84.587     5.5245   8.549842  0.000e+00
     39.650     8.6564    34.3498    26.6631 1.7094e-01     0.1224      1.201    1484.79     84.582     5.5242   8.549842  0.000e+00
     39.642     8.6566    34.3505    26.6636 1.8315e-01     0.1212      1.212    1484.79     84.570     5.5233   8.549843  0.000e+00
     39.639     8.6575    34.3513    26.6642 1.9536e-01     0.1224      1.212    1484.79     84.564     5.5228   8.549843  0.000e+00
     39.650     8.6577    34.3508    26.6638 1.8315e-01     0.1249      1.205    1484.79     84.497     5.5184   8.549844  0.000e+00
     39.631     8.6576    34.3494    26.6626 1.8315e-01     0.1273      1.205    1484.79     84.491     5.5181   8.549844  0.000e+00
     39.663     8.6573    34.3466    26.6605 1.7094e-01     0.1249      1.201    1484.79     84.486     5.5179   8.549845  0.000e+00
     39.650     8.6570    34.3459    26.6600 1.7094e-01     0.1237      1.190    1484.78     84.481     5.5177   8.549845  0.000e+00
     39.650     8.6575    34.3471    26.6609 1.8315e-01     0.1237      1.179    1484.79     84.469     5.5168   8.549846  0.000e+00
     39.642     8.6586    34.3474    26.6609 1.8315e-01     0.1224      1.172    1484.79     84.457     5.5158   8.549846  0.000e+00
     39.650     8.6587    34.3488    26.6620 1.7094e-01     0.1237      1.172    1484.79     84.453     5.5155   8.549847  0.000e+00
     39.650     8.6580    34.3502    26.6632 1.7094e-01     0.1249      1.179    1484.79     84.448     5.5152   8.549847  0.000e+00
     39.642     8.6578    34.3495    26.6627 1.7094e-01     0.1249      1.187    1484.79     84.444     5.5150   8.549848  0.000e+00
     39.650     8.6581    34.3490    26.6623 1.7094e-01     0.1249      1.194    1484.79     84.440     5.5147   8.549848  0.000e+00
     39.650     8.6586    34.3483    26.6617 1.7094e-01     0.1237      1.201    1484.79     84.376     5.5105   8.549849  0.000e+00
     39.650     8.6586    34.3475    26.6610 1.7094e-01     0.1249      1.205    1484.79     84.366     5.5099   8.549849  0.000e+00
     39.642     8.6577    34.3466    26.6605 1.7094e-01     0.1237      1.201    1484.79     84.356     5.5094   8.549850  0.000e+00
     39.650     8.6573    34.3444    26.6588 1.7094e-01     0.1249      1.194    1484.78     84.348     5.5090   8.549850  0.000e+00
     39.639     8.6562    34.3433    26.6581 1.7094e-01     0.1237      1.187    1484.78     84.401     5.5126   8.549851  0.000e+00
     39.653     8.6554    34.3409    26.6564 1.7094e-01     0.1261      1.179    1484.77     84.332     5.5083   8.549851  0.000e+00
     39.639     8.6545    34.3398    26.6556 1.7094e-01     0.1261      1.179    1484.77     84.324     5.5079   8.549851  0.000e+00
     39.650     8.6536    34.3399    26.6558 1.8315e-01     0.1224      1.183    1484.76     84.317     5.5076   8.549852  0.000e+00
     39.650     8.6533    34.3375    26.6540 1.8315e-01     0.1224      1.187    1484.76     84.311     5.5073   8.549852  0.000e+00
     39.642     8.6523    34.3334    26.6509 1.8315e-01     0.1237      1.198    1484.75     84.305     5.5072   8.549853  0.000e+00
     39.639     8.6515    34.3308    26.6490 1.8315e-01     0.1249      1.212    1484.74     84.307     5.5075   8.549853  0.000e+00
     39.650     8.6503    34.3308    26.6492 1.7094e-01     0.1237      1.234    1484.74     84.303     5.5074   8.549854  0.000e+00
     39.653     8.6491    34.3314    26.6498 1.7094e-01     0.1224      1.253    1484.74     84.299     5.5072   8.549854  0.000e+00
     39.639     8.6484    34.3324    26.6507 1.7094e-01     0.1224      1.253    1484.73     84.296     5.5071   8.549855  0.000e+00
     39.639     8.6479    34.3336    26.6518 1.7094e-01     0.1237      1.245    1484.73     84.293     5.5069   8.549855  0.000e+00
     39.650     8.6475    34.3355    26.6533 1.7094e-01     0.1224      1.234    1484.74     84.291     5.5068   8.549856  0.000e+00
     39.642     8.6479    34.3359    26.6536 1.7094e-01     0.1224      1.234    1484.74     84.290     5.5066   8.549856  0.000e+00
     39.639     8.6480    34.3361    26.6537 1.8315e-01     0.1224      1.234    1484.74     84.289     5.5065   8.549857  0.000e+00
     39.639     8.6479    34.3361    26.6537 1.7094e-01     0.1212      1.238    1484.74     84.289     5.5065   8.549857  0.000e+00
     39.642     8.6480    34.3362    26.6538 1.8315e-01     0.1224      1.234    1484.74     84.289     5.5065   8.549858  0.000e+00
     39.650     8.6487    34.3362    26.6537 1.8315e-01     0.1237      1.231    1484.74     84.282     5.5060   8.549858  0.000e+00
     39.639     8.6491    34.3365    26.6538 1.8315e-01     0.1237      1.231    1484.74     84.222     5.5020   8.549859  0.000e+00
     39.639     8.6502    34.3365    26.6537 1.8315e-01     0.1224      1.223    1484.75     84.286     5.5061   8.549859  0.000e+00
     39.642     8.6515    34.3368    26.6538 1.7094e-01     0.1224      1.216    1484.75     84.289     5.5061   8.549860  0.000e+00
     39.639     8.6519    34.3367    26.6536 1.7094e-01     0.1212      1.205    1484.75     84.292     5.5063   8.549860  0.000e+00
     39.639     8.6513    34.3377    26.6545 1.7094e-01     0.1212      1.194    1484.75     84.303     5.5070   8.549861  0.000e+00
     39.642     8.6512    34.3394    26.6558 1.7094e-01     0.1212      1.190    1484.75     84.308     5.5073   8.549861  0.000e+00
     39.650     8.6510    34.3399    26.6562 1.8315e-01     0.1212      1.190    1484.75     84.314     5.5077   8.549862  0.000e+00
     39.639     8.6510    34.3397    26.6561 1.7094e-01     0.1212      1.198    1484.75     84.320     5.5081   8.549862  0.000e+00
     39.639     8.6514    34.3404    26.6565 1.7094e-01     0.1200      1.201    1484.76     84.258     5.5040   8.549863  0.000e+00
     39.631     8.6515    34.3412    26.6572 1.7094e-01     0.1200      1.209    1484.76     84.258     5.5039   8.549863  0.000e+00
     39.650     8.6517    34.3414    26.6573 1.7094e-01     0.1212      1.212    1484.76     84.260     5.5040   8.549864  0.000e+00
     39.639     8.6516    34.3416    26.6575 1.7094e-01     0.1200      1.216    1484.76     84.323     5.5081   8.549864  0.000e+00
     39.642     8.6515    34.3426    26.6583 1.7094e-01     0.1212      1.216    1484.76     84.325     5.5083   8.549864  0.000e+00
     39.639     8.6520    34.3424    26.6581 1.7094e-01     0.1224      1.205    1484.76     84.328     5.5084   8.549865  0.000e+00
     39.639     8.6520    34.3424    26.6580 1.7094e-01     0.1224      1.194    1484.76     84.338     5.5090   8.549865  0.000e+00
     39.639     8.6520    34.3432    26.6586 1.5873e-01     0.1224      1.194    1484.76     84.287     5.5057   8.549866  0.000e+00
     39.653     8.6523    34.3435    26.6589 1.7094e-01     0.1237      1.201    1484.76     84.354     5.5100   8.549866  0.000e+00
     39.639     8.6525    34.3440    26.6592 1.5873e-01     0.1224      1.212    1484.76     84.366     5.5107   8.549867  0.000e+00
     39.639     8.6527    34.3442    26.6593 1.5873e-01     0.1212      1.223    1484.77     84.371     5.5111   8.549867  0.000e+00
     39.642     8.6529    34.3442    26.6593 1.7094e-01     0.1224      1.238    1484.77     84.377     5.5114   8.549868  0.000e+00
     39.650     8.6530    34.3439    26.6590 1.7094e-01     0.1224      1.256    1484.77     84.383     5.5118   8.549868  0.000e+00
     39.639     8.6531    34.3438    26.6590 1.7094e-01     0.1212      1.267    1484.77     84.390     5.5122   8.549869  0.000e+00
     39.606     8.6533    34.3438    26.6590 1.8315e-01     0.1200      1.275    1484.77     84.396     5.5126   8.549869  0.000e+00
     39.674     8.6533    34.3439    26.6590 1.9536e-01     0.1200      1.271    1484.77     84.404     5.5131   8.549870  0.000e+00
     39.639     8.6534    34.3433    26.6585 1.9536e-01     0.1212      1.256    1484.77     84.410     5.5136   8.549870  0.000e+00
     39.639     8.6536    34.3439    26.6590 1.8315e-01     0.1212      1.238    1484.77     84.418     5.5140   8.549871  0.000e+00
     39.642     8.6533    34.3441    26.6592 1.7094e-01     0.1224      1.223    1484.77     84.426     5.5146   8.549871  0.000e+00
     39.639     8.6536    34.3431    26.6583 1.7094e-01     0.1261      1.216    1484.77     84.434     5.5151   8.549872  0.000e+00
     39.650     8.6533    34.3437    26.6588 1.7094e-01     0.1273      1.205    1484.77     84.435     5.5152   8.549872  0.000e+00
     39.631     8.6531    34.3437    26.6589 1.7094e-01     0.1298      1.201    1484.77     84.436     5.5153   8.549873  0.000e+00
     39.650     8.6528    34.3439    26.6591 1.8315e-01     0.1273      1.201    1484.77     84.438     5.5154   8.549873  0.000e+00
     39.639     8.6528    34.3440    26.6592 1.8315e-01     0.1273      1.201    1484.77     84.439     5.5155   8.549874  0.000e+00
     39.639     8.6527    34.3447    26.6597 1.9536e-01     0.1249      1.194    1484.77     84.447     5.5160   8.549874  0.000e+00
     39.642     8.6528    34.3455    26.6603 1.9536e-01     0.1237      1.190    1484.77     84.449     5.5161   8.549875  0.000e+00
     39.639     8.6528    34.3455    26.6603 1.8315e-01     0.1212      1.183    1484.77     84.450     5.5162   8.549875  0.000e+00
     39.639     8.6533    34.3449    26.6598 1.8315e-01     0.1237      1.201    1484.77     84.452     5.5162   8.549876  0.000e+00
     39.642     8.6536    34.3448    26.6597 1.8315e-01     0.1237      1.234    1484.77     84.514     5.5203   8.549876  0.000e+00
     39.650     8.6536    34.3455    26.6602 1.8315e-01     0.1237      1.275    1484.77     84.523     5.5208   8.549877  0.000e+00
     39.627     8.6539    34.3451    26.6598 1.8315e-01     0.1249      1.311    1484.77     84.530     5.5213   8.549877  0.000e+00
     39.650     8.6541    34.3450    26.6598 1.8315e-01     0.1249      1.322    1484.77     84.599     5.5258   8.549878  0.000e+00
     39.631     8.6539    34.3453    26.6600 1.8315e-01     0.1224      1.315    1484.77     84.490     5.5187   8.549878  0.000e+00
     39.639     8.6538    34.3452    26.6600 1.8315e-01     0.1212      1.297    1484.77     84.552     5.5227   8.549878  0.000e+00
     39.650     8.6539    34.3452    26.6599 1.8315e-01     0.1200      1.282    1484.77     84.559     5.5231   8.549879  0.000e+00
     39.642     8.6538    34.3455    26.6602 1.9536e-01     0.1200      1.271    1484.77     84.565     5.5235   8.549879  0.000e+00
     39.639     8.6538    34.3456    26.6603 1.8315e-01     0.1200      1.260    1484.77     84.632     5.5279   8.549880  0.000e+00
     39.650     8.6538    34.3456    26.6602 1.8315e-01     0.1200      1.245    1484.77     84.645     5.5288   8.549880  0.000e+00
     39.639     8.6538    34.3455    26.6602 1.9536e-01     0.1212      1.231    1484.77     84.657     5.5296   8.549881  0.000e+00
     39.642     8.6538    34.3452    26.6600 1.9536e-01     0.1224      1.220    1484.77     84.668     5.5303   8.549881  0.000e+00
     39.639     8.6539    34.3453    26.6600 1.8315e-01     0.1224      1.223    1484.77     84.679     5.5310   8.549882  0.000e+00
     39.650     8.6539    34.3455    26.6602 1.8315e-01     0.1237      1.234    1484.77     84.682     5.5312   8.549882  0.000e+00
     39.642     8.6538    34.3461    26.6607 1.8315e-01     0.1224      1.249    1484.77     84.691     5.5318   8.549883  0.000e+00
     39.639     8.6539    34.3460    26.6606 1.8315e-01     0.1224      1.253    1484.77     84.700     5.5323   8.549883  0.000e+00
     39.650     8.6541    34.3466    26.6610 1.8315e-01     0.1249      1.249    1484.77     84.647     5.5288   8.549884  0.000e+00
     39.639     8.6540    34.3469    26.6613 1.8315e-01     0.1261      1.242    1484.77     84.709     5.5329   8.549884  0.000e+00
     39.642     8.6547    34.3467    26.6610 1.8315e-01     0.1261      1.231    1484.78     84.716     5.5333   8.549885  0.000e+00
     39.650     8.6547    34.3470    26.6612 1.8315e-01     0.1249      1.223    1484.78     84.723     5.5337   8.549885  0.000e+00
     39.650     8.6550    34.3469    26.6611 1.8315e-01     0.1237      1.216    1484.78     84.791     5.5381   8.549886  0.000e+00
     39.642     8.6547    34.3472    26.6614 1.7094e-01     0.1261      1.205    1484.78     84.734     5.5344   8.549886  0.000e+00
