RAWDATA/20190107/VT10_20190107.cnv
* Sea-Bird SBE 9 Data File:
* FileName = C:\CTD Brukere\NIVA\OKOKYST2019\20190107\VT10_20190107.hex
* Software Version Seasave V 7.23.2
* Temperature SN = 5352
* Conductivity SN = 3840
* Number of Bytes Per Scan = 28
* Number of Voltage Words = 4
* Number of Scans Averaged by the Deck Unit = 1
* NMEA baud rate = 4800
** Ship: R/V Trygve Braarud
** Cruise:
** Station:
** Operator:
# nquan = 12
# nvalues = 10672                                 
# units = specified
# name 0 = depSM: Depth [salt water, m], lat = 59.60
# name 1 = potemp090C: Potential Temperature [ITS-90, deg C]
# name 2 = sal00: Salinity, Practical [PSU]
# name 3 = sigma-t00: Density [sigma-t, kg/m^3 ]
# name 4 = flSP: Fluorescence, Seapoint
# name 5 = wetStar: Fluorescence, WET Labs WETstar [mg/m^3]
# name 6 = seaTurbMtr: Turbidity, Seapoint [FTU]
# name 7 = svCM: Sound Velocity [Chen-Millero, m/s]
# name 8 = sbeox0PS: Oxygen, SBE 43 [% saturation]
# name 9 = sbeox0ML/L: Oxygen, SBE 43 [ml/l]
# name 10 = timeJ: Julian Days
# name 11 = flag:  0.000e+00
# span 0 =     -0.046,    191.422                 
# span 1 =     4.9272,     9.5606                 
# span 2 =    27.7929,    34.8746                 
# span 3 =    21.9522,    27.2995                 
# span 4 = 1.3431e-01, 3.7851e-01                 
# span 5 =    -0.0120,     0.4471                 
# span 6 =      0.476,      1.487                 
# span 7 =    1461.56,    1488.29                 
# span 8 =     56.388,     89.006                 
# span 9 =     3.7972,     6.2925                 
# span 10 =   7.528657,   7.533804                
# span 11 = 0.0000e+00, 0.0000e+00                
# interval = seconds: 0.0416667
# start_time = Jan 07 2019 12:41:16 [System UpLoad Time]
# bad_flag = -9.990e-29
*END*
[from data line 4572]
     85.382     9.0714    34.6642    26.8422 1.4652e-01    -0.0059      0.612    1487.50     73.666     4.7566   7.530862  0.000e+00
     85.406     9.0709    34.6634    26.8416 1.4652e-01    -0.0047      0.612    1487.50     73.614     4.7533   7.530863  0.000e+00
     85.431     9.0703    34.6631    26.8415 1.4652e-01    -0.0022      0.612    1487.50     73.617     4.7535   7.530863  0.000e+00
     85.455     9.0698    34.6626    26.8412 1.4652e-01    -0.0022      0.608    1487.49     73.627     4.7542   7.530864  0.000e+00
     85.466     9.0701    34.6623    26.8410 1.4652e-01    -0.0047      0.608    1487.50     73.691     4.7583   7.530864  0.000e+00
     85.502     9.0706    34.6622    26.8408 1.4652e-01    -0.0047      0.604    1487.50     73.701     4.7589   7.530865  0.000e+00
     85.515     9.0708    34.6626    26.8410 1.4652e-01    -0.0059      0.608    1487.50     73.710     4.7595   7.530865  0.000e+00
     85.538     9.0704    34.6631    26.8415 1.4652e-01    -0.0083      0.608    1487.50     73.719     4.7601   7.530866  0.000e+00
     85.563     9.0698    34.6637    26.8421 1.4652e-01    -0.0096      0.608    1487.50     73.727     4.7607   7.530866  0.000e+00
     85.587     9.0695    34.6637    26.8421 1.4652e-01    -0.0108      0.612    1487.50     73.736     4.7613   7.530867  0.000e+00
     85.611     9.0696    34.6635    26.8419 1.4652e-01    -0.0120      0.608    1487.50     73.744     4.7618   7.530867  0.000e+00
     85.636     9.0696    34.6635    26.8419 1.4652e-01    -0.0108      0.608    1487.50     73.690     4.7583   7.530868  0.000e+00
     85.660     9.0700    34.6629    26.8414 1.4652e-01    -0.0108      0.608    1487.50     73.752     4.7623   7.530868  0.000e+00
     85.672     9.0698    34.6638    26.8421 1.4652e-01    -0.0096      0.608    1487.50     73.760     4.7628   7.530869  0.000e+00
     85.696     9.0700    34.6632    26.8417 1.4652e-01    -0.0059      0.612    1487.50     73.760     4.7628   7.530869  0.000e+00
     85.732     9.0700    34.6631    26.8416 1.4652e-01    -0.0035      0.630    1487.50     73.759     4.7627   7.530870  0.000e+00
     85.745     9.0696    34.6632    26.8417 1.4652e-01    -0.0022      0.652    1487.50     73.758     4.7627   7.530870  0.000e+00
     85.770     9.0696    34.6631    26.8416 1.4652e-01    -0.0010      0.648    1487.50     73.763     4.7630   7.530870  0.000e+00
     85.805     9.0695    34.6634    26.8419 1.4652e-01    -0.0035      0.637    1487.50     73.768     4.7634   7.530871  0.000e+00
     85.805     9.0690    34.6635    26.8420 1.4652e-01    -0.0047      0.634    1487.50     73.766     4.7633   7.530871  0.000e+00
     85.841     9.0688    34.6635    26.8421 1.4652e-01    -0.0059      0.626    1487.50     73.763     4.7631   7.530872  0.000e+00
     85.866     9.0686    34.6631    26.8418 1.4652e-01    -0.0071      0.626    1487.50     73.760     4.7629   7.530872  0.000e+00
     85.877     9.0681    34.6626    26.8415 1.4652e-01    -0.0071      0.623    1487.50     73.763     4.7632   7.530873  0.000e+00
     85.902     9.0675    34.6624    26.8415 1.4652e-01    -0.0047      0.623    1487.49     73.765     4.7634   7.530873  0.000e+00
     85.937     9.0662    34.6629    26.8421 1.4652e-01    -0.0035      0.615    1487.49     73.761     4.7633   7.530874  0.000e+00
     85.950     9.0656    34.6630    26.8422 1.4652e-01    -0.0022      0.615    1487.49     73.756     4.7630   7.530874  0.000e+00
     85.975     9.0656    34.6630    26.8422 1.4652e-01    -0.0035      0.615    1487.49     73.757     4.7631   7.530875  0.000e+00
     85.986     9.0659    34.6630    26.8422 1.4652e-01    -0.0071      0.608    1487.49     73.751     4.7626   7.530875  0.000e+00
     86.022     9.0658    34.6634    26.8424 1.4652e-01    -0.0096      0.608    1487.49     73.744     4.7622   7.530876  0.000e+00
     86.035     9.0660    34.6628    26.8420 1.4652e-01    -0.0096      0.612    1487.49     73.744     4.7622   7.530876  0.000e+00
     86.047     9.0660    34.6626    26.8418 1.4652e-01    -0.0083      0.608    1487.49     73.743     4.7621   7.530877  0.000e+00
     86.083     9.0660    34.6623    26.8416 1.4652e-01    -0.0071      0.604    1487.49     73.743     4.7621   7.530877  0.000e+00
     86.107     9.0649    34.6625    26.8419 1.4652e-01    -0.0071      0.608    1487.49     73.673     4.7577   7.530878  0.000e+00
     86.120     9.0636    34.6624    26.8420 1.4652e-01    -0.0059      0.615    1487.48     73.665     4.7573   7.530878  0.000e+00
     86.144     9.0620    34.6629    26.8427 1.4652e-01    -0.0071      0.615    1487.48     73.657     4.7570   7.530879  0.000e+00
     86.156     9.0617    34.6640    26.8436 1.4652e-01    -0.0083      0.612    1487.48     73.649     4.7564   7.530879  0.000e+00
     86.192     9.0629    34.6634    26.8429 1.4652e-01    -0.0083      0.612    1487.48     73.640     4.7558   7.530880  0.000e+00
     86.205     9.0638    34.6627    26.8423 1.4652e-01    -0.0071      0.608    1487.49     73.639     4.7557   7.530880  0.000e+00
     86.216     9.0641    34.6616    26.8413 1.4652e-01    -0.0071      0.608    1487.48     73.631     4.7551   7.530881  0.000e+00
     86.252     9.0636    34.6613    26.8412 1.4652e-01    -0.0047      0.608    1487.48     73.562     4.7507   7.530881  0.000e+00
     86.276     9.0628    34.6616    26.8415 1.4652e-01    -0.0059      0.601    1487.48     73.609     4.7538   7.530882  0.000e+00
     86.276     9.0621    34.6621    26.8421 1.4652e-01    -0.0071      0.601    1487.48     73.540     4.7494   7.530882  0.000e+00
     86.314     9.0612    34.6619    26.8420 1.4652e-01    -0.0071      0.608    1487.48     73.526     4.7486   7.530883  0.000e+00
     86.325     9.0590    34.6626    26.8429 1.3431e-01    -0.0096      0.615    1487.47     73.512     4.7479   7.530883  0.000e+00
     86.350     9.0582    34.6623    26.8428 1.4652e-01    -0.0120      0.619    1487.47     73.498     4.7471   7.530883  0.000e+00
     86.361     9.0571    34.6629    26.8435 1.4652e-01    -0.0120      0.623    1487.46     73.423     4.7424   7.530884  0.000e+00
     86.397     9.0560    34.6643    26.8448 1.4652e-01    -0.0108      0.619    1487.46     73.403     4.7412   7.530884  0.000e+00
     86.397     9.0561    34.6641    26.8446 1.4652e-01    -0.0071      0.623    1487.46     73.384     4.7399   7.530885  0.000e+00
     86.433     9.0568    34.6637    26.8442 1.4652e-01    -0.0071      0.626    1487.46     73.303     4.7347   7.530885  0.000e+00
     86.446     9.0570    34.6636    26.8441 1.4652e-01    -0.0071      0.630    1487.47     73.286     4.7335   7.530886  0.000e+00
     86.470     9.0571    34.6639    26.8443 1.4652e-01    -0.0083      0.623    1487.47     73.262     4.7320   7.530886  0.000e+00
     86.493     9.0574    34.6639    26.8442 1.4652e-01    -0.0071      0.619    1487.47     73.240     4.7305   7.530887  0.000e+00
     86.519     9.0576    34.6640    26.8442 1.4652e-01    -0.0083      0.615    1487.47     73.218     4.7290   7.530887  0.000e+00
     86.531     9.0578    34.6638    26.8441 1.4652e-01    -0.0059      0.623    1487.47     73.204     4.7281   7.530888  0.000e+00
     86.555     9.0584    34.6634    26.8437 1.4652e-01    -0.0047      0.641    1487.47     73.130     4.7233   7.530888  0.000e+00
     86.580     9.0586    34.6632    26.8435 1.4652e-01    -0.0035      0.641    1487.47     73.112     4.7221   7.530889  0.000e+00
     86.591     9.0584    34.6635    26.8437 1.4652e-01    -0.0059      0.630    1487.47     73.095     4.7210   7.530889  0.000e+00
     86.629     9.0584    34.6635    26.8438 1.4652e-01    -0.0083      0.634    1487.47     73.080     4.7201   7.530890  0.000e+00
     86.638     9.0581    34.6636    26.8438 1.4652e-01    -0.0071      0.634    1487.47     73.066     4.7192   7.530890  0.000e+00
     86.651     9.0581    34.6632    26.8435 1.4652e-01    -0.0096      0.630    1487.47     72.992     4.7144   7.530891  0.000e+00
     86.687     9.0581    34.6632    26.8436 1.4652e-01    -0.0096      0.630    1487.47     72.968     4.7129   7.530891  0.000e+00
     86.700     9.0584    34.6634    26.8436 1.4652e-01    -0.0071      0.645    1487.47     72.951     4.7118   7.530892  0.000e+00
     86.736     9.0582    34.6634    26.8437 1.4652e-01    -0.0083      0.648    1487.47     72.876     4.7069   7.530892  0.000e+00
     86.736     9.0579    34.6641    26.8443 1.4652e-01    -0.0108      0.648    1487.47     72.856     4.7057   7.530893  0.000e+00
     86.774     9.0583    34.6639    26.8440 1.4652e-01    -0.0108      0.645    1487.48     72.777     4.7005   7.530893  0.000e+00
     86.783     9.0587    34.6637    26.8439 1.4652e-01    -0.0108      0.634    1487.48     72.817     4.7031   7.530894  0.000e+00
     86.810     9.0588    34.6634    26.8436 1.4652e-01    -0.0108      0.630    1487.48     72.743     4.6982   7.530894  0.000e+00
     86.832     9.0585    34.6633    26.8436 1.4652e-01    -0.0096      0.623    1487.48     72.725     4.6971   7.530895  0.000e+00
     86.858     9.0587    34.6633    26.8435 1.4652e-01    -0.0108      0.619    1487.48     72.710     4.6962   7.530895  0.000e+00
     86.858     9.0587    34.6628    26.8431 1.4652e-01    -0.0120      0.619    1487.48     72.635     4.6913   7.530896  0.000e+00
     86.917     9.0575    34.6630    26.8435 1.4652e-01    -0.0108      0.619    1487.47     72.680     4.6943   7.530896  0.000e+00
     86.919     9.0569    34.6629    26.8435 1.4652e-01    -0.0083      0.615    1487.47     72.610     4.6899   7.530897  0.000e+00
     86.942     9.0564    34.6629    26.8436 1.4652e-01    -0.0096      0.612    1487.47     72.598     4.6892   7.530897  0.000e+00
     86.955     9.0564    34.6627    26.8434 1.4652e-01    -0.0108      0.608    1487.47     72.527     4.6846   7.530897  0.000e+00
     86.990     9.0566    34.6629    26.8436 1.4652e-01    -0.0096      0.608    1487.47     72.513     4.6837   7.530898  0.000e+00
     87.004     9.0563    34.6630    26.8437 1.4652e-01    -0.0071      0.612    1487.47     72.502     4.6830   7.530898  0.000e+00
     87.015     9.0558    34.6629    26.8437 1.4652e-01    -0.0071      0.612    1487.47     72.494     4.6825   7.530899  0.000e+00
     87.051     9.0549    34.6630    26.8439 1.4652e-01    -0.0096      0.612    1487.47     72.489     4.6823   7.530899  0.000e+00
     87.088     9.0547    34.6632    26.8441 1.4652e-01    -0.0096      0.612    1487.47     72.426     4.6782   7.530900  0.000e+00
     87.087     9.0543    34.6630    26.8440 1.4652e-01    -0.0096      0.615    1487.47     72.420     4.6779   7.530900  0.000e+00
     87.124     9.0538    34.6630    26.8441 1.4652e-01    -0.0096      0.619    1487.46     72.355     4.6738   7.530901  0.000e+00
     87.136     9.0535    34.6626    26.8438 1.4652e-01    -0.0071      0.619    1487.46     72.404     4.6769   7.530901  0.000e+00
     87.149     9.0527    34.6628    26.8441 1.4652e-01    -0.0071      0.619    1487.46     72.400     4.6768   7.530902  0.000e+00
     87.196     9.0517    34.6629    26.8443 1.4652e-01    -0.0083      0.619    1487.46     72.338     4.6728   7.530902  0.000e+00
     87.209     9.0502    34.6624    26.8442 1.4652e-01    -0.0083      0.612    1487.45     72.333     4.6727   7.530903  0.000e+00
     87.220     9.0482    34.6628    26.8448 1.4652e-01    -0.0096      0.604    1487.45     72.332     4.6728   7.530903  0.000e+00
     87.258     9.0467    34.6639    26.8459 1.4652e-01    -0.0083      0.601    1487.44     72.273     4.6691   7.530904  0.000e+00
     87.268     9.0461    34.6642    26.8463 1.4652e-01    -0.0096      0.597    1487.44     72.271     4.6691   7.530904  0.000e+00
     87.305     9.0459    34.6641    26.8462 1.4652e-01    -0.0096      0.593    1487.44     72.266     4.6687   7.530905  0.000e+00
     87.317     9.0456    34.6645    26.8466 1.4652e-01    -0.0096      0.590    1487.44     72.271     4.6691   7.530905  0.000e+00
     87.330     9.0452    34.6646    26.8467 1.4652e-01    -0.0096      0.586    1487.44     72.210     4.6652   7.530906  0.000e+00
     87.365     9.0449    34.6649    26.8470 1.4652e-01    -0.0096      0.586    1487.44     72.208     4.6651   7.530906  0.000e+00
     87.390     9.0444    34.6648    26.8470 1.4652e-01    -0.0096      0.590    1487.44     72.210     4.6653   7.530907  0.000e+00
     87.401     9.0443    34.6660    26.8479 1.4652e-01    -0.0108      0.597    1487.44     72.215     4.6655   7.530907  0.000e+00
     87.426     9.0454    34.6656    26.8475 1.4652e-01    -0.0120      0.604    1487.44     72.154     4.6615   7.530908  0.000e+00
     87.426     9.0467    34.6647    26.8465 1.4652e-01    -0.0120      0.604    1487.45     72.213     4.6652   7.530908  0.000e+00
     87.497     9.0478    34.6642    26.8460 1.4652e-01    -0.0120      0.608    1487.45     72.159     4.6617   7.530909  0.000e+00
     87.488     9.0488    34.6639    26.8456 1.4652e-01    -0.0120      0.612    1487.45     72.156     4.6614   7.530909  0.000e+00
     87.522     9.0484    34.6640    26.8457 1.4652e-01    -0.0120      0.608    1487.45     72.156     4.6614   7.530910  0.000e+00
     87.524     9.0483    34.6639    26.8457 1.4652e-01    -0.0120      0.626    1487.45     72.098     4.6577   7.530910  0.000e+00
     87.582     9.0479    34.6640    26.8458 1.4652e-01    -0.0120      0.648    1487.45     72.098     4.6577   7.530910  0.000e+00
     87.582     9.0470    34.6645    26.8463 1.4652e-01    -0.0120      0.641    1487.45     72.101     4.6580   7.530911  0.000e+00
     87.608     9.0463    34.6643    26.8463 1.4652e-01    -0.0120      0.623    1487.45     72.108     4.6585   7.530911  0.000e+00
     87.631     9.0457    34.6645    26.8465 1.4652e-01    -0.0108      0.608    1487.44     72.112     4.6588   7.530912  0.000e+00
     87.669     9.0455    34.6647    26.8468 1.4652e-01    -0.0108      0.597    1487.45     72.118     4.6592   7.530912  0.000e+00
     87.678     9.0454    34.6659    26.8477 1.4652e-01    -0.0096      0.593    1487.45     72.066     4.6558   7.530913  0.000e+00
     87.705     9.0468    34.6654    26.8471 1.4652e-01    -0.0096      0.597    1487.45     72.072     4.6561   7.530913  0.000e+00
     87.727     9.0488    34.6639    26.8455 1.4652e-01    -0.0108      0.612    1487.46     72.081     4.6565   7.530914  0.000e+00
     87.740     9.0495    34.6628    26.8446 1.4652e-01    -0.0120      0.623    1487.46     72.087     4.6568   7.530914  0.000e+00
     87.776     9.0489    34.6624    26.8444 1.4652e-01    -0.0120      0.626    1487.46     72.034     4.6535   7.530915  0.000e+00
     87.802     9.0474    34.6633    26.8453 1.4652e-01    -0.0120      0.630    1487.45     72.040     4.6540   7.530915  0.000e+00
     87.824     9.0461    34.6639    26.8460 1.4652e-01    -0.0120      0.626    1487.45     72.041     4.6542   7.530916  0.000e+00
     87.850     9.0460    34.6633    26.8456 1.4652e-01    -0.0096      0.623    1487.45     72.046     4.6546   7.530916  0.000e+00
     87.861     9.0465    34.6631    26.8453 1.4652e-01    -0.0083      0.626    1487.45     72.047     4.6546   7.530917  0.000e+00
     87.887     9.0465    34.6638    26.8459 1.4652e-01    -0.0083      0.626    1487.45     72.058     4.6552   7.530917  0.000e+00
     87.921     9.0468    34.6638    26.8458 1.4652e-01    -0.0047      0.612    1487.45     72.065     4.6557   7.530918  0.000e+00
     87.923     9.0470    34.6633    26.8454 1.4652e-01    -0.0010      0.604    1487.45     72.013     4.6523   7.530918  0.000e+00
     87.957     9.0470    34.6629    26.8451 1.4652e-01    -0.0010      0.601    1487.45     72.019     4.6527   7.530919  0.000e+00
     87.972     9.0461    34.6635    26.8457 1.4652e-01    -0.0022      0.604    1487.45     72.021     4.6529   7.530919  0.000e+00
