RAWDATA/20190107/VT10_20190107.cnv
* Sea-Bird SBE 9 Data File:
* FileName = C:\CTD Brukere\NIVA\OKOKYST2019\20190107\VT10_20190107.hex
* Software Version Seasave V 7.23.2
* Temperature SN = 5352
* Conductivity SN = 3840
* Number of Bytes Per Scan = 28
* Number of Voltage Words = 4
* Number of Scans Averaged by the Deck Unit = 1
* NMEA baud rate = 4800
** Ship: R/V Trygve Braarud
** Cruise:
** Station:
** Operator:
# nquan = 12
# nvalues = 10672                                 
# units = specified
# name 0 = depSM: Depth [salt water, m], lat = 59.60
# name 1 = potemp090C: Potential Temperature [ITS-90, deg C]
# name 2 = sal00: Salinity, Practical [PSU]
# name 3 = sigma-t00: Density [sigma-t, kg/m^3 ]
# name 4 = flSP: Fluorescence, Seapoint
# name 5 = wetStar: Fluorescence, WET Labs WETstar [mg/m^3]
# name 6 = seaTurbMtr: Turbidity, Seapoint [FTU]
# name 7 = svCM: Sound Velocity [Chen-Millero, m/s]
# name 8 = sbeox0PS: Oxygen, SBE 43 [% saturation]
# name 9 = sbeox0ML/L: Oxygen, SBE 43 [ml/l]
# name 10 = timeJ: Julian Days
# name 11 = flag:  0.000e+00
# span 0 =     -0.046,    191.422                 
# span 1 =     4.9272,     9.5606                 
# span 2 =    27.7929,    34.8746                 
# span 3 =    21.9522,    27.2995                 
# span 4 = 1.3431e-01, 3.7851e-01                 
# span 5 =    -0.0120,     0.4471                 
# span 6 =      0.476,      1.487                 
# span 7 =    1461.56,    1488.29                 
# span 8 =     56.388,     89.006                 
# span 9 =     3.7972,     6.2925                 
# span 10 =   7.528657,   7.533804                
# span 11 = 0.0000e+00, 0.0000e+00                
# interval = seconds: 0.0416667
# start_time = Jan 07 2019 12:41:16 [System UpLoad Time]
# bad_flag = -9.990e-29
*END*
[from data line 3970]
     72.302     9.2225    34.6487    26.8059 1.4652e-01    -0.0120      0.546    1487.81     75.129     4.8355   7.530572  0.000e+00
     72.339     9.2222    34.6487    26.8059 1.4652e-01    -0.0120      0.546    1487.81     75.192     4.8396   7.530572  0.000e+00
     72.351     9.2220    34.6486    26.8058 1.4652e-01    -0.0120      0.538    1487.81     75.207     4.8406   7.530573  0.000e+00
     72.365     9.2213    34.6488    26.8061 1.4652e-01    -0.0120      0.531    1487.81     75.221     4.8416   7.530573  0.000e+00
     72.411     9.2212    34.6483    26.8058 1.4652e-01    -0.0120      0.524    1487.81     75.227     4.8420   7.530574  0.000e+00
     72.424     9.2204    34.6492    26.8066 1.4652e-01    -0.0120      0.520    1487.81     75.239     4.8428   7.530574  0.000e+00
     72.435     9.2204    34.6491    26.8065 1.4652e-01    -0.0120      0.520    1487.81     75.250     4.8435   7.530575  0.000e+00
     72.460     9.2202    34.6497    26.8070 1.4652e-01    -0.0120      0.520    1487.81     75.261     4.8442   7.530575  0.000e+00
     72.484     9.2200    34.6495    26.8068 1.4652e-01    -0.0120      0.520    1487.81     75.270     4.8448   7.530576  0.000e+00
     72.496     9.2196    34.6495    26.8069 1.4652e-01    -0.0120      0.520    1487.81     75.340     4.8494   7.530576  0.000e+00
     72.532     9.2195    34.6491    26.8067 1.4652e-01    -0.0120      0.516    1487.81     75.354     4.8503   7.530577  0.000e+00
     72.545     9.2194    34.6497    26.8071 1.4652e-01    -0.0120      0.516    1487.81     75.367     4.8512   7.530577  0.000e+00
     72.567     9.2191    34.6496    26.8071 1.4652e-01    -0.0120      0.513    1487.81     75.441     4.8559   7.530578  0.000e+00
     72.592     9.2188    34.6497    26.8073 1.4652e-01    -0.0120      0.516    1487.81     75.390     4.8527   7.530578  0.000e+00
     72.567     9.2189    34.6499    26.8074 1.4652e-01    -0.0120      0.516    1487.81     75.453     4.8567   7.530579  0.000e+00
     72.673     9.2191    34.6497    26.8072 1.4652e-01    -0.0120      0.513    1487.81     75.468     4.8576   7.530579  0.000e+00
     72.652     9.2194    34.6495    26.8069 1.4652e-01    -0.0120      0.509    1487.81     75.480     4.8584   7.530580  0.000e+00
     72.665     9.2193    34.6495    26.8069 1.4652e-01    -0.0120      0.513    1487.81     75.491     4.8591   7.530580  0.000e+00
     72.701     9.2194    34.6494    26.8069 1.4652e-01    -0.0120      0.513    1487.81     75.563     4.8637   7.530581  0.000e+00
     72.725     9.2193    34.6497    26.8071 1.3431e-01    -0.0120      0.513    1487.81     75.571     4.8643   7.530581  0.000e+00
     72.737     9.2194    34.6498    26.8072 1.4652e-01    -0.0120      0.513    1487.81     75.584     4.8651   7.530582  0.000e+00
     72.761     9.2197    34.6491    26.8066 1.4652e-01    -0.0120      0.513    1487.81     75.595     4.8658   7.530582  0.000e+00
     72.786     9.2199    34.6489    26.8064 1.4652e-01    -0.0120      0.513    1487.81     75.605     4.8664   7.530583  0.000e+00
     72.810     9.2197    34.6493    26.8068 1.4652e-01    -0.0120      0.516    1487.81     75.674     4.8709   7.530583  0.000e+00
     72.821     9.2195    34.6493    26.8068 1.4652e-01    -0.0120      0.524    1487.81     75.687     4.8717   7.530584  0.000e+00
     72.857     9.2193    34.6492    26.8067 1.4652e-01    -0.0120      0.524    1487.81     75.698     4.8725   7.530584  0.000e+00
     72.870     9.2189    34.6495    26.8070 1.4652e-01    -0.0120      0.524    1487.81     75.707     4.8731   7.530584  0.000e+00
     72.895     9.2185    34.6493    26.8069 1.4652e-01    -0.0120      0.524    1487.81     75.714     4.8736   7.530585  0.000e+00
     72.917     9.2182    34.6496    26.8072 1.4652e-01    -0.0120      0.524    1487.81     75.718     4.8739   7.530585  0.000e+00
     72.930     9.2177    34.6500    26.8076 1.4652e-01    -0.0120      0.524    1487.81     75.783     4.8781   7.530586  0.000e+00
     72.966     9.2173    34.6500    26.8077 1.4652e-01    -0.0120      0.524    1487.81     75.790     4.8786   7.530586  0.000e+00
     72.991     9.2171    34.6499    26.8076 1.4652e-01    -0.0120      0.527    1487.81     75.795     4.8790   7.530587  0.000e+00
     73.002     9.2166    34.6502    26.8080 1.4652e-01    -0.0120      0.527    1487.81     75.798     4.8792   7.530587  0.000e+00
     73.040     9.2169    34.6502    26.8079 1.4652e-01    -0.0120      0.527    1487.81     75.806     4.8796   7.530588  0.000e+00
     73.062     9.2168    34.6499    26.8077 1.3431e-01    -0.0120      0.520    1487.81     75.812     4.8800   7.530588  0.000e+00
     73.062     9.2169    34.6500    26.8078 1.3431e-01    -0.0120      0.516    1487.81     75.808     4.8798   7.530589  0.000e+00
     73.100     9.2166    34.6505    26.8082 1.4652e-01    -0.0120      0.513    1487.81     75.802     4.8794   7.530589  0.000e+00
     73.124     9.2167    34.6499    26.8077 1.4652e-01    -0.0120      0.516    1487.81     75.801     4.8794   7.530590  0.000e+00
     73.147     9.2165    34.6500    26.8078 1.4652e-01    -0.0120      0.524    1487.81     75.798     4.8792   7.530590  0.000e+00
     73.157     9.2165    34.6496    26.8075 1.4652e-01    -0.0120      0.546    1487.81     75.793     4.8789   7.530591  0.000e+00
     73.196     9.2160    34.6498    26.8077 1.4652e-01    -0.0120      0.568    1487.81     75.848     4.8825   7.530591  0.000e+00
     73.207     9.2156    34.6501    26.8080 1.4652e-01    -0.0120      0.593    1487.81     75.784     4.8784   7.530592  0.000e+00
     73.220     9.2151    34.6500    26.8080 1.4652e-01    -0.0120      0.586    1487.80     75.780     4.8782   7.530592  0.000e+00
     73.267     9.2146    34.6506    26.8086 1.4652e-01    -0.0120      0.571    1487.80     75.775     4.8778   7.530593  0.000e+00
     73.281     9.2143    34.6506    26.8087 1.4652e-01    -0.0120      0.557    1487.80     75.760     4.8769   7.530593  0.000e+00
     73.305     9.2141    34.6505    26.8086 1.4652e-01    -0.0120      0.549    1487.80     75.812     4.8803   7.530594  0.000e+00
     73.316     9.2137    34.6508    26.8089 1.4652e-01    -0.0120      0.549    1487.80     75.746     4.8761   7.530594  0.000e+00
     73.341     9.2138    34.6507    26.8088 1.4652e-01    -0.0120      0.546    1487.80     75.794     4.8792   7.530595  0.000e+00
     73.365     9.2134    34.6511    26.8091 1.4652e-01    -0.0120      0.538    1487.80     75.724     4.8747   7.530595  0.000e+00
     73.390     9.2135    34.6504    26.8086 1.4652e-01    -0.0120      0.535    1487.80     75.707     4.8736   7.530596  0.000e+00
     73.412     9.2129    34.6508    26.8090 1.4652e-01    -0.0120      0.531    1487.80     75.696     4.8729   7.530596  0.000e+00
     73.437     9.2124    34.6513    26.8095 1.3431e-01    -0.0120      0.535    1487.80     75.683     4.8721   7.530597  0.000e+00
     73.469     9.2122    34.6510    26.8093 1.4652e-01    -0.0120      0.538    1487.80     75.668     4.8713   7.530597  0.000e+00
     73.474     9.2117    34.6515    26.8098 1.4652e-01    -0.0120      0.535    1487.80     75.652     4.8703   7.530598  0.000e+00
     73.497     9.2115    34.6515    26.8098 1.4652e-01    -0.0120      0.531    1487.80     75.635     4.8692   7.530598  0.000e+00
     73.521     9.2113    34.6514    26.8098 1.4652e-01    -0.0120      0.527    1487.80     75.616     4.8680   7.530598  0.000e+00
     73.546     9.2112    34.6515    26.8098 1.4652e-01    -0.0120      0.527    1487.80     75.596     4.8667   7.530599  0.000e+00
     73.582     9.2114    34.6514    26.8097 1.4652e-01    -0.0120      0.531    1487.80     75.575     4.8653   7.530599  0.000e+00
     73.582     9.2118    34.6514    26.8097 1.4652e-01    -0.0120      0.542    1487.80     75.559     4.8642   7.530600  0.000e+00
     73.618     9.2122    34.6511    26.8094 1.4652e-01    -0.0120      0.560    1487.80     75.542     4.8631   7.530600  0.000e+00
     73.642     9.2119    34.6505    26.8090 1.4652e-01    -0.0120      0.575    1487.80     75.524     4.8620   7.530601  0.000e+00
     73.652     9.2111    34.6509    26.8094 1.4652e-01    -0.0120      0.568    1487.80     75.512     4.8613   7.530601  0.000e+00
     73.679     9.2108    34.6515    26.8099 1.4652e-01    -0.0120      0.560    1487.80     75.492     4.8600   7.530602  0.000e+00
     73.691     9.2108    34.6511    26.8096 1.4652e-01    -0.0120      0.557    1487.80     75.477     4.8591   7.530602  0.000e+00
     73.727     9.2104    34.6516    26.8100 1.4652e-01    -0.0120      0.549    1487.80     75.463     4.8582   7.530603  0.000e+00
     73.740     9.2102    34.6517    26.8102 1.4652e-01    -0.0120      0.546    1487.80     75.447     4.8572   7.530603  0.000e+00
     73.751     9.2103    34.6512    26.8098 1.4652e-01    -0.0120      0.535    1487.80     75.430     4.8561   7.530604  0.000e+00
     73.776     9.2095    34.6516    26.8102 1.4652e-01    -0.0120      0.527    1487.80     75.420     4.8555   7.530604  0.000e+00
     73.800     9.2093    34.6520    26.8105 1.4652e-01    -0.0120      0.520    1487.80     75.409     4.8548   7.530605  0.000e+00
     73.819     9.2094    34.6523    26.8107 1.4652e-01    -0.0120      0.516    1487.80     75.397     4.8540   7.530605  0.000e+00
     73.847     9.2096    34.6521    26.8106 1.4652e-01    -0.0120      0.516    1487.80     75.385     4.8533   7.530606  0.000e+00
     73.872     9.2098    34.6521    26.8106 1.4652e-01    -0.0120      0.516    1487.80     75.372     4.8524   7.530606  0.000e+00
     73.872     9.2096    34.6521    26.8106 1.4652e-01    -0.0120      0.513    1487.80     75.366     4.8520   7.530607  0.000e+00
     73.907     9.2097    34.6520    26.8105 1.4652e-01    -0.0120      0.513    1487.80     75.360     4.8516   7.530607  0.000e+00
     73.932     9.2101    34.6521    26.8105 1.4652e-01    -0.0120      0.516    1487.80     75.353     4.8511   7.530608  0.000e+00
     73.945     9.2101    34.6522    26.8106 1.4652e-01    -0.0120      0.516    1487.80     75.346     4.8507   7.530608  0.000e+00
     73.964     9.2105    34.6521    26.8104 1.4652e-01    -0.0120      0.516    1487.80     75.339     4.8502   7.530609  0.000e+00
     73.992     9.2110    34.6517    26.8100 1.4652e-01    -0.0120      0.520    1487.80     75.331     4.8497   7.530609  0.000e+00
     74.005     9.2113    34.6512    26.8096 1.3431e-01    -0.0120      0.520    1487.80     75.331     4.8496   7.530610  0.000e+00
     74.030     9.2105    34.6515    26.8099 1.4652e-01    -0.0120      0.520    1487.80     75.330     4.8496   7.530610  0.000e+00
     74.052     9.2098    34.6513    26.8099 1.4652e-01    -0.0120      0.527    1487.80     75.329     4.8497   7.530611  0.000e+00
     74.065     9.2097    34.6512    26.8098 1.3431e-01    -0.0120      0.527    1487.80     75.329     4.8496   7.530611  0.000e+00
     74.077     9.2087    34.6512    26.8100 1.4652e-01    -0.0120      0.531    1487.80     75.266     4.8457   7.530611  0.000e+00
     74.109     9.2073    34.6521    26.8110 1.4652e-01    -0.0120      0.531    1487.79     75.321     4.8494   7.530612  0.000e+00
     74.126     9.2062    34.6524    26.8113 1.4652e-01    -0.0120      0.527    1487.79     75.321     4.8494   7.530612  0.000e+00
     74.150     9.2059    34.6525    26.8115 1.3431e-01    -0.0120      0.527    1487.79     75.320     4.8495   7.530613  0.000e+00
     74.161     9.2064    34.6527    26.8116 1.4652e-01    -0.0120      0.527    1487.79     75.320     4.8494   7.530613  0.000e+00
     74.186     9.2067    34.6527    26.8115 1.4652e-01    -0.0120      0.527    1487.79     75.258     4.8453   7.530614  0.000e+00
     74.197     9.2070    34.6521    26.8110 1.4652e-01    -0.0120      0.531    1487.79     75.251     4.8449   7.530614  0.000e+00
     74.243     9.2067    34.6520    26.8110 1.4652e-01    -0.0120      0.546    1487.79     75.252     4.8450   7.530615  0.000e+00
     74.235     9.2068    34.6515    26.8106 1.4652e-01    -0.0120      0.549    1487.79     75.245     4.8446   7.530615  0.000e+00
     74.271     9.2059    34.6524    26.8114 1.4652e-01    -0.0120      0.549    1487.79     75.239     4.8443   7.530616  0.000e+00
     74.282     9.2058    34.6524    26.8114 1.4652e-01    -0.0120      0.546    1487.79     75.234     4.8439   7.530616  0.000e+00
     74.295     9.2057    34.6522    26.8113 1.4652e-01    -0.0120      0.542    1487.79     75.229     4.8436   7.530617  0.000e+00
     74.315     9.2062    34.6519    26.8110 1.4652e-01    -0.0120      0.538    1487.79     75.231     4.8437   7.530617  0.000e+00
     74.355     9.2064    34.6524    26.8113 1.4652e-01    -0.0120      0.542    1487.79     75.227     4.8434   7.530618  0.000e+00
     74.355     9.2072    34.6528    26.8115 1.4652e-01    -0.0120      0.553    1487.80     75.168     4.8395   7.530618  0.000e+00
     74.391     9.2076    34.6525    26.8112 1.4652e-01    -0.0120      0.549    1487.80     75.219     4.8428   7.530619  0.000e+00
     74.402     9.2081    34.6529    26.8114 1.4652e-01    -0.0120      0.546    1487.80     75.216     4.8425   7.530619  0.000e+00
     74.415     9.2089    34.6522    26.8107 1.4652e-01    -0.0120      0.538    1487.80     75.214     4.8423   7.530620  0.000e+00
     74.448     9.2090    34.6515    26.8102 1.4652e-01    -0.0120      0.535    1487.80     75.211     4.8421   7.530620  0.000e+00
     74.464     9.2089    34.6519    26.8105 1.4652e-01    -0.0120      0.535    1487.80     75.209     4.8420   7.530621  0.000e+00
     74.487     9.2086    34.6521    26.8107 1.4652e-01    -0.0120      0.546    1487.80     75.207     4.8419   7.530621  0.000e+00
     74.500     9.2095    34.6505    26.8093 1.4652e-01    -0.0120      0.564    1487.81     75.206     4.8418   7.530622  0.000e+00
     74.525     9.2099    34.6492    26.8083 1.4652e-01    -0.0120      0.575    1487.81     75.204     4.8417   7.530622  0.000e+00
     74.544     9.2081    34.6500    26.8092 1.4652e-01    -0.0120      0.586    1487.80     75.204     4.8418   7.530623  0.000e+00
     74.572     9.2057    34.6510    26.8103 1.4652e-01    -0.0120      0.590    1487.79     75.203     4.8420   7.530623  0.000e+00
     74.585     9.2037    34.6528    26.8120 1.4652e-01    -0.0120      0.593    1487.79     75.203     4.8421   7.530624  0.000e+00
     74.596     9.2023    34.6543    26.8135 1.4652e-01    -0.0120      0.612    1487.79     75.203     4.8422   7.530624  0.000e+00
     74.596     9.2020    34.6546    26.8138 1.4652e-01    -0.0120      0.630    1487.79     75.203     4.8422   7.530625  0.000e+00
     74.676     9.2021    34.6542    26.8134 1.4652e-01    -0.0120      0.637    1487.79     75.142     4.8383   7.530625  0.000e+00
     74.670     9.2010    34.6549    26.8142 1.4652e-01    -0.0120      0.630    1487.78     75.136     4.8381   7.530625  0.000e+00
     74.681     9.2010    34.6553    26.8145 1.4652e-01    -0.0120      0.615    1487.78     75.131     4.8377   7.530626  0.000e+00
     74.717     9.2018    34.6547    26.8139 1.4652e-01    -0.0120      0.601    1487.79     75.188     4.8413   7.530626  0.000e+00
     74.725     9.2024    34.6539    26.8131 1.4652e-01    -0.0120      0.590    1487.79     75.129     4.8374   7.530627  0.000e+00
     74.766     9.2027    34.6532    26.8125 1.4652e-01    -0.0120      0.582    1487.79     75.187     4.8412   7.530627  0.000e+00
     74.777     9.2024    34.6531    26.8125 1.4652e-01    -0.0120      0.579    1487.79     75.128     4.8374   7.530628  0.000e+00
     74.790     9.2022    34.6534    26.8128 1.4652e-01    -0.0120      0.586    1487.79     75.125     4.8373   7.530628  0.000e+00
     74.810     9.2021    34.6534    26.8128 1.4652e-01    -0.0120      0.579    1487.79     75.123     4.8371   7.530629  0.000e+00
     74.837     9.2018    34.6531    26.8126 1.4652e-01    -0.0120      0.579    1487.79     75.121     4.8371   7.530629  0.000e+00
