RAWDATA/20190107/VT10_20190107.cnv
* Sea-Bird SBE 9 Data File:
* FileName = C:\CTD Brukere\NIVA\OKOKYST2019\20190107\VT10_20190107.hex
* Software Version Seasave V 7.23.2
* Temperature SN = 5352
* Conductivity SN = 3840
* Number of Bytes Per Scan = 28
* Number of Voltage Words = 4
* Number of Scans Averaged by the Deck Unit = 1
* NMEA baud rate = 4800
** Ship: R/V Trygve Braarud
** Cruise:
** Station:
** Operator:
# nquan = 12
# nvalues = 10672                                 
# units = specified
# name 0 = depSM: Depth [salt water, m], lat = 59.60
# name 1 = potemp090C: Potential Temperature [ITS-90, deg C]
# name 2 = sal00: Salinity, Practical [PSU]
# name 3 = sigma-t00: Density [sigma-t, kg/m^3 ]
# name 4 = flSP: Fluorescence, Seapoint
# name 5 = wetStar: Fluorescence, WET Labs WETstar [mg/m^3]
# name 6 = seaTurbMtr: Turbidity, Seapoint [FTU]
# name 7 = svCM: Sound Velocity [Chen-Millero, m/s]
# name 8 = sbeox0PS: Oxygen, SBE 43 [% saturation]
# name 9 = sbeox0ML/L: Oxygen, SBE 43 [ml/l]
# name 10 = timeJ: Julian Days
# name 11 = flag:  0.000e+00
# span 0 =     -0.046,    191.422                 
# span 1 =     4.9272,     9.5606                 
# span 2 =    27.7929,    34.8746                 
# span 3 =    21.9522,    27.2995                 
# span 4 = 1.3431e-01, 3.7851e-01                 
# span 5 =    -0.0120,     0.4471                 
# span 6 =      0.476,      1.487                 
# span 7 =    1461.56,    1488.29                 
# span 8 =     56.388,     89.006                 
# span 9 =     3.7972,     6.2925                 
# span 10 =   7.528657,   7.533804                
# span 11 = 0.0000e+00, 0.0000e+00                
# interval = seconds: 0.0416667
# start_time = Jan 07 2019 12:41:16 [System UpLoad Time]
# bad_flag = -9.990e-29
*END*
[from data line 5895]
    113.451     8.4390    34.7064    26.9747 1.4652e-01     0.0027      0.777    1485.69     70.042     4.5849   7.531500  0.000e+00
    113.451     8.4355    34.7086    26.9769 1.4652e-01     0.0039      0.799    1485.68     70.042     4.5852   7.531501  0.000e+00
    113.476     8.4321    34.7105    26.9790 1.4652e-01     0.0039      0.762    1485.67     70.037     4.5851   7.531501  0.000e+00
    113.500     8.4321    34.7093    26.9781 1.4652e-01     0.0027      0.718    1485.66     70.040     4.5854   7.531502  0.000e+00
    113.513     8.4317    34.7084    26.9773 1.4652e-01     0.0027      0.674    1485.66     70.037     4.5853   7.531502  0.000e+00
    113.536     8.4308    34.7079    26.9772 1.4652e-01     0.0027      0.637    1485.66     69.974     4.5813   7.531503  0.000e+00
    113.561     8.4286    34.7087    26.9781 1.4652e-01     0.0063      0.608    1485.65     70.030     4.5851   7.531503  0.000e+00
    113.574     8.4279    34.7077    26.9774 1.4652e-01     0.0063      0.593    1485.65     69.970     4.5813   7.531504  0.000e+00
    113.585     8.4271    34.7078    26.9776 1.4652e-01     0.0051      0.586    1485.65     69.959     4.5807   7.531504  0.000e+00
    113.610     8.4272    34.7063    26.9764 1.4652e-01     0.0027      0.586    1485.64     69.950     4.5801   7.531505  0.000e+00
    113.626     8.4273    34.7043    26.9748 1.4652e-01     0.0002      0.579    1485.64     69.943     4.5797   7.531505  0.000e+00
    113.646     8.4260    34.7031    26.9741 1.4652e-01     0.0014      0.579    1485.64     69.937     4.5794   7.531506  0.000e+00
    113.670     8.4247    34.7023    26.9737 1.4652e-01     0.0039      0.575    1485.63     69.932     4.5793   7.531506  0.000e+00
    113.683     8.4231    34.7031    26.9746 1.4652e-01     0.0039      0.571    1485.63     69.936     4.5797   7.531507  0.000e+00
    113.706     8.4221    34.7040    26.9754 1.4652e-01     0.0039      0.568    1485.62     69.873     4.5756   7.531507  0.000e+00
    113.719     8.4218    34.7037    26.9752 1.4652e-01     0.0027      0.564    1485.62     69.928     4.5793   7.531508  0.000e+00
    113.744     8.4214    34.7033    26.9750 1.4652e-01     0.0027      0.560    1485.62     69.868     4.5754   7.531508  0.000e+00
    113.755     8.4201    34.7037    26.9755 1.4652e-01     0.0039      0.560    1485.62     69.857     4.5748   7.531508  0.000e+00
    113.780     8.4187    34.7046    26.9764 1.4652e-01     0.0039      0.560    1485.61     69.855     4.5748   7.531509  0.000e+00
    113.796     8.4178    34.7052    26.9770 1.4652e-01     0.0002      0.560    1485.61     69.855     4.5749   7.531509  0.000e+00
    113.804     8.4161    34.7054    26.9774 1.4652e-01     0.0014      0.560    1485.61     69.857     4.5752   7.531510  0.000e+00
    113.829     8.4149    34.7049    26.9772 1.4652e-01     0.0027      0.564    1485.60     69.861     4.5755   7.531510  0.000e+00
    113.853     8.4149    34.7047    26.9770 1.4652e-01     0.0039      0.560    1485.60     69.866     4.5759   7.531511  0.000e+00
    113.878     8.4158    34.7033    26.9758 1.4652e-01     0.0051      0.557    1485.60     69.803     4.5717   7.531511  0.000e+00
    113.889     8.4162    34.7025    26.9751 1.4652e-01     0.0051      0.557    1485.60     69.860     4.5754   7.531512  0.000e+00
    113.889     8.4155    34.7034    26.9759 1.4652e-01     0.0039      0.564    1485.60     69.800     4.5716   7.531512  0.000e+00
    113.930     8.4150    34.7031    26.9758 1.4652e-01     0.0039      0.568    1485.60     69.798     4.5715   7.531513  0.000e+00
    113.938     8.4145    34.7030    26.9758 1.4652e-01     0.0014      0.571    1485.60     69.797     4.5715   7.531513  0.000e+00
    113.963     8.4142    34.7030    26.9758 1.4652e-01     0.0027      0.579    1485.60     69.798     4.5716   7.531514  0.000e+00
    113.987     8.4137    34.7039    26.9766 1.4652e-01     0.0039      0.575    1485.60     69.801     4.5718   7.531514  0.000e+00
    113.999     8.4132    34.7046    26.9772 1.4652e-01     0.0014      0.571    1485.60     69.806     4.5721   7.531515  0.000e+00
    114.010     8.4130    34.7048    26.9775 1.4652e-01     0.0002      0.568    1485.60     69.874     4.5766   7.531515  0.000e+00
    114.035     8.4118    34.7056    26.9783 1.4652e-01     0.0014      0.571    1485.59     69.828     4.5737   7.531516  0.000e+00
    114.023     8.4108    34.7063    26.9789 1.4652e-01     0.0027      0.571    1485.59     69.830     4.5739   7.531516  0.000e+00
    114.100     8.4111    34.7062    26.9788 1.4652e-01     0.0014      0.575    1485.59     69.834     4.5741   7.531517  0.000e+00
    114.095     8.4115    34.7067    26.9791 1.4652e-01     0.0014      0.571    1485.59     69.839     4.5744   7.531517  0.000e+00
    114.120     8.4119    34.7083    26.9803 1.4652e-01     0.0051      0.571    1485.60     69.846     4.5748   7.531518  0.000e+00
    114.133     8.4148    34.7084    26.9800 1.4652e-01     0.0051      0.571    1485.61     69.854     4.5750   7.531518  0.000e+00
    114.144     8.4163    34.7095    26.9806 1.4652e-01     0.0039      0.579    1485.62     69.864     4.5754   7.531519  0.000e+00
    114.169     8.4184    34.7085    26.9795 1.4652e-01     0.0027      0.579    1485.62     69.875     4.5760   7.531519  0.000e+00
    114.196     8.4212    34.7049    26.9762 1.4652e-01     0.0014      0.575    1485.63     69.888     4.5766   7.531520  0.000e+00
    114.204     8.4211    34.7003    26.9726 1.4652e-01     0.0014      0.571    1485.62     69.894     4.5772   7.531520  0.000e+00
    114.229     8.4193    34.6995    26.9723 1.4652e-01     0.0002      0.568    1485.62     69.902     4.5780   7.531521  0.000e+00
    114.253     8.4146    34.7023    26.9752 1.4652e-01     0.0014      0.568    1485.60     69.912     4.5790   7.531521  0.000e+00
    114.267     8.4120    34.7025    26.9758 1.4652e-01     0.0014      0.564    1485.59     69.923     4.5800   7.531522  0.000e+00
    114.303     8.4097    34.7023    26.9760 1.4652e-01     0.0027      0.568    1485.59     69.934     4.5810   7.531522  0.000e+00
    114.306     8.4068    34.7019    26.9761 1.4652e-01     0.0027      0.564    1485.57     69.947     4.5821   7.531522  0.000e+00
    114.338     8.4033    34.7031    26.9776 1.4652e-01     0.0027      0.564    1485.56     69.899     4.5793   7.531523  0.000e+00
    114.352     8.4012    34.7043    26.9789 1.4652e-01     0.0027      0.560    1485.56     69.970     4.5841   7.531523  0.000e+00
    114.363     8.4015    34.7041    26.9787 1.4652e-01     0.0014      0.557    1485.56     69.979     4.5847   7.531524  0.000e+00
    114.399     8.4011    34.7048    26.9793 1.4652e-01     0.0039      0.564    1485.56     69.927     4.5813   7.531524  0.000e+00
    114.412     8.4020    34.7038    26.9783 1.4652e-01     0.0039      0.568    1485.56     69.931     4.5815   7.531525  0.000e+00
    114.427     8.4026    34.7022    26.9770 1.4652e-01     0.0051      0.571    1485.56     69.999     4.5859   7.531525  0.000e+00
    114.461     8.4008    34.7025    26.9775 1.4652e-01     0.0051      0.571    1485.56     70.012     4.5870   7.531526  0.000e+00
    114.472     8.3980    34.7043    26.9794 1.4652e-01     0.0002      0.575    1485.55     70.019     4.5877   7.531526  0.000e+00
    114.484     8.3971    34.7063    26.9810 1.4652e-01     0.0002      0.597    1485.55     69.972     4.5846   7.531527  0.000e+00
    114.508     8.3990    34.7058    26.9803 1.4652e-01     0.0014      0.656    1485.55     69.973     4.5845   7.531527  0.000e+00
    114.536     8.3981    34.7055    26.9803 1.4652e-01     0.0027      0.678    1485.55     70.038     4.5888   7.531528  0.000e+00
    114.557     8.3939    34.7058    26.9812 1.4652e-01     0.0027      0.652    1485.54     69.986     4.5859   7.531528  0.000e+00
    114.569     8.3892    34.7047    26.9810 1.4652e-01     0.0027      0.623    1485.52     70.052     4.5907   7.531529  0.000e+00
    114.593     8.3859    34.7041    26.9811 1.4652e-01     0.0027      0.601    1485.50     70.002     4.5878   7.531529  0.000e+00
    114.618     8.3830    34.7054    26.9825 1.4652e-01     0.0051      0.582    1485.50     70.070     4.5925   7.531530  0.000e+00
    114.646     8.3804    34.7089    26.9857 1.4652e-01     0.0088      0.571    1485.49     70.021     4.5895   7.531530  0.000e+00
    114.667     8.3833    34.7101    26.9861 1.4652e-01     0.0075      0.564    1485.50     70.020     4.5891   7.531531  0.000e+00
    114.667     8.3894    34.7077    26.9834 1.4652e-01     0.0063      0.560    1485.52     70.027     4.5890   7.531531  0.000e+00
    114.716     8.3934    34.7050    26.9806 1.4652e-01     0.0051      0.557    1485.54     70.028     4.5887   7.531532  0.000e+00
    114.727     8.3928    34.7045    26.9803 1.4652e-01     0.0051      0.557    1485.53     70.029     4.5888   7.531532  0.000e+00
    114.744     8.3907    34.7053    26.9813 1.4652e-01     0.0051      0.560    1485.53     70.031     4.5892   7.531533  0.000e+00
    114.763     8.3896    34.7049    26.9811 1.4652e-01     0.0063      0.560    1485.52     70.034     4.5895   7.531533  0.000e+00
    114.801     8.3881    34.7066    26.9827 1.4652e-01     0.0075      0.564    1485.52     70.037     4.5898   7.531534  0.000e+00
    114.812     8.3875    34.7087    26.9844 1.4652e-01     0.0088      0.568    1485.52     70.041     4.5900   7.531534  0.000e+00
    114.840     8.3875    34.7094    26.9850 1.5873e-01     0.0088      0.568    1485.52     70.046     4.5903   7.531535  0.000e+00
    114.861     8.3885    34.7091    26.9846 1.4652e-01     0.0075      0.568    1485.52     70.043     4.5901   7.531535  0.000e+00
    114.886     8.3892    34.7080    26.9836 1.4652e-01     0.0063      0.564    1485.53     70.048     4.5904   7.531535  0.000e+00
    114.897     8.3897    34.7067    26.9825 1.4652e-01     0.0063      0.560    1485.53     70.047     4.5902   7.531536  0.000e+00
    114.897     8.3900    34.7055    26.9815 1.5873e-01     0.0051      0.564    1485.53     70.045     4.5901   7.531536  0.000e+00
    114.974     8.3901    34.7057    26.9817 1.4652e-01     0.0051      0.571    1485.53     70.045     4.5901   7.531537  0.000e+00
    114.971     8.3902    34.7070    26.9827 1.4652e-01     0.0075      0.579    1485.53     70.044     4.5900   7.531537  0.000e+00
    114.995     8.3911    34.7077    26.9831 1.4652e-01     0.0075      0.579    1485.54     69.981     4.5858   7.531538  0.000e+00
    115.007     8.3932    34.7059    26.9813 1.4652e-01     0.0088      0.579    1485.54     70.036     4.5892   7.531538  0.000e+00
    115.035     8.3927    34.7030    26.9792 1.4652e-01     0.0075      0.575    1485.54     70.044     4.5899   7.531539  0.000e+00
    115.056     8.3907    34.7007    26.9776 1.4652e-01     0.0075      0.579    1485.53     70.045     4.5902   7.531539  0.000e+00
    115.067     8.3870    34.7025    26.9797 1.4652e-01     0.0075      0.579    1485.51     70.047     4.5907   7.531540  0.000e+00
    115.105     8.3858    34.7050    26.9817 1.4652e-01     0.0075      0.579    1485.51     70.049     4.5908   7.531540  0.000e+00
    115.119     8.3876    34.7061    26.9824 1.4652e-01     0.0063      0.579    1485.52     70.051     4.5907   7.531541  0.000e+00
    115.141     8.3899    34.7053    26.9814 1.4652e-01     0.0063      0.571    1485.53     70.053     4.5907   7.531541  0.000e+00
    115.177     8.3914    34.7048    26.9808 1.4652e-01     0.0075      0.568    1485.54     69.993     4.5866   7.531542  0.000e+00
    115.177     8.3919    34.7040    26.9801 1.4652e-01     0.0075      0.571    1485.54     69.989     4.5863   7.531542  0.000e+00
    115.204     8.3916    34.7038    26.9799 1.4652e-01     0.0075      0.575    1485.54     69.986     4.5861   7.531543  0.000e+00
    115.239     8.3912    34.7042    26.9803 1.4652e-01     0.0051      0.575    1485.53     69.983     4.5860   7.531543  0.000e+00
    115.250     8.3910    34.7042    26.9803 1.4652e-01     0.0063      0.575    1485.53     69.981     4.5859   7.531544  0.000e+00
    115.265     8.3908    34.7037    26.9799 1.4652e-01     0.0063      0.575    1485.53     69.979     4.5858   7.531544  0.000e+00
    115.299     8.3903    34.7036    26.9800 1.4652e-01     0.0051      0.579    1485.53     69.978     4.5858   7.531545  0.000e+00
    115.311     8.3900    34.7032    26.9797 1.4652e-01     0.0063      0.575    1485.53     69.915     4.5817   7.531545  0.000e+00
    115.335     8.3892    34.7037    26.9802 1.4652e-01     0.0027      0.571    1485.53     69.971     4.5854   7.531546  0.000e+00
    115.363     8.3882    34.7041    26.9807 1.5873e-01     0.0014      0.575    1485.53     69.910     4.5815   7.531546  0.000e+00
    115.384     8.3884    34.7034    26.9801 1.4652e-01     0.0014      0.586    1485.53     69.897     4.5807   7.531547  0.000e+00
    115.396     8.3887    34.7023    26.9792 1.4652e-01     0.0027      0.590    1485.53     69.892     4.5804   7.531547  0.000e+00
    115.420     8.3881    34.7029    26.9798 1.4652e-01     0.0027      0.586    1485.52     69.889     4.5802   7.531548  0.000e+00
    115.448     8.3874    34.7037    26.9805 1.4652e-01     0.0027      0.593    1485.52     69.878     4.5795   7.531548  0.000e+00
    115.456     8.3884    34.7034    26.9801 1.4652e-01     0.0039      0.608    1485.53     69.868     4.5788   7.531549  0.000e+00
    115.481     8.3881    34.7037    26.9804 1.4652e-01     0.0027      0.615    1485.53     69.867     4.5787   7.531549  0.000e+00
    115.508     8.3873    34.7045    26.9811 1.4652e-01     0.0039      0.608    1485.53     69.804     4.5746   7.531549  0.000e+00
    115.518     8.3863    34.7031    26.9802 1.4652e-01     0.0027      0.604    1485.52     69.797     4.5743   7.531550  0.000e+00
    115.554     8.3832    34.6999    26.9782 1.4652e-01     0.0027      0.597    1485.51     69.784     4.5739   7.531550  0.000e+00
    115.569     8.3808    34.6964    26.9757 1.4652e-01     0.0014      0.597    1485.49     69.772     4.5735   7.531551  0.000e+00
    115.579     8.3732    34.6991    26.9790 1.4652e-01     0.0039      0.593    1485.47     69.769     4.5739   7.531551  0.000e+00
    115.615     8.3649    34.7025    26.9830 1.4652e-01     0.0039      0.590    1485.44     69.759     4.5741   7.531552  0.000e+00
    115.628     8.3620    34.7033    26.9841 1.4652e-01     0.0039      0.586    1485.43     69.696     4.5702   7.531552  0.000e+00
    115.654     8.3652    34.7028    26.9832 1.4652e-01     0.0051      0.575    1485.44     69.681     4.5689   7.531553  0.000e+00
    115.664     8.3684    34.7044    26.9840 1.4652e-01     0.0051      0.571    1485.46     69.674     4.5681   7.531553  0.000e+00
    115.688     8.3712    34.7044    26.9835 1.4652e-01     0.0014      0.568    1485.47     69.662     4.5670   7.531554  0.000e+00
    115.703     8.3720    34.7037    26.9829 1.4652e-01    -0.0010      0.571    1485.47     69.651     4.5662   7.531554  0.000e+00
    115.724     8.3692    34.7055    26.9847 1.4652e-01     0.0014      0.582    1485.46     69.641     4.5658   7.531555  0.000e+00
    115.749     8.3684    34.7051    26.9845 1.4652e-01     0.0027      0.586    1485.46     69.633     4.5653   7.531555  0.000e+00
    115.775     8.3680    34.7048    26.9844 1.4652e-01     0.0051      0.582    1485.46     69.563     4.5608   7.531556  0.000e+00
    115.785     8.3666    34.7061    26.9856 1.4652e-01     0.0039      0.579    1485.45     69.550     4.5600   7.531556  0.000e+00
    115.822     8.3659    34.7047    26.9846 1.4652e-01     0.0039      0.575    1485.45     69.539     4.5594   7.531557  0.000e+00
    115.824     8.3646    34.7024    26.9830 1.4652e-01     0.0051      0.579    1485.44     69.528     4.5589   7.531557  0.000e+00
    115.845     8.3613    34.7006    26.9821 1.4652e-01     0.0039      0.582    1485.43     69.520     4.5588   7.531558  0.000e+00
