RAWDATA/20190107/VT10_20190107.cnv
* Sea-Bird SBE 9 Data File:
* FileName = C:\CTD Brukere\NIVA\OKOKYST2019\20190107\VT10_20190107.hex
* Software Version Seasave V 7.23.2
* Temperature SN = 5352
* Conductivity SN = 3840
* Number of Bytes Per Scan = 28
* Number of Voltage Words = 4
* Number of Scans Averaged by the Deck Unit = 1
* NMEA baud rate = 4800
** Ship: R/V Trygve Braarud
** Cruise:
** Station:
** Operator:
# nquan = 12
# nvalues = 10672                                 
# units = specified
# name 0 = depSM: Depth [salt water, m], lat = 59.60
# name 1 = potemp090C: Potential Temperature [ITS-90, deg C]
# name 2 = sal00: Salinity, Practical [PSU]
# name 3 = sigma-t00: Density [sigma-t, kg/m^3 ]
# name 4 = flSP: Fluorescence, Seapoint
# name 5 = wetStar: Fluorescence, WET Labs WETstar [mg/m^3]
# name 6 = seaTurbMtr: Turbidity, Seapoint [FTU]
# name 7 = svCM: Sound Velocity [Chen-Millero, m/s]
# name 8 = sbeox0PS: Oxygen, SBE 43 [% saturation]
# name 9 = sbeox0ML/L: Oxygen, SBE 43 [ml/l]
# name 10 = timeJ: Julian Days
# name 11 = flag:  0.000e+00
# span 0 =     -0.046,    191.422                 
# span 1 =     4.9272,     9.5606                 
# span 2 =    27.7929,    34.8746                 
# span 3 =    21.9522,    27.2995                 
# span 4 = 1.3431e-01, 3.7851e-01                 
# span 5 =    -0.0120,     0.4471                 
# span 6 =      0.476,      1.487                 
# span 7 =    1461.56,    1488.29                 
# span 8 =     56.388,     89.006                 
# span 9 =     3.7972,     6.2925                 
# span 10 =   7.528657,   7.533804                
# span 11 = 0.0000e+00, 0.0000e+00                
# interval = seconds: 0.0416667
# start_time = Jan 07 2019 12:41:16 [System UpLoad Time]
# bad_flag = -9.990e-29
*END*
[from data line 241]
      0.014     4.9664    27.9361    22.0835 2.6862e-01     0.4178      0.604    1461.60     73.970     5.4898   7.528774  0.000e+00
      0.002     4.9683    27.9303    22.0787 2.6862e-01     0.4154      0.608    1461.60     73.910     5.4853   7.528774  0.000e+00
     -0.009     4.9706    27.9295    22.0779 2.6862e-01     0.4141      0.608    1461.61     73.911     5.4851   7.528775  0.000e+00
     -0.011     4.9726    27.9281    22.0766 2.6862e-01     0.4154      0.612    1461.62     73.847     5.4802   7.528775  0.000e+00
     -0.022     4.9752    27.9231    22.0724 2.6862e-01     0.4154      0.615    1461.62     73.835     5.4791   7.528776  0.000e+00
     -0.009     4.9761    27.9243    22.0733 2.6862e-01     0.4141      0.623    1461.63     73.768     5.4739   7.528776  0.000e+00
      0.002     4.9777    27.9220    22.0713 2.6862e-01     0.4141      0.623    1461.63     73.761     5.4733   7.528777  0.000e+00
     -0.011     4.9785    27.9191    22.0689 2.6862e-01     0.4154      0.623    1461.63     73.698     5.4686   7.528777  0.000e+00
     -0.009     4.9789    27.9215    22.0708 2.6862e-01     0.4178      0.619    1461.64     73.687     5.4677   7.528777  0.000e+00
      0.002     4.9794    27.9191    22.0688 2.6862e-01     0.4178      0.615    1461.63     73.621     5.4628   7.528778  0.000e+00
     -0.009     4.9796    27.9178    22.0677 2.6862e-01     0.4190      0.615    1461.63     73.616     5.4625   7.528778  0.000e+00
      0.001     4.9796    27.9201    22.0696 2.6862e-01     0.4202      0.619    1461.64     73.547     5.4572   7.528779  0.000e+00
     -0.009     4.9797    27.9185    22.0683 2.6862e-01     0.4215      0.619    1461.63     73.538     5.4566   7.528779  0.000e+00
     -0.009     4.9793    27.9210    22.0703 2.6862e-01     0.4227      0.615    1461.64     73.466     5.4512   7.528780  0.000e+00
      0.001     4.9791    27.9247    22.0733 2.6862e-01     0.4202      0.615    1461.64     73.454     5.4503   7.528780  0.000e+00
      0.002     4.9789    27.9256    22.0740 2.5641e-01     0.4227      0.612    1461.64     73.387     5.4453   7.528781  0.000e+00
      0.002     4.9788    27.9282    22.0760 2.6862e-01     0.4215      0.608    1461.64     73.373     5.4442   7.528781  0.000e+00
      0.002     4.9783    27.9306    22.0781 2.6862e-01     0.4202      0.608    1461.64     73.304     5.4390   7.528782  0.000e+00
      0.001     4.9780    27.9306    22.0780 2.6862e-01     0.4227      0.608    1461.64     73.224     5.4331   7.528782  0.000e+00
      0.002     4.9777    27.9327    22.0797 2.6862e-01     0.4239      0.604    1461.64     73.207     5.4318   7.528783  0.000e+00
      0.002     4.9773    27.9326    22.0797 2.6862e-01     0.4227      0.608    1461.64     73.196     5.4311   7.528783  0.000e+00
     -0.009     4.9769    27.9304    22.0780 2.6862e-01     0.4227      0.604    1461.64     73.121     5.4256   7.528784  0.000e+00
      0.001     4.9761    27.9319    22.0793 2.6862e-01     0.4227      0.604    1461.64     73.046     5.4201   7.528784  0.000e+00
      0.002     4.9756    27.9290    22.0770 2.8083e-01     0.4251      0.601    1461.63     73.032     5.4192   7.528785  0.000e+00
      0.002     4.9750    27.9273    22.0758 3.0525e-01     0.4251      0.601    1461.63     72.963     5.4143   7.528785  0.000e+00
     -0.024     4.9750    27.9271    22.0756 3.4188e-01     0.4251      0.601    1461.63     72.948     5.4132   7.528786  0.000e+00
      0.014     4.9752    27.9239    22.0730 3.2967e-01     0.4239      0.601    1461.62     72.941     5.4127   7.528786  0.000e+00
     -0.009     4.9755    27.9222    22.0716 3.0525e-01     0.4251      0.604    1461.62     72.869     5.4074   7.528787  0.000e+00
      0.002     4.9761    27.9190    22.0690 2.9304e-01     0.4239      0.604    1461.62     72.798     5.4022   7.528787  0.000e+00
     -0.011     4.9767    27.9144    22.0654 2.8083e-01     0.4263      0.604    1461.62     72.788     5.4015   7.528788  0.000e+00
      0.002     4.9778    27.9135    22.0645 2.8083e-01     0.4263      0.604    1461.62     72.778     5.4006   7.528788  0.000e+00
     -0.022     4.9781    27.9116    22.0630 2.8083e-01     0.4251      0.608    1461.62     72.712     5.3958   7.528789  0.000e+00
      0.002     4.9788    27.9099    22.0616 2.8083e-01     0.4239      0.608    1461.62     72.638     5.3903   7.528789  0.000e+00
     -0.011     4.9796    27.9120    22.0632 2.6862e-01     0.4263      0.615    1461.63     72.563     5.3846   7.528790  0.000e+00
     -0.009     4.9813    27.9091    22.0607 2.5641e-01     0.4263      0.619    1461.63     72.614     5.3882   7.528790  0.000e+00
     -0.022     4.9829    27.9085    22.0601 2.6862e-01     0.4276      0.630    1461.63     72.555     5.3836   7.528791  0.000e+00
     -0.009     4.9837    27.9119    22.0627 2.6862e-01     0.4300      0.630    1461.64     72.551     5.3831   7.528791  0.000e+00
     -0.011     4.9838    27.9127    22.0633 2.5641e-01     0.4312      0.626    1461.64     72.554     5.3833   7.528791  0.000e+00
     -0.022     4.9846    27.9151    22.0651 2.5641e-01     0.4300      0.623    1461.65     72.494     5.3787   7.528792  0.000e+00
     -0.009     4.9852    27.9173    22.0668 2.5641e-01     0.4300      0.626    1461.66     72.497     5.3787   7.528792  0.000e+00
     -0.011     4.9864    27.9166    22.0661 2.5641e-01     0.4300      0.634    1461.66     72.444     5.3747   7.528793  0.000e+00
     -0.009     4.9868    27.9192    22.0681 2.5641e-01     0.4300      0.630    1461.67     72.446     5.3746   7.528793  0.000e+00
     -0.022     4.9859    27.9216    22.0702 2.5641e-01     0.4276      0.630    1461.66     72.393     5.3707   7.528794  0.000e+00
     -0.009     4.9844    27.9237    22.0719 2.6862e-01     0.4288      0.626    1461.66     72.394     5.3709   7.528794  0.000e+00
     -0.011     4.9833    27.9269    22.0746 2.6862e-01     0.4263      0.623    1461.66     72.403     5.3716   7.528795  0.000e+00
     -0.009     4.9818    27.9259    22.0740 2.6862e-01     0.4251      0.623    1461.65     72.357     5.3685   7.528795  0.000e+00
     -0.009     4.9810    27.9254    22.0737 2.8083e-01     0.4251      0.626    1461.65     72.366     5.3692   7.528796  0.000e+00
     -0.022     4.9801    27.9263    22.0745 2.8083e-01     0.4263      0.626    1461.65     72.382     5.3705   7.528796  0.000e+00
     -0.011     4.9791    27.9235    22.0724 2.8083e-01     0.4263      0.630    1461.64     72.335     5.3672   7.528797  0.000e+00
     -0.009     4.9789    27.9239    22.0727 2.9304e-01     0.4276      0.626    1461.64     72.350     5.3684   7.528797  0.000e+00
     -0.009     4.9788    27.9249    22.0735 3.1746e-01     0.4276      0.626    1461.64     72.301     5.3648   7.528798  0.000e+00
     -0.024     4.9788    27.9242    22.0729 3.2967e-01     0.4288      0.623    1461.64     72.315     5.3658   7.528798  0.000e+00
     -0.022     4.9789    27.9274    22.0754 3.0525e-01     0.4300      0.619    1461.64     72.329     5.3667   7.528799  0.000e+00
     -0.009     4.9785    27.9309    22.0782 3.1746e-01     0.4300      0.615    1461.65     72.287     5.3635   7.528799  0.000e+00
     -0.022     4.9786    27.9321    22.0792 3.5409e-01     0.4312      0.615    1461.65     72.299     5.3644   7.528800  0.000e+00
     -0.024     4.9788    27.9351    22.0815 3.6630e-01     0.4312      0.619    1461.65     72.319     5.3657   7.528800  0.000e+00
     -0.022     4.9785    27.9374    22.0834 3.4188e-01     0.4300      0.615    1461.65     72.275     5.3624   7.528801  0.000e+00
     -0.022     4.9785    27.9394    22.0850 3.0525e-01     0.4312      0.615    1461.66     72.230     5.3590   7.528801  0.000e+00
     -0.022     4.9780    27.9418    22.0869 2.9304e-01     0.4300      0.612    1461.66     72.239     5.3596   7.528802  0.000e+00
     -0.035     4.9774    27.9417    22.0869 2.8083e-01     0.4288      0.608    1461.65     72.255     5.3609   7.528802  0.000e+00
     -0.022     4.9766    27.9434    22.0883 2.8083e-01     0.4288      0.608    1461.65     72.208     5.3575   7.528803  0.000e+00
     -0.022     4.9756    27.9443    22.0892 2.8083e-01     0.4276      0.608    1461.65     72.223     5.3586   7.528803  0.000e+00
     -0.024     4.9752    27.9421    22.0875 2.6862e-01     0.4300      0.612    1461.65     72.174     5.3552   7.528804  0.000e+00
     -0.033     4.9745    27.9450    22.0898 2.8083e-01     0.4276      0.612    1461.65     72.187     5.3561   7.528804  0.000e+00
     -0.022     4.9741    27.9424    22.0878 2.6862e-01     0.4251      0.612    1461.64     72.137     5.3525   7.528804  0.000e+00
     -0.022     4.9734    27.9404    22.0862 2.6862e-01     0.4227      0.612    1461.64     72.148     5.3535   7.528805  0.000e+00
     -0.035     4.9734    27.9414    22.0870 2.5641e-01     0.4251      0.612    1461.64     72.158     5.3542   7.528805  0.000e+00
     -0.022     4.9731    27.9397    22.0858 2.5641e-01     0.4239      0.612    1461.63     72.167     5.3550   7.528806  0.000e+00
     -0.022     4.9726    27.9394    22.0855 2.5641e-01     0.4263      0.612    1461.63     72.120     5.3516   7.528806  0.000e+00
     -0.022     4.9730    27.9405    22.0863 2.5641e-01     0.4276      0.612    1461.63     72.135     5.3526   7.528807  0.000e+00
     -0.024     4.9736    27.9386    22.0848 2.5641e-01     0.4263      0.608    1461.63     72.086     5.3489   7.528807  0.000e+00
     -0.022     4.9752    27.9379    22.0841 2.5641e-01     0.4263      0.608    1461.64     72.027     5.3444   7.528808  0.000e+00
     -0.009     4.9767    27.9375    22.0837 2.5641e-01     0.4300      0.612    1461.65     72.029     5.3444   7.528808  0.000e+00
     -0.046     4.9793    27.9345    22.0810 2.5641e-01     0.4288      0.612    1461.65     72.030     5.3442   7.528809  0.000e+00
      0.027     4.9818    27.9340    22.0804 2.5641e-01     0.4312      0.612    1461.66     71.976     5.3399   7.528809  0.000e+00
     -0.022     4.9838    27.9331    22.0795 2.6862e-01     0.4324      0.612    1461.67     71.983     5.3402   7.528810  0.000e+00
     -0.022     4.9854    27.9333    22.0794 2.6862e-01     0.4300      0.612    1461.68     71.926     5.3358   7.528810  0.000e+00
      0.012     4.9863    27.9367    22.0820 2.6862e-01     0.4300      0.612    1461.69     71.923     5.3353   7.528811  0.000e+00
     -0.009     4.9868    27.9358    22.0813 2.6862e-01     0.4276      0.612    1461.69     71.863     5.3308   7.528811  0.000e+00
     -0.009     4.9867    27.9377    22.0828 2.5641e-01     0.4300      0.615    1461.69     71.865     5.3309   7.528812  0.000e+00
      0.002     4.9857    27.9380    22.0831 2.6862e-01     0.4300      0.615    1461.68     71.866     5.3311   7.528812  0.000e+00
      0.001     4.9854    27.9334    22.0795 2.6862e-01     0.4300      0.612    1461.68     71.802     5.3266   7.528813  0.000e+00
      0.002     4.9841    27.9339    22.0800 2.6862e-01     0.4300      0.608    1461.67     71.791     5.3259   7.528813  0.000e+00
     -0.009     4.9830    27.9322    22.0788 2.6862e-01     0.4300      0.608    1461.67     71.733     5.3218   7.528814  0.000e+00
      0.002     4.9827    27.9306    22.0776 2.6862e-01     0.4288      0.612    1461.66     71.727     5.3215   7.528814  0.000e+00
     -0.011     4.9832    27.9321    22.0787 2.8083e-01     0.4300      0.615    1461.67     71.729     5.3214   7.528815  0.000e+00
     -0.009     4.9848    27.9294    22.0764 2.8083e-01     0.4324      0.619    1461.67     71.674     5.3173   7.528815  0.000e+00
      0.002     4.9883    27.9265    22.0738 2.8083e-01     0.4337      0.623    1461.68     71.610     5.3122   7.528816  0.000e+00
      0.001     4.9910    27.9250    22.0723 2.8083e-01     0.4337      0.619    1461.69     71.607     5.3117   7.528816  0.000e+00
     -0.022     4.9939    27.9198    22.0679 2.6862e-01     0.4324      0.619    1461.69     71.603     5.3112   7.528817  0.000e+00
      0.002     4.9959    27.9196    22.0676 2.8083e-01     0.4312      0.615    1461.70     71.544     5.3065   7.528817  0.000e+00
     -0.009     4.9973    27.9193    22.0672 2.6862e-01     0.4312      0.615    1461.71     71.474     5.3012   7.528818  0.000e+00
      0.001     4.9989    27.9162    22.0646 2.6862e-01     0.4324      0.615    1461.71     71.467     5.3006   7.528818  0.000e+00
     -0.009     5.0000    27.9190    22.0667 2.8083e-01     0.4288      0.619    1461.72     71.404     5.2957   7.528818  0.000e+00
     -0.022     5.0014    27.9194    22.0669 2.8083e-01     0.4300      0.623    1461.73     71.394     5.2947   7.528819  0.000e+00
     -0.009     5.0021    27.9192    22.0667 2.8083e-01     0.4300      0.626    1461.73     71.392     5.2945   7.528819  0.000e+00
     -0.011     5.0017    27.9235    22.0701 2.8083e-01     0.4337      0.626    1461.73     71.334     5.2901   7.528820  0.000e+00
     -0.009     5.0010    27.9251    22.0715 2.8083e-01     0.4324      0.623    1461.73     71.330     5.2898   7.528820  0.000e+00
     -0.022     5.0005    27.9270    22.0730 2.9304e-01     0.4324      0.626    1461.73     71.270     5.2854   7.528821  0.000e+00
     -0.024     4.9987    27.9286    22.0744 3.0525e-01     0.4312      0.626    1461.73     71.263     5.2850   7.528821  0.000e+00
     -0.009     4.9959    27.9274    22.0738 3.2967e-01     0.4276      0.626    1461.71     71.202     5.2809   7.528822  0.000e+00
     -0.022     4.9936    27.9297    22.0758 3.1746e-01     0.4276      0.630    1461.71     71.202     5.2811   7.528822  0.000e+00
     -0.009     4.9917    27.9299    22.0762 3.0525e-01     0.4300      0.630    1461.70     71.138     5.2766   7.528823  0.000e+00
     -0.011     4.9904    27.9265    22.0736 2.9304e-01     0.4312      0.634    1461.69     71.199     5.2814   7.528823  0.000e+00
     -0.022     4.9895    27.9255    22.0729 2.8083e-01     0.4312      0.634    1461.68     71.150     5.2780   7.528824  0.000e+00
     -0.022     4.9907    27.9202    22.0686 2.8083e-01     0.4312      0.630    1461.68     71.092     5.2737   7.528824  0.000e+00
     -0.022     4.9929    27.9160    22.0650 2.6862e-01     0.4312      0.626    1461.69     71.087     5.2732   7.528825  0.000e+00
     -0.011     4.9947    27.9154    22.0644 2.6862e-01     0.4324      0.626    1461.69     71.027     5.2685   7.528825  0.000e+00
     -0.022     4.9958    27.9125    22.0620 2.6862e-01     0.4324      0.619    1461.69     71.028     5.2686   7.528826  0.000e+00
     -0.022     4.9965    27.9128    22.0622 2.6862e-01     0.4324      0.619    1461.70     70.966     5.2639   7.528826  0.000e+00
     -0.022     4.9969    27.9132    22.0624 2.6862e-01     0.4312      0.615    1461.70     70.966     5.2638   7.528827  0.000e+00
     -0.011     4.9975    27.9101    22.0599 2.6862e-01     0.4312      0.615    1461.70     70.965     5.2638   7.528827  0.000e+00
     -0.022     4.9976    27.9125    22.0618 2.6862e-01     0.4324      0.615    1461.70     70.909     5.2595   7.528828  0.000e+00
     -0.022     4.9978    27.9132    22.0623 2.6862e-01     0.4300      0.615    1461.70     70.906     5.2592   7.528828  0.000e+00
     -0.024     4.9976    27.9120    22.0614 2.6862e-01     0.4300      0.608    1461.70     70.910     5.2596   7.528829  0.000e+00
     -0.009     4.9975    27.9156    22.0643 2.6862e-01     0.4312      0.608    1461.70     70.859     5.2557   7.528829  0.000e+00
     -0.022     4.9980    27.9162    22.0647 2.6862e-01     0.4288      0.604    1461.71     70.869     5.2564   7.528830  0.000e+00
     -0.022     4.9980    27.9174    22.0657 2.6862e-01     0.4300      0.604    1461.71     70.816     5.2524   7.528830  0.000e+00
     -0.011     4.9978    27.9213    22.0688 2.6862e-01     0.4312      0.604    1461.71     70.825     5.2529   7.528831  0.000e+00
