RAWDATA/20190107/VT2_20190108_down.cnv
* Sea-Bird SBE 9 Data File:
* FileName = C:\CTD Brukere\NIVA\OKOKYST2019\20190107\VT2_20190108.hex
* Software Version Seasave V 7.23.2
* Temperature SN = 5352
* Conductivity SN = 3840
* Number of Bytes Per Scan = 28
* Number of Voltage Words = 4
* Number of Scans Averaged by the Deck Unit = 1
* NMEA baud rate = 4800
** Ship: R/V Trygve Braarud
** Cruise:
** Station:
** Operator:
# nquan = 12
# nvalues = 16306                                 
# units = specified
# name 0 = depSM: Depth [salt water, m], lat = 59.60
# name 1 = t090C: Temperature [ITS-90, deg C]
# name 2 = sal00: Salinity, Practical [PSU]
# name 3 = sigma-t00: Density [sigma-t, kg/m^3 ]
# name 4 = flSP: Fluorescence, Seapoint
# name 5 = wetStar: Fluorescence, WET Labs WETstar [mg/m^3]
# name 6 = seaTurbMtr: Turbidity, Seapoint [FTU]
# name 7 = svCM: Sound Velocity [Chen-Millero, m/s]
# name 8 = sbeox0PS: Oxygen, SBE 43 [% saturation]
# name 9 = sbeox0ML/L: Oxygen, SBE 43 [ml/l]
# name 10 = timeJ: Julian Days
# name 11 = flag:  0.000e+00
# span 0 =     -0.583,    298.623                 
# span 1 =     6.0027,     9.1868                 
# span 2 =    31.2146,    34.8628                 
# span 3 =    24.5182,    27.3001                 
# span 4 = 1.3431e-01, 6.7155e-01                 
# span 5 =     0.1200,     0.4997                 
# span 6 =      0.000,     15.000                 
# span 7 =    1470.41,    1487.22                 
# span 8 =     67.545,     87.810                 
# span 9 =     4.5560,     6.1719                 
# span 10 =   8.392535,   8.400398                
# span 11 = 0.0000e+00, 0.0000e+00                
# interval = seconds: 0.0416667
# start_time = Jan 08 2019 09:25:15 [System UpLoad Time]
# bad_flag = -9.990e-29
*END*
[from data line 6256]
    122.038     8.7226    34.7516    26.9678 1.4652e-01     0.1200      0.509    1486.90     76.208     4.9570   8.395552  0.000e+00
    122.061     8.7213    34.7520    26.9682 1.4652e-01     0.1200      0.505    1486.89     76.156     4.9538   8.395552  0.000e+00
    122.074     8.7199    34.7525    26.9689 1.4652e-01     0.1200      0.513    1486.89     76.163     4.9544   8.395553  0.000e+00
    122.110     8.7189    34.7525    26.9691 1.3431e-01     0.1200      0.516    1486.88     76.166     4.9546   8.395553  0.000e+00
    122.148     8.7180    34.7532    26.9697 1.4652e-01     0.1200      0.520    1486.88     76.171     4.9550   8.395554  0.000e+00
    122.159     8.7179    34.7534    26.9699 1.4652e-01     0.1200      0.527    1486.88     76.178     4.9555   8.395554  0.000e+00
    122.198     8.7178    34.7539    26.9703 1.3431e-01     0.1200      0.527    1486.88     76.119     4.9517   8.395555  0.000e+00
    122.208     8.7178    34.7535    26.9700 1.4652e-01     0.1200      0.531    1486.88     76.187     4.9561   8.395555  0.000e+00
    122.244     8.7179    34.7531    26.9697 1.3431e-01     0.1200      0.531    1486.88     76.133     4.9526   8.395556  0.000e+00
    122.269     8.7178    34.7532    26.9698 1.3431e-01     0.1200      0.527    1486.88     76.137     4.9529   8.395556  0.000e+00
    122.305     8.7172    34.7534    26.9700 1.3431e-01     0.1200      0.531    1486.88     76.082     4.9493   8.395557  0.000e+00
    122.318     8.7168    34.7530    26.9698 1.4652e-01     0.1200      0.535    1486.88     76.139     4.9531   8.395557  0.000e+00
    122.342     8.7163    34.7536    26.9703 1.4652e-01     0.1200      0.527    1486.88     76.081     4.9494   8.395557  0.000e+00
    122.378     8.7162    34.7538    26.9704 1.3431e-01     0.1200      0.520    1486.88     76.081     4.9494   8.395558  0.000e+00
    122.403     8.7159    34.7540    26.9707 1.4652e-01     0.1200      0.520    1486.88     76.084     4.9496   8.395558  0.000e+00
    122.439     8.7154    34.7538    26.9706 1.4652e-01     0.1200      0.524    1486.88     76.082     4.9495   8.395559  0.000e+00
    122.452     8.7147    34.7541    26.9709 1.4652e-01     0.1200      0.531    1486.88     76.027     4.9460   8.395559  0.000e+00
    122.488     8.7146    34.7535    26.9705 1.4652e-01     0.1200      0.538    1486.88     76.085     4.9499   8.395560  0.000e+00
    122.512     8.7137    34.7543    26.9712 1.3431e-01     0.1200      0.542    1486.87     76.029     4.9463   8.395560  0.000e+00
    122.537     8.7134    34.7544    26.9713 1.3431e-01     0.1200      0.542    1486.87     76.030     4.9464   8.395561  0.000e+00
    122.573     8.7131    34.7544    26.9714 1.4652e-01     0.1200      0.549    1486.87     76.034     4.9466   8.395561  0.000e+00
    122.597     8.7128    34.7545    26.9716 1.4652e-01     0.1200      0.549    1486.87     75.978     4.9431   8.395562  0.000e+00
    122.633     8.7122    34.7544    26.9716 1.4652e-01     0.1200      0.538    1486.87     75.973     4.9428   8.395562  0.000e+00
    122.646     8.7112    34.7544    26.9717 1.4652e-01     0.1200      0.531    1486.87     75.971     4.9428   8.395563  0.000e+00
    122.682     8.7107    34.7545    26.9719 1.3431e-01     0.1200      0.531    1486.87     75.971     4.9428   8.395563  0.000e+00
    122.707     8.7097    34.7550    26.9724 1.3431e-01     0.1200      0.531    1486.86     75.974     4.9431   8.395564  0.000e+00
    122.731     8.7092    34.7545    26.9721 1.3431e-01     0.1200      0.531    1486.86     75.918     4.9395   8.395564  0.000e+00
    122.756     8.7080    34.7546    26.9724 1.3431e-01     0.1200      0.535    1486.86     75.912     4.9392   8.395565  0.000e+00
    122.792     8.7071    34.7555    26.9732 1.4652e-01     0.1200      0.535    1486.86     75.909     4.9391   8.395565  0.000e+00
    122.816     8.7065    34.7558    26.9736 1.4652e-01     0.1200      0.531    1486.85     75.908     4.9391   8.395566  0.000e+00
    122.841     8.7062    34.7553    26.9732 1.3431e-01     0.1200      0.546    1486.85     75.910     4.9393   8.395566  0.000e+00
    122.864     8.7055    34.7560    26.9738 1.4652e-01     0.1200      0.586    1486.85     75.915     4.9397   8.395567  0.000e+00
    122.877     8.7047    34.7565    26.9744 1.4652e-01     0.1200      0.601    1486.85     75.915     4.9397   8.395567  0.000e+00
    122.913     8.7042    34.7559    26.9740 1.3431e-01     0.1200      0.586    1486.85     75.924     4.9404   8.395568  0.000e+00
    122.950     8.7036    34.7565    26.9746 1.4652e-01     0.1200      0.564    1486.85     75.867     4.9368   8.395568  0.000e+00
    122.962     8.7030    34.7566    26.9747 1.4652e-01     0.1200      0.553    1486.84     75.806     4.9328   8.395569  0.000e+00
    122.986     8.7032    34.7565    26.9746 1.3431e-01     0.1200      0.553    1486.85     75.926     4.9407   8.395569  0.000e+00
    122.998     8.7029    34.7565    26.9747 1.3431e-01     0.1200      0.549    1486.84     75.870     4.9370   8.395570  0.000e+00
    123.060     8.7028    34.7566    26.9747 1.4652e-01     0.1200      0.557    1486.85     75.871     4.9371   8.395570  0.000e+00
    123.060     8.7027    34.7565    26.9747 1.3431e-01     0.1200      0.564    1486.84     75.936     4.9414   8.395571  0.000e+00
    123.083     8.7022    34.7565    26.9748 1.4652e-01     0.1200      0.568    1486.84     75.886     4.9382   8.395571  0.000e+00
    123.106     8.7023    34.7564    26.9747 1.3431e-01     0.1200      0.560    1486.84     75.887     4.9382   8.395571  0.000e+00
    123.132     8.7018    34.7568    26.9750 1.4652e-01     0.1200      0.549    1486.84     75.834     4.9348   8.395572  0.000e+00
    123.156     8.7017    34.7570    26.9752 1.4652e-01     0.1200      0.542    1486.84     75.832     4.9347   8.395572  0.000e+00
    123.181     8.7018    34.7566    26.9749 1.4652e-01     0.1200      0.538    1486.84     75.832     4.9347   8.395573  0.000e+00
    123.192     8.7018    34.7570    26.9752 1.4652e-01     0.1200      0.531    1486.84     75.897     4.9389   8.395573  0.000e+00
    123.217     8.7017    34.7568    26.9751 1.4652e-01     0.1200      0.549    1486.84     75.847     4.9356   8.395574  0.000e+00
    123.241     8.7012    34.7570    26.9753 1.4652e-01     0.1200      0.568    1486.84     75.854     4.9362   8.395574  0.000e+00
    123.266     8.7012    34.7565    26.9750 1.4652e-01     0.1200      0.560    1486.84     75.863     4.9368   8.395575  0.000e+00
    123.277     8.7010    34.7568    26.9752 1.4652e-01     0.1200      0.546    1486.84     75.875     4.9376   8.395575  0.000e+00
    123.302     8.7009    34.7569    26.9753 1.4652e-01     0.1200      0.538    1486.84     75.820     4.9340   8.395576  0.000e+00
    123.315     8.7004    34.7567    26.9752 1.4652e-01     0.1200      0.535    1486.84     75.884     4.9382   8.395576  0.000e+00
    123.351     8.7002    34.7568    26.9753 1.4652e-01     0.1200      0.531    1486.84     75.958     4.9430   8.395577  0.000e+00
    123.376     8.6997    34.7573    26.9758 1.3431e-01     0.1200      0.531    1486.84     75.853     4.9363   8.395577  0.000e+00
    123.387     8.6995    34.7571    26.9757 1.4652e-01     0.1200      0.538    1486.84     75.862     4.9368   8.395578  0.000e+00
    123.412     8.6995    34.7572    26.9757 1.4652e-01     0.1200      0.538    1486.84     75.927     4.9411   8.395578  0.000e+00
    123.436     8.6996    34.7571    26.9757 1.4652e-01     0.1200      0.531    1486.84     75.947     4.9424   8.395579  0.000e+00
    123.457     8.6995    34.7567    26.9754 1.4652e-01     0.1200      0.524    1486.84     75.899     4.9393   8.395579  0.000e+00
    123.485     8.6991    34.7568    26.9755 1.4652e-01     0.1200      0.520    1486.84     75.908     4.9399   8.395580  0.000e+00
    123.497     8.6985    34.7568    26.9756 1.4652e-01     0.1200      0.516    1486.84     75.850     4.9362   8.395580  0.000e+00
    123.510     8.6980    34.7569    26.9757 1.4652e-01     0.1200      0.516    1486.84     75.856     4.9366   8.395581  0.000e+00
    123.559     8.6973    34.7555    26.9748 1.3431e-01     0.1200      0.524    1486.83     75.919     4.9409   8.395581  0.000e+00
    123.570     8.6927    34.7558    26.9757 1.4652e-01     0.1200      0.527    1486.82     75.867     4.9380   8.395582  0.000e+00
    123.595     8.6883    34.7582    26.9783 1.4652e-01     0.1200      0.531    1486.80     75.873     4.9387   8.395582  0.000e+00
    123.619     8.6875    34.7599    26.9798 1.4652e-01     0.1200      0.535    1486.80     75.880     4.9392   8.395583  0.000e+00
    123.631     8.6877    34.7595    26.9794 1.3431e-01     0.1200      0.549    1486.80     75.881     4.9393   8.395583  0.000e+00
    123.655     8.6861    34.7586    26.9790 1.4652e-01     0.1200      0.560    1486.80     75.892     4.9403   8.395584  0.000e+00
    123.691     8.6830    34.7589    26.9797 1.4652e-01     0.1200      0.557    1486.79     75.898     4.9410   8.395584  0.000e+00
    123.725     8.6806    34.7598    26.9808 1.3431e-01     0.1200      0.549    1486.78     75.906     4.9417   8.395584  0.000e+00
    123.740     8.6792    34.7603    26.9814 1.4652e-01     0.1200      0.546    1486.77     75.915     4.9424   8.395585  0.000e+00
    123.753     8.6780    34.7598    26.9812 1.4652e-01     0.1200      0.538    1486.77     75.919     4.9428   8.395585  0.000e+00
    123.789     8.6751    34.7596    26.9815 1.4652e-01     0.1200      0.535    1486.76     75.924     4.9435   8.395586  0.000e+00
    123.801     8.6729    34.7614    26.9833 1.4652e-01     0.1200      0.542    1486.75     75.930     4.9441   8.395586  0.000e+00
    123.838     8.6723    34.7619    26.9837 1.5873e-01     0.1200      0.549    1486.75     75.939     4.9447   8.395587  0.000e+00
    123.863     8.6714    34.7615    26.9835 1.5873e-01     0.1200      0.557    1486.75     75.886     4.9414   8.395587  0.000e+00
    123.899     8.6703    34.7619    26.9841 1.4652e-01     0.1200      0.546    1486.75     75.883     4.9413   8.395588  0.000e+00
    123.887     8.6690    34.7622    26.9845 1.4652e-01     0.1200      0.535    1486.74     75.881     4.9412   8.395588  0.000e+00
    123.992     8.6677    34.7624    26.9848 1.4652e-01     0.1200      0.549    1486.74     75.881     4.9414   8.395589  0.000e+00
    123.984     8.6666    34.7629    26.9854 1.4652e-01     0.1200      0.579    1486.73     75.882     4.9416   8.395589  0.000e+00
    124.008     8.6659    34.7631    26.9856 1.4652e-01     0.1200      0.571    1486.73     75.885     4.9418   8.395590  0.000e+00
    124.033     8.6650    34.7634    26.9860 1.3431e-01     0.1200      0.549    1486.73     75.827     4.9381   8.395590  0.000e+00
    124.069     8.6647    34.7639    26.9865 1.3431e-01     0.1200      0.538    1486.73     75.825     4.9381   8.395591  0.000e+00
    124.093     8.6644    34.7638    26.9864 1.4652e-01     0.1200      0.535    1486.73     75.826     4.9382   8.395591  0.000e+00
    124.118     8.6639    34.7633    26.9861 1.4652e-01     0.1200      0.527    1486.73     75.821     4.9379   8.395592  0.000e+00
    124.164     8.6628    34.7620    26.9853 1.3431e-01     0.1200      0.524    1486.72     75.810     4.9373   8.395592  0.000e+00
    124.192     8.6595    34.7622    26.9860 1.4652e-01     0.1200      0.527    1486.71     75.877     4.9421   8.395593  0.000e+00
    124.214     8.6570    34.7635    26.9874 1.3431e-01     0.1200      0.538    1486.70     75.822     4.9387   8.395593  0.000e+00
    124.239     8.6550    34.7647    26.9886 1.3431e-01     0.1200      0.549    1486.70     75.822     4.9389   8.395594  0.000e+00
    124.263     8.6539    34.7652    26.9892 1.4652e-01     0.1200      0.557    1486.69     75.832     4.9396   8.395594  0.000e+00
    124.313     8.6533    34.7652    26.9893 1.4652e-01     0.1200      0.553    1486.69     75.836     4.9400   8.395595  0.000e+00
    124.334     8.6524    34.7656    26.9898 1.4652e-01     0.1200      0.549    1486.69     75.841     4.9404   8.395595  0.000e+00
    124.386     8.6517    34.7657    26.9900 1.4652e-01     0.1200      0.549    1486.69     75.841     4.9405   8.395596  0.000e+00
    124.409     8.6511    34.7658    26.9901 1.4652e-01     0.1200      0.549    1486.69     75.841     4.9406   8.395596  0.000e+00
    124.434     8.6509    34.7658    26.9901 1.4652e-01     0.1200      0.549    1486.69     75.843     4.9407   8.395597  0.000e+00
    124.483     8.6506    34.7656    26.9900 1.4652e-01     0.1200      0.557    1486.69     75.792     4.9374   8.395597  0.000e+00
    124.496     8.6498    34.7658    26.9903 1.4652e-01     0.1200      0.560    1486.68     75.789     4.9373   8.395598  0.000e+00
    124.528     8.6483    34.7658    26.9905 1.4652e-01     0.1200      0.560    1486.68     75.788     4.9374   8.395598  0.000e+00
    124.556     8.6468    34.7656    26.9906 1.4652e-01     0.1200      0.553    1486.67     75.789     4.9376   8.395598  0.000e+00
    124.592     8.6448    34.7655    26.9909 1.3431e-01     0.1200      0.549    1486.67     75.791     4.9380   8.395599  0.000e+00
    124.617     8.6426    34.7669    26.9923 1.4652e-01     0.1200      0.557    1486.66     75.787     4.9379   8.395599  0.000e+00
    124.641     8.6419    34.7672    26.9927 1.3431e-01     0.1200      0.568    1486.66     75.792     4.9383   8.395600  0.000e+00
    124.674     8.6409    34.7675    26.9931 1.3431e-01     0.1200      0.564    1486.66     75.806     4.9393   8.395600  0.000e+00
    124.715     8.6404    34.7673    26.9929 1.3431e-01     0.1200      0.549    1486.65     75.807     4.9394   8.395601  0.000e+00
    124.738     8.6398    34.7678    26.9934 1.4652e-01     0.1200      0.546    1486.65     75.809     4.9396   8.395601  0.000e+00
    124.751     8.6395    34.7681    26.9937 1.3431e-01     0.1200      0.549    1486.65     75.757     4.9362   8.395602  0.000e+00
    124.787     8.6394    34.7674    26.9932 1.4652e-01     0.1200      0.557    1486.65     75.762     4.9366   8.395602  0.000e+00
    124.833     8.6382    34.7677    26.9936 1.3431e-01     0.1200      0.564    1486.65     75.761     4.9367   8.395603  0.000e+00
    124.824     8.6379    34.7681    26.9940 1.3431e-01     0.1200      0.560    1486.65     75.762     4.9368   8.395603  0.000e+00
    124.860     8.6381    34.7680    26.9939 1.3431e-01     0.1200      0.549    1486.65     75.757     4.9364   8.395604  0.000e+00
    124.896     8.6377    34.7678    26.9938 1.3431e-01     0.1200      0.553    1486.65     75.753     4.9362   8.395604  0.000e+00
    124.918     8.6369    34.7682    26.9942 1.4652e-01     0.1200      0.546    1486.65     75.758     4.9366   8.395605  0.000e+00
    124.957     8.6366    34.7684    26.9945 1.4652e-01     0.1200      0.535    1486.65     75.757     4.9365   8.395605  0.000e+00
    124.981     8.6368    34.7679    26.9940 1.4652e-01     0.1200      0.527    1486.65     75.757     4.9365   8.395606  0.000e+00
    125.006     8.6368    34.7681    26.9941 1.4652e-01     0.1200      0.524    1486.65     75.758     4.9366   8.395606  0.000e+00
    125.042     8.6366    34.7681    26.9942 1.4652e-01     0.1200      0.524    1486.65     75.760     4.9368   8.395607  0.000e+00
    125.050     8.6363    34.7686    26.9946 1.3431e-01     0.1200      0.520    1486.65     75.701     4.9330   8.395607  0.000e+00
    125.091     8.6364    34.7679    26.9941 1.4652e-01     0.1200      0.516    1486.65     75.762     4.9369   8.395608  0.000e+00
    125.104     8.6361    34.7681    26.9943 1.4652e-01     0.1200      0.520    1486.65     75.706     4.9333   8.395608  0.000e+00
    125.140     8.6363    34.7685    26.9945 1.3431e-01     0.1200      0.520    1486.65     75.706     4.9333   8.395609  0.000e+00
