RAWDATA/20190107/VT2_20190108_down.cnv
* Sea-Bird SBE 9 Data File:
* FileName = C:\CTD Brukere\NIVA\OKOKYST2019\20190107\VT2_20190108.hex
* Software Version Seasave V 7.23.2
* Temperature SN = 5352
* Conductivity SN = 3840
* Number of Bytes Per Scan = 28
* Number of Voltage Words = 4
* Number of Scans Averaged by the Deck Unit = 1
* NMEA baud rate = 4800
** Ship: R/V Trygve Braarud
** Cruise:
** Station:
** Operator:
# nquan = 12
# nvalues = 16306                                 
# units = specified
# name 0 = depSM: Depth [salt water, m], lat = 59.60
# name 1 = t090C: Temperature [ITS-90, deg C]
# name 2 = sal00: Salinity, Practical [PSU]
# name 3 = sigma-t00: Density [sigma-t, kg/m^3 ]
# name 4 = flSP: Fluorescence, Seapoint
# name 5 = wetStar: Fluorescence, WET Labs WETstar [mg/m^3]
# name 6 = seaTurbMtr: Turbidity, Seapoint [FTU]
# name 7 = svCM: Sound Velocity [Chen-Millero, m/s]
# name 8 = sbeox0PS: Oxygen, SBE 43 [% saturation]
# name 9 = sbeox0ML/L: Oxygen, SBE 43 [ml/l]
# name 10 = timeJ: Julian Days
# name 11 = flag:  0.000e+00
# span 0 =     -0.583,    298.623                 
# span 1 =     6.0027,     9.1868                 
# span 2 =    31.2146,    34.8628                 
# span 3 =    24.5182,    27.3001                 
# span 4 = 1.3431e-01, 6.7155e-01                 
# span 5 =     0.1200,     0.4997                 
# span 6 =      0.000,     15.000                 
# span 7 =    1470.41,    1487.22                 
# span 8 =     67.545,     87.810                 
# span 9 =     4.5560,     6.1719                 
# span 10 =   8.392535,   8.400398                
# span 11 = 0.0000e+00, 0.0000e+00                
# interval = seconds: 0.0416667
# start_time = Jan 08 2019 09:25:15 [System UpLoad Time]
# bad_flag = -9.990e-29
*END*
[from data line 12993]
    269.247     7.0864    34.8616    27.2977 1.4652e-01     0.3117      0.788    1483.29     68.643     4.6292   8.398801  0.000e+00
    269.275     7.0865    34.8615    27.2977 1.4652e-01     0.3080      0.791    1483.29     68.646     4.6294   8.398801  0.000e+00
    269.272     7.0863    34.8618    27.2979 1.4652e-01     0.3093      0.773    1483.29     68.650     4.6297   8.398802  0.000e+00
    269.313     7.0864    34.8614    27.2976 1.4652e-01     0.3117      0.747    1483.29     68.655     4.6300   8.398802  0.000e+00
    269.321     7.0864    34.8610    27.2973 1.4652e-01     0.3129      0.725    1483.29     68.660     4.6304   8.398803  0.000e+00
    269.326     7.0862    34.8613    27.2976 1.4652e-01     0.3154      0.711    1483.29     68.666     4.6308   8.398803  0.000e+00
    269.359     7.0866    34.8611    27.2973 1.4652e-01     0.3141      0.700    1483.29     68.673     4.6312   8.398804  0.000e+00
    269.363     7.0864    34.8616    27.2977 1.4652e-01     0.3129      0.703    1483.29     68.680     4.6317   8.398804  0.000e+00
    269.384     7.0864    34.8616    27.2977 1.4652e-01     0.3129      0.707    1483.29     68.623     4.6279   8.398804  0.000e+00
    269.401     7.0864    34.8614    27.2975 1.4652e-01     0.3129      0.711    1483.29     68.624     4.6279   8.398805  0.000e+00
    269.409     7.0863    34.8616    27.2977 1.4652e-01     0.3117      0.725    1483.29     68.618     4.6275   8.398805  0.000e+00
    269.437     7.0862    34.8618    27.2979 1.4652e-01     0.3129      0.729    1483.29     68.612     4.6271   8.398806  0.000e+00
    269.445     7.0864    34.8613    27.2975 1.4652e-01     0.3105      0.725    1483.29     68.615     4.6273   8.398806  0.000e+00
    269.450     7.0862    34.8616    27.2978 1.4652e-01     0.3129      0.729    1483.29     68.683     4.6319   8.398807  0.000e+00
    269.483     7.0861    34.8612    27.2974 1.4652e-01     0.3129      0.714    1483.29     68.688     4.6323   8.398807  0.000e+00
    269.487     7.0861    34.8611    27.2974 1.4652e-01     0.3141      0.696    1483.29     68.628     4.6283   8.398808  0.000e+00
    269.521     7.0861    34.8614    27.2976 1.4652e-01     0.3154      0.678    1483.29     68.626     4.6281   8.398808  0.000e+00
    269.525     7.0859    34.8614    27.2977 1.4652e-01     0.3117      0.678    1483.29     68.624     4.6280   8.398809  0.000e+00
    269.536     7.0860    34.8615    27.2977 1.4652e-01     0.3117      0.689    1483.29     68.687     4.6322   8.398809  0.000e+00
    269.558     7.0859    34.8614    27.2976 1.4652e-01     0.3154      0.703    1483.29     68.630     4.6284   8.398810  0.000e+00
    269.561     7.0861    34.8611    27.2974 1.4652e-01     0.3154      0.722    1483.29     68.630     4.6284   8.398810  0.000e+00
    269.583     7.0862    34.8612    27.2975 1.4652e-01     0.3141      0.736    1483.29     68.630     4.6284   8.398811  0.000e+00
    269.611     7.0858    34.8615    27.2978 1.4652e-01     0.3117      0.725    1483.29     68.632     4.6285   8.398811  0.000e+00
    269.621     7.0861    34.8609    27.2972 1.4652e-01     0.3154      0.711    1483.29     68.633     4.6286   8.398812  0.000e+00
    269.649     7.0858    34.8613    27.2975 1.4652e-01     0.3154      0.700    1483.29     68.636     4.6288   8.398812  0.000e+00
    269.657     7.0859    34.8610    27.2973 1.4652e-01     0.3141      0.692    1483.29     68.639     4.6290   8.398813  0.000e+00
    269.674     7.0860    34.8611    27.2974 1.4652e-01     0.3154      0.685    1483.29     68.643     4.6293   8.398813  0.000e+00
    269.707     7.0857    34.8617    27.2979 1.4652e-01     0.3141      0.689    1483.29     68.639     4.6290   8.398814  0.000e+00
    269.712     7.0857    34.8616    27.2978 1.4652e-01     0.3154      0.689    1483.29     68.636     4.6288   8.398814  0.000e+00
    269.737     7.0855    34.8617    27.2979 1.4652e-01     0.3154      0.700    1483.29     68.641     4.6291   8.398815  0.000e+00
    269.756     7.0855    34.8616    27.2979 1.4652e-01     0.3141      0.707    1483.29     68.647     4.6296   8.398815  0.000e+00
    269.773     7.0855    34.8616    27.2978 1.4652e-01     0.3129      0.707    1483.29     68.645     4.6294   8.398816  0.000e+00
    269.795     7.0855    34.8614    27.2977 1.4652e-01     0.3129      0.718    1483.29     68.643     4.6293   8.398816  0.000e+00
    269.836     7.0852    34.8620    27.2982 1.4652e-01     0.3154      0.714    1483.29     68.651     4.6298   8.398817  0.000e+00
    269.844     7.0857    34.8615    27.2978 1.4652e-01     0.3141      0.703    1483.29     68.650     4.6298   8.398817  0.000e+00
    269.861     7.0857    34.8614    27.2977 1.4652e-01     0.3166      0.696    1483.29     68.650     4.6298   8.398818  0.000e+00
    269.894     7.0853    34.8615    27.2978 1.4652e-01     0.3154      0.692    1483.29     68.650     4.6298   8.398818  0.000e+00
    269.922     7.0852    34.8615    27.2979 1.4652e-01     0.3154      0.689    1483.29     68.660     4.6304   8.398818  0.000e+00
    269.935     7.0855    34.8612    27.2976 1.4652e-01     0.3141      0.678    1483.29     68.661     4.6305   8.398819  0.000e+00
    269.968     7.0855    34.8612    27.2975 1.4652e-01     0.3129      0.681    1483.29     68.662     4.6306   8.398819  0.000e+00
    269.996     7.0851    34.8615    27.2979 1.4652e-01     0.3129      0.685    1483.29     68.664     4.6308   8.398820  0.000e+00
    270.018     7.0851    34.8616    27.2979 1.4652e-01     0.3154      0.689    1483.29     68.667     4.6309   8.398820  0.000e+00
    270.046     7.0850    34.8613    27.2977 1.4652e-01     0.3117      0.696    1483.29     68.669     4.6311   8.398821  0.000e+00
    270.056     7.0851    34.8617    27.2980 1.4652e-01     0.3117      0.707    1483.29     68.672     4.6313   8.398821  0.000e+00
    270.109     7.0850    34.8614    27.2977 1.4652e-01     0.3117      0.736    1483.29     68.675     4.6315   8.398822  0.000e+00
    270.109     7.0846    34.8617    27.2981 1.4652e-01     0.3117      0.758    1483.29     68.679     4.6318   8.398822  0.000e+00
    270.169     7.0845    34.8617    27.2980 1.4652e-01     0.3141      0.777    1483.29     68.683     4.6321   8.398823  0.000e+00
    270.159     7.0849    34.8613    27.2977 1.4652e-01     0.3154      0.791    1483.29     68.687     4.6323   8.398823  0.000e+00
    270.205     7.0843    34.8616    27.2980 1.4652e-01     0.3117      0.784    1483.29     68.692     4.6327   8.398824  0.000e+00
    270.222     7.0844    34.8616    27.2980 1.4652e-01     0.3093      0.762    1483.29     68.697     4.6330   8.398824  0.000e+00
    270.258     7.0847    34.8615    27.2979 1.4652e-01     0.3129      0.736    1483.30     68.702     4.6334   8.398825  0.000e+00
    270.279     7.0846    34.8618    27.2982 1.4652e-01     0.3154      0.747    1483.30     68.772     4.6381   8.398825  0.000e+00
    270.308     7.0843    34.8619    27.2982 1.4652e-01     0.3154      0.769    1483.30     68.786     4.6391   8.398826  0.000e+00
    270.329     7.0846    34.8616    27.2980 1.4652e-01     0.3141      0.758    1483.30     68.800     4.6400   8.398826  0.000e+00
    270.357     7.0843    34.8615    27.2979 1.4652e-01     0.3141      0.740    1483.30     68.749     4.6366   8.398827  0.000e+00
    270.370     7.0843    34.8615    27.2979 1.4652e-01     0.3117      0.733    1483.30     68.755     4.6370   8.398827  0.000e+00
    270.405     7.0843    34.8614    27.2979 1.4652e-01     0.3117      0.740    1483.30     68.826     4.6418   8.398828  0.000e+00
    270.432     7.0840    34.8618    27.2982 1.4652e-01     0.3093      0.736    1483.30     68.768     4.6379   8.398828  0.000e+00
    270.457     7.0842    34.8615    27.2980 1.5873e-01     0.3105      0.725    1483.30     68.765     4.6377   8.398829  0.000e+00
    270.466     7.0841    34.8616    27.2980 1.5873e-01     0.3141      0.714    1483.30     68.763     4.6375   8.398829  0.000e+00
    270.495     7.0840    34.8619    27.2983 1.4652e-01     0.3154      0.714    1483.30     68.761     4.6374   8.398830  0.000e+00
    270.529     7.0841    34.8615    27.2980 1.4652e-01     0.3154      0.703    1483.30     68.823     4.6416   8.398830  0.000e+00
    270.544     7.0839    34.8617    27.2982 1.4652e-01     0.3166      0.700    1483.30     68.773     4.6382   8.398831  0.000e+00
    270.569     7.0840    34.8617    27.2981 1.4652e-01     0.3154      0.696    1483.30     68.779     4.6386   8.398831  0.000e+00
    270.591     7.0839    34.8620    27.2984 1.4652e-01     0.3166      0.689    1483.30     68.842     4.6429   8.398832  0.000e+00
    270.607     7.0840    34.8617    27.2982 1.4652e-01     0.3178      0.685    1483.30     68.783     4.6389   8.398832  0.000e+00
    270.632     7.0842    34.8615    27.2979 1.4652e-01     0.3154      0.689    1483.30     68.846     4.6431   8.398832  0.000e+00
    270.654     7.0840    34.8619    27.2983 1.4652e-01     0.3141      0.692    1483.30     68.860     4.6441   8.398833  0.000e+00
    270.668     7.0840    34.8617    27.2981 1.4652e-01     0.3117      0.692    1483.30     68.865     4.6444   8.398833  0.000e+00
    270.706     7.0840    34.8617    27.2981 1.4652e-01     0.3117      0.692    1483.30     68.871     4.6448   8.398834  0.000e+00
    270.716     7.0836    34.8618    27.2983 1.4652e-01     0.3129      0.692    1483.30     68.876     4.6452   8.398834  0.000e+00
    270.731     7.0838    34.8614    27.2980 1.4652e-01     0.3129      0.696    1483.30     68.880     4.6455   8.398835  0.000e+00
    270.743     7.0839    34.8614    27.2979 1.4652e-01     0.3141      0.692    1483.30     68.884     4.6457   8.398835  0.000e+00
    270.766     7.0837    34.8618    27.2982 1.4652e-01     0.3154      0.685    1483.30     68.888     4.6460   8.398836  0.000e+00
    270.781     7.0837    34.8618    27.2983 1.4652e-01     0.3190      0.689    1483.30     68.892     4.6462   8.398836  0.000e+00
    270.802     7.0837    34.8619    27.2983 1.4652e-01     0.3190      0.696    1483.30     68.895     4.6465   8.398837  0.000e+00
    270.817     7.0837    34.8616    27.2981 1.4652e-01     0.3166      0.696    1483.30     68.898     4.6467   8.398837  0.000e+00
    270.842     7.0833    34.8622    27.2987 1.4652e-01     0.3154      0.692    1483.30     68.900     4.6469   8.398838  0.000e+00
    270.852     7.0837    34.8613    27.2979 1.4652e-01     0.3141      0.689    1483.30     68.902     4.6470   8.398838  0.000e+00
    270.867     7.0837    34.8619    27.2984 1.5873e-01     0.3154      0.685    1483.30     68.904     4.6471   8.398839  0.000e+00
    270.880     7.0836    34.8620    27.2985 1.8315e-01     0.3154      0.678    1483.30     68.906     4.6472   8.398839  0.000e+00
    270.890     7.0837    34.8618    27.2983 1.9536e-01     0.3154      0.678    1483.30     68.907     4.6473   8.398840  0.000e+00
    270.930     7.0837    34.8618    27.2982 1.8315e-01     0.3154      0.685    1483.30     68.908     4.6473   8.398840  0.000e+00
    270.918     7.0837    34.8616    27.2981 1.5873e-01     0.3117      0.689    1483.30     68.908     4.6474   8.398841  0.000e+00
    270.953     7.0836    34.8616    27.2981 1.5873e-01     0.3105      0.689    1483.30     68.909     4.6474   8.398841  0.000e+00
    270.968     7.0827    34.8618    27.2984 1.4652e-01     0.3093      0.685    1483.30     68.908     4.6475   8.398842  0.000e+00
    270.968     7.0829    34.8612    27.2979 1.4652e-01     0.3105      0.681    1483.30     68.908     4.6474   8.398842  0.000e+00
    270.989     7.0827    34.8616    27.2983 1.4652e-01     0.3141      0.692    1483.30     68.907     4.6474   8.398843  0.000e+00
    271.004     7.0825    34.8620    27.2986 1.4652e-01     0.3154      0.718    1483.30     68.906     4.6473   8.398843  0.000e+00
    271.018     7.0824    34.8615    27.2982 1.5873e-01     0.3178      0.733    1483.30     68.904     4.6472   8.398844  0.000e+00
    271.029     7.0826    34.8616    27.2983 1.4652e-01     0.3190      0.722    1483.30     68.902     4.6471   8.398844  0.000e+00
    271.052     7.0825    34.8620    27.2986 1.4652e-01     0.3154      0.707    1483.30     68.900     4.6469   8.398845  0.000e+00
    271.067     7.0824    34.8617    27.2984 1.4652e-01     0.3129      0.692    1483.30     68.897     4.6468   8.398845  0.000e+00
    271.067     7.0823    34.8619    27.2985 1.4652e-01     0.3129      0.689    1483.30     68.894     4.6466   8.398845  0.000e+00
    271.077     7.0824    34.8617    27.2983 1.4652e-01     0.3154      0.703    1483.30     68.891     4.6464   8.398846  0.000e+00
    271.092     7.0821    34.8620    27.2986 1.4652e-01     0.3178      0.722    1483.30     68.888     4.6461   8.398846  0.000e+00
    271.117     7.0819    34.8619    27.2986 1.4652e-01     0.3178      0.733    1483.30     68.884     4.6459   8.398847  0.000e+00
    271.114     7.0821    34.8616    27.2984 1.4652e-01     0.3178      0.733    1483.30     68.944     4.6499   8.398847  0.000e+00
    271.129     7.0820    34.8617    27.2984 1.4652e-01     0.3178      0.729    1483.30     68.947     4.6502   8.398848  0.000e+00
    271.142     7.0819    34.8618    27.2985 1.4652e-01     0.3141      0.740    1483.30     68.885     4.6460   8.398848  0.000e+00
    271.163     7.0819    34.8618    27.2985 1.4652e-01     0.3154      0.740    1483.30     68.888     4.6462   8.398849  0.000e+00
    271.167     7.0816    34.8621    27.2988 1.4652e-01     0.3154      0.725    1483.30     68.890     4.6463   8.398849  0.000e+00
    271.191     7.0817    34.8619    27.2987 1.5873e-01     0.3154      0.718    1483.30     68.893     4.6465   8.398850  0.000e+00
    271.188     7.0818    34.8616    27.2983 1.5873e-01     0.3154      0.718    1483.30     68.886     4.6461   8.398850  0.000e+00
    271.216     7.0817    34.8615    27.2983 1.4652e-01     0.3154      0.718    1483.30     68.880     4.6457   8.398851  0.000e+00
    271.216     7.0816    34.8619    27.2986 1.4652e-01     0.3129      0.725    1483.30     68.882     4.6458   8.398851  0.000e+00
    271.241     7.0814    34.8622    27.2989 1.4652e-01     0.3129      0.733    1483.30     68.875     4.6454   8.398852  0.000e+00
    271.239     7.0816    34.8617    27.2985 1.4652e-01     0.3154      0.733    1483.30     68.868     4.6449   8.398852  0.000e+00
    271.266     7.0816    34.8617    27.2984 1.4652e-01     0.3154      0.725    1483.30     68.861     4.6444   8.398853  0.000e+00
    271.291     7.0816    34.8622    27.2989 1.4652e-01     0.3154      0.714    1483.30     68.854     4.6439   8.398853  0.000e+00
    271.276     7.0816    34.8619    27.2986 1.4652e-01     0.3166      0.696    1483.30     68.854     4.6439   8.398854  0.000e+00
    271.316     7.0816    34.8618    27.2986 1.4652e-01     0.3178      0.689    1483.30     68.846     4.6434   8.398854  0.000e+00
    271.329     7.0814    34.8618    27.2986 1.4652e-01     0.3154      0.685    1483.30     68.838     4.6428   8.398855  0.000e+00
    271.329     7.0815    34.8623    27.2989 1.4652e-01     0.3154      0.692    1483.30     68.837     4.6428   8.398855  0.000e+00
    271.350     7.0814    34.8622    27.2989 1.4652e-01     0.3154      0.700    1483.30     68.829     4.6422   8.398856  0.000e+00
    271.378     7.0816    34.8620    27.2987 1.4652e-01     0.3154      0.700    1483.30     68.828     4.6422   8.398856  0.000e+00
    271.390     7.0816    34.8622    27.2989 1.4652e-01     0.3166      0.714    1483.30     68.828     4.6421   8.398857  0.000e+00
    271.413     7.0815    34.8622    27.2989 1.4652e-01     0.3166      0.733    1483.30     68.827     4.6421   8.398857  0.000e+00
    271.415     7.0819    34.8617    27.2984 1.4652e-01     0.3154      0.733    1483.30     68.827     4.6421   8.398858  0.000e+00
