RAWDATA/20190107/VT2_20190108_down.cnv
* Sea-Bird SBE 9 Data File:
* FileName = C:\CTD Brukere\NIVA\OKOKYST2019\20190107\VT2_20190108.hex
* Software Version Seasave V 7.23.2
* Temperature SN = 5352
* Conductivity SN = 3840
* Number of Bytes Per Scan = 28
* Number of Voltage Words = 4
* Number of Scans Averaged by the Deck Unit = 1
* NMEA baud rate = 4800
** Ship: R/V Trygve Braarud
** Cruise:
** Station:
** Operator:
# nquan = 12
# nvalues = 16306                                 
# units = specified
# name 0 = depSM: Depth [salt water, m], lat = 59.60
# name 1 = t090C: Temperature [ITS-90, deg C]
# name 2 = sal00: Salinity, Practical [PSU]
# name 3 = sigma-t00: Density [sigma-t, kg/m^3 ]
# name 4 = flSP: Fluorescence, Seapoint
# name 5 = wetStar: Fluorescence, WET Labs WETstar [mg/m^3]
# name 6 = seaTurbMtr: Turbidity, Seapoint [FTU]
# name 7 = svCM: Sound Velocity [Chen-Millero, m/s]
# name 8 = sbeox0PS: Oxygen, SBE 43 [% saturation]
# name 9 = sbeox0ML/L: Oxygen, SBE 43 [ml/l]
# name 10 = timeJ: Julian Days
# name 11 = flag:  0.000e+00
# span 0 =     -0.583,    298.623                 
# span 1 =     6.0027,     9.1868                 
# span 2 =    31.2146,    34.8628                 
# span 3 =    24.5182,    27.3001                 
# span 4 = 1.3431e-01, 6.7155e-01                 
# span 5 =     0.1200,     0.4997                 
# span 6 =      0.000,     15.000                 
# span 7 =    1470.41,    1487.22                 
# span 8 =     67.545,     87.810                 
# span 9 =     4.5560,     6.1719                 
# span 10 =   8.392535,   8.400398                
# span 11 = 0.0000e+00, 0.0000e+00                
# interval = seconds: 0.0416667
# start_time = Jan 08 2019 09:25:15 [System UpLoad Time]
# bad_flag = -9.990e-29
*END*
[from data line 10587]
    219.818     7.2112    34.8527    27.2732 1.4652e-01     0.1200      0.586    1482.93     70.526     4.7429   8.397640  0.000e+00
    219.831     7.2112    34.8520    27.2726 1.4652e-01     0.1200      0.579    1482.93     70.532     4.7434   8.397641  0.000e+00
    219.841     7.2109    34.8523    27.2729 1.4652e-01     0.1200      0.575    1482.93     70.538     4.7438   8.397641  0.000e+00
    219.868     7.2109    34.8523    27.2729 1.4652e-01     0.1200      0.571    1482.93     70.536     4.7436   8.397642  0.000e+00
    219.881     7.2108    34.8525    27.2730 1.3431e-01     0.1200      0.575    1482.93     70.541     4.7440   8.397642  0.000e+00
    219.902     7.2108    34.8523    27.2729 1.4652e-01     0.1200      0.586    1482.93     70.546     4.7443   8.397643  0.000e+00
    219.906     7.2106    34.8523    27.2729 1.3431e-01     0.1200      0.593    1482.93     70.550     4.7446   8.397643  0.000e+00
    219.930     7.2105    34.8526    27.2732 1.4652e-01     0.1200      0.601    1482.93     70.618     4.7492   8.397644  0.000e+00
    219.952     7.2106    34.8526    27.2731 1.4652e-01     0.1200      0.619    1482.93     70.629     4.7500   8.397644  0.000e+00
    219.966     7.2105    34.8530    27.2735 1.4652e-01     0.1200      0.637    1482.93     70.640     4.7507   8.397645  0.000e+00
    219.991     7.2106    34.8526    27.2732 1.4652e-01     0.1200      0.626    1482.93     70.587     4.7471   8.397645  0.000e+00
    220.014     7.2109    34.8526    27.2732 1.4652e-01     0.1200      0.601    1482.94     70.644     4.7509   8.397646  0.000e+00
    220.016     7.2109    34.8523    27.2729 1.3431e-01     0.1200      0.586    1482.94     70.653     4.7515   8.397646  0.000e+00
    220.039     7.2105    34.8527    27.2733 1.3431e-01     0.1200      0.597    1482.94     70.597     4.7478   8.397647  0.000e+00
    220.077     7.2106    34.8525    27.2731 1.4652e-01     0.1200      0.623    1482.94     70.597     4.7478   8.397647  0.000e+00
    220.090     7.2108    34.8524    27.2729 1.4652e-01     0.1200      0.630    1482.94     70.660     4.7520   8.397648  0.000e+00
    220.100     7.2106    34.8530    27.2735 1.3431e-01     0.1200      0.623    1482.94     70.667     4.7525   8.397648  0.000e+00
    220.140     7.2112    34.8524    27.2729 1.3431e-01     0.1200      0.615    1482.94     70.609     4.7486   8.397649  0.000e+00
    220.151     7.2109    34.8525    27.2730 1.4652e-01     0.1200      0.612    1482.94     70.607     4.7484   8.397649  0.000e+00
    220.187     7.2114    34.8522    27.2728 1.3431e-01     0.1200      0.619    1482.94     70.605     4.7482   8.397649  0.000e+00
    220.201     7.2114    34.8524    27.2729 1.4652e-01     0.1200      0.619    1482.94     70.602     4.7480   8.397650  0.000e+00
    220.214     7.2116    34.8522    27.2727 1.3431e-01     0.1200      0.608    1482.94     70.599     4.7478   8.397650  0.000e+00
    220.248     7.2112    34.8526    27.2730 1.3431e-01     0.1200      0.601    1482.94     70.596     4.7476   8.397651  0.000e+00
    220.288     7.2109    34.8523    27.2729 1.4652e-01     0.1212      0.604    1482.94     70.592     4.7474   8.397651  0.000e+00
    220.299     7.2106    34.8521    27.2728 1.3431e-01     0.1224      0.604    1482.94     70.588     4.7472   8.397652  0.000e+00
    220.337     7.2105    34.8525    27.2731 1.4652e-01     0.1212      0.597    1482.94     70.647     4.7512   8.397652  0.000e+00
    220.347     7.2105    34.8523    27.2729 1.3431e-01     0.1224      0.586    1482.94     70.586     4.7471   8.397653  0.000e+00
    220.398     7.2106    34.8525    27.2731 1.3431e-01     0.1224      0.575    1482.94     70.581     4.7467   8.397653  0.000e+00
    220.412     7.2105    34.8529    27.2734 1.3431e-01     0.1200      0.571    1482.94     70.575     4.7463   8.397654  0.000e+00
    220.446     7.2105    34.8526    27.2731 1.4652e-01     0.1200      0.575    1482.94     70.506     4.7416   8.397654  0.000e+00
    220.461     7.2103    34.8521    27.2729 1.4652e-01     0.1200      0.579    1482.94     70.491     4.7407   8.397655  0.000e+00
    220.497     7.2101    34.8524    27.2731 1.4652e-01     0.1200      0.571    1482.94     70.541     4.7441   8.397655  0.000e+00
    220.520     7.2101    34.8525    27.2732 1.4652e-01     0.1200      0.568    1482.94     70.535     4.7437   8.397656  0.000e+00
    220.558     7.2100    34.8526    27.2733 1.3431e-01     0.1212      0.575    1482.94     70.465     4.7389   8.397656  0.000e+00
    220.583     7.2101    34.8524    27.2731 1.3431e-01     0.1212      0.575    1482.94     70.450     4.7379   8.397657  0.000e+00
    220.608     7.2101    34.8529    27.2735 1.4652e-01     0.1224      0.575    1482.94     70.435     4.7369   8.397657  0.000e+00
    220.632     7.2103    34.8524    27.2731 1.4652e-01     0.1212      0.590    1482.94     70.421     4.7360   8.397658  0.000e+00
    220.670     7.2105    34.8523    27.2730 1.4652e-01     0.1200      0.612    1482.95     70.406     4.7350   8.397658  0.000e+00
    220.695     7.2101    34.8522    27.2729 1.4652e-01     0.1200      0.626    1482.94     70.391     4.7340   8.397659  0.000e+00
    220.718     7.2098    34.8521    27.2729 1.4652e-01     0.1200      0.652    1482.94     70.377     4.7331   8.397659  0.000e+00
    220.756     7.2091    34.8521    27.2730 1.4652e-01     0.1200      0.678    1482.94     70.362     4.7322   8.397660  0.000e+00
    220.769     7.2087    34.8518    27.2728 1.3431e-01     0.1200      0.681    1482.94     70.419     4.7361   8.397660  0.000e+00
    220.794     7.2077    34.8525    27.2735 1.4652e-01     0.1200      0.678    1482.94     70.421     4.7363   8.397661  0.000e+00
    220.830     7.2076    34.8524    27.2735 1.3431e-01     0.1200      0.681    1482.94     70.415     4.7358   8.397661  0.000e+00
    220.855     7.2077    34.8530    27.2739 1.3431e-01     0.1200      0.667    1482.94     70.344     4.7310   8.397662  0.000e+00
    220.868     7.2082    34.8532    27.2739 1.4652e-01     0.1200      0.656    1482.94     70.337     4.7305   8.397662  0.000e+00
    220.904     7.2084    34.8525    27.2734 1.4652e-01     0.1200      0.641    1482.94     70.330     4.7301   8.397663  0.000e+00
    220.941     7.2085    34.8523    27.2732 1.4652e-01     0.1200      0.626    1482.94     70.325     4.7297   8.397663  0.000e+00
    220.942     7.2084    34.8526    27.2735 1.4652e-01     0.1200      0.615    1482.94     70.319     4.7293   8.397663  0.000e+00
    220.979     7.2082    34.8525    27.2734 1.3431e-01     0.1200      0.612    1482.94     70.313     4.7290   8.397664  0.000e+00
    220.954     7.2080    34.8526    27.2735 1.3431e-01     0.1200      0.608    1482.94     70.372     4.7329   8.397664  0.000e+00
    221.053     7.2080    34.8524    27.2734 1.3431e-01     0.1200      0.604    1482.94     70.311     4.7289   8.397665  0.000e+00
    221.028     7.2079    34.8528    27.2737 1.3431e-01     0.1200      0.593    1482.94     70.306     4.7285   8.397665  0.000e+00
    221.053     7.2079    34.8528    27.2737 1.4652e-01     0.1200      0.586    1482.94     70.366     4.7325   8.397666  0.000e+00
    221.077     7.2080    34.8526    27.2735 1.4652e-01     0.1200      0.586    1482.94     70.369     4.7327   8.397666  0.000e+00
    221.102     7.2079    34.8529    27.2738 1.3431e-01     0.1200      0.590    1482.94     70.373     4.7330   8.397667  0.000e+00
    221.102     7.2079    34.8527    27.2737 1.4652e-01     0.1200      0.586    1482.94     70.320     4.7295   8.397667  0.000e+00
    221.127     7.2082    34.8524    27.2734 1.3431e-01     0.1200      0.590    1482.94     70.325     4.7297   8.397668  0.000e+00
    221.140     7.2082    34.8523    27.2733 1.4652e-01     0.1200      0.593    1482.94     70.394     4.7344   8.397668  0.000e+00
    221.152     7.2079    34.8526    27.2736 1.4652e-01     0.1200      0.604    1482.94     70.399     4.7347   8.397669  0.000e+00
    221.176     7.2080    34.8526    27.2735 1.4652e-01     0.1200      0.604    1482.94     70.412     4.7356   8.397669  0.000e+00
    221.152     7.2082    34.8521    27.2731 1.4652e-01     0.1200      0.597    1482.94     70.426     4.7365   8.397670  0.000e+00
    221.226     7.2077    34.8529    27.2738 1.4652e-01     0.1200      0.597    1482.94     70.496     4.7413   8.397670  0.000e+00
    221.201     7.2079    34.8525    27.2735 1.4652e-01     0.1200      0.601    1482.94     70.445     4.7379   8.397671  0.000e+00
    221.213     7.2080    34.8524    27.2734 1.4652e-01     0.1200      0.597    1482.94     70.459     4.7388   8.397671  0.000e+00
    221.226     7.2079    34.8524    27.2734 1.3431e-01     0.1200      0.590    1482.94     70.473     4.7397   8.397672  0.000e+00
    221.251     7.2079    34.8527    27.2736 1.4652e-01     0.1200      0.586    1482.95     70.479     4.7401   8.397672  0.000e+00
    221.237     7.2082    34.8526    27.2735 1.4652e-01     0.1212      0.586    1482.95     70.485     4.7405   8.397673  0.000e+00
    221.275     7.2082    34.8532    27.2740 1.3431e-01     0.1200      0.590    1482.95     70.491     4.7409   8.397673  0.000e+00
    221.275     7.2085    34.8533    27.2740 1.3431e-01     0.1200      0.597    1482.95     70.497     4.7413   8.397674  0.000e+00
    221.275     7.2088    34.8531    27.2738 1.3431e-01     0.1200      0.601    1482.95     70.503     4.7416   8.397674  0.000e+00
    221.287     7.2090    34.8534    27.2740 1.3431e-01     0.1200      0.601    1482.95     70.509     4.7420   8.397675  0.000e+00
    221.298     7.2095    34.8549    27.2751 1.4652e-01     0.1200      0.593    1482.96     70.515     4.7423   8.397675  0.000e+00
    221.312     7.2109    34.8548    27.2748 1.4652e-01     0.1200      0.593    1482.96     70.521     4.7426   8.397676  0.000e+00
    221.325     7.2131    34.8531    27.2732 1.4652e-01     0.1200      0.586    1482.97     70.535     4.7433   8.397676  0.000e+00
    221.336     7.2146    34.8520    27.2721 1.4652e-01     0.1200      0.586    1482.97     70.541     4.7436   8.397677  0.000e+00
    221.349     7.2152    34.8515    27.2716 1.4652e-01     0.1200      0.586    1482.97     70.548     4.7440   8.397677  0.000e+00
    221.361     7.2154    34.8505    27.2709 1.4652e-01     0.1200      0.586    1482.97     70.554     4.7444   8.397677  0.000e+00
    221.374     7.2149    34.8509    27.2712 1.4652e-01     0.1200      0.590    1482.97     70.552     4.7444   8.397678  0.000e+00
    221.386     7.2143    34.8508    27.2713 1.4652e-01     0.1200      0.586    1482.97     70.614     4.7486   8.397678  0.000e+00
    221.410     7.2133    34.8506    27.2712 1.4652e-01     0.1200      0.579    1482.97     70.564     4.7453   8.397679  0.000e+00
    221.410     7.2122    34.8516    27.2722 1.4652e-01     0.1200      0.579    1482.96     70.569     4.7458   8.397679  0.000e+00
    221.424     7.2122    34.8522    27.2727 1.4652e-01     0.1200      0.586    1482.96     70.566     4.7456   8.397680  0.000e+00
    221.448     7.2127    34.8510    27.2716 1.4652e-01     0.1200      0.582    1482.97     70.563     4.7453   8.397680  0.000e+00
    221.448     7.2122    34.8507    27.2715 1.3431e-01     0.1200      0.579    1482.96     70.623     4.7494   8.397681  0.000e+00
    221.485     7.2112    34.8513    27.2721 1.3431e-01     0.1200      0.579    1482.96     70.564     4.7455   8.397681  0.000e+00
    221.496     7.2105    34.8520    27.2727 1.4652e-01     0.1200      0.593    1482.96     70.495     4.7410   8.397682  0.000e+00
    221.509     7.2103    34.8516    27.2724 1.4652e-01     0.1200      0.608    1482.96     70.547     4.7445   8.397682  0.000e+00
    221.534     7.2095    34.8522    27.2730 1.3431e-01     0.1200      0.604    1482.96     70.606     4.7485   8.397683  0.000e+00
    221.547     7.2095    34.8525    27.2732 1.4652e-01     0.1200      0.604    1482.96     70.545     4.7444   8.397683  0.000e+00
    221.584     7.2094    34.8519    27.2728 1.4652e-01     0.1200      0.608    1482.96     70.547     4.7446   8.397684  0.000e+00
    221.584     7.2085    34.8515    27.2726 1.4652e-01     0.1200      0.597    1482.95     70.550     4.7449   8.397684  0.000e+00
    221.621     7.2080    34.8516    27.2727 1.4652e-01     0.1200      0.590    1482.95     70.616     4.7494   8.397685  0.000e+00
    221.633     7.2076    34.8518    27.2729 1.4652e-01     0.1200      0.579    1482.95     70.554     4.7452   8.397685  0.000e+00
    221.658     7.2074    34.8518    27.2730 1.3431e-01     0.1200      0.564    1482.95     70.548     4.7448   8.397686  0.000e+00
    221.682     7.2071    34.8525    27.2735 1.4652e-01     0.1200      0.560    1482.95     70.541     4.7444   8.397686  0.000e+00
    221.707     7.2073    34.8523    27.2734 1.4652e-01     0.1200      0.560    1482.95     70.534     4.7439   8.397687  0.000e+00
    221.743     7.2069    34.8519    27.2731 1.4652e-01     0.1200      0.560    1482.95     70.527     4.7435   8.397687  0.000e+00
    221.745     7.2061    34.8519    27.2732 1.4652e-01     0.1200      0.568    1482.95     70.519     4.7430   8.397688  0.000e+00
    221.781     7.2055    34.8523    27.2736 1.4652e-01     0.1200      0.575    1482.94     70.519     4.7431   8.397688  0.000e+00
    221.819     7.2053    34.8526    27.2739 1.4652e-01     0.1224      0.579    1482.94     70.511     4.7426   8.397689  0.000e+00
    221.831     7.2048    34.8529    27.2742 1.4652e-01     0.1237      0.586    1482.94     70.503     4.7421   8.397689  0.000e+00
    221.867     7.2045    34.8530    27.2743 1.3431e-01     0.1224      0.590    1482.94     70.503     4.7421   8.397690  0.000e+00
    221.893     7.2045    34.8527    27.2741 1.4652e-01     0.1200      0.582    1482.94     70.502     4.7421   8.397690  0.000e+00
    221.930     7.2042    34.8531    27.2744 1.4652e-01     0.1200      0.575    1482.94     70.438     4.7378   8.397690  0.000e+00
    221.954     7.2042    34.8525    27.2740 1.4652e-01     0.1200      0.575    1482.94     70.422     4.7367   8.397691  0.000e+00
    221.979     7.2037    34.8532    27.2746 1.4652e-01     0.1200      0.575    1482.94     70.469     4.7399   8.397691  0.000e+00
    222.015     7.2039    34.8531    27.2745 1.4652e-01     0.1200      0.579    1482.94     70.469     4.7399   8.397692  0.000e+00
    222.029     7.2038    34.8528    27.2743 1.4652e-01     0.1200      0.579    1482.94     70.468     4.7399   8.397692  0.000e+00
    222.078     7.2040    34.8532    27.2745 1.4652e-01     0.1200      0.571    1482.94     70.468     4.7398   8.397693  0.000e+00
    222.103     7.2037    34.8530    27.2745 1.4652e-01     0.1200      0.575    1482.94     70.404     4.7355   8.397693  0.000e+00
    222.114     7.2037    34.8526    27.2742 1.4652e-01     0.1200      0.571    1482.94     70.468     4.7398   8.397694  0.000e+00
    222.152     7.2034    34.8531    27.2745 1.4652e-01     0.1200      0.568    1482.94     70.404     4.7356   8.397694  0.000e+00
    222.189     7.2034    34.8531    27.2746 1.4652e-01     0.1200      0.568    1482.94     70.461     4.7394   8.397695  0.000e+00
    222.226     7.2033    34.8528    27.2744 1.4652e-01     0.1200      0.575    1482.94     70.398     4.7352   8.397695  0.000e+00
    222.226     7.2033    34.8528    27.2744 1.4652e-01     0.1200      0.582    1482.94     70.454     4.7390   8.397696  0.000e+00
    222.263     7.2032    34.8530    27.2745 1.3431e-01     0.1200      0.582    1482.94     70.455     4.7390   8.397696  0.000e+00
    222.276     7.2028    34.8532    27.2747 1.4652e-01     0.1200      0.582    1482.94     70.456     4.7391   8.397697  0.000e+00
    222.325     7.2031    34.8529    27.2745 1.4652e-01     0.1200      0.579    1482.95     70.457     4.7392   8.397697  0.000e+00
