RAWDATA/20190107/VT2_20190108_down.cnv
* Sea-Bird SBE 9 Data File:
* FileName = C:\CTD Brukere\NIVA\OKOKYST2019\20190107\VT2_20190108.hex
* Software Version Seasave V 7.23.2
* Temperature SN = 5352
* Conductivity SN = 3840
* Number of Bytes Per Scan = 28
* Number of Voltage Words = 4
* Number of Scans Averaged by the Deck Unit = 1
* NMEA baud rate = 4800
** Ship: R/V Trygve Braarud
** Cruise:
** Station:
** Operator:
# nquan = 12
# nvalues = 16306                                 
# units = specified
# name 0 = depSM: Depth [salt water, m], lat = 59.60
# name 1 = t090C: Temperature [ITS-90, deg C]
# name 2 = sal00: Salinity, Practical [PSU]
# name 3 = sigma-t00: Density [sigma-t, kg/m^3 ]
# name 4 = flSP: Fluorescence, Seapoint
# name 5 = wetStar: Fluorescence, WET Labs WETstar [mg/m^3]
# name 6 = seaTurbMtr: Turbidity, Seapoint [FTU]
# name 7 = svCM: Sound Velocity [Chen-Millero, m/s]
# name 8 = sbeox0PS: Oxygen, SBE 43 [% saturation]
# name 9 = sbeox0ML/L: Oxygen, SBE 43 [ml/l]
# name 10 = timeJ: Julian Days
# name 11 = flag:  0.000e+00
# span 0 =     -0.583,    298.623                 
# span 1 =     6.0027,     9.1868                 
# span 2 =    31.2146,    34.8628                 
# span 3 =    24.5182,    27.3001                 
# span 4 = 1.3431e-01, 6.7155e-01                 
# span 5 =     0.1200,     0.4997                 
# span 6 =      0.000,     15.000                 
# span 7 =    1470.41,    1487.22                 
# span 8 =     67.545,     87.810                 
# span 9 =     4.5560,     6.1719                 
# span 10 =   8.392535,   8.400398                
# span 11 = 0.0000e+00, 0.0000e+00                
# interval = seconds: 0.0416667
# start_time = Jan 08 2019 09:25:15 [System UpLoad Time]
# bad_flag = -9.990e-29
*END*
[from data line 15158]
    293.102     7.0775    34.8620    27.2993 1.4652e-01     0.1285      0.821    1483.65     68.091     4.5929   8.399845  0.000e+00
    293.127     7.0778    34.8619    27.2992 1.5873e-01     0.1285      0.817    1483.65     68.104     4.5937   8.399845  0.000e+00
    293.127     7.0778    34.8623    27.2995 1.4652e-01     0.1310      0.813    1483.65     68.043     4.5896   8.399846  0.000e+00
    293.152     7.0778    34.8621    27.2994 1.4652e-01     0.1322      0.813    1483.65     68.103     4.5937   8.399846  0.000e+00
    293.165     7.0778    34.8621    27.2993 1.4652e-01     0.1334      0.828    1483.65     68.041     4.5895   8.399847  0.000e+00
    293.190     7.0778    34.8620    27.2993 1.4652e-01     0.1322      0.839    1483.65     67.971     4.5848   8.399847  0.000e+00
    293.203     7.0776    34.8616    27.2990 1.4652e-01     0.1322      0.835    1483.65     68.030     4.5888   8.399848  0.000e+00
    293.215     7.0778    34.8613    27.2987 1.4652e-01     0.1322      0.821    1483.65     68.089     4.5928   8.399848  0.000e+00
    293.239     7.0778    34.8615    27.2988 1.4652e-01     0.1334      0.813    1483.65     68.091     4.5929   8.399849  0.000e+00
    293.253     7.0776    34.8620    27.2993 1.4652e-01     0.1334      0.821    1483.65     68.092     4.5930   8.399849  0.000e+00
    293.253     7.0776    34.8622    27.2995 1.4652e-01     0.1322      0.821    1483.65     68.101     4.5936   8.399850  0.000e+00
    293.278     7.0778    34.8620    27.2993 1.4652e-01     0.1285      0.813    1483.65     68.037     4.5892   8.399850  0.000e+00
    293.314     7.0779    34.8616    27.2989 1.4652e-01     0.1273      0.806    1483.65     68.037     4.5892   8.399851  0.000e+00
    293.302     7.0776    34.8621    27.2993 1.4652e-01     0.1261      0.799    1483.65     68.093     4.5930   8.399851  0.000e+00
    293.352     7.0776    34.8618    27.2991 1.4652e-01     0.1285      0.795    1483.65     68.101     4.5936   8.399851  0.000e+00
    293.352     7.0776    34.8617    27.2990 1.4652e-01     0.1310      0.784    1483.65     68.100     4.5935   8.399852  0.000e+00
    293.364     7.0778    34.8621    27.2993 1.4652e-01     0.1322      0.773    1483.65     68.106     4.5939   8.399852  0.000e+00
    293.389     7.0776    34.8618    27.2991 1.4652e-01     0.1347      0.777    1483.65     68.104     4.5938   8.399853  0.000e+00
    293.402     7.0774    34.8624    27.2996 1.4652e-01     0.1334      0.777    1483.65     68.110     4.5942   8.399853  0.000e+00
    293.415     7.0775    34.8621    27.2994 1.4652e-01     0.1347      0.769    1483.65     68.107     4.5939   8.399854  0.000e+00
    293.440     7.0776    34.8617    27.2991 1.4652e-01     0.1334      0.773    1483.65     68.111     4.5943   8.399854  0.000e+00
    293.465     7.0776    34.8617    27.2990 1.4652e-01     0.1322      0.784    1483.65     68.107     4.5940   8.399855  0.000e+00
    293.465     7.0778    34.8615    27.2989 1.4652e-01     0.1322      0.795    1483.65     68.110     4.5942   8.399855  0.000e+00
    293.501     7.0773    34.8623    27.2995 1.4652e-01     0.1347      0.795    1483.65     68.114     4.5944   8.399856  0.000e+00
    293.515     7.0775    34.8619    27.2992 1.4652e-01     0.1347      0.791    1483.66     68.117     4.5946   8.399856  0.000e+00
    293.526     7.0774    34.8621    27.2994 1.4652e-01     0.1334      0.784    1483.66     68.175     4.5986   8.399857  0.000e+00
    293.551     7.0775    34.8622    27.2994 1.5873e-01     0.1310      0.777    1483.66     68.120     4.5949   8.399857  0.000e+00
    293.576     7.0776    34.8617    27.2991 1.4652e-01     0.1310      0.784    1483.66     68.122     4.5950   8.399858  0.000e+00
    293.591     7.0775    34.8620    27.2993 1.4652e-01     0.1261      0.806    1483.66     68.049     4.5901   8.399858  0.000e+00
    293.627     7.0776    34.8620    27.2993 1.4652e-01     0.1261      0.821    1483.66     68.106     4.5939   8.399859  0.000e+00
    293.639     7.0778    34.8618    27.2991 1.4652e-01     0.1285      0.828    1483.66     68.042     4.5896   8.399859  0.000e+00
    293.664     7.0776    34.8620    27.2993 1.4652e-01     0.1310      0.875    1483.66     68.099     4.5934   8.399860  0.000e+00
    293.677     7.0776    34.8620    27.2992 1.5873e-01     0.1298      0.993    1483.66     68.107     4.5940   8.399860  0.000e+00
    293.689     7.0776    34.8620    27.2993 1.5873e-01     0.1298      1.110    1483.66     68.171     4.5983   8.399861  0.000e+00
    293.727     7.0776    34.8622    27.2994 1.7094e-01     0.1298      1.132    1483.66     68.170     4.5982   8.399861  0.000e+00
    293.752     7.0776    34.8620    27.2993 1.7094e-01     0.1298      1.051    1483.66     68.112     4.5943   8.399862  0.000e+00
    293.763     7.0778    34.8614    27.2988 1.7094e-01     0.1310      0.978    1483.66     68.110     4.5941   8.399862  0.000e+00
    293.788     7.0774    34.8622    27.2995 1.5873e-01     0.1310      0.930    1483.66     68.034     4.5891   8.399863  0.000e+00
    293.813     7.0778    34.8618    27.2991 1.5873e-01     0.1322      0.908    1483.66     68.023     4.5883   8.399863  0.000e+00
    293.840     7.0778    34.8617    27.2990 1.4652e-01     0.1322      0.897    1483.66     68.085     4.5925   8.399864  0.000e+00
    293.865     7.0776    34.8619    27.2992 1.4652e-01     0.1322      0.879    1483.66     68.018     4.5879   8.399864  0.000e+00
    293.889     7.0775    34.8625    27.2997 1.4652e-01     0.1334      0.879    1483.66     67.998     4.5866   8.399864  0.000e+00
    293.914     7.0774    34.8619    27.2992 1.4652e-01     0.1310      0.875    1483.66     68.051     4.5902   8.399865  0.000e+00
    293.939     7.0776    34.8617    27.2990 1.4652e-01     0.1298      0.853    1483.66     68.056     4.5905   8.399865  0.000e+00
    293.964     7.0776    34.8615    27.2989 1.4652e-01     0.1322      0.839    1483.66     68.061     4.5909   8.399866  0.000e+00
    293.989     7.0776    34.8619    27.2992 1.4652e-01     0.1298      0.839    1483.66     68.058     4.5906   8.399866  0.000e+00
    294.025     7.0773    34.8625    27.2997 1.4652e-01     0.1273      0.839    1483.66     68.045     4.5898   8.399867  0.000e+00
    294.039     7.0775    34.8620    27.2993 1.4652e-01     0.1273      0.832    1483.66     68.041     4.5895   8.399867  0.000e+00
    294.064     7.0774    34.8620    27.2993 1.3431e-01     0.1261      0.824    1483.66     68.044     4.5898   8.399868  0.000e+00
    294.088     7.0775    34.8616    27.2990 1.3431e-01     0.1285      0.828    1483.66     68.048     4.5900   8.399868  0.000e+00
    294.127     7.0776    34.8617    27.2990 1.4652e-01     0.1273      0.828    1483.67     68.052     4.5903   8.399869  0.000e+00
    294.138     7.0773    34.8620    27.2993 1.4652e-01     0.1298      0.817    1483.67     68.047     4.5899   8.399869  0.000e+00
    294.163     7.0774    34.8621    27.2994 1.4652e-01     0.1310      0.802    1483.67     68.050     4.5901   8.399870  0.000e+00
    294.201     7.0775    34.8622    27.2994 1.4652e-01     0.1310      0.795    1483.67     67.980     4.5854   8.399870  0.000e+00
    294.226     7.0776    34.8618    27.2991 1.4652e-01     0.1322      0.791    1483.67     67.894     4.5796   8.399871  0.000e+00
    294.239     7.0775    34.8621    27.2994 1.4652e-01     0.1334      0.795    1483.67     67.937     4.5825   8.399871  0.000e+00
    294.289     7.0776    34.8618    27.2991 1.4652e-01     0.1334      0.817    1483.67     67.932     4.5822   8.399872  0.000e+00
    294.314     7.0775    34.8618    27.2991 1.4652e-01     0.1371      0.842    1483.67     67.863     4.5775   8.399872  0.000e+00
    294.326     7.0774    34.8620    27.2993 1.4652e-01     0.1383      0.857    1483.67     67.915     4.5810   8.399873  0.000e+00
    294.364     7.0775    34.8621    27.2994 1.4652e-01     0.1371      0.850    1483.67     67.847     4.5765   8.399873  0.000e+00
    294.389     7.0775    34.8618    27.2992 1.4652e-01     0.1359      0.835    1483.67     67.892     4.5795   8.399874  0.000e+00
    294.400     7.0774    34.8623    27.2995 1.4652e-01     0.1347      0.821    1483.67     67.816     4.5744   8.399874  0.000e+00
    294.425     7.0775    34.8619    27.2993 1.4652e-01     0.1347      0.813    1483.67     67.870     4.5780   8.399875  0.000e+00
    294.463     7.0774    34.8618    27.2991 1.4652e-01     0.1322      0.821    1483.67     67.803     4.5735   8.399875  0.000e+00
    294.488     7.0775    34.8619    27.2992 1.4652e-01     0.1334      0.824    1483.67     67.794     4.5728   8.399876  0.000e+00
    294.513     7.0773    34.8622    27.2995 1.4652e-01     0.1347      0.832    1483.67     67.785     4.5723   8.399876  0.000e+00
    294.538     7.0775    34.8618    27.2991 1.4652e-01     0.1347      0.839    1483.67     67.776     4.5717   8.399877  0.000e+00
    294.551     7.0773    34.8624    27.2996 1.4652e-01     0.1371      0.850    1483.67     67.769     4.5712   8.399877  0.000e+00
    294.588     7.0773    34.8625    27.2997 1.4652e-01     0.1383      0.850    1483.67     67.762     4.5707   8.399878  0.000e+00
    294.613     7.0773    34.8621    27.2994 1.4652e-01     0.1408      0.842    1483.67     67.756     4.5703   8.399878  0.000e+00
    294.637     7.0775    34.8616    27.2990 1.4652e-01     0.1408      0.835    1483.67     67.750     4.5699   8.399878  0.000e+00
    294.651     7.0774    34.8619    27.2992 1.4652e-01     0.1408      0.842    1483.67     67.745     4.5696   8.399879  0.000e+00
    294.700     7.0776    34.8618    27.2991 1.4652e-01     0.1420      0.861    1483.68     67.676     4.5649   8.399879  0.000e+00
    294.700     7.0774    34.8620    27.2993 1.4652e-01     0.1542      0.868    1483.67     67.665     4.5642   8.399880  0.000e+00
    294.739     7.0773    34.8621    27.2994 1.4652e-01     0.1762      0.864    1483.68     67.663     4.5640   8.399880  0.000e+00
    294.763     7.0774    34.8620    27.2993 1.4652e-01     0.1908      0.853    1483.68     67.654     4.5634   8.399881  0.000e+00
    294.788     7.0775    34.8622    27.2994 1.4652e-01     0.1994      0.857    1483.68     67.646     4.5629   8.399881  0.000e+00
    294.813     7.0774    34.8620    27.2993 1.4652e-01     0.1994      0.857    1483.68     67.631     4.5618   8.399882  0.000e+00
    294.838     7.0775    34.8619    27.2992 1.4652e-01     0.1994      0.853    1483.68     67.689     4.5658   8.399882  0.000e+00
    294.850     7.0775    34.8621    27.2994 1.4652e-01     0.1981      0.861    1483.68     67.618     4.5610   8.399883  0.000e+00
    294.888     7.0776    34.8621    27.2994 1.4652e-01     0.1957      0.868    1483.68     67.613     4.5607   8.399883  0.000e+00
    294.913     7.0773    34.8623    27.2996 1.4652e-01     0.1933      0.864    1483.68     67.610     4.5604   8.399884  0.000e+00
    294.951     7.0774    34.8622    27.2995 1.4652e-01     0.1884      0.857    1483.68     67.615     4.5608   8.399884  0.000e+00
    294.962     7.0775    34.8620    27.2993 1.4652e-01     0.1786      0.842    1483.68     67.622     4.5613   8.399885  0.000e+00
    294.976     7.0771    34.8622    27.2995 1.4652e-01     0.1713      0.828    1483.68     67.622     4.5613   8.399885  0.000e+00
    295.012     7.0775    34.8618    27.2991 1.4652e-01     0.1688      0.824    1483.68     67.623     4.5613   8.399886  0.000e+00
    295.011     7.0773    34.8622    27.2995 1.4652e-01     0.1676      0.821    1483.68     67.616     4.5609   8.399886  0.000e+00
    295.064     7.0775    34.8621    27.2994 1.4652e-01     0.1627      0.824    1483.68     67.611     4.5605   8.399887  0.000e+00
    295.088     7.0773    34.8623    27.2996 1.4652e-01     0.1603      0.828    1483.68     67.614     4.5607   8.399887  0.000e+00
    295.088     7.0776    34.8619    27.2992 1.4652e-01     0.1627      0.835    1483.68     67.609     4.5604   8.399888  0.000e+00
    295.125     7.0776    34.8618    27.2991 1.4652e-01     0.1688      0.835    1483.68     67.606     4.5602   8.399888  0.000e+00
    295.138     7.0775    34.8620    27.2993 1.4652e-01     0.1688      0.832    1483.68     67.612     4.5606   8.399889  0.000e+00
    295.163     7.0773    34.8620    27.2993 1.4652e-01     0.1749      0.832    1483.68     67.618     4.5610   8.399889  0.000e+00
    295.188     7.0775    34.8619    27.2992 1.4652e-01     0.1920      0.842    1483.68     67.626     4.5615   8.399890  0.000e+00
    295.188     7.0773    34.8625    27.2997 1.4652e-01     0.1933      0.861    1483.68     67.635     4.5621   8.399890  0.000e+00
    295.224     7.0773    34.8620    27.2993 1.3431e-01     0.1811      0.872    1483.68     67.644     4.5628   8.399891  0.000e+00
    295.238     7.0774    34.8622    27.2995 1.4652e-01     0.1737      0.868    1483.68     67.655     4.5635   8.399891  0.000e+00
    295.263     7.0775    34.8621    27.2994 1.4652e-01     0.1676      0.857    1483.68     67.667     4.5643   8.399891  0.000e+00
    295.263     7.0775    34.8620    27.2993 1.4652e-01     0.1615      0.868    1483.68     67.680     4.5652   8.399892  0.000e+00
    295.276     7.0774    34.8623    27.2996 1.4652e-01     0.1566      0.890    1483.68     67.693     4.5661   8.399892  0.000e+00
    295.287     7.0773    34.8622    27.2995 1.4652e-01     0.1542      0.897    1483.68     67.708     4.5671   8.399893  0.000e+00
    295.287     7.0776    34.8619    27.2992 1.4652e-01     0.1566      0.886    1483.68     67.724     4.5681   8.399893  0.000e+00
    295.301     7.0775    34.8622    27.2994 1.4652e-01     0.1627      0.872    1483.69     67.732     4.5687   8.399894  0.000e+00
    295.301     7.0773    34.8623    27.2995 1.4652e-01     0.1798      0.872    1483.68     67.733     4.5687   8.399894  0.000e+00
    295.311     7.0773    34.8619    27.2992 1.4652e-01     0.2030      0.872    1483.68     67.742     4.5694   8.399895  0.000e+00
    295.301     7.0774    34.8617    27.2991 1.4652e-01     0.2238      0.861    1483.68     67.752     4.5700   8.399895  0.000e+00
    295.312     7.0773    34.8618    27.2992 1.4652e-01     0.2384      0.850    1483.68     67.754     4.5702   8.399896  0.000e+00
    295.312     7.0773    34.8621    27.2994 1.4652e-01     0.2494      0.839    1483.68     67.765     4.5709   8.399896  0.000e+00
    295.301     7.0773    34.8621    27.2994 1.4652e-01     0.2665      0.828    1483.68     67.703     4.5668   8.399897  0.000e+00
    295.312     7.0776    34.8619    27.2992 1.4652e-01     0.2812      0.821    1483.69     67.772     4.5714   8.399897  0.000e+00
    295.301     7.0773    34.8623    27.2996 1.4652e-01     0.2897      0.835    1483.68     67.776     4.5717   8.399898  0.000e+00
    295.312     7.0774    34.8621    27.2994 1.4652e-01     0.2970      0.850    1483.69     67.725     4.5682   8.399898  0.000e+00
    295.301     7.0773    34.8619    27.2993 1.4652e-01     0.3032      0.846    1483.68     67.787     4.5724   8.399899  0.000e+00
    295.312     7.0771    34.8623    27.2996 1.4652e-01     0.3105      0.839    1483.68     67.794     4.5729   8.399899  0.000e+00
    295.326     7.0773    34.8623    27.2996 1.4652e-01     0.3166      0.828    1483.69     67.800     4.5733   8.399900  0.000e+00
    295.301     7.0774    34.8621    27.2994 1.5873e-01     0.3154      0.810    1483.68     67.742     4.5694   8.399900  0.000e+00
    295.312     7.0776    34.8616    27.2989 1.5873e-01     0.2934      0.802    1483.69     67.806     4.5737   8.399901  0.000e+00
    295.312     7.0773    34.8623    27.2995 1.4652e-01     0.2519      0.806    1483.68     67.814     4.5742   8.399901  0.000e+00
    295.326     7.0774    34.8621    27.2994 1.4652e-01     0.2165      0.810    1483.69     67.822     4.5748   8.399902  0.000e+00
    295.312     7.0775    34.8623    27.2995 1.4652e-01     0.1908      0.817    1483.69     67.831     4.5753   8.399902  0.000e+00
