RAWDATA/20190107/VT3_20190109_down.cnv
* Sea-Bird SBE 9 Data File:
* FileName = C:\CTD Brukere\NIVA\OKOKYST2019\20190107\VT3_20190109.hex
* Software Version Seasave V 7.23.2
* Temperature SN = 5352
* Conductivity SN = 3840
* Number of Bytes Per Scan = 28
* Number of Voltage Words = 4
* Number of Scans Averaged by the Deck Unit = 1
* NMEA baud rate = 4800
** Ship: R/V Trygve Braarud
** Cruise:
** Station:
** Operator:
# nquan = 12
# nvalues = 21165                                 
# units = specified
# name 0 = depSM: Depth [salt water, m], lat = 59.60
# name 1 = t090C: Temperature [ITS-90, deg C]
# name 2 = sal00: Salinity, Practical [PSU]
# name 3 = sigma-t00: Density [sigma-t, kg/m^3 ]
# name 4 = flSP: Fluorescence, Seapoint
# name 5 = wetStar: Fluorescence, WET Labs WETstar [mg/m^3]
# name 6 = seaTurbMtr: Turbidity, Seapoint [FTU]
# name 7 = svCM: Sound Velocity [Chen-Millero, m/s]
# name 8 = sbeox0PS: Oxygen, SBE 43 [% saturation]
# name 9 = sbeox0ML/L: Oxygen, SBE 43 [ml/l]
# name 10 = timeJ: Julian Days
# name 11 = flag:  0.000e+00
# span 0 =      0.236,    446.021                 
# span 1 =     6.6566,     8.6605                 
# span 2 =    33.4199,    35.1171                 
# span 3 =    26.0865,    27.5584                 
# span 4 = 1.2210e-01, 4.7619e-01                 
# span 5 =     0.1200,     0.3263                 
# span 6 =      0.516,      6.300                 
# span 7 =    1478.65,    1487.39                 
# span 8 =     72.426,     91.906                 
# span 9 =     4.9244,     6.1116                 
# span 10 =   9.670347,   9.680554                
# span 11 = 0.0000e+00, 0.0000e+00                
# interval = seconds: 0.0416667
# start_time = Jan 09 2019 16:05:18 [System UpLoad Time]
# bad_flag = -9.990e-29
*END*
[from data line 15038]
    338.869     6.7226    35.1130    27.5462 1.3431e-01     0.2506      1.429    1483.35     75.384     5.1179   9.677599  0.000e+00
    338.886     6.7229    35.1126    27.5458 1.3431e-01     0.2506      1.553    1483.35     75.383     5.1178   9.677600  0.000e+00
    338.919     6.7234    35.1125    27.5457 1.3431e-01     0.2568      1.403    1483.35     75.319     5.1134   9.677600  0.000e+00
    338.944     6.7236    35.1123    27.5455 1.3431e-01     0.2568      1.198    1483.35     75.312     5.1129   9.677601  0.000e+00
    338.949     6.7236    35.1119    27.5452 1.3431e-01     0.2555      1.040    1483.35     75.372     5.1170   9.677601  0.000e+00
    338.994     6.7237    35.1124    27.5456 1.3431e-01     0.2531      0.923    1483.35     75.377     5.1173   9.677602  0.000e+00
    339.007     6.7237    35.1121    27.5453 1.3431e-01     0.2531      0.824    1483.35     75.317     5.1133   9.677602  0.000e+00
    339.037     6.7237    35.1122    27.5454 1.3431e-01     0.2506      0.751    1483.35     75.316     5.1132   9.677603  0.000e+00
    339.057     6.7237    35.1118    27.5451 1.4652e-01     0.2506      0.714    1483.35     75.316     5.1132   9.677603  0.000e+00
    339.082     6.7236    35.1120    27.5453 1.4652e-01     0.2519      0.696    1483.35     75.317     5.1133   9.677604  0.000e+00
    339.099     6.7237    35.1117    27.5450 1.3431e-01     0.2531      0.685    1483.35     75.319     5.1134   9.677604  0.000e+00
    339.145     6.7236    35.1122    27.5455 1.4652e-01     0.2543      0.681    1483.36     75.324     5.1137   9.677605  0.000e+00
    339.137     6.7234    35.1123    27.5456 1.3431e-01     0.2568      0.678    1483.35     75.329     5.1141   9.677605  0.000e+00
    339.184     6.7234    35.1124    27.5457 1.3431e-01     0.2543      0.681    1483.36     75.336     5.1146   9.677606  0.000e+00
    339.184     6.7236    35.1121    27.5454 1.4652e-01     0.2555      0.667    1483.36     75.335     5.1145   9.677606  0.000e+00
    339.225     6.7233    35.1126    27.5458 1.3431e-01     0.2543      0.645    1483.36     75.336     5.1146   9.677607  0.000e+00
    339.259     6.7234    35.1120    27.5453 1.3431e-01     0.2568      0.619    1483.36     75.338     5.1147   9.677607  0.000e+00
    339.259     6.7233    35.1122    27.5455 1.3431e-01     0.2580      0.604    1483.36     75.275     5.1105   9.677608  0.000e+00
    339.289     6.7234    35.1122    27.5455 1.3431e-01     0.2555      0.597    1483.36     75.336     5.1146   9.677608  0.000e+00
    339.309     6.7233    35.1125    27.5458 1.3431e-01     0.2568      0.601    1483.36     75.341     5.1149   9.677609  0.000e+00
    339.339     6.7233    35.1120    27.5454 1.3431e-01     0.2580      0.608    1483.36     75.282     5.1110   9.677609  0.000e+00
    339.347     6.7231    35.1120    27.5454 1.3431e-01     0.2568      0.615    1483.36     75.281     5.1109   9.677609  0.000e+00
    339.385     6.7233    35.1124    27.5457 1.3431e-01     0.2555      0.612    1483.36     75.282     5.1109   9.677610  0.000e+00
    339.402     6.7231    35.1125    27.5458 1.3431e-01     0.2543      0.608    1483.36     75.349     5.1155   9.677610  0.000e+00
    339.435     6.7231    35.1121    27.5455 1.3431e-01     0.2543      0.604    1483.36     75.296     5.1119   9.677611  0.000e+00
    339.447     6.7233    35.1121    27.5454 1.3431e-01     0.2568      0.604    1483.36     75.300     5.1121   9.677611  0.000e+00
    339.452     6.7231    35.1124    27.5457 1.3431e-01     0.2543      0.619    1483.36     75.371     5.1170   9.677612  0.000e+00
    339.485     6.7229    35.1127    27.5460 1.3431e-01     0.2555      0.648    1483.36     75.321     5.1136   9.677612  0.000e+00
    339.515     6.7231    35.1122    27.5455 1.3431e-01     0.2555      0.667    1483.36     75.321     5.1136   9.677613  0.000e+00
    339.510     6.7229    35.1122    27.5455 1.3431e-01     0.2543      0.652    1483.36     75.321     5.1136   9.677613  0.000e+00
    339.548     6.7229    35.1119    27.5453 1.3431e-01     0.2555      0.637    1483.36     75.323     5.1137   9.677614  0.000e+00
    339.565     6.7228    35.1120    27.5454 1.4652e-01     0.2543      0.637    1483.36     75.326     5.1139   9.677614  0.000e+00
    339.585     6.7225    35.1120    27.5455 1.3431e-01     0.2531      0.626    1483.36     75.329     5.1142   9.677615  0.000e+00
    339.615     6.7226    35.1120    27.5454 1.3431e-01     0.2543      0.612    1483.36     75.334     5.1145   9.677615  0.000e+00
    339.612     6.7221    35.1118    27.5454 1.3431e-01     0.2531      0.601    1483.36     75.340     5.1150   9.677616  0.000e+00
    339.648     6.7220    35.1121    27.5456 1.3431e-01     0.2531      0.593    1483.36     75.347     5.1155   9.677616  0.000e+00
    339.653     6.7223    35.1120    27.5455 1.3431e-01     0.2531      0.586    1483.36     75.355     5.1160   9.677617  0.000e+00
    339.698     6.7220    35.1126    27.5460 1.3431e-01     0.2531      0.593    1483.36     75.364     5.1166   9.677617  0.000e+00
    339.690     6.7218    35.1126    27.5460 1.3431e-01     0.2519      0.593    1483.36     75.365     5.1167   9.677618  0.000e+00
    339.711     6.7221    35.1127    27.5461 1.3431e-01     0.2519      0.586    1483.36     75.367     5.1168   9.677618  0.000e+00
    339.728     6.7223    35.1122    27.5457 1.3431e-01     0.2506      0.582    1483.36     75.370     5.1170   9.677619  0.000e+00
    339.736     6.7221    35.1124    27.5458 1.3431e-01     0.2519      0.619    1483.36     75.373     5.1172   9.677619  0.000e+00
    339.775     6.7224    35.1122    27.5457 1.3431e-01     0.2519      0.648    1483.36     75.377     5.1175   9.677620  0.000e+00
    339.766     6.7223    35.1121    27.5456 1.3431e-01     0.2531      0.630    1483.36     75.382     5.1178   9.677620  0.000e+00
    339.800     6.7225    35.1120    27.5455 1.3431e-01     0.2543      0.601    1483.36     75.387     5.1182   9.677621  0.000e+00
    339.803     6.7221    35.1125    27.5459 1.3431e-01     0.2543      0.586    1483.36     75.393     5.1186   9.677621  0.000e+00
    339.838     6.7223    35.1126    27.5459 1.3431e-01     0.2531      0.601    1483.36     75.400     5.1191   9.677622  0.000e+00
    339.828     6.7225    35.1122    27.5456 1.3431e-01     0.2506      0.612    1483.36     75.408     5.1195   9.677622  0.000e+00
    339.863     6.7224    35.1124    27.5458 1.3431e-01     0.2531      0.612    1483.36     75.416     5.1201   9.677622  0.000e+00
    339.874     6.7224    35.1119    27.5454 1.3431e-01     0.2531      0.615    1483.36     75.425     5.1207   9.677623  0.000e+00
    339.866     6.7223    35.1124    27.5458 1.3431e-01     0.2543      0.615    1483.36     75.434     5.1214   9.677623  0.000e+00
    339.913     6.7223    35.1124    27.5458 1.3431e-01     0.2555      0.645    1483.36     75.436     5.1215   9.677624  0.000e+00
    339.904     6.7223    35.1121    27.5455 1.3431e-01     0.2531      0.663    1483.36     75.438     5.1216   9.677624  0.000e+00
    339.913     6.7223    35.1124    27.5458 1.3431e-01     0.2555      0.663    1483.36     75.449     5.1224   9.677625  0.000e+00
    339.941     6.7224    35.1122    27.5456 1.3431e-01     0.2555      0.663    1483.36     75.461     5.1232   9.677625  0.000e+00
    339.938     6.7223    35.1120    27.5455 1.3431e-01     0.2555      0.733    1483.36     75.464     5.1234   9.677626  0.000e+00
    339.966     6.7223    35.1121    27.5456 1.3431e-01     0.2555      0.886    1483.36     75.469     5.1237   9.677626  0.000e+00
    339.963     6.7223    35.1123    27.5457 1.3431e-01     0.2555      0.938    1483.36     75.473     5.1240   9.677627  0.000e+00
    339.976     6.7221    35.1124    27.5459 1.3431e-01     0.2543      0.886    1483.36     75.478     5.1243   9.677627  0.000e+00
    339.993     6.7223    35.1122    27.5457 1.3431e-01     0.2555      0.886    1483.36     75.483     5.1246   9.677628  0.000e+00
    340.013     6.7221    35.1122    27.5456 1.3431e-01     0.2555      0.879    1483.36     75.488     5.1250   9.677628  0.000e+00
    340.018     6.7221    35.1126    27.5460 1.4652e-01     0.2568      0.810    1483.36     75.494     5.1254   9.677629  0.000e+00
    340.026     6.7220    35.1124    27.5458 1.3431e-01     0.2568      0.729    1483.36     75.500     5.1259   9.677629  0.000e+00
    340.043     6.7220    35.1124    27.5458 1.3431e-01     0.2543      0.667    1483.36     75.506     5.1263   9.677630  0.000e+00
    340.064     6.7221    35.1123    27.5458 1.3431e-01     0.2543      0.630    1483.37     75.513     5.1268   9.677630  0.000e+00
    340.043     6.7220    35.1123    27.5458 1.4652e-01     0.2531      0.623    1483.36     75.520     5.1272   9.677631  0.000e+00
    340.076     6.7220    35.1122    27.5457 1.3431e-01     0.2531      0.648    1483.36     75.519     5.1272   9.677631  0.000e+00
    340.101     6.7217    35.1125    27.5460 1.3431e-01     0.2519      0.648    1483.36     75.527     5.1277   9.677632  0.000e+00
    340.093     6.7217    35.1125    27.5460 1.3431e-01     0.2519      0.626    1483.36     75.600     5.1327   9.677632  0.000e+00
    340.114     6.7218    35.1117    27.5453 1.3431e-01     0.2531      0.608    1483.36     75.542     5.1288   9.677633  0.000e+00
    340.117     6.7217    35.1123    27.5458 1.3431e-01     0.2519      0.604    1483.36     75.541     5.1287   9.677633  0.000e+00
    340.139     6.7218    35.1125    27.5460 1.3431e-01     0.2531      0.593    1483.37     75.540     5.1286   9.677634  0.000e+00
    340.156     6.7220    35.1125    27.5459 1.3431e-01     0.2543      0.586    1483.37     75.548     5.1291   9.677634  0.000e+00
    340.151     6.7220    35.1122    27.5457 1.3431e-01     0.2543      0.571    1483.37     75.547     5.1291   9.677635  0.000e+00
    340.167     6.7218    35.1123    27.5458 1.3431e-01     0.2555      0.579    1483.37     75.547     5.1291   9.677635  0.000e+00
    340.202     6.7221    35.1125    27.5459 1.3431e-01     0.2519      0.608    1483.37     75.621     5.1340   9.677636  0.000e+00
    340.192     6.7223    35.1123    27.5457 1.3431e-01     0.2531      0.626    1483.37     75.563     5.1301   9.677636  0.000e+00
    340.214     6.7221    35.1119    27.5454 1.3431e-01     0.2519      0.623    1483.37     75.562     5.1301   9.677636  0.000e+00
    340.231     6.7224    35.1121    27.5456 1.3431e-01     0.2506      0.615    1483.37     75.562     5.1300   9.677637  0.000e+00
    340.239     6.7224    35.1126    27.5459 1.3431e-01     0.2519      0.615    1483.37     75.561     5.1300   9.677637  0.000e+00
    340.269     6.7223    35.1128    27.5461 1.3431e-01     0.2519      0.637    1483.37     75.561     5.1299   9.677638  0.000e+00
    340.277     6.7226    35.1125    27.5458 1.3431e-01     0.2519      0.645    1483.37     75.560     5.1299   9.677638  0.000e+00
    340.291     6.7228    35.1123    27.5457 1.3431e-01     0.2531      0.648    1483.37     75.560     5.1298   9.677639  0.000e+00
    340.319     6.7228    35.1120    27.5454 1.3431e-01     0.2519      0.641    1483.37     75.559     5.1298   9.677639  0.000e+00
    340.327     6.7224    35.1120    27.5455 1.3431e-01     0.2519      0.626    1483.37     75.559     5.1298   9.677640  0.000e+00
    340.357     6.7221    35.1114    27.5451 1.3431e-01     0.2531      0.615    1483.37     75.558     5.1298   9.677640  0.000e+00
    340.366     6.7215    35.1121    27.5456 1.3431e-01     0.2543      0.626    1483.37     75.558     5.1298   9.677641  0.000e+00
    340.394     6.7212    35.1117    27.5454 1.3431e-01     0.2555      0.648    1483.37     75.557     5.1299   9.677641  0.000e+00
    340.415     6.7209    35.1120    27.5456 1.3431e-01     0.2543      0.656    1483.37     75.557     5.1299   9.677642  0.000e+00
    340.432     6.7205    35.1126    27.5462 1.3431e-01     0.2531      0.648    1483.37     75.556     5.1299   9.677642  0.000e+00
    340.454     6.7207    35.1123    27.5459 1.3431e-01     0.2531      0.630    1483.37     75.556     5.1298   9.677643  0.000e+00
    340.469     6.7209    35.1119    27.5456 1.3431e-01     0.2543      0.626    1483.37     75.555     5.1298   9.677643  0.000e+00
    340.504     6.7207    35.1121    27.5458 1.3431e-01     0.2555      0.626    1483.37     75.555     5.1298   9.677644  0.000e+00
    340.520     6.7209    35.1120    27.5457 1.3431e-01     0.2531      0.630    1483.37     75.554     5.1297   9.677644  0.000e+00
    340.554     6.7207    35.1124    27.5460 1.4652e-01     0.2519      0.626    1483.37     75.554     5.1297   9.677645  0.000e+00
    340.570     6.7209    35.1120    27.5457 1.3431e-01     0.2519      0.608    1483.37     75.553     5.1296   9.677645  0.000e+00
    340.605     6.7209    35.1122    27.5458 1.4652e-01     0.2519      0.597    1483.37     75.553     5.1296   9.677646  0.000e+00
    340.620     6.7210    35.1122    27.5458 1.3431e-01     0.2543      0.590    1483.37     75.553     5.1296   9.677646  0.000e+00
    340.655     6.7207    35.1122    27.5459 1.3431e-01     0.2568      0.582    1483.37     75.552     5.1296   9.677647  0.000e+00
    340.683     6.7207    35.1121    27.5458 1.3431e-01     0.2555      0.579    1483.37     75.552     5.1295   9.677647  0.000e+00
    340.730     6.7209    35.1121    27.5458 1.3431e-01     0.2531      0.579    1483.37     75.552     5.1295   9.677648  0.000e+00
    340.733     6.7209    35.1120    27.5456 1.4652e-01     0.2543      0.575    1483.37     75.551     5.1295   9.677648  0.000e+00
    340.780     6.7207    35.1123    27.5459 1.3431e-01     0.2543      0.575    1483.37     75.551     5.1295   9.677649  0.000e+00
    340.808     6.7205    35.1126    27.5462 1.3431e-01     0.2555      0.571    1483.37     75.550     5.1294   9.677649  0.000e+00
    340.843     6.7209    35.1119    27.5456 1.3431e-01     0.2568      0.568    1483.37     75.550     5.1294   9.677649  0.000e+00
    340.885     6.7207    35.1124    27.5460 1.3431e-01     0.2543      0.564    1483.37     75.550     5.1294   9.677650  0.000e+00
    340.910     6.7209    35.1120    27.5457 1.3431e-01     0.2543      0.571    1483.37     75.549     5.1293   9.677650  0.000e+00
    340.945     6.7207    35.1120    27.5457 1.3431e-01     0.2519      0.575    1483.37     75.484     5.1249   9.677651  0.000e+00
    340.973     6.7207    35.1125    27.5461 1.3431e-01     0.2531      0.575    1483.38     75.475     5.1243   9.677651  0.000e+00
    341.020     6.7207    35.1127    27.5463 1.4652e-01     0.2519      0.575    1483.38     75.467     5.1238   9.677652  0.000e+00
    341.048     6.7205    35.1125    27.5461 1.3431e-01     0.2494      0.571    1483.38     75.459     5.1233   9.677652  0.000e+00
    341.083     6.7205    35.1127    27.5463 1.3431e-01     0.2494      0.571    1483.38     75.452     5.1227   9.677653  0.000e+00
    341.123     6.7207    35.1126    27.5462 1.3431e-01     0.2519      0.575    1483.38     75.445     5.1223   9.677653  0.000e+00
    341.158     6.7207    35.1120    27.5457 1.3431e-01     0.2519      0.579    1483.38     75.438     5.1218   9.677654  0.000e+00
    341.199     6.7207    35.1124    27.5460 1.3431e-01     0.2494      0.579    1483.38     75.432     5.1214   9.677654  0.000e+00
    341.224     6.7205    35.1124    27.5461 1.3431e-01     0.2519      0.586    1483.38     75.426     5.1210   9.677655  0.000e+00
    341.284     6.7207    35.1122    27.5458 1.3431e-01     0.2543      0.630    1483.38     75.420     5.1206   9.677655  0.000e+00
    341.313     6.7205    35.1123    27.5460 1.3431e-01     0.2531      0.659    1483.38     75.424     5.1209   9.677656  0.000e+00
    341.334     6.7207    35.1124    27.5460 1.3431e-01     0.2519      0.656    1483.38     75.419     5.1205   9.677656  0.000e+00
