RAWDATA/20190107/VT3_20190109_down.cnv
* Sea-Bird SBE 9 Data File:
* FileName = C:\CTD Brukere\NIVA\OKOKYST2019\20190107\VT3_20190109.hex
* Software Version Seasave V 7.23.2
* Temperature SN = 5352
* Conductivity SN = 3840
* Number of Bytes Per Scan = 28
* Number of Voltage Words = 4
* Number of Scans Averaged by the Deck Unit = 1
* NMEA baud rate = 4800
** Ship: R/V Trygve Braarud
** Cruise:
** Station:
** Operator:
# nquan = 12
# nvalues = 21165                                 
# units = specified
# name 0 = depSM: Depth [salt water, m], lat = 59.60
# name 1 = t090C: Temperature [ITS-90, deg C]
# name 2 = sal00: Salinity, Practical [PSU]
# name 3 = sigma-t00: Density [sigma-t, kg/m^3 ]
# name 4 = flSP: Fluorescence, Seapoint
# name 5 = wetStar: Fluorescence, WET Labs WETstar [mg/m^3]
# name 6 = seaTurbMtr: Turbidity, Seapoint [FTU]
# name 7 = svCM: Sound Velocity [Chen-Millero, m/s]
# name 8 = sbeox0PS: Oxygen, SBE 43 [% saturation]
# name 9 = sbeox0ML/L: Oxygen, SBE 43 [ml/l]
# name 10 = timeJ: Julian Days
# name 11 = flag:  0.000e+00
# span 0 =      0.236,    446.021                 
# span 1 =     6.6566,     8.6605                 
# span 2 =    33.4199,    35.1171                 
# span 3 =    26.0865,    27.5584                 
# span 4 = 1.2210e-01, 4.7619e-01                 
# span 5 =     0.1200,     0.3263                 
# span 6 =      0.516,      6.300                 
# span 7 =    1478.65,    1487.39                 
# span 8 =     72.426,     91.906                 
# span 9 =     4.9244,     6.1116                 
# span 10 =   9.670347,   9.680554                
# span 11 = 0.0000e+00, 0.0000e+00                
# interval = seconds: 0.0416667
# start_time = Jan 09 2019 16:05:18 [System UpLoad Time]
# bad_flag = -9.990e-29
*END*
[from data line 5655]
    120.690     8.4589    34.8000    27.0469 1.7094e-01     0.1200      0.736    1485.95     89.436     5.8498   9.673074  0.000e+00
    120.702     8.4592    34.8004    27.0471 1.7094e-01     0.1200      0.736    1485.95     89.377     5.8459   9.673075  0.000e+00
    120.726     8.4599    34.7997    27.0465 1.7094e-01     0.1200      0.729    1485.96     89.435     5.8496   9.673075  0.000e+00
    120.751     8.4600    34.8002    27.0468 1.8315e-01     0.1200      0.718    1485.96     89.437     5.8497   9.673076  0.000e+00
    120.787     8.4602    34.8004    27.0470 1.8315e-01     0.1200      0.707    1485.96     89.438     5.8498   9.673076  0.000e+00
    120.787     8.4603    34.8001    27.0468 1.8315e-01     0.1200      0.700    1485.96     89.438     5.8498   9.673077  0.000e+00
    120.823     8.4600    34.8001    27.0468 1.7094e-01     0.1200      0.711    1485.96     89.438     5.8498   9.673077  0.000e+00
    120.847     8.4600    34.8002    27.0469 1.7094e-01     0.1200      0.733    1485.96     89.444     5.8502   9.673078  0.000e+00
    120.860     8.4605    34.7998    27.0465 1.7094e-01     0.1200      0.725    1485.96     89.449     5.8505   9.673078  0.000e+00
    120.896     8.4605    34.8000    27.0466 1.7094e-01     0.1200      0.711    1485.96     89.384     5.8462   9.673079  0.000e+00
    120.921     8.4607    34.7997    27.0463 1.8315e-01     0.1200      0.703    1485.96     89.436     5.8496   9.673079  0.000e+00
    120.945     8.4605    34.7998    27.0465 1.9536e-01     0.1200      0.703    1485.96     89.439     5.8498   9.673080  0.000e+00
    120.957     8.4608    34.8002    27.0468 1.8315e-01     0.1200      0.703    1485.96     89.434     5.8494   9.673080  0.000e+00
    120.994     8.4607    34.8001    27.0467 1.8315e-01     0.1200      0.707    1485.96     89.428     5.8491   9.673081  0.000e+00
    121.019     8.4607    34.8002    27.0467 1.9536e-01     0.1200      0.714    1485.96     89.429     5.8491   9.673081  0.000e+00
    121.017     8.4607    34.8003    27.0468 1.8315e-01     0.1200      0.733    1485.96     89.422     5.8486   9.673082  0.000e+00
    121.055     8.4608    34.8001    27.0466 1.8315e-01     0.1200      0.722    1485.97     89.421     5.8486   9.673082  0.000e+00
    121.079     8.4605    34.8001    27.0467 1.8315e-01     0.1200      0.707    1485.96     89.412     5.8481   9.673083  0.000e+00
    121.104     8.4602    34.8001    27.0468 2.0757e-01     0.1200      0.714    1485.96     89.410     5.8480   9.673083  0.000e+00
    121.127     8.4602    34.8001    27.0467 2.0757e-01     0.1200      0.736    1485.96     89.408     5.8478   9.673084  0.000e+00
    121.140     8.4600    34.7996    27.0464 1.9536e-01     0.1200      0.755    1485.96     89.404     5.8476   9.673084  0.000e+00
    121.178     8.4595    34.7999    27.0467 1.8315e-01     0.1200      0.769    1485.96     89.400     5.8474   9.673084  0.000e+00
    121.200     8.4594    34.8001    27.0468 1.9536e-01     0.1200      0.769    1485.96     89.396     5.8471   9.673085  0.000e+00
    121.212     8.4595    34.7997    27.0465 1.8315e-01     0.1200      0.755    1485.96     89.391     5.8468   9.673085  0.000e+00
    121.225     8.4595    34.8002    27.0470 1.8315e-01     0.1200      0.744    1485.96     89.322     5.8423   9.673086  0.000e+00
    121.249     8.4599    34.8005    27.0471 1.9536e-01     0.1200      0.766    1485.97     89.371     5.8454   9.673086  0.000e+00
    121.299     8.4605    34.8008    27.0473 1.8315e-01     0.1200      0.766    1485.97     89.365     5.8449   9.673087  0.000e+00
    121.299     8.4610    34.8008    27.0472 1.8315e-01     0.1200      0.744    1485.97     89.357     5.8444   9.673087  0.000e+00
    121.323     8.4613    34.8006    27.0469 1.8315e-01     0.1200      0.747    1485.97     89.287     5.8397   9.673088  0.000e+00
    121.346     8.4613    34.8008    27.0471 1.8315e-01     0.1200      0.777    1485.97     89.209     5.8347   9.673088  0.000e+00
    121.384     8.4615    34.8007    27.0470 1.7094e-01     0.1200      0.802    1485.97     89.249     5.8372   9.673089  0.000e+00
    121.384     8.4615    34.8009    27.0472 1.8315e-01     0.1200      0.780    1485.97     89.241     5.8367   9.673089  0.000e+00
    121.408     8.4615    34.8008    27.0471 1.8315e-01     0.1200      0.747    1485.97     89.233     5.8362   9.673090  0.000e+00
    121.431     8.4616    34.8006    27.0469 1.8315e-01     0.1200      0.733    1485.98     89.224     5.8356   9.673090  0.000e+00
    121.469     8.4616    34.8007    27.0470 1.8315e-01     0.1200      0.747    1485.98     89.216     5.8351   9.673091  0.000e+00
    121.480     8.4615    34.8010    27.0473 1.8315e-01     0.1200      0.766    1485.98     89.208     5.8345   9.673091  0.000e+00
    121.504     8.4621    34.8009    27.0471 1.8315e-01     0.1200      0.766    1485.98     89.200     5.8339   9.673092  0.000e+00
    121.518     8.4629    34.8010    27.0471 1.7094e-01     0.1200      0.766    1485.98     89.191     5.8333   9.673092  0.000e+00
    121.554     8.4634    34.8012    27.0471 1.7094e-01     0.1200      0.780    1485.98     89.121     5.8286   9.673093  0.000e+00
    121.578     8.4637    34.8014    27.0472 1.7094e-01     0.1200      0.769    1485.99     89.168     5.8316   9.673093  0.000e+00
    121.603     8.4641    34.8017    27.0474 1.7094e-01     0.1200      0.747    1485.99     89.160     5.8311   9.673094  0.000e+00
    121.614     8.4641    34.8021    27.0477 1.9536e-01     0.1200      0.733    1485.99     89.090     5.8264   9.673094  0.000e+00
    121.639     8.4642    34.8018    27.0474 1.9536e-01     0.1200      0.722    1485.99     89.138     5.8295   9.673095  0.000e+00
    121.650     8.4641    34.8016    27.0473 1.9536e-01     0.1200      0.718    1485.99     89.130     5.8291   9.673095  0.000e+00
    121.688     8.4639    34.8016    27.0474 1.8315e-01     0.1200      0.718    1485.99     89.122     5.8286   9.673096  0.000e+00
    121.710     8.4639    34.8018    27.0475 1.7094e-01     0.1200      0.751    1485.99     89.060     5.8245   9.673096  0.000e+00
    121.710     8.4642    34.8019    27.0476 1.7094e-01     0.1200      0.777    1485.99     89.053     5.8240   9.673097  0.000e+00
    121.750     8.4641    34.8022    27.0478 1.8315e-01     0.1200      0.766    1485.99     89.047     5.8236   9.673097  0.000e+00
    121.773     8.4644    34.8015    27.0472 1.7094e-01     0.1200      0.740    1485.99     89.042     5.8233   9.673098  0.000e+00
    121.797     8.4639    34.8016    27.0474 1.7094e-01     0.1200      0.722    1485.99     89.037     5.8230   9.673098  0.000e+00
    121.820     8.4641    34.8014    27.0472 1.7094e-01     0.1200      0.707    1485.99     89.025     5.8222   9.673098  0.000e+00
    121.845     8.4641    34.8016    27.0473 1.7094e-01     0.1200      0.700    1485.99     89.021     5.8220   9.673099  0.000e+00
    121.858     8.4641    34.8016    27.0473 1.9536e-01     0.1200      0.700    1485.99     89.018     5.8217   9.673099  0.000e+00
    121.882     8.4642    34.8018    27.0475 1.8315e-01     0.1200      0.711    1485.99     89.015     5.8215   9.673100  0.000e+00
    121.907     8.4641    34.8023    27.0479 1.8315e-01     0.1200      0.729    1485.99     89.013     5.8214   9.673100  0.000e+00
    121.918     8.4644    34.8015    27.0472 1.8315e-01     0.1200      0.725    1485.99     89.011     5.8213   9.673101  0.000e+00
    121.954     8.4642    34.8018    27.0475 1.7094e-01     0.1200      0.718    1485.99     89.010     5.8212   9.673101  0.000e+00
    121.979     8.4642    34.8019    27.0476 1.7094e-01     0.1200      0.711    1486.00     89.010     5.8212   9.673102  0.000e+00
    121.992     8.4639    34.8022    27.0478 1.7094e-01     0.1200      0.711    1485.99     89.003     5.8207   9.673102  0.000e+00
    122.015     8.4642    34.8023    27.0479 1.7094e-01     0.1200      0.700    1486.00     89.003     5.8207   9.673103  0.000e+00
    122.039     8.4641    34.8026    27.0481 1.7094e-01     0.1200      0.685    1486.00     89.004     5.8208   9.673103  0.000e+00
    122.064     8.4641    34.8022    27.0478 1.7094e-01     0.1200      0.685    1486.00     89.006     5.8210   9.673104  0.000e+00
    122.090     8.4641    34.8020    27.0477 1.7094e-01     0.1200      0.685    1486.00     89.009     5.8211   9.673104  0.000e+00
    122.088     8.4639    34.8024    27.0479 1.7094e-01     0.1200      0.681    1486.00     89.011     5.8213   9.673105  0.000e+00
    122.137     8.4639    34.8017    27.0474 1.7094e-01     0.1200      0.681    1486.00     89.015     5.8216   9.673105  0.000e+00
    122.149     8.4639    34.8014    27.0472 1.7094e-01     0.1200      0.696    1486.00     88.957     5.8178   9.673106  0.000e+00
    122.186     8.4639    34.8015    27.0473 1.7094e-01     0.1200      0.711    1486.00     89.017     5.8217   9.673106  0.000e+00
    122.198     8.4636    34.8015    27.0473 1.7094e-01     0.1200      0.714    1486.00     88.961     5.8181   9.673107  0.000e+00
    122.222     8.4636    34.8014    27.0472 1.7094e-01     0.1200      0.711    1486.00     88.960     5.8180   9.673107  0.000e+00
    122.247     8.4634    34.8017    27.0475 1.7094e-01     0.1200      0.711    1486.00     89.023     5.8221   9.673108  0.000e+00
    122.258     8.4636    34.8017    27.0475 1.7094e-01     0.1200      0.729    1486.00     88.968     5.8186   9.673108  0.000e+00
    122.296     8.4636    34.8014    27.0473 1.7094e-01     0.1200      0.740    1486.00     88.970     5.8187   9.673109  0.000e+00
    122.307     8.4639    34.8015    27.0472 1.7094e-01     0.1200      0.747    1486.00     88.973     5.8188   9.673109  0.000e+00
    122.343     8.4636    34.8016    27.0474 1.7094e-01     0.1200      0.747    1486.00     88.969     5.8186   9.673110  0.000e+00
    122.332     8.4636    34.8019    27.0476 1.7094e-01     0.1200      0.733    1486.00     88.973     5.8188   9.673110  0.000e+00
    122.381     8.4637    34.8018    27.0476 1.7094e-01     0.1200      0.718    1486.00     88.978     5.8192   9.673111  0.000e+00
    122.392     8.4634    34.8021    27.0478 1.7094e-01     0.1200      0.729    1486.00     88.984     5.8196   9.673111  0.000e+00
    122.428     8.4634    34.8024    27.0480 1.7094e-01     0.1200      0.740    1486.00     88.921     5.8155   9.673111  0.000e+00
    122.441     8.4637    34.8019    27.0476 1.7094e-01     0.1200      0.744    1486.00     88.969     5.8186   9.673112  0.000e+00
    122.466     8.4639    34.8021    27.0478 1.7094e-01     0.1200      0.733    1486.00     88.970     5.8186   9.673112  0.000e+00
    122.477     8.4636    34.8020    27.0477 1.7094e-01     0.1200      0.714    1486.00     88.971     5.8187   9.673113  0.000e+00
    122.502     8.4636    34.8018    27.0476 1.7094e-01     0.1200      0.722    1486.00     88.972     5.8188   9.673113  0.000e+00
    122.526     8.4636    34.8019    27.0476 1.7094e-01     0.1200      0.744    1486.00     88.912     5.8149   9.673114  0.000e+00
    122.562     8.4631    34.8021    27.0479 1.7094e-01     0.1200      0.755    1486.00     88.909     5.8147   9.673114  0.000e+00
    122.575     8.4631    34.8018    27.0476 1.8315e-01     0.1200      0.747    1486.00     88.906     5.8145   9.673115  0.000e+00
    122.587     8.4631    34.8019    27.0477 1.8315e-01     0.1200      0.740    1486.00     88.966     5.8184   9.673115  0.000e+00
    122.623     8.4629    34.8023    27.0480 1.7094e-01     0.1200      0.736    1486.00     88.909     5.8148   9.673116  0.000e+00
    122.647     8.4628    34.8026    27.0483 1.8315e-01     0.1200      0.751    1486.00     88.901     5.8142   9.673116  0.000e+00
    122.647     8.4628    34.8026    27.0483 1.8315e-01     0.1200      0.758    1486.00     88.901     5.8142   9.673117  0.000e+00
    122.685     8.4626    34.8022    27.0480 1.8315e-01     0.1200      0.758    1486.00     88.902     5.8143   9.673117  0.000e+00
    122.696     8.4626    34.8023    27.0481 1.9536e-01     0.1200      0.758    1486.00     88.896     5.8139   9.673118  0.000e+00
    122.732     8.4623    34.8025    27.0483 1.8315e-01     0.1200      0.769    1486.00     88.898     5.8141   9.673118  0.000e+00
    122.732     8.4620    34.8029    27.0487 1.8315e-01     0.1200      0.806    1486.00     88.901     5.8143   9.673119  0.000e+00
    122.770     8.4623    34.8026    27.0484 2.0757e-01     0.1200      0.839    1486.00     88.906     5.8146   9.673119  0.000e+00
    122.770     8.4620    34.8027    27.0485 1.9536e-01     0.1200      0.824    1486.00     88.903     5.8145   9.673120  0.000e+00
    122.794     8.4620    34.8027    27.0485 1.9536e-01     0.1200      0.780    1486.00     88.963     5.8184   9.673120  0.000e+00
    122.830     8.4620    34.8024    27.0483 1.9536e-01     0.1200      0.744    1486.00     88.907     5.8147   9.673121  0.000e+00
    122.842     8.4620    34.8028    27.0486 1.8315e-01     0.1200      0.729    1486.00     88.906     5.8147   9.673121  0.000e+00
    122.855     8.4620    34.8030    27.0487 1.7094e-01     0.1200      0.718    1486.00     88.906     5.8146   9.673122  0.000e+00
    122.879     8.4621    34.8028    27.0486 1.8315e-01     0.1200      0.707    1486.00     88.906     5.8146   9.673122  0.000e+00
    122.891     8.4623    34.8028    27.0485 1.8315e-01     0.1200      0.703    1486.00     88.907     5.8146   9.673123  0.000e+00
    122.904     8.4623    34.8025    27.0483 2.3199e-01     0.1200      0.707    1486.00     88.908     5.8147   9.673123  0.000e+00
    122.927     8.4623    34.8028    27.0485 2.4420e-01     0.1200      0.703    1486.01     88.910     5.8149   9.673124  0.000e+00
    122.951     8.4625    34.8025    27.0483 2.3199e-01     0.1200      0.718    1486.01     88.975     5.8191   9.673124  0.000e+00
    122.965     8.4625    34.8026    27.0484 2.0757e-01     0.1200      0.751    1486.01     88.985     5.8198   9.673125  0.000e+00
    122.989     8.4625    34.8030    27.0487 1.9536e-01     0.1200      0.762    1486.01     88.933     5.8164   9.673125  0.000e+00
    122.989     8.4629    34.8029    27.0485 1.9536e-01     0.1200      0.762    1486.01     88.937     5.8165   9.673125  0.000e+00
    123.036     8.4628    34.8030    27.0487 1.9536e-01     0.1200      0.751    1486.01     88.942     5.8169   9.673126  0.000e+00
    123.036     8.4629    34.8037    27.0491 1.7094e-01     0.1200      0.733    1486.01     88.947     5.8171   9.673126  0.000e+00
    123.074     8.4633    34.8039    27.0493 1.8315e-01     0.1200      0.722    1486.01     88.952     5.8175   9.673127  0.000e+00
    123.074     8.4637    34.8041    27.0493 1.8315e-01     0.1200      0.733    1486.01     88.958     5.8178   9.673127  0.000e+00
    123.095     8.4641    34.8039    27.0491 1.8315e-01     0.1200      0.740    1486.02     88.965     5.8182   9.673128  0.000e+00
    123.121     8.4647    34.8041    27.0492 1.7094e-01     0.1200      0.747    1486.02     89.035     5.8227   9.673128  0.000e+00
    123.146     8.4647    34.8037    27.0489 1.7094e-01     0.1200      0.751    1486.02     88.988     5.8196   9.673129  0.000e+00
    123.171     8.4655    34.8037    27.0488 1.8315e-01     0.1200      0.747    1486.02     88.989     5.8196   9.673129  0.000e+00
    123.184     8.4656    34.8037    27.0487 1.7094e-01     0.1200      0.740    1486.02     89.060     5.8242   9.673130  0.000e+00
    123.208     8.4656    34.8029    27.0481 1.7094e-01     0.1200      0.733    1486.02     89.006     5.8207   9.673130  0.000e+00
    123.220     8.4647    34.8028    27.0481 1.7094e-01     0.1200      0.722    1486.02     89.008     5.8209   9.673131  0.000e+00
    123.256     8.4642    34.8027    27.0482 1.7094e-01     0.1200      0.711    1486.02     89.018     5.8217   9.673131  0.000e+00
