RAWDATA/20190107/VT3_20190109_down.cnv
* Sea-Bird SBE 9 Data File:
* FileName = C:\CTD Brukere\NIVA\OKOKYST2019\20190107\VT3_20190109.hex
* Software Version Seasave V 7.23.2
* Temperature SN = 5352
* Conductivity SN = 3840
* Number of Bytes Per Scan = 28
* Number of Voltage Words = 4
* Number of Scans Averaged by the Deck Unit = 1
* NMEA baud rate = 4800
** Ship: R/V Trygve Braarud
** Cruise:
** Station:
** Operator:
# nquan = 12
# nvalues = 21165                                 
# units = specified
# name 0 = depSM: Depth [salt water, m], lat = 59.60
# name 1 = t090C: Temperature [ITS-90, deg C]
# name 2 = sal00: Salinity, Practical [PSU]
# name 3 = sigma-t00: Density [sigma-t, kg/m^3 ]
# name 4 = flSP: Fluorescence, Seapoint
# name 5 = wetStar: Fluorescence, WET Labs WETstar [mg/m^3]
# name 6 = seaTurbMtr: Turbidity, Seapoint [FTU]
# name 7 = svCM: Sound Velocity [Chen-Millero, m/s]
# name 8 = sbeox0PS: Oxygen, SBE 43 [% saturation]
# name 9 = sbeox0ML/L: Oxygen, SBE 43 [ml/l]
# name 10 = timeJ: Julian Days
# name 11 = flag:  0.000e+00
# span 0 =      0.236,    446.021                 
# span 1 =     6.6566,     8.6605                 
# span 2 =    33.4199,    35.1171                 
# span 3 =    26.0865,    27.5584                 
# span 4 = 1.2210e-01, 4.7619e-01                 
# span 5 =     0.1200,     0.3263                 
# span 6 =      0.516,      6.300                 
# span 7 =    1478.65,    1487.39                 
# span 8 =     72.426,     91.906                 
# span 9 =     4.9244,     6.1116                 
# span 10 =   9.670347,   9.680554                
# span 11 = 0.0000e+00, 0.0000e+00                
# interval = seconds: 0.0416667
# start_time = Jan 09 2019 16:05:18 [System UpLoad Time]
# bad_flag = -9.990e-29
*END*
[from data line 6858]
    145.038     8.5797    34.8642    27.0784 1.8315e-01     0.1200      0.703    1486.89     88.149     5.7477   9.673655  0.000e+00
    145.025     8.5800    34.8641    27.0783 1.9536e-01     0.1200      0.692    1486.89     88.201     5.7511   9.673655  0.000e+00
    145.068     8.5797    34.8644    27.0786 1.9536e-01     0.1200      0.703    1486.89     88.143     5.7474   9.673655  0.000e+00
    145.075     8.5802    34.8643    27.0784 1.8315e-01     0.1200      0.784    1486.89     88.141     5.7472   9.673656  0.000e+00
    145.088     8.5803    34.8642    27.0784 1.9536e-01     0.1200      0.872    1486.89     88.140     5.7471   9.673656  0.000e+00
    145.112     8.5805    34.8643    27.0784 1.9536e-01     0.1200      0.864    1486.89     88.139     5.7470   9.673657  0.000e+00
    145.130     8.5805    34.8638    27.0780 1.9536e-01     0.1200      0.821    1486.89     88.139     5.7470   9.673657  0.000e+00
    145.135     8.5801    34.8639    27.0782 1.8315e-01     0.1200      0.777    1486.89     88.140     5.7471   9.673658  0.000e+00
    145.173     8.5804    34.8641    27.0782 1.8315e-01     0.1200      0.751    1486.89     88.141     5.7472   9.673658  0.000e+00
    145.173     8.5803    34.8642    27.0783 1.8315e-01     0.1200      0.766    1486.89     88.143     5.7473   9.673659  0.000e+00
    145.215     8.5802    34.8645    27.0786 1.8315e-01     0.1200      0.755    1486.89     88.145     5.7474   9.673659  0.000e+00
    145.233     8.5801    34.8645    27.0786 1.8315e-01     0.1200      0.733    1486.89     88.148     5.7476   9.673660  0.000e+00
    145.247     8.5803    34.8644    27.0785 1.9536e-01     0.1200      0.718    1486.89     88.144     5.7473   9.673660  0.000e+00
    145.283     8.5805    34.8645    27.0786 1.8315e-01     0.1200      0.714    1486.89     88.148     5.7476   9.673661  0.000e+00
    145.287     8.5807    34.8646    27.0786 1.7094e-01     0.1200      0.725    1486.89     88.152     5.7478   9.673661  0.000e+00
    145.319     8.5811    34.8644    27.0784 1.7094e-01     0.1200      0.733    1486.90     88.157     5.7481   9.673662  0.000e+00
    145.343     8.5809    34.8646    27.0786 1.7094e-01     0.1200      0.755    1486.90     88.163     5.7485   9.673662  0.000e+00
    145.368     8.5812    34.8645    27.0785 1.7094e-01     0.1200      0.791    1486.90     88.162     5.7484   9.673663  0.000e+00
    145.386     8.5812    34.8649    27.0787 1.7094e-01     0.1200      0.795    1486.90     88.161     5.7483   9.673663  0.000e+00
    145.404     8.5814    34.8647    27.0786 1.7094e-01     0.1200      0.777    1486.90     88.168     5.7487   9.673664  0.000e+00
    145.428     8.5814    34.8650    27.0788 1.7094e-01     0.1200      0.755    1486.90     88.175     5.7492   9.673664  0.000e+00
    145.466     8.5817    34.8650    27.0788 1.7094e-01     0.1200      0.758    1486.90     88.176     5.7492   9.673665  0.000e+00
    145.471     8.5820    34.8647    27.0785 1.7094e-01     0.1200      0.747    1486.90     88.177     5.7492   9.673665  0.000e+00
    145.491     8.5824    34.8650    27.0786 1.7094e-01     0.1200      0.751    1486.90     88.178     5.7493   9.673666  0.000e+00
    145.527     8.5827    34.8661    27.0795 1.7094e-01     0.1200      0.821    1486.91     88.117     5.7452   9.673666  0.000e+00
    145.556     8.5835    34.8658    27.0791 1.7094e-01     0.1200      0.875    1486.91     88.112     5.7448   9.673667  0.000e+00
    145.587     8.5835    34.8655    27.0788 1.7094e-01     0.1200      0.846    1486.91     88.170     5.7486   9.673667  0.000e+00
    145.600     8.5835    34.8654    27.0788 1.5873e-01     0.1200      0.795    1486.91     88.110     5.7447   9.673668  0.000e+00
    145.625     8.5839    34.8657    27.0789 1.7094e-01     0.1200      0.777    1486.91     88.106     5.7444   9.673668  0.000e+00
    145.654     8.5854    34.8658    27.0788 1.7094e-01     0.1200      0.755    1486.92     88.103     5.7440   9.673668  0.000e+00
    145.672     8.5859    34.8660    27.0789 1.7094e-01     0.1200      0.729    1486.92     88.101     5.7438   9.673669  0.000e+00
    145.710     8.5862    34.8653    27.0783 1.7094e-01     0.1200      0.733    1486.92     88.037     5.7396   9.673669  0.000e+00
    145.751     8.5859    34.8653    27.0783 1.7094e-01     0.1200      0.755    1486.92     88.029     5.7391   9.673670  0.000e+00
    145.759     8.5852    34.8652    27.0783 1.7094e-01     0.1200      0.821    1486.92     88.021     5.7387   9.673670  0.000e+00
    145.771     8.5851    34.8651    27.0783 1.8315e-01     0.1200      1.022    1486.92     88.077     5.7424   9.673671  0.000e+00
    145.813     8.5849    34.8655    27.0786 1.7094e-01     0.1200      1.121    1486.92     88.016     5.7384   9.673671  0.000e+00
    145.831     8.5849    34.8656    27.0787 1.7094e-01     0.1200      1.051    1486.92     88.012     5.7381   9.673672  0.000e+00
    145.844     8.5851    34.8660    27.0790 1.7094e-01     0.1200      0.949    1486.92     88.007     5.7378   9.673672  0.000e+00
    145.880     8.5855    34.8659    27.0789 1.7094e-01     0.1200      0.868    1486.92     87.942     5.7335   9.673673  0.000e+00
    145.898     8.5859    34.8656    27.0786 1.7094e-01     0.1200      0.821    1486.92     87.995     5.7369   9.673673  0.000e+00
    145.941     8.5859    34.8661    27.0789 1.5873e-01     0.1200      0.806    1486.93     87.995     5.7368   9.673674  0.000e+00
    145.954     8.5860    34.8659    27.0788 1.7094e-01     0.1200      0.802    1486.93     87.932     5.7327   9.673674  0.000e+00
    145.984     8.5861    34.8658    27.0787 1.7094e-01     0.1200      0.784    1486.93     87.926     5.7323   9.673675  0.000e+00
    146.003     8.5862    34.8661    27.0789 1.7094e-01     0.1200      0.773    1486.93     87.913     5.7315   9.673675  0.000e+00
    146.015     8.5864    34.8659    27.0787 1.8315e-01     0.1200      0.758    1486.93     87.909     5.7312   9.673676  0.000e+00
    146.044     8.5867    34.8668    27.0794 1.7094e-01     0.1200      0.755    1486.93     87.899     5.7305   9.673676  0.000e+00
    146.052     8.5875    34.8674    27.0797 1.7094e-01     0.1200      0.762    1486.94     87.889     5.7297   9.673677  0.000e+00
    146.075     8.5886    34.8677    27.0798 1.7094e-01     0.1200      0.769    1486.94     87.881     5.7290   9.673677  0.000e+00
    146.107     8.5894    34.8675    27.0795 1.7094e-01     0.1200      0.762    1486.94     87.873     5.7284   9.673678  0.000e+00
    146.125     8.5902    34.8678    27.0796 1.5873e-01     0.1200      0.777    1486.95     87.866     5.7279   9.673678  0.000e+00
    146.138     8.5909    34.8681    27.0797 1.5873e-01     0.1200      0.927    1486.95     87.868     5.7279   9.673679  0.000e+00
    146.179     8.5909    34.8674    27.0792 1.7094e-01     0.1200      1.168    1486.95     87.864     5.7276   9.673679  0.000e+00
    146.187     8.5905    34.8670    27.0789 1.7094e-01     0.1200      1.125    1486.95     87.860     5.7274   9.673680  0.000e+00
    146.210     8.5900    34.8663    27.0784 1.7094e-01     0.1200      0.985    1486.95     87.857     5.7273   9.673680  0.000e+00
    146.228     8.5891    34.8657    27.0782 1.7094e-01     0.1200      0.872    1486.94     87.855     5.7274   9.673681  0.000e+00
    146.247     8.5885    34.8652    27.0779 1.7094e-01     0.1200      0.799    1486.94     87.854     5.7274   9.673681  0.000e+00
    146.264     8.5877    34.8655    27.0782 1.5873e-01     0.1200      0.747    1486.94     87.854     5.7275   9.673682  0.000e+00
    146.283     8.5877    34.8665    27.0790 1.5873e-01     0.1200      0.718    1486.94     87.855     5.7275   9.673682  0.000e+00
    146.308     8.5888    34.8667    27.0790 1.7094e-01     0.1200      0.703    1486.94     87.857     5.7275   9.673682  0.000e+00
    146.301     8.5892    34.8671    27.0792 1.7094e-01     0.1200      0.696    1486.95     87.797     5.7235   9.673683  0.000e+00
    146.333     8.5891    34.8671    27.0793 1.7094e-01     0.1200      0.703    1486.95     87.856     5.7273   9.673683  0.000e+00
    146.344     8.5900    34.8685    27.0802 1.7094e-01     0.1200      0.711    1486.95     87.798     5.7234   9.673684  0.000e+00
    146.362     8.5907    34.8688    27.0803 1.7094e-01     0.1200      0.714    1486.95     87.859     5.7273   9.673684  0.000e+00
    146.382     8.5905    34.8681    27.0798 1.7094e-01     0.1200      0.722    1486.95     87.804     5.7237   9.673685  0.000e+00
    146.382     8.5899    34.8676    27.0795 1.7094e-01     0.1200      0.714    1486.95     87.867     5.7279   9.673685  0.000e+00
    146.411     8.5892    34.8672    27.0793 1.9536e-01     0.1200      0.703    1486.95     87.813     5.7245   9.673686  0.000e+00
    146.418     8.5891    34.8670    27.0792 1.9536e-01     0.1200      0.689    1486.95     87.816     5.7248   9.673686  0.000e+00
    146.431     8.5886    34.8678    27.0798 1.7094e-01     0.1200      0.674    1486.95     87.820     5.7251   9.673687  0.000e+00
    146.447     8.5883    34.8671    27.0793 1.7094e-01     0.1200      0.692    1486.94     87.826     5.7255   9.673687  0.000e+00
    146.455     8.5880    34.8666    27.0790 1.7094e-01     0.1200      0.747    1486.94     87.832     5.7260   9.673688  0.000e+00
    146.472     8.5877    34.8668    27.0792 1.5873e-01     0.1200      0.806    1486.94     87.840     5.7265   9.673688  0.000e+00
    146.478     8.5880    34.8669    27.0792 1.7094e-01     0.1200      0.879    1486.94     87.849     5.7270   9.673689  0.000e+00
    146.492     8.5883    34.8667    27.0791 1.7094e-01     0.1200      0.930    1486.95     87.859     5.7276   9.673689  0.000e+00
    146.521     8.5885    34.8668    27.0791 1.7094e-01     0.1200      0.908    1486.95     87.863     5.7279   9.673690  0.000e+00
    146.528     8.5899    34.8679    27.0797 1.7094e-01     0.1200      0.883    1486.95     87.867     5.7280   9.673690  0.000e+00
    146.516     8.5914    34.8683    27.0798 1.7094e-01     0.1200      0.875    1486.96     87.880     5.7286   9.673691  0.000e+00
    146.557     8.5913    34.8683    27.0798 1.7094e-01     0.1200      0.824    1486.96     87.887     5.7291   9.673691  0.000e+00
    146.552     8.5917    34.8671    27.0789 1.7094e-01     0.1200      0.780    1486.96     87.895     5.7295   9.673692  0.000e+00
    146.582     8.5914    34.8674    27.0791 1.5873e-01     0.1200      0.751    1486.96     87.904     5.7301   9.673692  0.000e+00
    146.590     8.5923    34.8717    27.0824 1.7094e-01     0.1200      0.725    1486.97     87.913     5.7305   9.673693  0.000e+00
    146.590     8.5973    34.8764    27.0852 1.7094e-01     0.1200      0.707    1486.99     87.915     5.7298   9.673693  0.000e+00
    146.618     8.6008    34.8768    27.0850 1.7094e-01     0.1200      0.703    1487.01     87.919     5.7296   9.673694  0.000e+00
    146.613     8.6023    34.8796    27.0870 1.7094e-01     0.1200      0.711    1487.02     87.922     5.7295   9.673694  0.000e+00
    146.642     8.6069    34.8827    27.0887 1.7094e-01     0.1200      0.725    1487.04     87.935     5.7296   9.673695  0.000e+00
    146.650     8.6117    34.8830    27.0882 1.7094e-01     0.1200      0.740    1487.06     87.940     5.7293   9.673695  0.000e+00
    146.675     8.6143    34.8828    27.0876 1.7094e-01     0.1200      0.762    1487.06     87.883     5.7253   9.673696  0.000e+00
    146.680     8.6164    34.8828    27.0873 1.5873e-01     0.1200      0.890    1487.07     87.945     5.7291   9.673696  0.000e+00
    146.700     8.6177    34.8818    27.0863 1.7094e-01     0.1200      1.201    1487.08     87.946     5.7290   9.673696  0.000e+00
    146.704     8.6177    34.8830    27.0872 1.5873e-01     0.1200      1.454    1487.08     87.953     5.7295   9.673697  0.000e+00
    146.724     8.6207    34.8845    27.0879 1.5873e-01     0.1200      1.344    1487.09     87.962     5.7296   9.673697  0.000e+00
    146.760     8.6244    34.8857    27.0883 1.5873e-01     0.1200      1.110    1487.11     87.964     5.7292   9.673698  0.000e+00
    146.752     8.6262    34.8852    27.0876 1.5873e-01     0.1200      0.930    1487.11     87.965     5.7291   9.673698  0.000e+00
    146.785     8.6268    34.8844    27.0869 1.7094e-01     0.1200      0.824    1487.12     87.968     5.7292   9.673699  0.000e+00
    146.790     8.6266    34.8836    27.0863 1.7094e-01     0.1200      0.773    1487.11     87.970     5.7294   9.673699  0.000e+00
    146.809     8.6265    34.8826    27.0855 1.7094e-01     0.1200      0.751    1487.11     87.973     5.7296   9.673700  0.000e+00
    146.821     8.6258    34.8801    27.0837 1.5873e-01     0.1200      0.740    1487.11     87.976     5.7300   9.673700  0.000e+00
    146.850     8.6236    34.8784    27.0827 1.7094e-01     0.1200      0.729    1487.10     87.980     5.7306   9.673701  0.000e+00
    146.858     8.6204    34.8785    27.0833 1.5873e-01     0.1200      0.725    1487.09     87.984     5.7313   9.673701  0.000e+00
    146.886     8.6191    34.8813    27.0856 1.7094e-01     0.1200      0.725    1487.08     87.988     5.7316   9.673702  0.000e+00
    146.906     8.6209    34.8840    27.0875 1.7094e-01     0.1200      0.718    1487.09     87.993     5.7316   9.673702  0.000e+00
    146.919     8.6244    34.8857    27.0883 1.7094e-01     0.1200      0.700    1487.11     87.997     5.7314   9.673703  0.000e+00
    146.949     8.6269    34.8856    27.0878 1.7094e-01     0.1200      0.678    1487.12     88.002     5.7314   9.673703  0.000e+00
    146.980     8.6284    34.8844    27.0867 1.7094e-01     0.1200      0.674    1487.12     88.007     5.7316   9.673704  0.000e+00
    146.985     8.6285    34.8833    27.0858 1.7094e-01     0.1200      0.689    1487.12     87.950     5.7279   9.673704  0.000e+00
    147.016     8.6279    34.8846    27.0869 1.8315e-01     0.1200      0.707    1487.12     88.012     5.7319   9.673705  0.000e+00
    147.034     8.6275    34.8858    27.0879 1.7094e-01     0.1200      0.722    1487.12     88.019     5.7324   9.673705  0.000e+00
    147.053     8.6279    34.8850    27.0872 1.7094e-01     0.1200      0.714    1487.12     88.026     5.7328   9.673706  0.000e+00
    147.090     8.6272    34.8862    27.0882 1.8315e-01     0.1200      0.696    1487.12     88.033     5.7333   9.673706  0.000e+00
    147.094     8.6289    34.8875    27.0890 1.7094e-01     0.1200      0.755    1487.13     87.970     5.7290   9.673707  0.000e+00
    147.139     8.6309    34.8874    27.0886 1.7094e-01     0.1200      1.004    1487.14     87.971     5.7287   9.673707  0.000e+00
    147.130     8.6318    34.8859    27.0873 1.7094e-01     0.1200      1.040    1487.14     87.964     5.7282   9.673708  0.000e+00
    147.175     8.6309    34.8856    27.0872 1.5873e-01     0.1200      0.927    1487.14     88.028     5.7326   9.673708  0.000e+00
    147.193     8.6303    34.8855    27.0872 1.5873e-01     0.1200      0.842    1487.14     88.030     5.7327   9.673709  0.000e+00
    147.212     8.6301    34.8857    27.0874 1.5873e-01     0.1200      0.835    1487.14     87.976     5.7293   9.673709  0.000e+00
    147.199     8.6298    34.8847    27.0867 1.7094e-01     0.1200      0.861    1487.13     88.033     5.7330   9.673709  0.000e+00
    147.289     8.6292    34.8850    27.0870 1.7094e-01     0.1200      0.835    1487.13     88.036     5.7333   9.673710  0.000e+00
    147.273     8.6279    34.8858    27.0878 1.7094e-01     0.1200      0.780    1487.13     88.038     5.7335   9.673710  0.000e+00
    147.289     8.6267    34.8866    27.0887 1.7094e-01     0.1200      0.755    1487.13     88.040     5.7338   9.673711  0.000e+00
    147.322     8.6278    34.8861    27.0881 1.7094e-01     0.1200      0.736    1487.13     88.042     5.7338   9.673711  0.000e+00
