RAWDATA/20190107/VT3_20190109_75m_down.cnv
* Sea-Bird SBE 9 Data File:
* FileName = C:\CTD Brukere\NIVA\OKOKYST2019\20190107\VT3_20190109_75m.hex
* Software Version Seasave V 7.23.2
* Temperature SN = 5352
* Conductivity SN = 3840
* Number of Bytes Per Scan = 28
* Number of Voltage Words = 4
* Number of Scans Averaged by the Deck Unit = 1
* NMEA baud rate = 4800
** Ship: R/V Trygve Braarud
** Cruise:
** Station:
** Operator:
# nquan = 12
# nvalues = 3562                                  
# units = specified
# name 0 = depSM: Depth [salt water, m], lat = 59.60
# name 1 = t090C: Temperature [ITS-90, deg C]
# name 2 = sal00: Salinity, Practical [PSU]
# name 3 = sigma-t00: Density [sigma-t, kg/m^3 ]
# name 4 = flSP: Fluorescence, Seapoint
# name 5 = wetStar: Fluorescence, WET Labs WETstar [mg/m^3]
# name 6 = seaTurbMtr: Turbidity, Seapoint [FTU]
# name 7 = svCM: Sound Velocity [Chen-Millero, m/s]
# name 8 = sbeox0PS: Oxygen, SBE 43 [% saturation]
# name 9 = sbeox0ML/L: Oxygen, SBE 43 [ml/l]
# name 10 = timeJ: Julian Days
# name 11 = flag:  0.000e+00
# span 0 =      6.533,     76.274                 
# span 1 =     7.6530,     8.0124                 
# span 2 =    33.9162,    34.5482                 
# span 3 =    26.4721,    26.9373                 
# span 4 = 1.7094e-01, 4.2735e-01                 
# span 5 =     0.1200,     0.1566                 
# span 6 =      0.593,      3.348                 
# span 7 =    1479.93,    1482.88                 
# span 8 =     84.655,     92.134                 
# span 9 =     5.6695,     6.1196                 
# span 10 =   9.692917,   9.694634                
# span 11 = 0.0000e+00, 0.0000e+00                
# interval = seconds: 0.0416667
# start_time = Jan 09 2019 16:37:48 [System UpLoad Time]
# bad_flag = -9.990e-29
*END*
[from data line 121]
     10.486     7.7053    33.9515    26.4935 1.9536e-01     0.1481      0.883    1480.23     87.989     5.8860   9.692975  0.000e+00
     10.546     7.7069    33.9519    26.4936 1.9536e-01     0.1469      0.916    1480.24     87.990     5.8857   9.692976  0.000e+00
     10.570     7.7081    33.9531    26.4944 1.9536e-01     0.1469      0.927    1480.24     87.990     5.8855   9.692976  0.000e+00
     10.588     7.7082    33.9543    26.4953 1.9536e-01     0.1481      0.883    1480.25     87.997     5.8859   9.692976  0.000e+00
     10.641     7.7083    33.9547    26.4956 1.9536e-01     0.1481      0.872    1480.25     88.004     5.8864   9.692977  0.000e+00
     10.690     7.7092    33.9554    26.4960 1.9536e-01     0.1481      0.916    1480.25     88.012     5.8868   9.692977  0.000e+00
     10.725     7.7098    33.9562    26.4965 1.8315e-01     0.1481      0.923    1480.26     88.019     5.8872   9.692978  0.000e+00
     10.761     7.7105    33.9565    26.4967 1.9536e-01     0.1481      0.905    1480.26     88.026     5.8875   9.692978  0.000e+00
     10.814     7.7110    33.9567    26.4968 1.9536e-01     0.1469      0.890    1480.26     88.034     5.8880   9.692979  0.000e+00
     10.832     7.7116    33.9571    26.4970 1.8315e-01     0.1469      0.908    1480.27     88.041     5.8883   9.692979  0.000e+00
     10.881     7.7118    33.9576    26.4974 1.9536e-01     0.1481      1.000    1480.27     87.987     5.8847   9.692980  0.000e+00
     10.905     7.7124    33.9580    26.4975 1.8315e-01     0.1481      1.315    1480.27     88.049     5.8887   9.692980  0.000e+00
     10.952     7.7129    33.9583    26.4977 1.9536e-01     0.1493      2.253    1480.28     88.056     5.8892   9.692981  0.000e+00
     10.988     7.7136    33.9591    26.4982 1.8315e-01     0.1505      2.711    1480.28     88.064     5.8895   9.692981  0.000e+00
     11.019     7.7140    33.9597    26.4987 1.8315e-01     0.1505      2.780    1480.28     88.072     5.8900   9.692982  0.000e+00
     11.061     7.7139    33.9606    26.4994 1.9536e-01     0.1517      2.777    1480.28     88.079     5.8905   9.692982  0.000e+00
     11.119     7.7140    33.9607    26.4994 1.9536e-01     0.1493      2.524    1480.29     88.087     5.8910   9.692983  0.000e+00
     11.143     7.7145    33.9612    26.4998 1.9536e-01     0.1456      2.245    1480.29     88.095     5.8914   9.692983  0.000e+00
     11.179     7.7150    33.9618    26.5002 1.9536e-01     0.1432      2.454    1480.29     88.102     5.8918   9.692984  0.000e+00
     11.228     7.7150    33.9628    26.5010 2.0757e-01     0.1432      2.692    1480.29     88.110     5.8923   9.692984  0.000e+00
     11.263     7.7160    33.9631    26.5011 2.0757e-01     0.1444      2.484    1480.30     88.118     5.8926   9.692985  0.000e+00
     11.294     7.7163    33.9639    26.5016 2.1978e-01     0.1456      2.143    1480.30     88.118     5.8926   9.692985  0.000e+00
     11.347     7.7161    33.9645    26.5021 2.1978e-01     0.1444      1.868    1480.30     88.125     5.8931   9.692986  0.000e+00
     11.370     7.7172    33.9645    26.5020 2.0757e-01     0.1444      1.747    1480.31     88.132     5.8934   9.692986  0.000e+00
     11.407     7.7182    33.9659    26.5030 1.9536e-01     0.1456      1.868    1480.31     88.201     5.8978   9.692987  0.000e+00
     11.443     7.7195    33.9667    26.5034 1.9536e-01     0.1469      1.934    1480.32     88.154     5.8945   9.692987  0.000e+00
     11.479     7.7223    33.9674    26.5035 2.0757e-01     0.1481      1.714    1480.33     88.153     5.8940   9.692988  0.000e+00
     11.514     7.7252    33.9691    26.5045 2.0757e-01     0.1469      1.484    1480.35     88.159     5.8940   9.692988  0.000e+00
     11.550     7.7270    33.9709    26.5056 1.9536e-01     0.1444      1.396    1480.35     88.158     5.8936   9.692989  0.000e+00
     11.581     7.7282    33.9707    26.5052 1.9536e-01     0.1432      1.407    1480.36     88.219     5.8975   9.692989  0.000e+00
     11.621     7.7295    33.9717    26.5059 1.9536e-01     0.1408      1.337    1480.37     88.224     5.8976   9.692989  0.000e+00
     11.658     7.7307    33.9731    26.5068 1.8315e-01     0.1383      1.256    1480.37     88.229     5.8977   9.692990  0.000e+00
     11.694     7.7314    33.9735    26.5070 1.8315e-01     0.1395      1.209    1480.38     88.233     5.8979   9.692990  0.000e+00
     11.717     7.7315    33.9738    26.5072 1.9536e-01     0.1456      1.128    1480.38     88.237     5.8981   9.692991  0.000e+00
     11.741     7.7308    33.9738    26.5073 1.9536e-01     0.1481      1.092    1480.38     88.240     5.8984   9.692991  0.000e+00
     11.790     7.7302    33.9731    26.5069 1.9536e-01     0.1493      1.161    1480.37     88.181     5.8946   9.692992  0.000e+00
     11.825     7.7298    33.9737    26.5074 1.9536e-01     0.1505      1.158    1480.37     88.176     5.8943   9.692992  0.000e+00
     11.850     7.7300    33.9733    26.5071 1.9536e-01     0.1481      1.092    1480.37     88.170     5.8939   9.692993  0.000e+00
     11.872     7.7309    33.9729    26.5066 1.9536e-01     0.1469      1.073    1480.38     88.165     5.8934   9.692993  0.000e+00
     11.909     7.7311    33.9736    26.5071 1.9536e-01     0.1456      1.007    1480.38     88.220     5.8971   9.692994  0.000e+00
     11.932     7.7318    33.9742    26.5075 1.9536e-01     0.1481      1.018    1480.38     88.159     5.8929   9.692994  0.000e+00
     11.968     7.7317    33.9754    26.5084 1.9536e-01     0.1481      1.088    1480.39     88.214     5.8965   9.692995  0.000e+00
     12.000     7.7319    33.9764    26.5092 1.9536e-01     0.1469      1.154    1480.39     88.214     5.8964   9.692995  0.000e+00
     12.028     7.7317    33.9772    26.5099 1.9536e-01     0.1444      1.161    1480.39     88.213     5.8964   9.692996  0.000e+00
     12.063     7.7321    33.9772    26.5098 1.9536e-01     0.1469      1.081    1480.39     88.211     5.8962   9.692996  0.000e+00
     12.101     7.7320    33.9781    26.5105 1.9536e-01     0.1469      0.982    1480.39     88.209     5.8961   9.692997  0.000e+00
     12.136     7.7318    33.9796    26.5117 1.9536e-01     0.1456      0.923    1480.39     88.207     5.8959   9.692997  0.000e+00
     12.161     7.7321    33.9808    26.5127 1.9536e-01     0.1456      0.923    1480.40     88.203     5.8955   9.692998  0.000e+00
     12.172     7.7320    33.9816    26.5133 1.9536e-01     0.1469      0.897    1480.40     88.199     5.8953   9.692998  0.000e+00
     12.208     7.7326    33.9814    26.5130 1.9536e-01     0.1469      1.007    1480.40     88.202     5.8954   9.692999  0.000e+00
     12.243     7.7327    33.9819    26.5134 1.9536e-01     0.1456      1.125    1480.40     88.267     5.8997   9.692999  0.000e+00
     12.279     7.7332    33.9822    26.5136 1.9536e-01     0.1444      1.352    1480.40     88.276     5.9002   9.693000  0.000e+00
     12.314     7.7332    33.9825    26.5138 1.9536e-01     0.1481      1.553    1480.41     88.285     5.9008   9.693000  0.000e+00
     12.339     7.7334    33.9829    26.5141 1.9536e-01     0.1493      1.575    1480.41     88.231     5.8972   9.693001  0.000e+00
     12.374     7.7334    33.9828    26.5140 1.9536e-01     0.1481      1.484    1480.41     88.294     5.9013   9.693001  0.000e+00
     12.412     7.7338    33.9829    26.5141 1.9536e-01     0.1469      1.418    1480.41     88.301     5.9018   9.693002  0.000e+00
     12.447     7.7344    33.9830    26.5140 1.9536e-01     0.1469      1.330    1480.41     88.308     5.9021   9.693002  0.000e+00
     12.470     7.7344    33.9835    26.5145 1.9536e-01     0.1493      1.201    1480.41     88.314     5.9025   9.693003  0.000e+00
     12.507     7.7348    33.9838    26.5146 1.9536e-01     0.1481      1.066    1480.42     88.381     5.9069   9.693003  0.000e+00
     12.543     7.7353    33.9844    26.5150 1.8315e-01     0.1469      0.963    1480.42     88.385     5.9071   9.693003  0.000e+00
     12.566     7.7361    33.9843    26.5148 1.8315e-01     0.1505      0.901    1480.42     88.395     5.9077   9.693004  0.000e+00
     12.614     7.7364    33.9853    26.5156 1.8315e-01     0.1530      0.839    1480.43     88.405     5.9083   9.693004  0.000e+00
     12.650     7.7371    33.9853    26.5155 1.8315e-01     0.1542      0.773    1480.43     88.414     5.9088   9.693005  0.000e+00
     12.674     7.7372    33.9857    26.5158 1.8315e-01     0.1530      0.722    1480.43     88.422     5.9093   9.693005  0.000e+00
     12.698     7.7374    33.9857    26.5158 1.8315e-01     0.1493      0.725    1480.43     88.490     5.9138   9.693006  0.000e+00
     12.745     7.7375    33.9858    26.5158 1.8315e-01     0.1517      0.751    1480.43     88.503     5.9147   9.693006  0.000e+00
     12.770     7.7375    33.9865    26.5163 1.8315e-01     0.1505      0.773    1480.43     88.515     5.9154   9.693007  0.000e+00
     12.817     7.7375    33.9868    26.5166 1.9536e-01     0.1493      0.777    1480.44     88.526     5.9161   9.693007  0.000e+00
     12.830     7.7377    33.9862    26.5161 1.8315e-01     0.1469      0.901    1480.44     88.535     5.9168   9.693008  0.000e+00
     12.890     7.7372    33.9871    26.5168 1.8315e-01     0.1456      1.121    1480.44     88.605     5.9215   9.693008  0.000e+00
     12.914     7.7369    33.9870    26.5168 1.8315e-01     0.1432      1.147    1480.43     88.557     5.9183   9.693009  0.000e+00
     12.972     7.7363    33.9873    26.5172 1.8315e-01     0.1444      1.106    1480.43     88.625     5.9229   9.693009  0.000e+00
     12.985     7.7364    33.9867    26.5167 1.8315e-01     0.1444      1.168    1480.43     88.636     5.9236   9.693010  0.000e+00
     13.009     7.7364    33.9868    26.5168 1.8315e-01     0.1444      1.136    1480.43     88.591     5.9207   9.693010  0.000e+00
     13.056     7.7361    33.9871    26.5170 1.9536e-01     0.1469      1.077    1480.43     88.655     5.9249   9.693011  0.000e+00
     13.081     7.7367    33.9871    26.5169 1.9536e-01     0.1493      1.143    1480.44     88.662     5.9253   9.693011  0.000e+00
     13.141     7.7371    33.9879    26.5175 1.9536e-01     0.1505      1.231    1480.44     88.668     5.9257   9.693012  0.000e+00
     13.165     7.7372    33.9888    26.5182 1.9536e-01     0.1493      1.194    1480.44     88.672     5.9259   9.693012  0.000e+00
     13.201     7.7375    33.9890    26.5183 1.8315e-01     0.1469      1.095    1480.44     88.682     5.9265   9.693013  0.000e+00
     13.248     7.7375    33.9888    26.5182 1.9536e-01     0.1469      1.084    1480.45     88.692     5.9272   9.693013  0.000e+00
     13.264     7.7375    33.9888    26.5181 1.8315e-01     0.1469      1.011    1480.45     88.699     5.9277   9.693014  0.000e+00
     13.308     7.7375    33.9894    26.5186 1.8315e-01     0.1444      0.941    1480.45     88.768     5.9322   9.693014  0.000e+00
     13.332     7.7371    33.9897    26.5189 1.8315e-01     0.1432      1.212    1480.45     88.719     5.9290   9.693015  0.000e+00
     13.367     7.7369    33.9900    26.5191 1.9536e-01     0.1444      1.656    1480.45     88.723     5.9293   9.693015  0.000e+00
     13.403     7.7367    33.9900    26.5192 1.9536e-01     0.1469      1.864    1480.45     88.718     5.9290   9.693016  0.000e+00
     13.452     7.7367    33.9903    26.5194 1.9536e-01     0.1456      1.875    1480.45     88.712     5.9286   9.693016  0.000e+00
     13.487     7.7363    33.9911    26.5202 1.9536e-01     0.1469      1.828    1480.45     88.766     5.9322   9.693016  0.000e+00
     13.534     7.7359    33.9916    26.5206 1.9536e-01     0.1481      2.081    1480.45     88.764     5.9321   9.693017  0.000e+00
     13.572     7.7351    33.9920    26.5210 1.9536e-01     0.1481      2.198    1480.45     88.706     5.9283   9.693017  0.000e+00
     13.607     7.7350    33.9910    26.5203 1.9536e-01     0.1469      2.505    1480.44     88.755     5.9316   9.693018  0.000e+00
     13.630     7.7348    33.9918    26.5209 2.0757e-01     0.1456      2.359    1480.44     88.755     5.9316   9.693018  0.000e+00
     13.690     7.7344    33.9918    26.5209 2.0757e-01     0.1444      1.934    1480.44     88.693     5.9275   9.693019  0.000e+00
     13.706     7.7339    33.9923    26.5214 2.0757e-01     0.1456      1.608    1480.44     88.683     5.9269   9.693019  0.000e+00
     13.774     7.7340    33.9923    26.5214 1.9536e-01     0.1469      1.414    1480.44     88.734     5.9303   9.693020  0.000e+00
     13.810     7.7336    33.9928    26.5218 1.9536e-01     0.1456      1.473    1480.44     88.729     5.9300   9.693020  0.000e+00
     13.834     7.7340    33.9934    26.5222 1.9536e-01     0.1432      1.568    1480.45     88.722     5.9295   9.693021  0.000e+00
     13.894     7.7348    33.9942    26.5228 1.9536e-01     0.1432      1.454    1480.45     88.715     5.9288   9.693021  0.000e+00
     13.930     7.7363    33.9970    26.5248 1.9536e-01     0.1444      1.256    1480.46     88.705     5.9279   9.693022  0.000e+00
     13.978     7.7375    34.0010    26.5278 1.8315e-01     0.1456      1.099    1480.47     88.694     5.9268   9.693022  0.000e+00
     13.990     7.7382    34.0039    26.5299 1.9536e-01     0.1469      1.077    1480.48     88.688     5.9263   9.693023  0.000e+00
     14.077     7.7393    34.0049    26.5306 1.9536e-01     0.1469      1.015    1480.49     88.683     5.9257   9.693023  0.000e+00
     14.097     7.7414    34.0074    26.5322 1.9536e-01     0.1481      0.916    1480.50     88.675     5.9248   9.693024  0.000e+00
     14.145     7.7434    34.0117    26.5353 1.9536e-01     0.1481      0.897    1480.51     88.659     5.9233   9.693024  0.000e+00
     14.192     7.7451    34.0173    26.5394 1.8315e-01     0.1456      1.015    1480.52     88.648     5.9221   9.693025  0.000e+00
     14.229     7.7460    34.0228    26.5436 1.9536e-01     0.1444      1.077    1480.54     88.699     5.9252   9.693025  0.000e+00
     14.265     7.7467    34.0262    26.5462 1.8315e-01     0.1456      1.059    1480.54     88.631     5.9204   9.693026  0.000e+00
     14.315     7.7470    34.0286    26.5481 1.8315e-01     0.1469      1.007    1480.55     88.617     5.9194   9.693026  0.000e+00
     14.348     7.7470    34.0310    26.5499 1.8315e-01     0.1469      1.018    1480.55     88.610     5.9188   9.693027  0.000e+00
     14.385     7.7467    34.0323    26.5510 1.8315e-01     0.1481      1.187    1480.55     88.601     5.9182   9.693027  0.000e+00
     14.432     7.7466    34.0336    26.5520 1.8315e-01     0.1456      1.333    1480.56     88.592     5.9175   9.693028  0.000e+00
     14.481     7.7470    34.0340    26.5523 1.8315e-01     0.1444      1.264    1480.56     88.581     5.9168   9.693028  0.000e+00
     14.519     7.7467    34.0345    26.5527 1.8315e-01     0.1420      1.106    1480.56     88.632     5.9201   9.693029  0.000e+00
     14.563     7.7470    34.0347    26.5528 1.8315e-01     0.1432      0.978    1480.56     88.565     5.9156   9.693029  0.000e+00
     14.599     7.7470    34.0356    26.5536 1.8315e-01     0.1420      0.883    1480.56     88.559     5.9152   9.693030  0.000e+00
     14.659     7.7473    34.0363    26.5540 1.8315e-01     0.1420      0.839    1480.56     88.553     5.9147   9.693030  0.000e+00
     14.672     7.7473    34.0374    26.5549 1.8315e-01     0.1456      0.846    1480.57     88.545     5.9142   9.693030  0.000e+00
     14.722     7.7469    34.0382    26.5556 1.9536e-01     0.1456      0.938    1480.57     88.599     5.9178   9.693031  0.000e+00
     14.767     7.7471    34.0380    26.5554 1.8315e-01     0.1469      0.967    1480.57     88.598     5.9177   9.693031  0.000e+00
     14.779     7.7468    34.0386    26.5559 1.8315e-01     0.1481      1.070    1480.57     88.603     5.9181   9.693032  0.000e+00
