RAWDATA/20190107/VT3_20190109_down.cnv
* Sea-Bird SBE 9 Data File:
* FileName = C:\CTD Brukere\NIVA\OKOKYST2019\20190107\VT3_20190109.hex
* Software Version Seasave V 7.23.2
* Temperature SN = 5352
* Conductivity SN = 3840
* Number of Bytes Per Scan = 28
* Number of Voltage Words = 4
* Number of Scans Averaged by the Deck Unit = 1
* NMEA baud rate = 4800
** Ship: R/V Trygve Braarud
** Cruise:
** Station:
** Operator:
# nquan = 12
# nvalues = 21165                                 
# units = specified
# name 0 = depSM: Depth [salt water, m], lat = 59.60
# name 1 = t090C: Temperature [ITS-90, deg C]
# name 2 = sal00: Salinity, Practical [PSU]
# name 3 = sigma-t00: Density [sigma-t, kg/m^3 ]
# name 4 = flSP: Fluorescence, Seapoint
# name 5 = wetStar: Fluorescence, WET Labs WETstar [mg/m^3]
# name 6 = seaTurbMtr: Turbidity, Seapoint [FTU]
# name 7 = svCM: Sound Velocity [Chen-Millero, m/s]
# name 8 = sbeox0PS: Oxygen, SBE 43 [% saturation]
# name 9 = sbeox0ML/L: Oxygen, SBE 43 [ml/l]
# name 10 = timeJ: Julian Days
# name 11 = flag:  0.000e+00
# span 0 =      0.236,    446.021                 
# span 1 =     6.6566,     8.6605                 
# span 2 =    33.4199,    35.1171                 
# span 3 =    26.0865,    27.5584                 
# span 4 = 1.2210e-01, 4.7619e-01                 
# span 5 =     0.1200,     0.3263                 
# span 6 =      0.516,      6.300                 
# span 7 =    1478.65,    1487.39                 
# span 8 =     72.426,     91.906                 
# span 9 =     4.9244,     6.1116                 
# span 10 =   9.670347,   9.680554                
# span 11 = 0.0000e+00, 0.0000e+00                
# interval = seconds: 0.0416667
# start_time = Jan 09 2019 16:05:18 [System UpLoad Time]
# bad_flag = -9.990e-29
*END*
[from data line 8662]
    185.971     8.1028    34.9500    27.2191 1.4652e-01     0.1200      0.835    1485.89     83.538     5.5024   9.674524  0.000e+00
    185.996     8.1025    34.9503    27.2194 1.4652e-01     0.1200      0.791    1485.89     83.600     5.5065   9.674525  0.000e+00
    186.034     8.1025    34.9501    27.2193 1.5873e-01     0.1200      0.744    1485.89     83.607     5.5069   9.674525  0.000e+00
    186.071     8.1023    34.9501    27.2192 1.5873e-01     0.1200      0.703    1485.89     83.551     5.5033   9.674526  0.000e+00
    186.094     8.1017    34.9510    27.2201 1.4652e-01     0.1200      0.674    1485.89     83.551     5.5033   9.674526  0.000e+00
    186.119     8.1015    34.9508    27.2200 1.5873e-01     0.1200      0.663    1485.89     83.551     5.5034   9.674527  0.000e+00
    186.181     8.1009    34.9511    27.2203 1.4652e-01     0.1200      0.656    1485.89     83.553     5.5036   9.674527  0.000e+00
    186.204     8.1004    34.9509    27.2202 1.4652e-01     0.1200      0.645    1485.88     83.555     5.5037   9.674528  0.000e+00
    186.229     8.1001    34.9515    27.2207 1.4652e-01     0.1200      0.637    1485.88     83.558     5.5039   9.674528  0.000e+00
    186.267     8.1006    34.9518    27.2208 1.4652e-01     0.1200      0.674    1485.89     83.498     5.4999   9.674529  0.000e+00
    186.328     8.1017    34.9518    27.2207 1.4652e-01     0.1200      0.780    1485.89     83.550     5.5032   9.674529  0.000e+00
    186.339     8.1030    34.9511    27.2200 1.4652e-01     0.1200      0.813    1485.90     83.554     5.5033   9.674530  0.000e+00
    186.390     8.1036    34.9503    27.2192 1.4652e-01     0.1200      0.780    1485.90     83.496     5.4995   9.674530  0.000e+00
    186.413     8.1035    34.9496    27.2187 1.4652e-01     0.1200      0.740    1485.90     83.557     5.5036   9.674531  0.000e+00
    186.476     8.1031    34.9499    27.2190 1.4652e-01     0.1200      0.711    1485.90     83.556     5.5035   9.674531  0.000e+00
    186.476     8.1031    34.9499    27.2190 1.5873e-01     0.1200      0.689    1485.90     83.492     5.4993   9.674532  0.000e+00
    186.536     8.1032    34.9502    27.2192 1.4652e-01     0.1200      0.670    1485.90     83.485     5.4988   9.674532  0.000e+00
    186.573     8.1031    34.9502    27.2192 1.4652e-01     0.1200      0.656    1485.90     83.478     5.4983   9.674533  0.000e+00
    186.599     8.1028    34.9497    27.2189 1.4652e-01     0.1200      0.648    1485.90     83.479     5.4985   9.674533  0.000e+00
    186.635     8.1012    34.9489    27.2185 1.5873e-01     0.1200      0.645    1485.89     83.481     5.4988   9.674534  0.000e+00
    186.671     8.0991    34.9491    27.2189 1.5873e-01     0.1200      0.637    1485.88     83.477     5.4988   9.674534  0.000e+00
    186.722     8.0969    34.9493    27.2194 1.5873e-01     0.1200      0.634    1485.88     83.536     5.5030   9.674535  0.000e+00
    186.758     8.0945    34.9503    27.2206 1.5873e-01     0.1200      0.696    1485.87     83.485     5.4999   9.674535  0.000e+00
    186.770     8.0929    34.9514    27.2217 1.5873e-01     0.1200      0.839    1485.87     83.482     5.4998   9.674536  0.000e+00
    186.819     8.0922    34.9514    27.2218 1.5873e-01     0.1200      0.872    1485.86     83.480     5.4998   9.674536  0.000e+00
    186.844     8.0912    34.9517    27.2222 1.5873e-01     0.1200      0.832    1485.86     83.479     5.4998   9.674537  0.000e+00
    186.882     8.0900    34.9520    27.2226 1.5873e-01     0.1200      0.791    1485.86     83.478     5.4999   9.674537  0.000e+00
    186.918     8.0889    34.9528    27.2234 1.5873e-01     0.1200      0.762    1485.85     83.415     5.4959   9.674538  0.000e+00
    186.954     8.0882    34.9534    27.2240 1.5873e-01     0.1200      0.736    1485.85     83.471     5.4996   9.674538  0.000e+00
    186.979     8.0881    34.9530    27.2237 1.4652e-01     0.1200      0.718    1485.85     83.409     5.4956   9.674538  0.000e+00
    187.016     8.0874    34.9533    27.2240 1.4652e-01     0.1200      0.703    1485.85     83.404     5.4953   9.674539  0.000e+00
    187.028     8.0871    34.9529    27.2238 1.4652e-01     0.1200      0.700    1485.85     83.399     5.4951   9.674539  0.000e+00
    187.066     8.0866    34.9532    27.2241 1.4652e-01     0.1200      0.692    1485.85     83.396     5.4949   9.674540  0.000e+00
    187.102     8.0862    34.9534    27.2243 1.4652e-01     0.1200      0.700    1485.85     83.394     5.4948   9.674540  0.000e+00
    187.102     8.0856    34.9539    27.2247 1.4652e-01     0.1200      0.714    1485.85     83.455     5.4989   9.674541  0.000e+00
    187.163     8.0853    34.9525    27.2237 1.4652e-01     0.1200      0.703    1485.84     83.399     5.4952   9.674541  0.000e+00
    187.164     8.0833    34.9533    27.2247 1.5873e-01     0.1200      0.678    1485.84     83.462     5.4996   9.674542  0.000e+00
    187.201     8.0820    34.9540    27.2254 1.4652e-01     0.1200      0.663    1485.83     83.407     5.4962   9.674542  0.000e+00
    187.225     8.0812    34.9550    27.2263 1.4652e-01     0.1200      0.656    1485.83     83.409     5.4963   9.674543  0.000e+00
    187.237     8.0820    34.9551    27.2263 1.5873e-01     0.1200      0.645    1485.84     83.403     5.4958   9.674543  0.000e+00
    187.275     8.0809    34.9546    27.2260 1.4652e-01     0.1200      0.634    1485.83     83.406     5.4962   9.674544  0.000e+00
    187.286     8.0791    34.9541    27.2260 1.5873e-01     0.1200      0.634    1485.83     83.403     5.4962   9.674544  0.000e+00
    187.324     8.0775    34.9544    27.2264 1.5873e-01     0.1200      0.641    1485.82     83.344     5.4926   9.674545  0.000e+00
    187.299     8.0769    34.9551    27.2270 1.5873e-01     0.1200      0.659    1485.82     83.334     5.4920   9.674545  0.000e+00
    187.398     8.0764    34.9559    27.2277 1.5873e-01     0.1200      0.725    1485.82     83.327     5.4915   9.674546  0.000e+00
    187.385     8.0759    34.9562    27.2281 1.4652e-01     0.1200      0.740    1485.82     83.382     5.4952   9.674546  0.000e+00
    187.409     8.0753    34.9560    27.2280 1.5873e-01     0.1200      0.703    1485.82     83.319     5.4911   9.674547  0.000e+00
    187.421     8.0748    34.9559    27.2280 1.4652e-01     0.1200      0.663    1485.81     83.313     5.4908   9.674547  0.000e+00
    187.445     8.0746    34.9562    27.2282 1.5873e-01     0.1200      0.641    1485.81     83.308     5.4905   9.674548  0.000e+00
    187.459     8.0762    34.9555    27.2275 1.7094e-01     0.1200      0.637    1485.82     83.304     5.4900   9.674548  0.000e+00
    187.470     8.0769    34.9551    27.2271 1.5873e-01     0.1200      0.637    1485.82     83.308     5.4902   9.674549  0.000e+00
    187.508     8.0770    34.9555    27.2273 1.5873e-01     0.1200      0.630    1485.82     83.314     5.4906   9.674549  0.000e+00
    187.533     8.0775    34.9554    27.2272 1.4652e-01     0.1200      0.623    1485.83     83.314     5.4905   9.674550  0.000e+00
    187.533     8.0788    34.9548    27.2265 1.4652e-01     0.1200      0.619    1485.83     83.314     5.4904   9.674550  0.000e+00
    187.544     8.0786    34.9551    27.2268 1.4652e-01     0.1200      0.615    1485.83     83.315     5.4904   9.674551  0.000e+00
    187.582     8.0782    34.9555    27.2272 1.5873e-01     0.1200      0.623    1485.83     83.317     5.4906   9.674551  0.000e+00
    187.605     8.0785    34.9550    27.2267 1.5873e-01     0.1200      0.626    1485.83     83.320     5.4908   9.674552  0.000e+00
    187.607     8.0782    34.9552    27.2269 1.5873e-01     0.1200      0.626    1485.83     83.324     5.4911   9.674552  0.000e+00
    187.630     8.0783    34.9548    27.2266 1.5873e-01     0.1200      0.634    1485.83     83.321     5.4909   9.674552  0.000e+00
    187.654     8.0783    34.9528    27.2250 1.4652e-01     0.1200      0.648    1485.83     83.327     5.4913   9.674553  0.000e+00
    187.679     8.0757    34.9516    27.2245 1.5873e-01     0.1200      0.645    1485.82     83.333     5.4922   9.674553  0.000e+00
    187.692     8.0735    34.9521    27.2252 1.5873e-01     0.1200      0.656    1485.81     83.333     5.4924   9.674554  0.000e+00
    187.717     8.0721    34.9532    27.2263 1.5873e-01     0.1200      0.689    1485.80     83.341     5.4931   9.674554  0.000e+00
    187.741     8.0717    34.9530    27.2262 1.5873e-01     0.1200      0.725    1485.80     83.287     5.4896   9.674555  0.000e+00
    187.766     8.0711    34.9529    27.2262 1.4652e-01     0.1200      0.777    1485.80     83.282     5.4893   9.674555  0.000e+00
    187.802     8.0685    34.9537    27.2272 1.4652e-01     0.1200      0.766    1485.79     83.342     5.4935   9.674556  0.000e+00
    187.802     8.0669    34.9561    27.2293 1.4652e-01     0.1200      0.725    1485.79     83.282     5.4897   9.674556  0.000e+00
    187.827     8.0672    34.9555    27.2288 1.4652e-01     0.1200      0.692    1485.79     83.280     5.4895   9.674557  0.000e+00
    187.863     8.0626    34.9563    27.2302 1.5873e-01     0.1200      0.685    1485.78     83.279     5.4900   9.674557  0.000e+00
    187.876     8.0597    34.9578    27.2318 1.5873e-01     0.1200      0.674    1485.77     83.278     5.4903   9.674558  0.000e+00
    187.901     8.0602    34.9599    27.2333 1.5873e-01     0.1200      0.663    1485.77     83.286     5.4907   9.674558  0.000e+00
    187.925     8.0637    34.9599    27.2328 1.5873e-01     0.1200      0.648    1485.79     83.287     5.4903   9.674559  0.000e+00
    187.950     8.0669    34.9583    27.2311 1.4652e-01     0.1200      0.634    1485.80     83.290     5.4901   9.674559  0.000e+00
    187.975     8.0681    34.9581    27.2307 1.4652e-01     0.1200      0.626    1485.80     83.293     5.4902   9.674560  0.000e+00
    187.999     8.0695    34.9572    27.2298 1.5873e-01     0.1200      0.619    1485.80     83.297     5.4903   9.674560  0.000e+00
    188.024     8.0698    34.9565    27.2292 1.4652e-01     0.1200      0.626    1485.81     83.303     5.4907   9.674561  0.000e+00
    188.047     8.0688    34.9558    27.2288 1.5873e-01     0.1200      0.641    1485.80     83.301     5.4907   9.674561  0.000e+00
    188.073     8.0663    34.9558    27.2292 1.5873e-01     0.1200      0.637    1485.79     83.308     5.4915   9.674562  0.000e+00
    188.121     8.0637    34.9565    27.2301 1.5873e-01     0.1200      0.630    1485.78     83.308     5.4918   9.674562  0.000e+00
    188.159     8.0631    34.9569    27.2305 1.5873e-01     0.1200      0.630    1485.78     83.309     5.4919   9.674563  0.000e+00
    188.159     8.0631    34.9565    27.2302 1.4652e-01     0.1200      0.645    1485.78     83.310     5.4920   9.674563  0.000e+00
    188.233     8.0637    34.9564    27.2301 1.4652e-01     0.1200      0.667    1485.79     83.313     5.4921   9.674564  0.000e+00
    188.220     8.0649    34.9566    27.2300 1.4652e-01     0.1200      0.725    1485.79     83.314     5.4921   9.674564  0.000e+00
    188.258     8.0639    34.9561    27.2298 1.5873e-01     0.1200      0.755    1485.79     83.326     5.4929   9.674565  0.000e+00
    188.294     8.0618    34.9560    27.2300 1.4652e-01     0.1200      0.740    1485.78     83.330     5.4935   9.674565  0.000e+00
    188.307     8.0614    34.9565    27.2304 1.4652e-01     0.1200      0.711    1485.78     83.342     5.4943   9.674565  0.000e+00
    188.343     8.0620    34.9552    27.2294 1.4652e-01     0.1200      0.700    1485.78     83.348     5.4947   9.674566  0.000e+00
    188.392     8.0599    34.9541    27.2288 1.4652e-01     0.1200      0.692    1485.77     83.355     5.4954   9.674566  0.000e+00
    188.417     8.0551    34.9535    27.2291 1.4652e-01     0.1200      0.670    1485.75     83.362     5.4965   9.674567  0.000e+00
    188.442     8.0507    34.9545    27.2305 1.5873e-01     0.1200      0.656    1485.74     83.370     5.4975   9.674567  0.000e+00
    188.466     8.0478    34.9563    27.2324 1.4652e-01     0.1200      0.663    1485.73     83.378     5.4984   9.674568  0.000e+00
    188.514     8.0462    34.9575    27.2335 1.5873e-01     0.1200      0.696    1485.73     83.380     5.4986   9.674568  0.000e+00
    188.540     8.0458    34.9582    27.2342 1.5873e-01     0.1200      0.703    1485.73     83.381     5.4987   9.674569  0.000e+00
    188.588     8.0460    34.9584    27.2343 1.5873e-01     0.1200      0.722    1485.73     83.383     5.4988   9.674569  0.000e+00
    188.590     8.0461    34.9584    27.2343 1.5873e-01     0.1200      0.817    1485.73     83.392     5.4994   9.674570  0.000e+00
    188.613     8.0456    34.9595    27.2352 1.4652e-01     0.1200      0.894    1485.73     83.395     5.4996   9.674570  0.000e+00
    188.664     8.0459    34.9588    27.2346 1.4652e-01     0.1200      0.901    1485.73     83.398     5.4998   9.674571  0.000e+00
    188.711     8.0461    34.9584    27.2343 1.4652e-01     0.1200      0.868    1485.73     83.401     5.5000   9.674571  0.000e+00
    188.724     8.0457    34.9582    27.2342 1.4652e-01     0.1200      0.824    1485.73     83.404     5.5003   9.674572  0.000e+00
    188.747     8.0454    34.9578    27.2339 1.5873e-01     0.1200      0.784    1485.73     83.408     5.5006   9.674572  0.000e+00
    188.797     8.0445    34.9575    27.2338 1.5873e-01     0.1200      0.755    1485.72     83.476     5.5052   9.674573  0.000e+00
    188.823     8.0433    34.9572    27.2338 1.5873e-01     0.1200      0.736    1485.72     83.424     5.5019   9.674573  0.000e+00
    188.846     8.0422    34.9577    27.2343 1.5873e-01     0.1200      0.714    1485.72     83.429     5.5023   9.674574  0.000e+00
    188.897     8.0414    34.9577    27.2345 1.5873e-01     0.1200      0.703    1485.71     83.434     5.5028   9.674574  0.000e+00
    188.895     8.0404    34.9577    27.2346 1.5873e-01     0.1200      0.692    1485.71     83.438     5.5032   9.674575  0.000e+00
    188.946     8.0393    34.9582    27.2352 1.5873e-01     0.1200      0.689    1485.71     83.444     5.5037   9.674575  0.000e+00
    188.969     8.0396    34.9586    27.2354 1.5873e-01     0.1200      0.751    1485.71     83.450     5.5040   9.674576  0.000e+00
    188.994     8.0404    34.9591    27.2357 1.5873e-01     0.1200      0.810    1485.71     83.456     5.5043   9.674576  0.000e+00
    189.032     8.0411    34.9593    27.2358 1.4652e-01     0.1200      0.795    1485.72     83.462     5.5046   9.674577  0.000e+00
    189.055     8.0418    34.9587    27.2351 1.4652e-01     0.1200      0.758    1485.72     83.468     5.5050   9.674577  0.000e+00
    189.081     8.0418    34.9586    27.2351 1.4652e-01     0.1200      0.718    1485.72     83.475     5.5054   9.674578  0.000e+00
    189.117     8.0418    34.9586    27.2351 1.4652e-01     0.1200      0.696    1485.72     83.483     5.5059   9.674578  0.000e+00
    189.154     8.0407    34.9588    27.2354 1.5873e-01     0.1200      0.692    1485.72     83.483     5.5061   9.674579  0.000e+00
    189.155     8.0400    34.9585    27.2353 1.5873e-01     0.1200      0.685    1485.71     83.482     5.5061   9.674579  0.000e+00
    189.203     8.0399    34.9587    27.2355 1.4652e-01     0.1200      0.678    1485.72     83.427     5.5025   9.674579  0.000e+00
    189.241     8.0400    34.9585    27.2353 1.4652e-01     0.1200      0.733    1485.72     83.419     5.5020   9.674580  0.000e+00
    189.239     8.0396    34.9584    27.2353 1.4652e-01     0.1200      1.092    1485.71     83.475     5.5057   9.674580  0.000e+00
    189.288     8.0389    34.9582    27.2352 1.5873e-01     0.1200      1.297    1485.71     83.476     5.5059   9.674581  0.000e+00
    189.302     8.0380    34.9578    27.2350 1.4652e-01     0.1200      1.168    1485.71     83.414     5.5019   9.674581  0.000e+00
