RAWDATA/20190107/VT3_20190109_75m_down.cnv
* Sea-Bird SBE 9 Data File:
* FileName = C:\CTD Brukere\NIVA\OKOKYST2019\20190107\VT3_20190109_75m.hex
* Software Version Seasave V 7.23.2
* Temperature SN = 5352
* Conductivity SN = 3840
* Number of Bytes Per Scan = 28
* Number of Voltage Words = 4
* Number of Scans Averaged by the Deck Unit = 1
* NMEA baud rate = 4800
** Ship: R/V Trygve Braarud
** Cruise:
** Station:
** Operator:
# nquan = 12
# nvalues = 3562                                  
# units = specified
# name 0 = depSM: Depth [salt water, m], lat = 59.60
# name 1 = t090C: Temperature [ITS-90, deg C]
# name 2 = sal00: Salinity, Practical [PSU]
# name 3 = sigma-t00: Density [sigma-t, kg/m^3 ]
# name 4 = flSP: Fluorescence, Seapoint
# name 5 = wetStar: Fluorescence, WET Labs WETstar [mg/m^3]
# name 6 = seaTurbMtr: Turbidity, Seapoint [FTU]
# name 7 = svCM: Sound Velocity [Chen-Millero, m/s]
# name 8 = sbeox0PS: Oxygen, SBE 43 [% saturation]
# name 9 = sbeox0ML/L: Oxygen, SBE 43 [ml/l]
# name 10 = timeJ: Julian Days
# name 11 = flag:  0.000e+00
# span 0 =      6.533,     76.274                 
# span 1 =     7.6530,     8.0124                 
# span 2 =    33.9162,    34.5482                 
# span 3 =    26.4721,    26.9373                 
# span 4 = 1.7094e-01, 4.2735e-01                 
# span 5 =     0.1200,     0.1566                 
# span 6 =      0.593,      3.348                 
# span 7 =    1479.93,    1482.88                 
# span 8 =     84.655,     92.134                 
# span 9 =     5.6695,     6.1196                 
# span 10 =   9.692917,   9.694634                
# span 11 = 0.0000e+00, 0.0000e+00                
# interval = seconds: 0.0416667
# start_time = Jan 09 2019 16:37:48 [System UpLoad Time]
# bad_flag = -9.990e-29
*END*
[from data line 3128]
     72.448     7.8710    34.5443    26.9351 2.3199e-01     0.1212      0.689    1482.62     91.699     6.0875   9.694425  0.000e+00
     72.459     7.8708    34.5445    26.9353 2.1978e-01     0.1224      0.696    1482.62     91.693     6.0871   9.694426  0.000e+00
     72.472     7.8710    34.5445    26.9352 2.1978e-01     0.1224      0.736    1482.62     91.679     6.0862   9.694426  0.000e+00
     72.472     7.8710    34.5446    26.9353 2.0757e-01     0.1249      0.733    1482.62     91.674     6.0859   9.694427  0.000e+00
     72.484     7.8715    34.5443    26.9351 2.0757e-01     0.1249      0.703    1482.63     91.669     6.0855   9.694427  0.000e+00
     72.484     7.8713    34.5446    26.9353 2.0757e-01     0.1249      0.681    1482.63     91.657     6.0847   9.694428  0.000e+00
     72.484     7.8718    34.5443    26.9350 1.9536e-01     0.1249      0.674    1482.63     91.653     6.0844   9.694428  0.000e+00
     72.495     7.8716    34.5448    26.9354 2.0757e-01     0.1249      0.659    1482.63     91.642     6.0837   9.694429  0.000e+00
     72.472     7.8718    34.5445    26.9352 2.0757e-01     0.1237      0.645    1482.63     91.639     6.0834   9.694429  0.000e+00
     72.508     7.8715    34.5448    26.9354 2.0757e-01     0.1237      0.645    1482.63     91.637     6.0833   9.694429  0.000e+00
     72.484     7.8715    34.5445    26.9352 2.0757e-01     0.1261      0.659    1482.63     91.565     6.0786   9.694430  0.000e+00
     72.508     7.8712    34.5442    26.9350 2.0757e-01     0.1285      0.652    1482.63     91.619     6.0822   9.694430  0.000e+00
     72.484     7.8712    34.5435    26.9344 2.0757e-01     0.1298      0.652    1482.62     91.556     6.0781   9.694431  0.000e+00
     72.484     7.8707    34.5441    26.9350 2.0757e-01     0.1298      0.641    1482.62     91.557     6.0782   9.694431  0.000e+00
     72.484     7.8708    34.5440    26.9349 2.0757e-01     0.1285      0.634    1482.62     91.613     6.0819   9.694432  0.000e+00
     72.484     7.8708    34.5440    26.9349 2.0757e-01     0.1298      0.626    1482.62     91.615     6.0820   9.694432  0.000e+00
     72.484     7.8705    34.5438    26.9348 2.0757e-01     0.1310      0.623    1482.62     91.618     6.0822   9.694433  0.000e+00
     72.495     7.8706    34.5438    26.9347 2.0757e-01     0.1310      0.623    1482.62     91.621     6.0825   9.694433  0.000e+00
     72.484     7.8704    34.5444    26.9352 2.0757e-01     0.1310      0.619    1482.62     91.625     6.0827   9.694434  0.000e+00
     72.472     7.8705    34.5441    26.9350 2.0757e-01     0.1322      0.626    1482.62     91.630     6.0830   9.694434  0.000e+00
     72.495     7.8708    34.5439    26.9348 2.0757e-01     0.1310      0.630    1482.62     91.573     6.0792   9.694435  0.000e+00
     72.459     7.8707    34.5437    26.9347 2.0757e-01     0.1298      0.634    1482.62     91.572     6.0792   9.694435  0.000e+00
     72.472     7.8705    34.5439    26.9348 2.0757e-01     0.1298      0.641    1482.62     91.571     6.0792   9.694436  0.000e+00
     72.484     7.8708    34.5437    26.9347 2.0757e-01     0.1285      0.648    1482.62     91.572     6.0792   9.694436  0.000e+00
     72.472     7.8707    34.5441    26.9350 2.0757e-01     0.1261      0.663    1482.62     91.643     6.0839   9.694437  0.000e+00
     72.448     7.8708    34.5438    26.9347 1.9536e-01     0.1261      0.670    1482.62     91.591     6.0804   9.694437  0.000e+00
     72.459     7.8708    34.5435    26.9345 1.9536e-01     0.1261      0.670    1482.62     91.594     6.0806   9.694438  0.000e+00
     72.459     7.8705    34.5434    26.9345 2.0757e-01     0.1261      0.696    1482.62     91.606     6.0815   9.694438  0.000e+00
     72.459     7.8704    34.5440    26.9349 2.0757e-01     0.1249      0.707    1482.62     91.674     6.0860   9.694439  0.000e+00
     72.448     7.8708    34.5439    26.9348 1.9536e-01     0.1285      0.707    1482.62     91.625     6.0827   9.694439  0.000e+00
     72.448     7.8707    34.5442    26.9351 2.0757e-01     0.1310      0.707    1482.62     91.686     6.0867   9.694440  0.000e+00
     72.435     7.8708    34.5441    26.9349 1.9536e-01     0.1310      0.685    1482.62     91.639     6.0836   9.694440  0.000e+00
     72.448     7.8708    34.5441    26.9349 1.9536e-01     0.1310      0.678    1482.62     91.647     6.0841   9.694441  0.000e+00
     72.448     7.8707    34.5439    26.9349 1.9536e-01     0.1310      0.663    1482.62     91.649     6.0843   9.694441  0.000e+00
     72.435     7.8708    34.5437    26.9347 2.0757e-01     0.1285      0.648    1482.62     91.651     6.0844   9.694442  0.000e+00
     72.435     7.8707    34.5436    26.9346 2.0757e-01     0.1261      0.634    1482.62     91.653     6.0846   9.694442  0.000e+00
     72.423     7.8705    34.5437    26.9347 1.9536e-01     0.1261      0.634    1482.62     91.657     6.0848   9.694443  0.000e+00
     72.423     7.8708    34.5434    26.9344 2.0757e-01     0.1249      0.634    1482.62     91.723     6.0892   9.694443  0.000e+00
     72.423     7.8708    34.5434    26.9344 1.9536e-01     0.1237      0.634    1482.62     91.672     6.0858   9.694443  0.000e+00
     72.435     7.8707    34.5437    26.9347 2.0757e-01     0.1249      0.630    1482.62     91.677     6.0862   9.694444  0.000e+00
     72.435     7.8707    34.5433    26.9344 2.0757e-01     0.1261      0.634    1482.62     91.737     6.0902   9.694444  0.000e+00
     72.412     7.8705    34.5434    26.9344 2.0757e-01     0.1273      0.630    1482.62     91.688     6.0869   9.694445  0.000e+00
     72.423     7.8704    34.5433    26.9344 2.0757e-01     0.1285      0.626    1482.62     91.694     6.0873   9.694445  0.000e+00
     72.435     7.8700    34.5437    26.9348 2.0757e-01     0.1298      0.630    1482.62     91.755     6.0914   9.694446  0.000e+00
     72.435     7.8700    34.5439    26.9349 2.0757e-01     0.1285      0.630    1482.62     91.762     6.0919   9.694446  0.000e+00
     72.423     7.8702    34.5439    26.9349 2.0757e-01     0.1261      0.630    1482.62     91.706     6.0881   9.694447  0.000e+00
     72.435     7.8701    34.5441    26.9351 2.0757e-01     0.1249      0.626    1482.62     91.767     6.0922   9.694447  0.000e+00
     72.435     7.8707    34.5437    26.9347 2.0757e-01     0.1249      0.623    1482.62     91.774     6.0926   9.694448  0.000e+00
     72.448     7.8707    34.5441    26.9350 2.0757e-01     0.1261      0.623    1482.62     91.781     6.0930   9.694448  0.000e+00
     72.448     7.8708    34.5438    26.9347 2.1978e-01     0.1285      0.626    1482.62     91.788     6.0935   9.694449  0.000e+00
     72.448     7.8710    34.5437    26.9347 2.1978e-01     0.1285      0.630    1482.62     91.794     6.0939   9.694449  0.000e+00
     72.459     7.8707    34.5442    26.9351 2.1978e-01     0.1298      0.637    1482.62     91.801     6.0944   9.694450  0.000e+00
     72.459     7.8707    34.5439    26.9349 2.1978e-01     0.1285      0.648    1482.62     91.808     6.0948   9.694450  0.000e+00
     72.459     7.8707    34.5439    26.9348 2.3199e-01     0.1273      0.648    1482.62     91.815     6.0953   9.694451  0.000e+00
     72.472     7.8707    34.5441    26.9350 2.3199e-01     0.1261      0.645    1482.62     91.822     6.0957   9.694451  0.000e+00
     72.484     7.8705    34.5443    26.9352 2.3199e-01     0.1261      0.637    1482.62     91.828     6.0962   9.694452  0.000e+00
     72.484     7.8704    34.5442    26.9351 2.3199e-01     0.1261      0.630    1482.62     91.835     6.0967   9.694452  0.000e+00
     72.495     7.8702    34.5443    26.9352 2.4420e-01     0.1273      0.634    1482.62     91.842     6.0971   9.694453  0.000e+00
     72.508     7.8704    34.5441    26.9351 2.4420e-01     0.1261      0.637    1482.62     91.849     6.0976   9.694453  0.000e+00
     72.508     7.8704    34.5439    26.9349 2.5641e-01     0.1261      0.641    1482.62     91.910     6.1017   9.694454  0.000e+00
     72.532     7.8707    34.5437    26.9347 2.5641e-01     0.1249      0.641    1482.62     91.924     6.1025   9.694454  0.000e+00
     72.544     7.8704    34.5443    26.9352 2.4420e-01     0.1237      0.648    1482.62     91.929     6.1029   9.694455  0.000e+00
     72.555     7.8705    34.5440    26.9350 2.3199e-01     0.1237      0.652    1482.62     91.934     6.1032   9.694455  0.000e+00
     72.568     7.8704    34.5441    26.9351 2.1978e-01     0.1237      0.652    1482.62     91.946     6.1041   9.694456  0.000e+00
     72.580     7.8704    34.5441    26.9350 2.1978e-01     0.1261      0.645    1482.62     91.958     6.1048   9.694456  0.000e+00
     72.593     7.8705    34.5442    26.9351 2.3199e-01     0.1249      0.641    1482.62     91.970     6.1056   9.694457  0.000e+00
     72.604     7.8705    34.5443    26.9352 2.3199e-01     0.1237      0.645    1482.62     91.981     6.1063   9.694457  0.000e+00
     72.628     7.8707    34.5444    26.9352 2.3199e-01     0.1224      0.645    1482.63     91.992     6.1070   9.694457  0.000e+00
     72.628     7.8705    34.5443    26.9352 2.5641e-01     0.1237      0.645    1482.62     92.002     6.1077   9.694458  0.000e+00
     72.664     7.8707    34.5441    26.9350 2.5641e-01     0.1237      0.645    1482.63     92.005     6.1079   9.694458  0.000e+00
     72.664     7.8705    34.5445    26.9353 2.6862e-01     0.1249      0.652    1482.63     92.007     6.1080   9.694459  0.000e+00
     72.689     7.8704    34.5445    26.9353 2.6862e-01     0.1261      0.656    1482.63     92.008     6.1082   9.694459  0.000e+00
     72.689     7.8707    34.5441    26.9350 2.5641e-01     0.1273      0.648    1482.63     92.009     6.1082   9.694460  0.000e+00
     72.713     7.8705    34.5445    26.9353 2.4420e-01     0.1298      0.648    1482.63     91.955     6.1046   9.694460  0.000e+00
     72.725     7.8705    34.5443    26.9352 2.3199e-01     0.1273      0.645    1482.63     91.948     6.1041   9.694461  0.000e+00
     72.738     7.8705    34.5440    26.9349 2.3199e-01     0.1261      0.637    1482.63     92.002     6.1078   9.694461  0.000e+00
     72.762     7.8705    34.5444    26.9353 2.1978e-01     0.1273      0.626    1482.63     92.002     6.1077   9.694462  0.000e+00
     72.785     7.8705    34.5443    26.9351 2.1978e-01     0.1298      0.626    1482.63     92.008     6.1081   9.694462  0.000e+00
     72.798     7.8705    34.5445    26.9353 2.3199e-01     0.1298      0.645    1482.63     91.944     6.1039   9.694463  0.000e+00
     72.798     7.8707    34.5441    26.9350 2.4420e-01     0.1273      0.663    1482.63     91.942     6.1038   9.694463  0.000e+00
     72.843     7.8705    34.5442    26.9351 2.3199e-01     0.1261      0.659    1482.63     91.934     6.1032   9.694464  0.000e+00
     72.845     7.8707    34.5443    26.9351 2.3199e-01     0.1298      0.645    1482.63     91.986     6.1066   9.694464  0.000e+00
     72.858     7.8707    34.5444    26.9352 2.4420e-01     0.1298      0.634    1482.63     91.921     6.1023   9.694465  0.000e+00
     72.882     7.8708    34.5443    26.9351 2.5641e-01     0.1273      0.630    1482.63     91.910     6.1016   9.694465  0.000e+00
     72.905     7.8707    34.5444    26.9352 2.8083e-01     0.1261      0.630    1482.63     91.900     6.1009   9.694466  0.000e+00
     72.905     7.8707    34.5446    26.9354 2.9304e-01     0.1261      0.641    1482.63     91.888     6.1002   9.694466  0.000e+00
     72.930     7.8712    34.5444    26.9352 2.8083e-01     0.1298      0.663    1482.63     91.885     6.0998   9.694467  0.000e+00
     72.954     7.8712    34.5447    26.9354 2.5641e-01     0.1298      0.670    1482.63     91.873     6.0991   9.694467  0.000e+00
     72.954     7.8712    34.5446    26.9353 2.4420e-01     0.1322      0.663    1482.63     91.861     6.0983   9.694468  0.000e+00
     72.979     7.8712    34.5445    26.9353 2.4420e-01     0.1298      0.652    1482.63     91.857     6.0980   9.694468  0.000e+00
     72.990     7.8713    34.5448    26.9355 2.5641e-01     0.1285      0.645    1482.63     91.845     6.0972   9.694469  0.000e+00
     73.014     7.8718    34.5453    26.9358 2.4420e-01     0.1285      0.637    1482.64     91.833     6.0963   9.694469  0.000e+00
     73.027     7.8721    34.5453    26.9357 2.3199e-01     0.1310      0.637    1482.64     91.828     6.0959   9.694470  0.000e+00
     73.039     7.8723    34.5453    26.9357 2.1978e-01     0.1310      0.634    1482.64     91.823     6.0955   9.694470  0.000e+00
     73.050     7.8723    34.5452    26.9356 2.1978e-01     0.1334      0.634    1482.64     91.810     6.0947   9.694470  0.000e+00
     73.075     7.8723    34.5451    26.9356 2.1978e-01     0.1334      0.637    1482.64     91.805     6.0944   9.694471  0.000e+00
     73.088     7.8726    34.5452    26.9356 2.1978e-01     0.1322      0.648    1482.64     91.799     6.0940   9.694471  0.000e+00
     73.099     7.8729    34.5451    26.9355 2.3199e-01     0.1310      0.659    1482.64     91.794     6.0936   9.694472  0.000e+00
     73.112     7.8728    34.5453    26.9356 2.4420e-01     0.1298      0.667    1482.64     91.789     6.0932   9.694472  0.000e+00
     73.135     7.8726    34.5449    26.9353 2.5641e-01     0.1298      0.689    1482.64     91.783     6.0929   9.694473  0.000e+00
     73.145     7.8723    34.5448    26.9353 2.5641e-01     0.1285      0.689    1482.64     91.778     6.0926   9.694473  0.000e+00
     73.172     7.8722    34.5448    26.9353 2.4420e-01     0.1249      0.681    1482.64     91.773     6.0923   9.694474  0.000e+00
     73.172     7.8723    34.5449    26.9354 2.3199e-01     0.1212      0.667    1482.64     91.767     6.0919   9.694474  0.000e+00
     73.184     7.8721    34.5450    26.9355 2.1978e-01     0.1200      0.652    1482.64     91.762     6.0916   9.694475  0.000e+00
     73.208     7.8724    34.5446    26.9351 2.3199e-01     0.1200      0.648    1482.64     91.757     6.0912   9.694475  0.000e+00
     73.220     7.8721    34.5445    26.9351 2.3199e-01     0.1212      0.645    1482.64     91.752     6.0909   9.694476  0.000e+00
     73.220     7.8728    34.5446    26.9351 2.3199e-01     0.1237      0.641    1482.64     91.684     6.0863   9.694476  0.000e+00
     73.255     7.8726    34.5450    26.9354 2.3199e-01     0.1224      0.634    1482.64     91.734     6.0896   9.694477  0.000e+00
     73.244     7.8729    34.5455    26.9357 2.3199e-01     0.1249      0.637    1482.65     91.674     6.0856   9.694477  0.000e+00
     73.268     7.8732    34.5457    26.9359 2.3199e-01     0.1273      0.645    1482.65     91.670     6.0853   9.694478  0.000e+00
     73.280     7.8736    34.5455    26.9356 2.6862e-01     0.1322      0.656    1482.65     91.667     6.0850   9.694478  0.000e+00
     73.293     7.8736    34.5451    26.9354 2.6862e-01     0.1310      0.652    1482.65     91.664     6.0848   9.694479  0.000e+00
     73.293     7.8732    34.5454    26.9356 2.5641e-01     0.1273      0.659    1482.65     91.661     6.0847   9.694479  0.000e+00
     73.314     7.8732    34.5449    26.9352 2.4420e-01     0.1261      0.659    1482.65     91.660     6.0846   9.694480  0.000e+00
     73.329     7.8732    34.5455    26.9357 2.3199e-01     0.1249      0.648    1482.65     91.659     6.0845   9.694480  0.000e+00
     73.317     7.8732    34.5450    26.9353 2.3199e-01     0.1273      0.652    1482.65     91.658     6.0845   9.694481  0.000e+00
     73.340     7.8731    34.5451    26.9354 2.3199e-01     0.1273      0.656    1482.65     91.658     6.0845   9.694481  0.000e+00
     73.340     7.8729    34.5448    26.9352 2.4420e-01     0.1261      0.659    1482.65     91.659     6.0846   9.694482  0.000e+00
     73.353     7.8728    34.5450    26.9354 2.6862e-01     0.1249      0.692    1482.65     91.660     6.0847   9.694482  0.000e+00
     73.364     7.8726    34.5450    26.9354 2.6862e-01     0.1237      0.722    1482.65     91.600     6.0807   9.694483  0.000e+00
