RAWDATA/20190107/VT3_20190109_75m_down.cnv
* Sea-Bird SBE 9 Data File:
* FileName = C:\CTD Brukere\NIVA\OKOKYST2019\20190107\VT3_20190109_75m.hex
* Software Version Seasave V 7.23.2
* Temperature SN = 5352
* Conductivity SN = 3840
* Number of Bytes Per Scan = 28
* Number of Voltage Words = 4
* Number of Scans Averaged by the Deck Unit = 1
* NMEA baud rate = 4800
** Ship: R/V Trygve Braarud
** Cruise:
** Station:
** Operator:
# nquan = 12
# nvalues = 3562                                  
# units = specified
# name 0 = depSM: Depth [salt water, m], lat = 59.60
# name 1 = t090C: Temperature [ITS-90, deg C]
# name 2 = sal00: Salinity, Practical [PSU]
# name 3 = sigma-t00: Density [sigma-t, kg/m^3 ]
# name 4 = flSP: Fluorescence, Seapoint
# name 5 = wetStar: Fluorescence, WET Labs WETstar [mg/m^3]
# name 6 = seaTurbMtr: Turbidity, Seapoint [FTU]
# name 7 = svCM: Sound Velocity [Chen-Millero, m/s]
# name 8 = sbeox0PS: Oxygen, SBE 43 [% saturation]
# name 9 = sbeox0ML/L: Oxygen, SBE 43 [ml/l]
# name 10 = timeJ: Julian Days
# name 11 = flag:  0.000e+00
# span 0 =      6.533,     76.274                 
# span 1 =     7.6530,     8.0124                 
# span 2 =    33.9162,    34.5482                 
# span 3 =    26.4721,    26.9373                 
# span 4 = 1.7094e-01, 4.2735e-01                 
# span 5 =     0.1200,     0.1566                 
# span 6 =      0.593,      3.348                 
# span 7 =    1479.93,    1482.88                 
# span 8 =     84.655,     92.134                 
# span 9 =     5.6695,     6.1196                 
# span 10 =   9.692917,   9.694634                
# span 11 = 0.0000e+00, 0.0000e+00                
# interval = seconds: 0.0416667
# start_time = Jan 09 2019 16:37:48 [System UpLoad Time]
# bad_flag = -9.990e-29
*END*
[from data line 722]
     33.293     7.9286    34.3882    26.8039 2.1978e-01     0.1261      0.626    1482.00     90.124     5.9813   9.693265  0.000e+00
     33.329     7.9286    34.3881    26.8039 2.0757e-01     0.1249      0.619    1482.00     90.122     5.9812   9.693265  0.000e+00
     33.353     7.9286    34.3882    26.8040 1.9536e-01     0.1237      0.619    1482.00     90.121     5.9811   9.693266  0.000e+00
     33.389     7.9287    34.3878    26.8036 1.9536e-01     0.1249      0.626    1482.00     90.058     5.9769   9.693266  0.000e+00
     33.401     7.9288    34.3877    26.8035 1.9536e-01     0.1261      0.623    1482.00     90.112     5.9805   9.693267  0.000e+00
     33.401     7.9288    34.3878    26.8036 1.8315e-01     0.1273      0.615    1482.00     90.049     5.9763   9.693267  0.000e+00
     33.511     7.9286    34.3882    26.8039 1.8315e-01     0.1273      0.615    1482.00     90.105     5.9801   9.693268  0.000e+00
     33.496     7.9286    34.3878    26.8036 1.9536e-01     0.1273      0.619    1482.00     90.044     5.9760   9.693268  0.000e+00
     33.521     7.9288    34.3880    26.8037 1.8315e-01     0.1261      0.623    1482.00     90.037     5.9756   9.693269  0.000e+00
     33.556     7.9290    34.3877    26.8035 1.9536e-01     0.1285      0.626    1482.00     90.032     5.9752   9.693269  0.000e+00
     33.594     7.9288    34.3876    26.8034 1.9536e-01     0.1298      0.626    1482.00     90.028     5.9749   9.693270  0.000e+00
     33.605     7.9288    34.3880    26.8037 1.9536e-01     0.1310      0.623    1482.00     90.023     5.9746   9.693270  0.000e+00
     33.654     7.9287    34.3882    26.8040 1.9536e-01     0.1298      0.619    1482.00     90.020     5.9744   9.693271  0.000e+00
     33.676     7.9288    34.3883    26.8040 1.9536e-01     0.1298      0.612    1482.01     90.017     5.9742   9.693271  0.000e+00
     33.712     7.9290    34.3879    26.8036 1.8315e-01     0.1285      0.612    1482.01     90.014     5.9740   9.693272  0.000e+00
     33.738     7.9290    34.3876    26.8034 1.9536e-01     0.1249      0.612    1482.01     90.013     5.9739   9.693272  0.000e+00
     33.772     7.9290    34.3880    26.8037 1.9536e-01     0.1249      0.608    1482.01     90.012     5.9738   9.693273  0.000e+00
     33.796     7.9290    34.3884    26.8041 1.9536e-01     0.1249      0.604    1482.01     90.011     5.9738   9.693273  0.000e+00
     33.821     7.9291    34.3883    26.8039 1.9536e-01     0.1249      0.604    1482.01     90.011     5.9737   9.693274  0.000e+00
     33.870     7.9288    34.3883    26.8040 1.9536e-01     0.1237      0.608    1482.01     89.950     5.9697   9.693274  0.000e+00
     33.892     7.9288    34.3883    26.8040 1.8315e-01     0.1237      0.612    1482.01     89.952     5.9699   9.693274  0.000e+00
     33.917     7.9287    34.3883    26.8040 1.8315e-01     0.1261      0.615    1482.01     90.009     5.9737   9.693275  0.000e+00
     33.941     7.9286    34.3884    26.8041 1.9536e-01     0.1261      0.623    1482.01     90.012     5.9739   9.693275  0.000e+00
     34.014     7.9288    34.3883    26.8040 1.9536e-01     0.1261      0.626    1482.01     89.948     5.9696   9.693276  0.000e+00
     34.037     7.9290    34.3886    26.8042 2.0757e-01     0.1237      0.623    1482.01     89.937     5.9689   9.693276  0.000e+00
     34.037     7.9290    34.3884    26.8040 2.1978e-01     0.1224      0.615    1482.01     89.935     5.9687   9.693277  0.000e+00
     34.097     7.9290    34.3883    26.8040 1.9536e-01     0.1237      0.615    1482.01     89.934     5.9687   9.693277  0.000e+00
     34.132     7.9290    34.3889    26.8044 1.9536e-01     0.1237      0.619    1482.01     89.934     5.9686   9.693278  0.000e+00
     34.168     7.9301    34.3889    26.8043 1.8315e-01     0.1249      0.615    1482.02     89.935     5.9685   9.693278  0.000e+00
     34.181     7.9309    34.3898    26.8048 1.9536e-01     0.1273      0.612    1482.02     89.928     5.9680   9.693279  0.000e+00
     34.228     7.9312    34.3896    26.8046 1.9536e-01     0.1261      0.608    1482.03     89.931     5.9681   9.693279  0.000e+00
     34.277     7.9314    34.3896    26.8046 1.8315e-01     0.1273      0.604    1482.03     89.934     5.9683   9.693280  0.000e+00
     34.313     7.9314    34.3894    26.8045 1.9536e-01     0.1273      0.601    1482.03     89.930     5.9681   9.693280  0.000e+00
     34.348     7.9315    34.3894    26.8044 1.8315e-01     0.1273      0.601    1482.03     89.928     5.9678   9.693281  0.000e+00
     34.373     7.9317    34.3893    26.8044 1.9536e-01     0.1261      0.597    1482.03     89.933     5.9682   9.693281  0.000e+00
     34.434     7.9317    34.3898    26.8048 1.9536e-01     0.1285      0.593    1482.03     89.932     5.9681   9.693282  0.000e+00
     34.444     7.9323    34.3909    26.8055 1.8315e-01     0.1298      0.593    1482.04     89.930     5.9679   9.693282  0.000e+00
     34.504     7.9330    34.3909    26.8054 1.8315e-01     0.1298      0.597    1482.04     89.938     5.9683   9.693283  0.000e+00
     34.553     7.9336    34.3915    26.8058 1.8315e-01     0.1322      0.597    1482.04     89.939     5.9682   9.693283  0.000e+00
     34.588     7.9339    34.3915    26.8058 1.9536e-01     0.1322      0.593    1482.04     89.948     5.9688   9.693284  0.000e+00
     34.626     7.9344    34.3912    26.8055 1.9536e-01     0.1310      0.597    1482.05     89.950     5.9689   9.693284  0.000e+00
     34.673     7.9346    34.3913    26.8055 1.8315e-01     0.1298      0.601    1482.05     89.891     5.9649   9.693285  0.000e+00
     34.709     7.9347    34.3916    26.8057 1.8315e-01     0.1273      0.612    1482.05     89.949     5.9688   9.693285  0.000e+00
     34.744     7.9349    34.3919    26.8059 1.8315e-01     0.1273      0.615    1482.05     89.892     5.9649   9.693286  0.000e+00
     34.793     7.9352    34.3918    26.8058 1.8315e-01     0.1249      0.615    1482.05     89.890     5.9648   9.693286  0.000e+00
     34.829     7.9354    34.3919    26.8058 1.8315e-01     0.1237      0.612    1482.05     89.889     5.9647   9.693287  0.000e+00
     34.877     7.9354    34.3919    26.8058 1.8315e-01     0.1237      0.612    1482.06     89.889     5.9647   9.693287  0.000e+00
     34.913     7.9352    34.3920    26.8060 1.8315e-01     0.1237      0.615    1482.06     89.890     5.9647   9.693288  0.000e+00
     34.924     7.9352    34.3918    26.8058 1.7094e-01     0.1249      0.612    1482.06     89.891     5.9648   9.693288  0.000e+00
     35.022     7.9352    34.3922    26.8061 1.8315e-01     0.1249      0.612    1482.06     89.894     5.9650   9.693288  0.000e+00
     35.033     7.9352    34.3923    26.8062 1.7094e-01     0.1237      0.615    1482.06     89.897     5.9652   9.693289  0.000e+00
     35.105     7.9355    34.3918    26.8057 1.8315e-01     0.1249      0.619    1482.06     89.902     5.9655   9.693289  0.000e+00
     35.129     7.9355    34.3925    26.8063 1.8315e-01     0.1237      0.623    1482.06     89.900     5.9653   9.693290  0.000e+00
     35.165     7.9360    34.3925    26.8062 1.8315e-01     0.1224      0.626    1482.06     89.905     5.9656   9.693290  0.000e+00
     35.225     7.9363    34.3925    26.8061 1.7094e-01     0.1237      0.626    1482.07     89.905     5.9656   9.693291  0.000e+00
     35.273     7.9363    34.3925    26.8062 1.8315e-01     0.1237      0.630    1482.07     89.851     5.9620   9.693291  0.000e+00
     35.320     7.9360    34.3928    26.8065 1.8315e-01     0.1249      0.634    1482.07     89.906     5.9657   9.693292  0.000e+00
     35.369     7.9367    34.3927    26.8062 1.8315e-01     0.1261      0.648    1482.07     89.908     5.9657   9.693292  0.000e+00
     35.416     7.9367    34.3930    26.8065 1.8315e-01     0.1273      0.648    1482.07     89.910     5.9659   9.693293  0.000e+00
     35.441     7.9370    34.3931    26.8066 1.8315e-01     0.1285      0.637    1482.07     89.913     5.9660   9.693293  0.000e+00
     35.514     7.9372    34.3928    26.8062 1.8315e-01     0.1261      0.626    1482.07     89.917     5.9662   9.693294  0.000e+00
     35.549     7.9372    34.3931    26.8065 1.8315e-01     0.1249      0.619    1482.07     89.921     5.9665   9.693294  0.000e+00
     35.596     7.9372    34.3933    26.8067 1.8315e-01     0.1249      0.630    1482.08     89.926     5.9668   9.693295  0.000e+00
     35.656     7.9371    34.3933    26.8067 1.8315e-01     0.1237      0.674    1482.08     89.931     5.9672   9.693295  0.000e+00
     35.694     7.9373    34.3933    26.8067 1.8315e-01     0.1261      0.678    1482.08     89.937     5.9675   9.693296  0.000e+00
     35.754     7.9372    34.3933    26.8067 1.8315e-01     0.1261      0.656    1482.08     89.944     5.9680   9.693296  0.000e+00
     35.790     7.9372    34.3934    26.8068 1.8315e-01     0.1285      0.641    1482.08     89.951     5.9685   9.693297  0.000e+00
     35.812     7.9374    34.3932    26.8066 1.9536e-01     0.1310      0.630    1482.08     89.958     5.9689   9.693297  0.000e+00
     35.861     7.9370    34.3932    26.8066 1.8315e-01     0.1310      0.637    1482.08     89.959     5.9691   9.693298  0.000e+00
     35.932     7.9375    34.3927    26.8062 1.8315e-01     0.1310      0.656    1482.08     89.960     5.9691   9.693298  0.000e+00
     35.970     7.9373    34.3932    26.8066 1.8315e-01     0.1322      0.659    1482.08     89.969     5.9697   9.693299  0.000e+00
     36.017     7.9373    34.3931    26.8065 1.8315e-01     0.1322      0.648    1482.08     89.979     5.9703   9.693299  0.000e+00
     36.053     7.9372    34.3928    26.8062 1.8315e-01     0.1310      0.634    1482.08     89.981     5.9705   9.693300  0.000e+00
     36.113     7.9370    34.3931    26.8066 1.8315e-01     0.1285      0.623    1482.08     89.985     5.9707   9.693300  0.000e+00
     36.137     7.9373    34.3931    26.8065 1.8315e-01     0.1285      0.615    1482.08     89.988     5.9709   9.693301  0.000e+00
     36.173     7.9370    34.3933    26.8067 1.7094e-01     0.1249      0.612    1482.08     90.053     5.9753   9.693301  0.000e+00
     36.221     7.9370    34.3929    26.8064 1.8315e-01     0.1237      0.612    1482.08     90.002     5.9719   9.693302  0.000e+00
     36.268     7.9368    34.3932    26.8066 1.8315e-01     0.1224      0.615    1482.09     90.006     5.9722   9.693302  0.000e+00
     36.306     7.9366    34.3935    26.8069 1.8315e-01     0.1224      0.615    1482.09     90.071     5.9765   9.693302  0.000e+00
     36.377     7.9365    34.3930    26.8066 1.8315e-01     0.1261      0.615    1482.09     90.083     5.9773   9.693303  0.000e+00
     36.389     7.9360    34.3933    26.8069 1.8315e-01     0.1310      0.612    1482.08     90.032     5.9740   9.693303  0.000e+00
     36.426     7.9355    34.3933    26.8069 1.8315e-01     0.1298      0.612    1482.08     90.098     5.9785   9.693304  0.000e+00
     36.486     7.9360    34.3941    26.8075 1.8315e-01     0.1298      0.615    1482.09     90.110     5.9792   9.693304  0.000e+00
     36.520     7.9366    34.3941    26.8074 1.8315e-01     0.1298      0.623    1482.09     90.122     5.9799   9.693305  0.000e+00
     36.569     7.9365    34.3941    26.8074 1.9536e-01     0.1310      0.619    1482.09     90.133     5.9806   9.693305  0.000e+00
     36.593     7.9368    34.3943    26.8075 1.8315e-01     0.1298      0.619    1482.09     90.145     5.9814   9.693306  0.000e+00
     36.642     7.9370    34.3941    26.8073 1.8315e-01     0.1298      0.623    1482.09     90.156     5.9821   9.693306  0.000e+00
     36.653     7.9363    34.3941    26.8074 1.8315e-01     0.1285      0.626    1482.09     90.168     5.9830   9.693307  0.000e+00
     36.725     7.9365    34.3947    26.8079 1.8315e-01     0.1285      0.619    1482.09     90.180     5.9837   9.693307  0.000e+00
     36.762     7.9383    34.3972    26.8096 1.9536e-01     0.1273      0.626    1482.10     90.191     5.9841   9.693308  0.000e+00
     36.785     7.9421    34.3999    26.8111 1.9536e-01     0.1273      0.634    1482.12     90.256     5.9878   9.693308  0.000e+00
     36.833     7.9461    34.4009    26.8113 1.9536e-01     0.1298      0.652    1482.14     90.274     5.9884   9.693309  0.000e+00
     36.869     7.9495    34.4005    26.8105 1.8315e-01     0.1298      0.663    1482.15     90.284     5.9886   9.693309  0.000e+00
     36.906     7.9514    34.4010    26.8106 1.8315e-01     0.1310      0.648    1482.16     90.294     5.9890   9.693310  0.000e+00
     36.940     7.9537    34.4006    26.8099 1.8315e-01     0.1285      0.634    1482.17     90.303     5.9893   9.693310  0.000e+00
     36.978     7.9543    34.3995    26.8090 1.8315e-01     0.1298      0.623    1482.17     90.373     5.9939   9.693311  0.000e+00
     37.013     7.9540    34.3986    26.8083 1.8315e-01     0.1285      0.615    1482.17     90.388     5.9950   9.693311  0.000e+00
     37.049     7.9535    34.3988    26.8086 1.8315e-01     0.1273      0.608    1482.17     90.402     5.9960   9.693312  0.000e+00
     37.085     7.9540    34.3993    26.8089 1.8315e-01     0.1285      0.608    1482.17     90.415     5.9967   9.693312  0.000e+00
     37.121     7.9543    34.3990    26.8086 1.8315e-01     0.1273      0.604    1482.17     90.427     5.9975   9.693313  0.000e+00
     37.158     7.9532    34.3980    26.8080 1.8315e-01     0.1249      0.604    1482.17     90.438     5.9985   9.693313  0.000e+00
     37.181     7.9524    34.3973    26.8076 1.8315e-01     0.1261      0.608    1482.16     90.510     6.0034   9.693314  0.000e+00
     37.229     7.9513    34.3969    26.8074 1.8315e-01     0.1273      0.619    1482.16     90.465     6.0006   9.693314  0.000e+00
     37.265     7.9508    34.3976    26.8081 1.8315e-01     0.1273      0.630    1482.16     90.473     6.0011   9.693315  0.000e+00
     37.302     7.9512    34.3988    26.8089 1.8315e-01     0.1298      0.637    1482.16     90.535     6.0051   9.693315  0.000e+00
     37.337     7.9511    34.3977    26.8081 1.8315e-01     0.1285      0.637    1482.16     90.548     6.0060   9.693315  0.000e+00
     37.362     7.9500    34.3971    26.8078 1.8315e-01     0.1237      0.663    1482.16     90.560     6.0070   9.693316  0.000e+00
     37.408     7.9488    34.3968    26.8077 1.9536e-01     0.1224      0.674    1482.15     90.571     6.0079   9.693316  0.000e+00
     37.423     7.9481    34.3973    26.8082 1.8315e-01     0.1212      0.656    1482.15     90.580     6.0086   9.693317  0.000e+00
     37.481     7.9484    34.3984    26.8090 1.8315e-01     0.1212      0.637    1482.16     90.588     6.0091   9.693317  0.000e+00
     37.505     7.9495    34.4003    26.8103 1.9536e-01     0.1224      0.630    1482.16     90.595     6.0093   9.693318  0.000e+00
     37.541     7.9515    34.4000    26.8098 1.9536e-01     0.1237      0.634    1482.17     90.601     6.0094   9.693318  0.000e+00
     37.565     7.9527    34.4003    26.8098 1.9536e-01     0.1273      0.641    1482.18     90.667     6.0136   9.693319  0.000e+00
     37.601     7.9542    34.4005    26.8098 1.9536e-01     0.1285      0.637    1482.18     90.677     6.0141   9.693319  0.000e+00
     37.650     7.9548    34.3995    26.8089 1.9536e-01     0.1285      0.630    1482.18     90.686     6.0146   9.693320  0.000e+00
     37.673     7.9535    34.3982    26.8081 1.8315e-01     0.1273      0.619    1482.18     90.693     6.0153   9.693320  0.000e+00
     37.699     7.9522    34.3974    26.8077 1.8315e-01     0.1285      0.615    1482.17     90.699     6.0159   9.693321  0.000e+00
     37.744     7.9512    34.3978    26.8081 1.9536e-01     0.1273      0.612    1482.17     90.704     6.0163   9.693321  0.000e+00
     37.783     7.9505    34.3976    26.8081 1.8315e-01     0.1249      0.608    1482.17     90.707     6.0166   9.693322  0.000e+00
     37.804     7.9500    34.3988    26.8091 1.9536e-01     0.1237      0.604    1482.17     90.769     6.0208   9.693322  0.000e+00
