RAWDATA/20190107/VT3_20190109_75m_down.cnv
* Sea-Bird SBE 9 Data File:
* FileName = C:\CTD Brukere\NIVA\OKOKYST2019\20190107\VT3_20190109_75m.hex
* Software Version Seasave V 7.23.2
* Temperature SN = 5352
* Conductivity SN = 3840
* Number of Bytes Per Scan = 28
* Number of Voltage Words = 4
* Number of Scans Averaged by the Deck Unit = 1
* NMEA baud rate = 4800
** Ship: R/V Trygve Braarud
** Cruise:
** Station:
** Operator:
# nquan = 12
# nvalues = 3562                                  
# units = specified
# name 0 = depSM: Depth [salt water, m], lat = 59.60
# name 1 = t090C: Temperature [ITS-90, deg C]
# name 2 = sal00: Salinity, Practical [PSU]
# name 3 = sigma-t00: Density [sigma-t, kg/m^3 ]
# name 4 = flSP: Fluorescence, Seapoint
# name 5 = wetStar: Fluorescence, WET Labs WETstar [mg/m^3]
# name 6 = seaTurbMtr: Turbidity, Seapoint [FTU]
# name 7 = svCM: Sound Velocity [Chen-Millero, m/s]
# name 8 = sbeox0PS: Oxygen, SBE 43 [% saturation]
# name 9 = sbeox0ML/L: Oxygen, SBE 43 [ml/l]
# name 10 = timeJ: Julian Days
# name 11 = flag:  0.000e+00
# span 0 =      6.533,     76.274                 
# span 1 =     7.6530,     8.0124                 
# span 2 =    33.9162,    34.5482                 
# span 3 =    26.4721,    26.9373                 
# span 4 = 1.7094e-01, 4.2735e-01                 
# span 5 =     0.1200,     0.1566                 
# span 6 =      0.593,      3.348                 
# span 7 =    1479.93,    1482.88                 
# span 8 =     84.655,     92.134                 
# span 9 =     5.6695,     6.1196                 
# span 10 =   9.692917,   9.694634                
# span 11 = 0.0000e+00, 0.0000e+00                
# interval = seconds: 0.0416667
# start_time = Jan 09 2019 16:37:48 [System UpLoad Time]
# bad_flag = -9.990e-29
*END*
      6.533     7.6639    33.9167    26.4721 1.9536e-01     0.1493      0.593    1479.96     84.655     5.6695   9.692917  0.000e+00
      6.572     7.6639    33.9172    26.4725 1.9536e-01     0.1493      0.597    1479.97     84.717     5.6736   9.692917  0.000e+00
      6.628     7.6642    33.9174    26.4726 1.9536e-01     0.1530      0.615    1479.97     84.848     5.6823   9.692918  0.000e+00
      6.654     7.6644    33.9169    26.4722 1.8315e-01     0.1530      0.637    1479.97     84.930     5.6878   9.692918  0.000e+00
      6.678     7.6637    33.9178    26.4730 1.9536e-01     0.1530      0.634    1479.97     85.018     5.6938   9.692919  0.000e+00
      6.746     7.6642    33.9174    26.4727 1.9536e-01     0.1530      0.663    1479.97     85.174     5.7042   9.692919  0.000e+00
      6.774     7.6641    33.9176    26.4728 1.9536e-01     0.1530      0.736    1479.97     85.280     5.7113   9.692920  0.000e+00
      6.806     7.6636    33.9173    26.4726 1.8315e-01     0.1530      0.912    1479.97     85.453     5.7230   9.692920  0.000e+00
      6.858     7.6636    33.9168    26.4722 1.9536e-01     0.1530      1.242    1479.97     85.576     5.7312   9.692921  0.000e+00
      6.902     7.6636    33.9176    26.4729 1.9536e-01     0.1517      1.604    1479.97     85.765     5.7438   9.692921  0.000e+00
      6.941     7.6631    33.9189    26.4740 1.9536e-01     0.1505      1.751    1479.97     85.963     5.7571   9.692921  0.000e+00
      6.965     7.6619    33.9190    26.4743 1.9536e-01     0.1493      1.700    1479.97     86.111     5.7672   9.692922  0.000e+00
      7.010     7.6598    33.9184    26.4740 2.0757e-01     0.1493      1.495    1479.96     86.261     5.7775   9.692922  0.000e+00
      7.073     7.6577    33.9178    26.4739 2.0757e-01     0.1493      1.388    1479.95     86.413     5.7880   9.692923  0.000e+00
      7.106     7.6565    33.9168    26.4733 2.1978e-01     0.1481      1.352    1479.94     86.628     5.8026   9.692923  0.000e+00
      7.145     7.6551    33.9175    26.4741 2.3199e-01     0.1493      1.458    1479.94     86.791     5.8137   9.692924  0.000e+00
      7.177     7.6541    33.9173    26.4740 2.1978e-01     0.1481      1.425    1479.94     87.015     5.8288   9.692924  0.000e+00
      7.229     7.6536    33.9166    26.4736 2.0757e-01     0.1481      1.505    1479.94     87.125     5.8363   9.692925  0.000e+00
      7.260     7.6532    33.9162    26.4733 2.0757e-01     0.1469      1.623    1479.93     87.288     5.8473   9.692925  0.000e+00
      7.287     7.6530    33.9163    26.4734 1.9536e-01     0.1493      1.516    1479.93     87.452     5.8583   9.692926  0.000e+00
      7.324     7.6531    33.9162    26.4733 1.9536e-01     0.1493      1.348    1479.93     87.677     5.8733   9.692926  0.000e+00
      7.428     7.6532    33.9170    26.4739 1.9536e-01     0.1505      1.231    1479.94     87.847     5.8847   9.692927  0.000e+00
      7.407     7.6532    33.9168    26.4738 2.0757e-01     0.1530      1.333    1479.94     88.015     5.8960   9.692927  0.000e+00
      7.464     7.6531    33.9168    26.4737 2.1978e-01     0.1542      1.333    1479.94     88.244     5.9113   9.692928  0.000e+00
      7.503     7.6543    33.9170    26.4737 2.0757e-01     0.1542      1.476    1479.94     88.416     5.9227   9.692928  0.000e+00
      7.535     7.6574    33.9173    26.4736 1.9536e-01     0.1542      1.571    1479.96     88.585     5.9336   9.692929  0.000e+00
      7.598     7.6600    33.9180    26.4737 1.9536e-01     0.1542      1.476    1479.97     88.752     5.9443   9.692929  0.000e+00
      7.619     7.6612    33.9194    26.4747 1.9536e-01     0.1566      1.747    1479.97     88.915     5.9551   9.692930  0.000e+00
      7.682     7.6613    33.9203    26.4753 1.9536e-01     0.1566      2.484    1479.98     89.076     5.9658   9.692930  0.000e+00
      7.715     7.6606    33.9206    26.4757 1.9536e-01     0.1554      2.934    1479.98     89.233     5.9764   9.692931  0.000e+00
      7.754     7.6604    33.9205    26.4756 1.9536e-01     0.1530      2.641    1479.98     89.448     5.9908   9.692931  0.000e+00
      7.786     7.6601    33.9209    26.4760 1.9536e-01     0.1554      2.553    1479.98     89.542     5.9972   9.692932  0.000e+00
      7.838     7.6603    33.9208    26.4759 1.8315e-01     0.1566      2.311    1479.98     89.687     6.0068   9.692932  0.000e+00
      7.870     7.6609    33.9204    26.4755 1.9536e-01     0.1554      2.062    1479.98     89.826     6.0161   9.692933  0.000e+00
      7.917     7.6617    33.9207    26.4756 1.9536e-01     0.1517      1.886    1479.98     89.960     6.0249   9.692933  0.000e+00
      7.945     7.6619    33.9214    26.4761 1.9536e-01     0.1517      1.839    1479.99     90.088     6.0335   9.692934  0.000e+00
      7.988     7.6612    33.9214    26.4762 1.9536e-01     0.1530      1.879    1479.98     90.211     6.0418   9.692934  0.000e+00
      8.005     7.6601    33.9214    26.4764 1.9536e-01     0.1542      1.612    1479.98     90.328     6.0498   9.692935  0.000e+00
      8.061     7.6596    33.9211    26.4762 1.9536e-01     0.1530      1.297    1479.98     90.439     6.0573   9.692935  0.000e+00
      8.100     7.6609    33.9205    26.4755 1.9536e-01     0.1530      1.081    1479.98     90.481     6.0600   9.692935  0.000e+00
      8.133     7.6623    33.9206    26.4754 1.8315e-01     0.1517      0.956    1479.99     90.632     6.0699   9.692936  0.000e+00
      8.173     7.6641    33.9216    26.4759 1.8315e-01     0.1505      0.971    1480.00     90.722     6.0756   9.692936  0.000e+00
      8.204     7.6651    33.9216    26.4758 1.9536e-01     0.1493      1.004    1480.00     90.743     6.0768   9.692937  0.000e+00
      8.233     7.6644    33.9223    26.4765 1.9536e-01     0.1493      1.051    1480.00     90.810     6.0814   9.692937  0.000e+00
      8.275     7.6631    33.9223    26.4766 1.9536e-01     0.1481      1.055    1480.00     90.870     6.0856   9.692938  0.000e+00
      8.324     7.6621    33.9215    26.4762 1.9536e-01     0.1493      0.967    1479.99     90.923     6.0893   9.692938  0.000e+00
      8.340     7.6611    33.9219    26.4766 2.0757e-01     0.1493      0.897    1479.99     90.904     6.0882   9.692939  0.000e+00
      8.371     7.6606    33.9218    26.4766 2.0757e-01     0.1505      0.835    1479.99     90.870     6.0860   9.692939  0.000e+00
      8.411     7.6607    33.9217    26.4765 1.9536e-01     0.1493      0.795    1479.99     90.944     6.0909   9.692940  0.000e+00
      8.443     7.6617    33.9215    26.4762 1.9536e-01     0.1493      0.923    1479.99     90.892     6.0873   9.692940  0.000e+00
      8.460     7.6618    33.9226    26.4771 1.9536e-01     0.1493      1.106    1480.00     90.831     6.0832   9.692941  0.000e+00
      8.515     7.6617    33.9229    26.4773 1.9536e-01     0.1493      1.154    1480.00     90.832     6.0832   9.692941  0.000e+00
      8.550     7.6604    33.9235    26.4780 1.9536e-01     0.1469      1.205    1479.99     90.709     6.0751   9.692942  0.000e+00
      8.567     7.6599    33.9240    26.4785 2.1978e-01     0.1456      1.190    1479.99     90.693     6.0741   9.692942  0.000e+00
      8.610     7.6601    33.9252    26.4794 2.1978e-01     0.1456      1.158    1479.99     90.685     6.0735   9.692943  0.000e+00
      8.626     7.6612    33.9254    26.4793 2.0757e-01     0.1456      1.015    1480.00     90.676     6.0728   9.692943  0.000e+00
      8.670     7.6615    33.9268    26.4804 2.0757e-01     0.1444      0.872    1480.00     90.614     6.0685   9.692944  0.000e+00
      8.681     7.6622    33.9272    26.4806 2.0757e-01     0.1469      0.795    1480.01     90.545     6.0638   9.692944  0.000e+00
      8.722     7.6621    33.9274    26.4808 2.0757e-01     0.1505      0.894    1480.01     90.539     6.0634   9.692945  0.000e+00
      8.741     7.6615    33.9274    26.4809 2.0757e-01     0.1517      1.051    1480.00     90.480     6.0595   9.692945  0.000e+00
      8.771     7.6619    33.9271    26.4806 1.9536e-01     0.1530      1.007    1480.01     90.477     6.0593   9.692946  0.000e+00
      8.790     7.6620    33.9279    26.4812 1.9536e-01     0.1530      0.883    1480.01     90.415     6.0551   9.692946  0.000e+00
      8.826     7.6626    33.9278    26.4810 1.9536e-01     0.1530      0.784    1480.01     90.347     6.0504   9.692947  0.000e+00
      8.853     7.6638    33.9278    26.4808 2.0757e-01     0.1542      0.736    1480.02     90.282     6.0459   9.692947  0.000e+00
      8.886     7.6644    33.9285    26.4813 2.0757e-01     0.1554      0.733    1480.02     90.274     6.0453   9.692948  0.000e+00
      8.908     7.6649    33.9291    26.4817 2.0757e-01     0.1530      0.744    1480.02     90.215     6.0413   9.692948  0.000e+00
      8.937     7.6645    33.9289    26.4816 2.0757e-01     0.1505      0.725    1480.02     90.146     6.0367   9.692948  0.000e+00
      8.968     7.6644    33.9284    26.4813 1.9536e-01     0.1517      0.689    1480.02     90.134     6.0359   9.692949  0.000e+00
      8.997     7.6646    33.9290    26.4817 1.9536e-01     0.1517      0.652    1480.02     90.064     6.0312   9.692949  0.000e+00
      9.017     7.6657    33.9294    26.4819 1.9536e-01     0.1505      0.630    1480.03     89.998     6.0266   9.692950  0.000e+00
      9.041     7.6668    33.9296    26.4818 1.9536e-01     0.1505      0.619    1480.03     89.930     6.0219   9.692950  0.000e+00
      9.069     7.6665    33.9293    26.4817 2.0757e-01     0.1517      0.615    1480.03     89.859     6.0172   9.692951  0.000e+00
      9.099     7.6660    33.9293    26.4817 1.9536e-01     0.1517      0.615    1480.03     89.794     6.0129   9.692951  0.000e+00
      9.112     7.6662    33.9291    26.4815 1.9536e-01     0.1505      0.612    1480.03     89.727     6.0084   9.692952  0.000e+00
      9.153     7.6662    33.9292    26.4816 1.9536e-01     0.1505      0.615    1480.03     89.659     6.0038   9.692952  0.000e+00
      9.159     7.6660    33.9297    26.4820 1.9536e-01     0.1517      0.637    1480.03     89.652     6.0033   9.692953  0.000e+00
      9.195     7.6653    33.9296    26.4820 1.9536e-01     0.1530      0.656    1480.03     89.590     5.9993   9.692953  0.000e+00
      9.224     7.6641    33.9293    26.4820 1.9536e-01     0.1505      0.648    1480.02     89.527     5.9952   9.692954  0.000e+00
      9.243     7.6636    33.9295    26.4822 1.9536e-01     0.1505      0.637    1480.02     89.463     5.9911   9.692954  0.000e+00
      9.279     7.6628    33.9294    26.4823 1.9536e-01     0.1493      0.641    1480.02     89.408     5.9874   9.692955  0.000e+00
      9.308     7.6625    33.9289    26.4820 1.9536e-01     0.1505      0.674    1480.02     89.345     5.9833   9.692955  0.000e+00
      9.328     7.6615    33.9295    26.4825 1.9536e-01     0.1505      0.670    1480.02     89.283     5.9792   9.692956  0.000e+00
      9.350     7.6611    33.9296    26.4826 1.9536e-01     0.1505      0.659    1480.02     89.221     5.9752   9.692956  0.000e+00
      9.368     7.6615    33.9291    26.4822 1.9536e-01     0.1493      0.663    1480.02     89.161     5.9711   9.692957  0.000e+00
      9.399     7.6625    33.9293    26.4822 1.9536e-01     0.1517      0.667    1480.02     89.102     5.9670   9.692957  0.000e+00
      9.423     7.6636    33.9294    26.4822 1.9536e-01     0.1517      0.667    1480.03     89.045     5.9631   9.692958  0.000e+00
      9.452     7.6639    33.9298    26.4825 1.9536e-01     0.1530      0.667    1480.03     88.991     5.9594   9.692958  0.000e+00
      9.470     7.6654    33.9293    26.4818 1.9536e-01     0.1530      0.656    1480.03     88.938     5.9557   9.692959  0.000e+00
      9.506     7.6673    33.9295    26.4817 1.9536e-01     0.1530      0.648    1480.04     88.881     5.9516   9.692959  0.000e+00
      9.535     7.6687    33.9300    26.4819 1.9536e-01     0.1517      0.637    1480.05     88.834     5.9482   9.692960  0.000e+00
      9.541     7.6691    33.9303    26.4821 1.9536e-01     0.1517      0.634    1480.05     88.790     5.9452   9.692960  0.000e+00
      9.590     7.6692    33.9305    26.4822 2.0757e-01     0.1505      0.645    1480.05     88.743     5.9420   9.692961  0.000e+00
      9.559     7.6691    33.9305    26.4822 2.1978e-01     0.1505      0.685    1480.05     88.699     5.9391   9.692961  0.000e+00
      9.674     7.6692    33.9304    26.4822 2.0757e-01     0.1517      0.696    1480.05     88.598     5.9323   9.692962  0.000e+00
      9.650     7.6692    33.9301    26.4819 2.0757e-01     0.1517      0.700    1480.05     88.616     5.9336   9.692962  0.000e+00
      9.697     7.6695    33.9298    26.4816 2.0757e-01     0.1505      0.674    1480.05     88.578     5.9310   9.692962  0.000e+00
      9.703     7.6703    33.9299    26.4816 2.0757e-01     0.1493      0.656    1480.06     88.537     5.9281   9.692963  0.000e+00
      9.733     7.6703    33.9309    26.4824 1.9536e-01     0.1493      0.692    1480.06     88.507     5.9261   9.692963  0.000e+00
      9.757     7.6703    33.9308    26.4823 2.0757e-01     0.1505      0.725    1480.06     88.414     5.9198   9.692964  0.000e+00
      9.799     7.6702    33.9304    26.4820 1.9536e-01     0.1481      0.784    1480.06     88.435     5.9213   9.692964  0.000e+00
      9.828     7.6702    33.9307    26.4822 1.9536e-01     0.1481      0.927    1480.06     88.345     5.9152   9.692965  0.000e+00
      9.852     7.6703    33.9310    26.4824 1.9536e-01     0.1481      1.037    1480.06     88.299     5.9121   9.692965  0.000e+00
      9.888     7.6700    33.9314    26.4828 1.9536e-01     0.1493      1.132    1480.06     88.259     5.9095   9.692966  0.000e+00
      9.895     7.6705    33.9317    26.4830 2.0757e-01     0.1493      1.059    1480.06     88.225     5.9071   9.692966  0.000e+00
      9.937     7.6727    33.9320    26.4829 2.0757e-01     0.1505      0.982    1480.07     88.197     5.9049   9.692967  0.000e+00
      9.972     7.6731    33.9342    26.4846 2.0757e-01     0.1493      1.033    1480.08     88.168     5.9028   9.692967  0.000e+00
      9.997     7.6724    33.9336    26.4842 2.0757e-01     0.1481      0.960    1480.07     88.137     5.9009   9.692968  0.000e+00
     10.026     7.6737    33.9325    26.4832 1.9536e-01     0.1469      0.835    1480.08     88.113     5.8992   9.692968  0.000e+00
     10.068     7.6774    33.9338    26.4836 1.9536e-01     0.1456      0.751    1480.09     88.088     5.8969   9.692969  0.000e+00
     10.103     7.6776    33.9366    26.4858 1.8315e-01     0.1456      0.740    1480.10     88.069     5.8956   9.692969  0.000e+00
     10.116     7.6803    33.9365    26.4853 1.8315e-01     0.1456      0.725    1480.11     88.050     5.8939   9.692970  0.000e+00
     10.157     7.6863    33.9395    26.4868 1.9536e-01     0.1444      0.696    1480.14     88.030     5.8916   9.692970  0.000e+00
     10.188     7.6922    33.9436    26.4892 1.9536e-01     0.1444      0.670    1480.17     88.009     5.8893   9.692971  0.000e+00
     10.223     7.6966    33.9477    26.4918 1.9536e-01     0.1456      0.656    1480.19     87.995     5.8877   9.692971  0.000e+00
     10.259     7.6994    33.9501    26.4933 1.9536e-01     0.1505      0.637    1480.20     87.982     5.8863   9.692972  0.000e+00
     10.301     7.7027    33.9512    26.4936 1.9536e-01     0.1517      0.623    1480.22     87.968     5.8849   9.692972  0.000e+00
     10.319     7.7052    33.9527    26.4944 1.8315e-01     0.1517      0.619    1480.23     87.961     5.8840   9.692973  0.000e+00
     10.379     7.7064    33.9541    26.4954 1.8315e-01     0.1530      0.641    1480.24     87.954     5.8834   9.692973  0.000e+00
     10.379     7.7058    33.9540    26.4954 1.9536e-01     0.1481      0.718    1480.23     87.947     5.8830   9.692974  0.000e+00
     10.408     7.7046    33.9530    26.4948 1.9536e-01     0.1444      0.857    1480.23     87.941     5.8827   9.692974  0.000e+00
