RAWDATA/20190107/VT65_20190110_down.cnv
* Sea-Bird SBE 9 Data File:
* FileName = C:\CTD Brukere\NIVA\OKOKYST2019\20190107\VT65_20190110.hex
* Software Version Seasave V 7.23.2
* Temperature SN = 5352
* Conductivity SN = 3840
* Number of Bytes Per Scan = 28
* Number of Voltage Words = 4
* Number of Scans Averaged by the Deck Unit = 1
* NMEA baud rate = 4800
** Ship: R/V Trygve Braarud
** Cruise:
** Station:
** Operator:
# nquan = 12
# nvalues = 16743                                 
# units = specified
# name 0 = depSM: Depth [salt water, m], lat = 59.60
# name 1 = t090C: Temperature [ITS-90, deg C]
# name 2 = sal00: Salinity, Practical [PSU]
# name 3 = sigma-t00: Density [sigma-t, kg/m^3 ]
# name 4 = flSP: Fluorescence, Seapoint
# name 5 = wetStar: Fluorescence, WET Labs WETstar [mg/m^3]
# name 6 = seaTurbMtr: Turbidity, Seapoint [FTU]
# name 7 = svCM: Sound Velocity [Chen-Millero, m/s]
# name 8 = sbeox0PS: Oxygen, SBE 43 [% saturation]
# name 9 = sbeox0ML/L: Oxygen, SBE 43 [ml/l]
# name 10 = timeJ: Julian Days
# name 11 = flag:  0.000e+00
# span 0 =     -0.039,    349.751                 
# span 1 =     6.4642,     8.5815                 
# span 2 =    31.9930,    34.9158                 
# span 3 =    25.1053,    27.3665                 
# span 4 = 1.2210e-01, 4.2735e-01                 
# span 5 =     0.1200,     0.3044                 
# span 6 =      0.487,     15.000                 
# span 7 =    1472.89,    1485.90                 
# span 8 =     70.623,     89.482                 
# span 9 =     4.7817,     6.0858                 
# span 10 =  10.666308,  10.674382                
# span 11 = 0.0000e+00, 0.0000e+00                
# interval = seconds: 0.0416667
# start_time = Jan 10 2019 15:59:29 [System UpLoad Time]
# bad_flag = -9.990e-29
*END*
[from data line 15880]
    335.121     6.9119    34.9152    27.3643 1.3431e-01     0.1212      0.608    1483.77     72.037     4.8758  10.673966  0.000e+00
    335.159     6.9121    34.9149    27.3640 1.3431e-01     0.1200      0.601    1483.77     72.045     4.8763  10.673967  0.000e+00
    335.172     6.9121    34.9149    27.3640 1.3431e-01     0.1200      0.593    1483.77     72.051     4.8768  10.673967  0.000e+00
    335.184     6.9117    34.9150    27.3641 1.3431e-01     0.1200      0.597    1483.77     72.058     4.8773  10.673967  0.000e+00
    335.222     6.9121    34.9147    27.3638 1.3431e-01     0.1200      0.593    1483.77     72.064     4.8776  10.673968  0.000e+00
    335.234     6.9119    34.9150    27.3641 1.3431e-01     0.1200      0.590    1483.77     72.005     4.8736  10.673968  0.000e+00
    335.259     6.9117    34.9154    27.3644 1.3431e-01     0.1212      0.582    1483.77     71.993     4.8729  10.673969  0.000e+00
    335.272     6.9119    34.9150    27.3641 1.3431e-01     0.1224      0.579    1483.78     72.047     4.8765  10.673969  0.000e+00
    335.310     6.9122    34.9146    27.3637 1.3431e-01     0.1224      0.575    1483.78     71.987     4.8724  10.673970  0.000e+00
    335.322     6.9117    34.9152    27.3642 1.3431e-01     0.1224      0.575    1483.78     71.983     4.8722  10.673970  0.000e+00
    335.347     6.9119    34.9147    27.3639 1.3431e-01     0.1212      0.575    1483.78     71.979     4.8719  10.673971  0.000e+00
    335.372     6.9121    34.9146    27.3638 1.3431e-01     0.1237      0.575    1483.78     71.976     4.8717  10.673971  0.000e+00
    335.385     6.9119    34.9144    27.3637 1.3431e-01     0.1249      0.579    1483.78     71.972     4.8714  10.673972  0.000e+00
    335.410     6.9115    34.9148    27.3640 1.3431e-01     0.1249      0.582    1483.78     71.968     4.8712  10.673972  0.000e+00
    335.435     6.9114    34.9151    27.3642 1.3431e-01     0.1237      0.579    1483.78     71.956     4.8704  10.673973  0.000e+00
    335.460     6.9117    34.9145    27.3637 1.3431e-01     0.1212      0.579    1483.78     71.952     4.8701  10.673973  0.000e+00
    335.485     6.9114    34.9147    27.3639 1.3431e-01     0.1200      0.586    1483.78     71.948     4.8699  10.673974  0.000e+00
    335.510     6.9112    34.9148    27.3641 1.3431e-01     0.1224      0.601    1483.78     72.009     4.8740  10.673974  0.000e+00
    335.523     6.9112    34.9147    27.3640 1.3431e-01     0.1249      0.634    1483.78     71.948     4.8699  10.673975  0.000e+00
    335.562     6.9111    34.9149    27.3641 1.3431e-01     0.1261      0.656    1483.78     71.944     4.8696  10.673975  0.000e+00
    335.573     6.9111    34.9150    27.3642 1.3431e-01     0.1261      0.641    1483.78     71.940     4.8693  10.673976  0.000e+00
    335.612     6.9111    34.9150    27.3642 1.3431e-01     0.1261      0.630    1483.78     71.935     4.8690  10.673976  0.000e+00
    335.623     6.9112    34.9150    27.3642 1.3431e-01     0.1249      0.630    1483.78     71.931     4.8687  10.673977  0.000e+00
    335.648     6.9114    34.9147    27.3639 1.3431e-01     0.1249      0.623    1483.78     71.992     4.8728  10.673977  0.000e+00
    335.662     6.9112    34.9150    27.3642 1.3431e-01     0.1249      0.619    1483.78     71.995     4.8731  10.673978  0.000e+00
    335.700     6.9115    34.9148    27.3640 1.3431e-01     0.1261      0.615    1483.78     71.934     4.8689  10.673978  0.000e+00
    335.725     6.9114    34.9151    27.3643 1.3431e-01     0.1261      0.623    1483.78     71.929     4.8685  10.673979  0.000e+00
    335.736     6.9117    34.9147    27.3639 1.3431e-01     0.1224      0.678    1483.78     71.989     4.8726  10.673979  0.000e+00
    335.775     6.9117    34.9148    27.3640 1.3431e-01     0.1200      0.755    1483.78     71.927     4.8684  10.673980  0.000e+00
    335.800     6.9115    34.9151    27.3642 1.3431e-01     0.1200      0.821    1483.78     71.922     4.8680  10.673980  0.000e+00
    335.825     6.9117    34.9145    27.3637 1.3431e-01     0.1200      0.824    1483.78     71.916     4.8677  10.673981  0.000e+00
    335.838     6.9117    34.9148    27.3639 1.3431e-01     0.1200      0.788    1483.78     71.911     4.8673  10.673981  0.000e+00
    335.874     6.9117    34.9151    27.3642 1.3431e-01     0.1200      0.740    1483.78     71.905     4.8669  10.673981  0.000e+00
    335.888     6.9119    34.9145    27.3637 1.3431e-01     0.1200      0.696    1483.78     71.900     4.8666  10.673982  0.000e+00
    335.926     6.9117    34.9147    27.3639 1.3431e-01     0.1200      0.663    1483.78     71.895     4.8662  10.673982  0.000e+00
    335.938     6.9115    34.9152    27.3643 1.3431e-01     0.1212      0.645    1483.79     71.954     4.8703  10.673983  0.000e+00
    335.976     6.9117    34.9149    27.3640 1.3431e-01     0.1224      0.634    1483.79     71.892     4.8660  10.673983  0.000e+00
    335.976     6.9117    34.9148    27.3640 1.3431e-01     0.1249      0.623    1483.79     71.886     4.8656  10.673984  0.000e+00
    336.014     6.9115    34.9144    27.3637 1.3431e-01     0.1273      0.608    1483.79     71.881     4.8653  10.673984  0.000e+00
    336.033     6.9111    34.9145    27.3638 1.3431e-01     0.1261      0.593    1483.78     71.875     4.8650  10.673985  0.000e+00
    336.064     6.9108    34.9144    27.3638 1.3431e-01     0.1249      0.579    1483.78     71.869     4.8646  10.673985  0.000e+00
    336.089     6.9106    34.9141    27.3636 1.3431e-01     0.1249      0.586    1483.78     71.864     4.8643  10.673986  0.000e+00
    336.114     6.9097    34.9151    27.3645 1.3431e-01     0.1237      0.597    1483.78     71.858     4.8640  10.673986  0.000e+00
    336.126     6.9095    34.9150    27.3644 1.3431e-01     0.1249      0.601    1483.78     71.861     4.8642  10.673987  0.000e+00
    336.177     6.9092    34.9147    27.3642 1.3431e-01     0.1237      0.604    1483.78     71.865     4.8645  10.673987  0.000e+00
    336.177     6.9092    34.9147    27.3643 1.3431e-01     0.1249      0.601    1483.78     71.868     4.8647  10.673988  0.000e+00
    336.214     6.9092    34.9148    27.3644 1.3431e-01     0.1224      0.593    1483.78     71.872     4.8650  10.673988  0.000e+00
    336.239     6.9090    34.9147    27.3643 1.3431e-01     0.1224      0.590    1483.78     71.877     4.8653  10.673989  0.000e+00
    336.252     6.9092    34.9147    27.3642 1.3431e-01     0.1224      0.590    1483.78     71.816     4.8612  10.673989  0.000e+00
    336.277     6.9089    34.9151    27.3646 1.3431e-01     0.1200      0.601    1483.78     71.813     4.8610  10.673990  0.000e+00
    336.302     6.9090    34.9147    27.3642 1.3431e-01     0.1200      0.615    1483.78     71.811     4.8609  10.673990  0.000e+00
    336.327     6.9089    34.9148    27.3643 1.3431e-01     0.1200      0.612    1483.78     71.810     4.8608  10.673991  0.000e+00
    336.359     6.9089    34.9149    27.3644 1.3431e-01     0.1224      0.597    1483.78     71.809     4.8607  10.673991  0.000e+00
    336.379     6.9089    34.9145    27.3641 1.3431e-01     0.1224      0.586    1483.78     71.809     4.8607  10.673992  0.000e+00
    336.390     6.9087    34.9147    27.3643 1.3431e-01     0.1212      0.582    1483.78     71.801     4.8602  10.673992  0.000e+00
    336.429     6.9087    34.9151    27.3646 1.3431e-01     0.1224      0.590    1483.78     71.793     4.8596  10.673993  0.000e+00
    336.454     6.9083    34.9158    27.3652 1.3431e-01     0.1224      0.601    1483.78     71.794     4.8598  10.673993  0.000e+00
    336.465     6.9087    34.9150    27.3645 1.3431e-01     0.1212      0.608    1483.78     71.787     4.8593  10.673994  0.000e+00
    336.503     6.9089    34.9147    27.3643 1.3431e-01     0.1212      0.626    1483.78     71.781     4.8588  10.673994  0.000e+00
    336.528     6.9089    34.9149    27.3644 1.3431e-01     0.1212      0.634    1483.78     71.775     4.8584  10.673995  0.000e+00
    336.542     6.9087    34.9149    27.3644 1.3431e-01     0.1224      0.626    1483.78     71.769     4.8580  10.673995  0.000e+00
    336.542     6.9087    34.9148    27.3644 1.3431e-01     0.1237      0.608    1483.78     71.698     4.8533  10.673995  0.000e+00
    336.635     6.9087    34.9148    27.3643 1.3431e-01     0.1249      0.601    1483.79     71.751     4.8568  10.673996  0.000e+00
    336.617     6.9087    34.9149    27.3645 1.3431e-01     0.1261      0.593    1483.79     71.747     4.8565  10.673996  0.000e+00
    336.642     6.9087    34.9148    27.3643 1.3431e-01     0.1249      0.590    1483.79     71.677     4.8518  10.673997  0.000e+00
    336.667     6.9085    34.9151    27.3646 1.3431e-01     0.1237      0.593    1483.79     71.731     4.8555  10.673997  0.000e+00
    336.705     6.9085    34.9149    27.3645 1.3431e-01     0.1237      0.601    1483.79     71.672     4.8515  10.673998  0.000e+00
    336.716     6.9089    34.9150    27.3645 1.3431e-01     0.1237      0.604    1483.79     71.726     4.8551  10.673998  0.000e+00
    336.743     6.9084    34.9152    27.3647 1.3431e-01     0.1249      0.612    1483.79     71.660     4.8507  10.673999  0.000e+00
    336.755     6.9087    34.9149    27.3645 1.3431e-01     0.1261      0.619    1483.79     71.651     4.8500  10.673999  0.000e+00
    336.811     6.9087    34.9147    27.3643 1.3431e-01     0.1237      0.626    1483.79     71.642     4.8495  10.674000  0.000e+00
    336.818     6.9087    34.9147    27.3643 1.3431e-01     0.1237      0.630    1483.79     71.634     4.8489  10.674000  0.000e+00
    336.843     6.9084    34.9152    27.3647 1.3431e-01     0.1261      0.626    1483.79     71.636     4.8491  10.674001  0.000e+00
    336.868     6.9087    34.9144    27.3641 1.3431e-01     0.1249      0.615    1483.79     71.639     4.8492  10.674001  0.000e+00
    336.893     6.9084    34.9147    27.3644 1.3431e-01     0.1249      0.626    1483.79     71.634     4.8489  10.674002  0.000e+00
    336.918     6.9082    34.9151    27.3647 1.3431e-01     0.1249      0.630    1483.79     71.629     4.8486  10.674002  0.000e+00
    336.931     6.9082    34.9153    27.3649 1.3431e-01     0.1237      0.615    1483.79     71.634     4.8490  10.674003  0.000e+00
    336.963     6.9084    34.9150    27.3646 1.3431e-01     0.1237      0.601    1483.79     71.632     4.8488  10.674003  0.000e+00
    336.994     6.9082    34.9153    27.3648 1.3431e-01     0.1249      0.615    1483.79     71.630     4.8487  10.674004  0.000e+00
    337.019     6.9084    34.9149    27.3645 1.3431e-01     0.1261      0.652    1483.79     71.629     4.8486  10.674004  0.000e+00
    337.031     6.9084    34.9151    27.3646 1.3431e-01     0.1285      0.681    1483.79     71.628     4.8485  10.674005  0.000e+00
    337.069     6.9084    34.9146    27.3643 1.3431e-01     0.1285      0.674    1483.79     71.629     4.8486  10.674005  0.000e+00
    337.094     6.9085    34.9145    27.3642 1.3431e-01     0.1298      0.656    1483.79     71.630     4.8486  10.674006  0.000e+00
    337.101     6.9084    34.9148    27.3645 1.3431e-01     0.1285      0.648    1483.79     71.631     4.8487  10.674006  0.000e+00
    337.144     6.9082    34.9149    27.3645 1.3431e-01     0.1261      0.648    1483.79     71.708     4.8539  10.674007  0.000e+00
    337.157     6.9083    34.9151    27.3646 1.3431e-01     0.1261      0.637    1483.79     71.654     4.8503  10.674007  0.000e+00
    337.182     6.9082    34.9151    27.3647 1.3431e-01     0.1249      0.623    1483.79     71.657     4.8505  10.674008  0.000e+00
    337.207     6.9085    34.9146    27.3643 1.3431e-01     0.1249      0.615    1483.79     71.662     4.8508  10.674008  0.000e+00
    337.232     6.9085    34.9146    27.3643 1.3431e-01     0.1273      0.608    1483.79     71.667     4.8512  10.674008  0.000e+00
    337.264     6.9084    34.9150    27.3646 1.3431e-01     0.1285      0.601    1483.79     71.673     4.8516  10.674009  0.000e+00
    337.296     6.9085    34.9147    27.3643 1.3431e-01     0.1273      0.593    1483.80     71.745     4.8564  10.674009  0.000e+00
    337.309     6.9085    34.9146    27.3642 1.3431e-01     0.1249      0.590    1483.80     71.695     4.8530  10.674010  0.000e+00
    337.334     6.9084    34.9147    27.3644 1.3431e-01     0.1224      0.590    1483.80     71.767     4.8580  10.674010  0.000e+00
    337.359     6.9082    34.9154    27.3649 1.3431e-01     0.1224      0.593    1483.80     71.784     4.8591  10.674011  0.000e+00
    337.377     6.9085    34.9147    27.3643 1.3431e-01     0.1237      0.601    1483.80     71.800     4.8602  10.674011  0.000e+00
    337.395     6.9082    34.9150    27.3646 1.3431e-01     0.1237      0.604    1483.80     71.817     4.8613  10.674012  0.000e+00
    337.420     6.9082    34.9152    27.3647 1.3431e-01     0.1224      0.608    1483.80     71.834     4.8625  10.674012  0.000e+00
    337.459     6.9082    34.9149    27.3646 1.4652e-01     0.1212      0.608    1483.80     71.778     4.8587  10.674013  0.000e+00
    337.472     6.9084    34.9147    27.3643 1.3431e-01     0.1212      0.612    1483.80     71.779     4.8588  10.674013  0.000e+00
    337.515     6.9082    34.9148    27.3645 1.3431e-01     0.1212      0.601    1483.80     71.846     4.8633  10.674014  0.000e+00
    337.522     6.9082    34.9148    27.3645 1.3431e-01     0.1224      0.597    1483.80     71.855     4.8639  10.674014  0.000e+00
    337.533     6.9082    34.9148    27.3645 1.3431e-01     0.1237      0.586    1483.80     71.800     4.8602  10.674015  0.000e+00
    337.585     6.9082    34.9148    27.3645 1.3431e-01     0.1237      0.586    1483.80     71.867     4.8647  10.674015  0.000e+00
    337.610     6.9082    34.9148    27.3644 1.3431e-01     0.1237      0.593    1483.80     71.877     4.8654  10.674016  0.000e+00
    337.615     6.9080    34.9149    27.3646 1.3431e-01     0.1237      0.604    1483.80     71.887     4.8661  10.674016  0.000e+00
    337.635     6.9084    34.9146    27.3642 1.3431e-01     0.1224      0.615    1483.80     71.897     4.8667  10.674017  0.000e+00
    337.673     6.9082    34.9152    27.3647 1.3431e-01     0.1224      0.615    1483.80     71.907     4.8674  10.674017  0.000e+00
    337.685     6.9080    34.9148    27.3645 1.4652e-01     0.1237      0.612    1483.80     71.917     4.8681  10.674018  0.000e+00
    337.715     6.9082    34.9146    27.3643 1.3431e-01     0.1249      0.601    1483.80     71.927     4.8688  10.674018  0.000e+00
    337.735     6.9082    34.9152    27.3648 1.4652e-01     0.1237      0.593    1483.80     71.937     4.8694  10.674019  0.000e+00
    337.760     6.9084    34.9146    27.3643 1.4652e-01     0.1249      0.586    1483.80     71.938     4.8695  10.674019  0.000e+00
    337.773     6.9079    34.9150    27.3647 1.3431e-01     0.1285      0.586    1483.80     71.948     4.8702  10.674020  0.000e+00
    337.798     6.9082    34.9152    27.3647 1.3431e-01     0.1298      0.597    1483.80     71.957     4.8708  10.674020  0.000e+00
    337.828     6.9084    34.9143    27.3641 1.3431e-01     0.1285      0.612    1483.80     71.958     4.8709  10.674021  0.000e+00
    337.848     6.9082    34.9148    27.3645 1.3431e-01     0.1261      0.612    1483.80     71.967     4.8715  10.674021  0.000e+00
    337.873     6.9082    34.9150    27.3646 1.3431e-01     0.1249      0.612    1483.80     71.968     4.8716  10.674022  0.000e+00
    337.886     6.9082    34.9152    27.3648 1.3431e-01     0.1249      0.619    1483.80     71.977     4.8722  10.674022  0.000e+00
    337.916     6.9080    34.9153    27.3649 1.3431e-01     0.1237      0.623    1483.80     71.977     4.8722  10.674022  0.000e+00
    337.936     6.9082    34.9150    27.3646 1.3431e-01     0.1237      0.615    1483.81     71.912     4.8678  10.674023  0.000e+00
    337.961     6.9084    34.9148    27.3644 1.3431e-01     0.1249      0.608    1483.81     71.968     4.8716  10.674023  0.000e+00
