RAWDATA/20190107/VT65_20190110_down.cnv
* Sea-Bird SBE 9 Data File:
* FileName = C:\CTD Brukere\NIVA\OKOKYST2019\20190107\VT65_20190110.hex
* Software Version Seasave V 7.23.2
* Temperature SN = 5352
* Conductivity SN = 3840
* Number of Bytes Per Scan = 28
* Number of Voltage Words = 4
* Number of Scans Averaged by the Deck Unit = 1
* NMEA baud rate = 4800
** Ship: R/V Trygve Braarud
** Cruise:
** Station:
** Operator:
# nquan = 12
# nvalues = 16743                                 
# units = specified
# name 0 = depSM: Depth [salt water, m], lat = 59.60
# name 1 = t090C: Temperature [ITS-90, deg C]
# name 2 = sal00: Salinity, Practical [PSU]
# name 3 = sigma-t00: Density [sigma-t, kg/m^3 ]
# name 4 = flSP: Fluorescence, Seapoint
# name 5 = wetStar: Fluorescence, WET Labs WETstar [mg/m^3]
# name 6 = seaTurbMtr: Turbidity, Seapoint [FTU]
# name 7 = svCM: Sound Velocity [Chen-Millero, m/s]
# name 8 = sbeox0PS: Oxygen, SBE 43 [% saturation]
# name 9 = sbeox0ML/L: Oxygen, SBE 43 [ml/l]
# name 10 = timeJ: Julian Days
# name 11 = flag:  0.000e+00
# span 0 =     -0.039,    349.751                 
# span 1 =     6.4642,     8.5815                 
# span 2 =    31.9930,    34.9158                 
# span 3 =    25.1053,    27.3665                 
# span 4 = 1.2210e-01, 4.2735e-01                 
# span 5 =     0.1200,     0.3044                 
# span 6 =      0.487,     15.000                 
# span 7 =    1472.89,    1485.90                 
# span 8 =     70.623,     89.482                 
# span 9 =     4.7817,     6.0858                 
# span 10 =  10.666308,  10.674382                
# span 11 = 0.0000e+00, 0.0000e+00                
# interval = seconds: 0.0416667
# start_time = Jan 10 2019 15:59:29 [System UpLoad Time]
# bad_flag = -9.990e-29
*END*
[from data line 3730]
     58.081     8.2060    34.4663    26.8237 1.7094e-01     0.1200      0.597    1483.55     89.346     5.8898  10.668107  0.000e+00
     58.093     8.2062    34.4661    26.8236 1.9536e-01     0.1200      0.593    1483.55     89.353     5.8903  10.668107  0.000e+00
     58.098     8.2064    34.4662    26.8236 1.9536e-01     0.1200      0.593    1483.55     89.357     5.8905  10.668108  0.000e+00
     58.117     8.2065    34.4664    26.8237 1.8315e-01     0.1200      0.597    1483.56     89.367     5.8912  10.668108  0.000e+00
     58.109     8.2070    34.4665    26.8237 1.8315e-01     0.1212      0.601    1483.56     89.375     5.8916  10.668109  0.000e+00
     58.142     8.2073    34.4669    26.8240 1.8315e-01     0.1212      0.597    1483.56     89.374     5.8915  10.668109  0.000e+00
     58.133     8.2079    34.4670    26.8240 1.8315e-01     0.1200      0.597    1483.56     89.378     5.8917  10.668110  0.000e+00
     58.153     8.2088    34.4666    26.8235 1.8315e-01     0.1200      0.601    1483.56     89.443     5.8958  10.668110  0.000e+00
     58.146     8.2091    34.4658    26.8229 1.9536e-01     0.1200      0.608    1483.56     89.450     5.8963  10.668111  0.000e+00
     58.190     8.2085    34.4650    26.8223 1.9536e-01     0.1200      0.604    1483.56     89.456     5.8968  10.668111  0.000e+00
     58.177     8.2073    34.4654    26.8228 1.9536e-01     0.1200      0.604    1483.56     89.459     5.8972  10.668111  0.000e+00
     58.194     8.2070    34.4659    26.8232 1.8315e-01     0.1212      0.612    1483.56     89.461     5.8973  10.668112  0.000e+00
     58.202     8.2067    34.4657    26.8232 1.8315e-01     0.1212      0.615    1483.56     89.460     5.8973  10.668112  0.000e+00
     58.218     8.2067    34.4664    26.8237 1.8315e-01     0.1200      0.608    1483.56     89.457     5.8971  10.668113  0.000e+00
     58.226     8.2068    34.4663    26.8236 1.8315e-01     0.1200      0.601    1483.56     89.452     5.8967  10.668113  0.000e+00
     58.207     8.2067    34.4657    26.8232 1.7094e-01     0.1200      0.601    1483.56     89.445     5.8963  10.668114  0.000e+00
     58.298     8.2064    34.4664    26.8237 1.8315e-01     0.1200      0.601    1483.56     89.444     5.8962  10.668114  0.000e+00
     58.273     8.2067    34.4660    26.8234 1.7094e-01     0.1200      0.604    1483.56     89.433     5.8955  10.668115  0.000e+00
     58.278     8.2064    34.4659    26.8234 1.7094e-01     0.1200      0.615    1483.56     89.427     5.8951  10.668115  0.000e+00
     58.298     8.2060    34.4662    26.8236 1.7094e-01     0.1200      0.623    1483.56     89.482     5.8988  10.668116  0.000e+00
     58.303     8.2062    34.4663    26.8237 1.7094e-01     0.1200      0.623    1483.56     89.418     5.8945  10.668116  0.000e+00
     58.334     8.2064    34.4664    26.8238 1.7094e-01     0.1200      0.619    1483.56     89.406     5.8938  10.668117  0.000e+00
     58.334     8.2065    34.4665    26.8238 1.7094e-01     0.1200      0.615    1483.56     89.455     5.8970  10.668117  0.000e+00
     58.351     8.2065    34.4658    26.8233 1.7094e-01     0.1200      0.623    1483.56     89.447     5.8965  10.668118  0.000e+00
     58.371     8.2064    34.4661    26.8235 1.7094e-01     0.1200      0.619    1483.56     89.430     5.8953  10.668118  0.000e+00
     58.387     8.2062    34.4661    26.8235 1.7094e-01     0.1200      0.619    1483.56     89.417     5.8945  10.668119  0.000e+00
     58.394     8.2060    34.4659    26.8234 1.7094e-01     0.1200      0.623    1483.56     89.410     5.8941  10.668119  0.000e+00
     58.431     8.2060    34.4660    26.8235 1.5873e-01     0.1200      0.630    1483.56     89.402     5.8935  10.668120  0.000e+00
     58.434     8.2060    34.4664    26.8238 1.7094e-01     0.1200      0.634    1483.56     89.391     5.8928  10.668120  0.000e+00
     58.454     8.2060    34.4662    26.8237 1.7094e-01     0.1200      0.630    1483.56     89.379     5.8920  10.668121  0.000e+00
     58.472     8.2064    34.4666    26.8239 1.9536e-01     0.1212      0.619    1483.56     89.372     5.8915  10.668121  0.000e+00
     58.491     8.2067    34.4663    26.8236 2.0757e-01     0.1212      0.612    1483.56     89.364     5.8909  10.668122  0.000e+00
     58.514     8.2067    34.4662    26.8235 1.9536e-01     0.1200      0.604    1483.56     89.416     5.8944  10.668122  0.000e+00
     58.532     8.2067    34.4662    26.8235 1.8315e-01     0.1200      0.608    1483.56     89.350     5.8900  10.668123  0.000e+00
     58.551     8.2068    34.4665    26.8237 1.8315e-01     0.1200      0.612    1483.56     89.337     5.8891  10.668123  0.000e+00
     58.579     8.2072    34.4663    26.8236 1.8315e-01     0.1200      0.615    1483.57     89.330     5.8886  10.668124  0.000e+00
     58.587     8.2076    34.4661    26.8233 1.8315e-01     0.1200      0.615    1483.57     89.322     5.8880  10.668124  0.000e+00
     58.623     8.2076    34.4654    26.8228 1.7094e-01     0.1200      0.615    1483.57     89.313     5.8875  10.668125  0.000e+00
     58.639     8.2072    34.4658    26.8232 1.8315e-01     0.1200      0.612    1483.57     89.302     5.8868  10.668125  0.000e+00
     58.672     8.2067    34.4659    26.8233 1.8315e-01     0.1200      0.619    1483.56     89.291     5.8861  10.668125  0.000e+00
     58.688     8.2064    34.4657    26.8232 1.7094e-01     0.1200      0.619    1483.56     89.278     5.8853  10.668126  0.000e+00
     58.719     8.2062    34.4658    26.8233 1.8315e-01     0.1200      0.619    1483.56     89.264     5.8844  10.668126  0.000e+00
     58.732     8.2065    34.4658    26.8232 1.8315e-01     0.1200      0.615    1483.56     89.310     5.8874  10.668127  0.000e+00
     58.773     8.2065    34.4663    26.8237 1.8315e-01     0.1200      0.623    1483.57     89.308     5.8873  10.668127  0.000e+00
     58.792     8.2065    34.4660    26.8234 1.8315e-01     0.1200      0.619    1483.57     89.305     5.8870  10.668128  0.000e+00
     58.828     8.2063    34.4660    26.8235 1.8315e-01     0.1200      0.623    1483.57     89.308     5.8873  10.668128  0.000e+00
     58.844     8.2064    34.4664    26.8238 1.8315e-01     0.1200      0.626    1483.57     89.302     5.8869  10.668129  0.000e+00
     58.877     8.2064    34.4664    26.8237 1.7094e-01     0.1200      0.634    1483.57     89.296     5.8865  10.668129  0.000e+00
     58.904     8.2067    34.4660    26.8234 1.7094e-01     0.1200      0.626    1483.57     89.288     5.8859  10.668130  0.000e+00
     58.937     8.2067    34.4662    26.8235 1.7094e-01     0.1200      0.619    1483.57     89.286     5.8858  10.668130  0.000e+00
     58.948     8.2068    34.4659    26.8233 1.7094e-01     0.1200      0.619    1483.57     89.284     5.8856  10.668131  0.000e+00
     58.965     8.2072    34.4665    26.8237 1.7094e-01     0.1200      0.619    1483.57     89.280     5.8854  10.668131  0.000e+00
     59.008     8.2077    34.4660    26.8232 1.7094e-01     0.1224      0.619    1483.57     89.276     5.8850  10.668132  0.000e+00
     59.044     8.2085    34.4657    26.8229 1.8315e-01     0.1200      0.615    1483.58     89.271     5.8846  10.668132  0.000e+00
     59.062     8.2085    34.4651    26.8224 1.8315e-01     0.1200      0.604    1483.58     89.265     5.8842  10.668133  0.000e+00
     59.104     8.2080    34.4650    26.8224 1.7094e-01     0.1200      0.604    1483.58     89.259     5.8839  10.668133  0.000e+00
     59.117     8.2070    34.4656    26.8230 1.7094e-01     0.1200      0.604    1483.57     89.258     5.8839  10.668134  0.000e+00
     59.158     8.2070    34.4655    26.8230 1.7094e-01     0.1200      0.608    1483.57     89.258     5.8839  10.668134  0.000e+00
     59.189     8.2065    34.4657    26.8232 1.7094e-01     0.1200      0.608    1483.57     89.256     5.8839  10.668135  0.000e+00
     59.213     8.2065    34.4659    26.8233 1.7094e-01     0.1200      0.608    1483.57     89.254     5.8837  10.668135  0.000e+00
     59.267     8.2065    34.4657    26.8232 1.7094e-01     0.1200      0.612    1483.57     89.313     5.8876  10.668136  0.000e+00
     59.285     8.2062    34.4660    26.8234 1.5873e-01     0.1200      0.619    1483.57     89.255     5.8838  10.668136  0.000e+00
     59.309     8.2062    34.4656    26.8232 1.7094e-01     0.1200      0.623    1483.57     89.251     5.8836  10.668137  0.000e+00
     59.352     8.2064    34.4656    26.8231 1.7094e-01     0.1200      0.626    1483.57     89.246     5.8832  10.668137  0.000e+00
     59.382     8.2062    34.4661    26.8236 1.7094e-01     0.1200      0.626    1483.57     89.241     5.8829  10.668138  0.000e+00
     59.418     8.2064    34.4658    26.8233 1.7094e-01     0.1200      0.630    1483.58     89.235     5.8825  10.668138  0.000e+00
     59.443     8.2062    34.4661    26.8235 1.7094e-01     0.1200      0.630    1483.58     89.229     5.8821  10.668139  0.000e+00
     59.496     8.2065    34.4653    26.8228 1.7094e-01     0.1200      0.630    1483.58     89.222     5.8816  10.668139  0.000e+00
     59.514     8.2063    34.4656    26.8231 1.7094e-01     0.1200      0.619    1483.58     89.221     5.8816  10.668139  0.000e+00
     59.563     8.2062    34.4663    26.8237 1.7094e-01     0.1200      0.612    1483.58     89.214     5.8811  10.668140  0.000e+00
     59.579     8.2064    34.4658    26.8232 1.7094e-01     0.1200      0.604    1483.58     89.205     5.8805  10.668140  0.000e+00
     59.623     8.2064    34.4656    26.8231 1.7094e-01     0.1200      0.601    1483.58     89.203     5.8804  10.668141  0.000e+00
     59.659     8.2064    34.4656    26.8231 1.7094e-01     0.1200      0.601    1483.58     89.201     5.8803  10.668141  0.000e+00
     59.683     8.2064    34.4656    26.8231 1.7094e-01     0.1200      0.612    1483.58     89.199     5.8801  10.668142  0.000e+00
     59.713     8.2065    34.4656    26.8231 1.7094e-01     0.1200      0.623    1483.58     89.196     5.8799  10.668142  0.000e+00
     59.755     8.2063    34.4659    26.8234 1.7094e-01     0.1200      0.623    1483.58     89.193     5.8797  10.668143  0.000e+00
     59.791     8.2064    34.4656    26.8231 1.7094e-01     0.1200      0.615    1483.58     89.190     5.8795  10.668143  0.000e+00
     59.822     8.2065    34.4654    26.8229 1.7094e-01     0.1200      0.612    1483.58     89.187     5.8793  10.668144  0.000e+00
     59.851     8.2065    34.4655    26.8231 1.7094e-01     0.1200      0.612    1483.58     89.183     5.8790  10.668144  0.000e+00
     59.875     8.2064    34.4658    26.8233 1.7094e-01     0.1200      0.615    1483.58     89.179     5.8788  10.668145  0.000e+00
     59.924     8.2062    34.4660    26.8235 1.7094e-01     0.1200      0.619    1483.58     89.174     5.8785  10.668145  0.000e+00
     59.942     8.2062    34.4657    26.8232 1.7094e-01     0.1200      0.630    1483.58     89.177     5.8787  10.668146  0.000e+00
     59.971     8.2062    34.4658    26.8233 1.7094e-01     0.1200      0.634    1483.58     89.172     5.8784  10.668146  0.000e+00
     60.009     8.2061    34.4657    26.8233 1.7094e-01     0.1200      0.637    1483.58     89.167     5.8781  10.668147  0.000e+00
     60.044     8.2062    34.4656    26.8231 1.7094e-01     0.1200      0.641    1483.59     89.100     5.8736  10.668147  0.000e+00
     60.049     8.2060    34.4657    26.8233 1.8315e-01     0.1200      0.637    1483.58     89.149     5.8769  10.668148  0.000e+00
     60.105     8.2059    34.4661    26.8236 1.7094e-01     0.1212      0.626    1483.59     89.082     5.8725  10.668148  0.000e+00
     60.116     8.2062    34.4659    26.8234 1.7094e-01     0.1224      0.626    1483.59     89.069     5.8716  10.668149  0.000e+00
     60.140     8.2060    34.4660    26.8235 1.7094e-01     0.1237      0.703    1483.59     89.056     5.8707  10.668149  0.000e+00
     60.158     8.2064    34.4659    26.8233 1.7094e-01     0.1212      0.744    1483.59     89.043     5.8698  10.668150  0.000e+00
     60.189     8.2062    34.4657    26.8232 1.7094e-01     0.1212      0.725    1483.59     89.030     5.8690  10.668150  0.000e+00
     60.214     8.2061    34.4658    26.8233 1.7094e-01     0.1212      0.689    1483.59     89.025     5.8687  10.668151  0.000e+00
     60.236     8.2062    34.4658    26.8233 1.7094e-01     0.1200      0.652    1483.59     89.020     5.8683  10.668151  0.000e+00
     60.261     8.2060    34.4660    26.8235 1.7094e-01     0.1200      0.630    1483.59     89.015     5.8680  10.668152  0.000e+00
     60.267     8.2060    34.4662    26.8236 1.7094e-01     0.1200      0.623    1483.59     89.072     5.8718  10.668152  0.000e+00
     60.297     8.2062    34.4659    26.8234 1.8315e-01     0.1200      0.623    1483.59     89.013     5.8679  10.668152  0.000e+00
     60.321     8.2062    34.4660    26.8235 1.7094e-01     0.1200      0.626    1483.59     89.071     5.8717  10.668153  0.000e+00
     60.334     8.2062    34.4661    26.8236 1.7094e-01     0.1200      0.623    1483.59     89.012     5.8678  10.668153  0.000e+00
     60.327     8.2060    34.4663    26.8237 1.8315e-01     0.1200      0.615    1483.59     89.007     5.8675  10.668154  0.000e+00
     60.394     8.2063    34.4661    26.8236 1.8315e-01     0.1200      0.608    1483.59     89.004     5.8673  10.668154  0.000e+00
     60.370     8.2062    34.4659    26.8234 1.8315e-01     0.1200      0.604    1483.59     89.000     5.8670  10.668155  0.000e+00
     60.394     8.2064    34.4660    26.8235 1.7094e-01     0.1200      0.604    1483.59     89.059     5.8709  10.668155  0.000e+00
     60.405     8.2062    34.4662    26.8236 1.7094e-01     0.1200      0.597    1483.59     89.001     5.8671  10.668156  0.000e+00
     60.412     8.2062    34.4658    26.8233 1.7094e-01     0.1200      0.593    1483.59     88.998     5.8669  10.668156  0.000e+00
     60.430     8.2064    34.4657    26.8232 1.7094e-01     0.1200      0.586    1483.59     88.996     5.8667  10.668157  0.000e+00
     60.430     8.2064    34.4661    26.8235 1.7094e-01     0.1200      0.586    1483.59     88.994     5.8666  10.668157  0.000e+00
     60.454     8.2062    34.4661    26.8236 1.7094e-01     0.1212      0.590    1483.59     88.992     5.8665  10.668158  0.000e+00
     60.454     8.2061    34.4656    26.8231 1.7094e-01     0.1212      0.601    1483.59     88.990     5.8664  10.668158  0.000e+00
     60.459     8.2062    34.4661    26.8236 1.7094e-01     0.1224      0.612    1483.59     88.989     5.8663  10.668159  0.000e+00
     60.466     8.2062    34.4664    26.8238 1.7094e-01     0.1200      0.615    1483.59     88.995     5.8667  10.668159  0.000e+00
     60.477     8.2060    34.4663    26.8237 1.7094e-01     0.1200      0.612    1483.59     88.994     5.8667  10.668160  0.000e+00
     60.477     8.2065    34.4654    26.8230 1.8315e-01     0.1200      0.604    1483.59     88.994     5.8666  10.668160  0.000e+00
     60.490     8.2062    34.4657    26.8232 1.9536e-01     0.1200      0.604    1483.59     88.994     5.8666  10.668161  0.000e+00
     60.497     8.2062    34.4662    26.8236 1.9536e-01     0.1200      0.601    1483.59     88.995     5.8667  10.668161  0.000e+00
     60.501     8.2063    34.4660    26.8234 1.9536e-01     0.1200      0.601    1483.59     88.995     5.8667  10.668162  0.000e+00
     60.501     8.2062    34.4662    26.8237 1.8315e-01     0.1200      0.597    1483.59     88.996     5.8668  10.668162  0.000e+00
     60.514     8.2064    34.4659    26.8234 1.8315e-01     0.1200      0.593    1483.59     88.998     5.8668  10.668163  0.000e+00
     60.514     8.2064    34.4658    26.8233 1.8315e-01     0.1200      0.590    1483.59     88.999     5.8669  10.668163  0.000e+00
     60.508     8.2064    34.4658    26.8233 1.8315e-01     0.1200      0.590    1483.59     88.939     5.8630  10.668164  0.000e+00
