RAWDATA/20190107/VT65_20190110_down.cnv
* Sea-Bird SBE 9 Data File:
* FileName = C:\CTD Brukere\NIVA\OKOKYST2019\20190107\VT65_20190110.hex
* Software Version Seasave V 7.23.2
* Temperature SN = 5352
* Conductivity SN = 3840
* Number of Bytes Per Scan = 28
* Number of Voltage Words = 4
* Number of Scans Averaged by the Deck Unit = 1
* NMEA baud rate = 4800
** Ship: R/V Trygve Braarud
** Cruise:
** Station:
** Operator:
# nquan = 12
# nvalues = 16743                                 
# units = specified
# name 0 = depSM: Depth [salt water, m], lat = 59.60
# name 1 = t090C: Temperature [ITS-90, deg C]
# name 2 = sal00: Salinity, Practical [PSU]
# name 3 = sigma-t00: Density [sigma-t, kg/m^3 ]
# name 4 = flSP: Fluorescence, Seapoint
# name 5 = wetStar: Fluorescence, WET Labs WETstar [mg/m^3]
# name 6 = seaTurbMtr: Turbidity, Seapoint [FTU]
# name 7 = svCM: Sound Velocity [Chen-Millero, m/s]
# name 8 = sbeox0PS: Oxygen, SBE 43 [% saturation]
# name 9 = sbeox0ML/L: Oxygen, SBE 43 [ml/l]
# name 10 = timeJ: Julian Days
# name 11 = flag:  0.000e+00
# span 0 =     -0.039,    349.751                 
# span 1 =     6.4642,     8.5815                 
# span 2 =    31.9930,    34.9158                 
# span 3 =    25.1053,    27.3665                 
# span 4 = 1.2210e-01, 4.2735e-01                 
# span 5 =     0.1200,     0.3044                 
# span 6 =      0.487,     15.000                 
# span 7 =    1472.89,    1485.90                 
# span 8 =     70.623,     89.482                 
# span 9 =     4.7817,     6.0858                 
# span 10 =  10.666308,  10.674382                
# span 11 = 0.0000e+00, 0.0000e+00                
# interval = seconds: 0.0416667
# start_time = Jan 10 2019 15:59:29 [System UpLoad Time]
# bad_flag = -9.990e-29
*END*
[from data line 11910]
    253.131     7.0604    34.9044    27.3351 1.3431e-01     0.2909      0.546    1482.97     72.583     4.8964  10.672052  0.000e+00
    253.155     7.0606    34.9043    27.3350 1.3431e-01     0.2946      0.549    1482.97     72.581     4.8963  10.672052  0.000e+00
    253.180     7.0604    34.9043    27.3350 1.3431e-01     0.2946      0.557    1482.97     72.578     4.8961  10.672052  0.000e+00
    253.193     7.0602    34.9042    27.3349 1.3431e-01     0.2958      0.564    1482.97     72.577     4.8960  10.672053  0.000e+00
    253.218     7.0600    34.9041    27.3349 1.3431e-01     0.2946      0.564    1482.97     72.639     4.9003  10.672053  0.000e+00
    253.243     7.0600    34.9037    27.3346 1.3431e-01     0.2946      0.560    1482.97     72.582     4.8964  10.672054  0.000e+00
    253.256     7.0592    34.9044    27.3352 1.3431e-01     0.2922      0.564    1482.97     72.581     4.8964  10.672054  0.000e+00
    253.293     7.0587    34.9039    27.3349 1.3431e-01     0.2922      0.582    1482.97     72.580     4.8964  10.672055  0.000e+00
    253.306     7.0584    34.9038    27.3349 1.3431e-01     0.2909      0.604    1482.97     72.580     4.8964  10.672055  0.000e+00
    253.317     7.0581    34.9041    27.3352 1.3431e-01     0.2934      0.612    1482.96     72.579     4.8965  10.672056  0.000e+00
    253.355     7.0576    34.9041    27.3353 1.4652e-01     0.2934      0.604    1482.96     72.580     4.8965  10.672056  0.000e+00
    253.355     7.0571    34.9039    27.3351 1.3431e-01     0.2934      0.590    1482.96     72.580     4.8966  10.672057  0.000e+00
    253.392     7.0566    34.9036    27.3350 1.3431e-01     0.2958      0.586    1482.96     72.581     4.8968  10.672057  0.000e+00
    253.405     7.0563    34.9040    27.3353 1.3431e-01     0.2946      0.590    1482.96     72.582     4.8969  10.672058  0.000e+00
    253.440     7.0559    34.9035    27.3350 1.3431e-01     0.2958      0.601    1482.96     72.584     4.8971  10.672058  0.000e+00
    253.441     7.0552    34.9035    27.3351 1.3431e-01     0.2970      0.597    1482.95     72.586     4.8972  10.672059  0.000e+00
    253.479     7.0546    34.9035    27.3352 1.3431e-01     0.2946      0.593    1482.95     72.524     4.8931  10.672059  0.000e+00
    253.479     7.0540    34.9038    27.3355 1.3431e-01     0.2934      0.590    1482.95     72.583     4.8972  10.672060  0.000e+00
    253.516     7.0536    34.9040    27.3357 1.3431e-01     0.2946      0.579    1482.95     72.578     4.8969  10.672060  0.000e+00
    253.529     7.0538    34.9043    27.3359 1.3431e-01     0.2946      0.568    1482.95     72.581     4.8971  10.672061  0.000e+00
    253.554     7.0536    34.9039    27.3356 1.3431e-01     0.2970      0.560    1482.95     72.576     4.8968  10.672061  0.000e+00
    253.565     7.0536    34.9036    27.3354 1.3431e-01     0.2983      0.557    1482.95     72.580     4.8970  10.672062  0.000e+00
    253.603     7.0534    34.9032    27.3351 1.3431e-01     0.2970      0.564    1482.95     72.584     4.8973  10.672062  0.000e+00
    253.603     7.0533    34.9034    27.3353 1.3431e-01     0.2958      0.568    1482.95     72.515     4.8927  10.672063  0.000e+00
    253.628     7.0528    34.9037    27.3356 1.3431e-01     0.2970      0.560    1482.95     72.503     4.8919  10.672063  0.000e+00
    253.664     7.0530    34.9038    27.3357 1.3431e-01     0.2983      0.557    1482.95     72.556     4.8955  10.672064  0.000e+00
    253.664     7.0530    34.9036    27.3355 1.3431e-01     0.2958      0.568    1482.95     72.561     4.8958  10.672064  0.000e+00
    253.702     7.0525    34.9037    27.3357 1.3431e-01     0.2958      0.575    1482.95     72.558     4.8957  10.672065  0.000e+00
    253.727     7.0525    34.9033    27.3353 1.3431e-01     0.2970      0.575    1482.95     72.555     4.8955  10.672065  0.000e+00
    253.739     7.0522    34.9036    27.3356 1.3431e-01     0.2946      0.571    1482.95     72.560     4.8958  10.672065  0.000e+00
    253.777     7.0516    34.9034    27.3355 1.3431e-01     0.2934      0.575    1482.95     72.557     4.8957  10.672066  0.000e+00
    253.788     7.0514    34.9033    27.3354 1.3431e-01     0.2922      0.586    1482.95     72.563     4.8961  10.672066  0.000e+00
    253.802     7.0508    34.9034    27.3356 1.3431e-01     0.2946      0.590    1482.94     72.569     4.8966  10.672067  0.000e+00
    253.851     7.0505    34.9033    27.3356 1.3431e-01     0.2958      0.586    1482.94     72.575     4.8971  10.672067  0.000e+00
    253.851     7.0501    34.9028    27.3353 1.3431e-01     0.2934      0.575    1482.94     72.582     4.8976  10.672068  0.000e+00
    253.901     7.0495    34.9028    27.3353 1.3431e-01     0.2922      0.568    1482.94     72.525     4.8938  10.672068  0.000e+00
    253.901     7.0488    34.9028    27.3355 1.3431e-01     0.2934      0.568    1482.94     72.524     4.8938  10.672069  0.000e+00
    253.950     7.0485    34.9027    27.3354 1.3431e-01     0.2909      0.571    1482.94     72.581     4.8977  10.672069  0.000e+00
    253.950     7.0480    34.9026    27.3354 1.3431e-01     0.2922      0.568    1482.93     72.525     4.8939  10.672070  0.000e+00
    254.000     7.0476    34.9026    27.3355 1.3431e-01     0.2922      0.564    1482.93     72.590     4.8984  10.672070  0.000e+00
    254.000     7.0471    34.9027    27.3356 1.3431e-01     0.2909      0.564    1482.93     72.535     4.8947  10.672071  0.000e+00
    254.025     7.0469    34.9032    27.3360 1.3431e-01     0.2909      0.568    1482.93     72.537     4.8949  10.672071  0.000e+00
    254.074     7.0467    34.9028    27.3357 1.3431e-01     0.2922      0.568    1482.93     72.604     4.8994  10.672072  0.000e+00
    254.099     7.0463    34.9028    27.3358 1.3431e-01     0.2909      0.568    1482.93     72.607     4.8997  10.672072  0.000e+00
    254.124     7.0461    34.9029    27.3359 1.3431e-01     0.2934      0.568    1482.93     72.609     4.8999  10.672073  0.000e+00
    254.137     7.0460    34.9032    27.3362 1.3431e-01     0.2970      0.568    1482.93     72.547     4.8957  10.672073  0.000e+00
    254.187     7.0459    34.9034    27.3363 1.3431e-01     0.2958      0.568    1482.93     72.607     4.8997  10.672074  0.000e+00
    254.212     7.0458    34.9035    27.3364 1.3431e-01     0.2934      0.579    1482.93     72.546     4.8956  10.672074  0.000e+00
    254.223     7.0458    34.9029    27.3360 1.3431e-01     0.2958      0.579    1482.93     72.541     4.8953  10.672075  0.000e+00
    254.261     7.0455    34.9031    27.3362 1.3431e-01     0.2946      0.564    1482.93     72.600     4.8993  10.672075  0.000e+00
    254.297     7.0455    34.9029    27.3360 1.3431e-01     0.2934      0.560    1482.93     72.540     4.8953  10.672076  0.000e+00
    254.311     7.0454    34.9029    27.3360 1.3431e-01     0.2909      0.560    1482.93     72.536     4.8950  10.672076  0.000e+00
    254.360     7.0455    34.9029    27.3360 1.3431e-01     0.2909      0.560    1482.93     72.532     4.8947  10.672077  0.000e+00
    254.372     7.0455    34.9035    27.3364 1.3431e-01     0.2909      0.560    1482.93     72.537     4.8950  10.672077  0.000e+00
    254.410     7.0456    34.9028    27.3359 1.3431e-01     0.2922      0.557    1482.93     72.534     4.8949  10.672078  0.000e+00
    254.436     7.0453    34.9028    27.3360 1.3431e-01     0.2922      0.560    1482.93     72.532     4.8947  10.672078  0.000e+00
    254.471     7.0454    34.9025    27.3357 1.3431e-01     0.2909      0.604    1482.93     72.530     4.8946  10.672079  0.000e+00
    254.496     7.0445    34.9030    27.3362 1.3431e-01     0.2922      0.615    1482.93     72.528     4.8946  10.672079  0.000e+00
    254.521     7.0447    34.9028    27.3360 1.3431e-01     0.2909      0.604    1482.93     72.591     4.8988  10.672079  0.000e+00
    254.559     7.0443    34.9028    27.3361 1.3431e-01     0.2934      0.597    1482.93     72.598     4.8993  10.672080  0.000e+00
    254.583     7.0439    34.9028    27.3362 1.3431e-01     0.2934      0.601    1482.93     72.604     4.8998  10.672080  0.000e+00
    254.608     7.0436    34.9023    27.3358 1.3431e-01     0.2934      0.601    1482.93     72.611     4.9003  10.672081  0.000e+00
    254.633     7.0436    34.9023    27.3357 1.3431e-01     0.2909      0.590    1482.93     72.553     4.8964  10.672081  0.000e+00
    254.683     7.0432    34.9032    27.3365 1.3431e-01     0.2909      0.575    1482.93     72.553     4.8963  10.672082  0.000e+00
    254.696     7.0431    34.9030    27.3364 1.3431e-01     0.2934      0.571    1482.93     72.616     4.9006  10.672082  0.000e+00
    254.732     7.0431    34.9029    27.3363 1.3431e-01     0.2934      0.568    1482.93     72.551     4.8963  10.672083  0.000e+00
    254.757     7.0431    34.9033    27.3367 1.3431e-01     0.2897      0.571    1482.93     72.550     4.8962  10.672083  0.000e+00
    254.782     7.0431    34.9029    27.3363 1.3431e-01     0.2885      0.568    1482.93     72.550     4.8962  10.672084  0.000e+00
    254.807     7.0429    34.9034    27.3368 1.3431e-01     0.2885      0.571    1482.93     72.549     4.8962  10.672084  0.000e+00
    254.833     7.0427    34.9033    27.3367 1.3431e-01     0.2909      0.579    1482.93     72.550     4.8962  10.672085  0.000e+00
    254.869     7.0428    34.9031    27.3365 1.3431e-01     0.2909      0.582    1482.93     72.550     4.8963  10.672085  0.000e+00
    254.894     7.0427    34.9036    27.3369 1.3431e-01     0.2922      0.586    1482.93     72.551     4.8963  10.672086  0.000e+00
    254.919     7.0427    34.9033    27.3367 1.3431e-01     0.2922      0.590    1482.93     72.544     4.8958  10.672086  0.000e+00
    254.944     7.0426    34.9037    27.3370 1.3431e-01     0.2885      0.593    1482.93     72.537     4.8953  10.672087  0.000e+00
    254.969     7.0423    34.9034    27.3368 1.3431e-01     0.2897      0.597    1482.93     72.538     4.8955  10.672087  0.000e+00
    254.993     7.0422    34.9033    27.3368 1.3431e-01     0.2909      0.593    1482.93     72.540     4.8956  10.672088  0.000e+00
    255.030     7.0418    34.9034    27.3369 1.3431e-01     0.2897      0.586    1482.93     72.542     4.8958  10.672088  0.000e+00
    255.043     7.0415    34.9034    27.3369 1.4652e-01     0.2897      0.579    1482.93     72.544     4.8960  10.672089  0.000e+00
    255.079     7.0412    34.9034    27.3369 1.3431e-01     0.2897      0.571    1482.93     72.547     4.8962  10.672089  0.000e+00
    255.094     7.0410    34.9033    27.3370 1.4652e-01     0.2885      0.568    1482.93     72.550     4.8964  10.672090  0.000e+00
    255.117     7.0410    34.9031    27.3367 1.3431e-01     0.2873      0.571    1482.93     72.553     4.8966  10.672090  0.000e+00
    255.142     7.0406    34.9031    27.3368 1.3431e-01     0.2873      0.575    1482.93     72.557     4.8969  10.672091  0.000e+00
    255.155     7.0405    34.9032    27.3369 1.3431e-01     0.2873      0.575    1482.93     72.560     4.8972  10.672091  0.000e+00
    255.205     7.0404    34.9035    27.3372 1.3431e-01     0.2885      0.593    1482.93     72.565     4.8975  10.672092  0.000e+00
    255.205     7.0401    34.9036    27.3373 1.3431e-01     0.2897      0.601    1482.93     72.561     4.8973  10.672092  0.000e+00
    255.216     7.0401    34.9033    27.3371 1.3431e-01     0.2897      0.590    1482.93     72.557     4.8970  10.672092  0.000e+00
    255.241     7.0397    34.9038    27.3375 1.3431e-01     0.2909      0.582    1482.93     72.562     4.8973  10.672093  0.000e+00
    255.293     7.0398    34.9034    27.3372 1.3431e-01     0.2909      0.571    1482.93     72.558     4.8971  10.672093  0.000e+00
    255.291     7.0399    34.9033    27.3371 1.3431e-01     0.2885      0.564    1482.93     72.563     4.8974  10.672094  0.000e+00
    255.316     7.0398    34.9035    27.3372 1.3431e-01     0.2897      0.568    1482.93     72.560     4.8972  10.672094  0.000e+00
    255.340     7.0397    34.9037    27.3375 1.3431e-01     0.2909      0.575    1482.93     72.557     4.8970  10.672095  0.000e+00
    255.354     7.0395    34.9038    27.3375 1.3431e-01     0.2873      0.582    1482.93     72.562     4.8974  10.672095  0.000e+00
    255.354     7.0399    34.9033    27.3371 1.3431e-01     0.2861      0.582    1482.93     72.567     4.8977  10.672096  0.000e+00
    255.403     7.0395    34.9037    27.3374 1.3431e-01     0.2897      0.579    1482.93     72.574     4.8982  10.672096  0.000e+00
    255.417     7.0395    34.9034    27.3372 1.3431e-01     0.2922      0.575    1482.93     72.507     4.8937  10.672097  0.000e+00
    255.428     7.0396    34.9037    27.3374 1.3431e-01     0.2934      0.571    1482.93     72.570     4.8979  10.672097  0.000e+00
    255.453     7.0394    34.9039    27.3376 1.3431e-01     0.2970      0.560    1482.93     72.568     4.8978  10.672098  0.000e+00
    255.464     7.0394    34.9036    27.3374 1.3431e-01     0.2983      0.549    1482.93     72.567     4.8977  10.672098  0.000e+00
    255.478     7.0395    34.9036    27.3374 1.3431e-01     0.2995      0.553    1482.93     72.574     4.8982  10.672099  0.000e+00
    255.502     7.0395    34.9036    27.3374 1.3431e-01     0.2970      0.564    1482.93     72.573     4.8981  10.672099  0.000e+00
    255.529     7.0392    34.9039    27.3377 1.3431e-01     0.2958      0.571    1482.93     72.572     4.8981  10.672100  0.000e+00
    255.539     7.0395    34.9031    27.3370 1.3431e-01     0.2958      0.586    1482.93     72.570     4.8980  10.672100  0.000e+00
    255.564     7.0394    34.9038    27.3376 1.3431e-01     0.2946      0.597    1482.93     72.569     4.8979  10.672101  0.000e+00
    255.588     7.0394    34.9035    27.3373 1.3431e-01     0.2946      0.590    1482.93     72.568     4.8978  10.672101  0.000e+00
    255.613     7.0393    34.9034    27.3373 1.3431e-01     0.2922      0.575    1482.93     72.567     4.8977  10.672102  0.000e+00
    255.626     7.0394    34.9036    27.3374 1.3431e-01     0.2897      0.560    1482.93     72.566     4.8977  10.672102  0.000e+00
    255.640     7.0392    34.9036    27.3374 1.3431e-01     0.2909      0.549    1482.93     72.565     4.8976  10.672103  0.000e+00
    255.663     7.0395    34.9033    27.3372 1.3431e-01     0.2922      0.542    1482.93     72.636     4.9024  10.672103  0.000e+00
    255.688     7.0392    34.9038    27.3375 1.3431e-01     0.2922      0.542    1482.93     72.587     4.8991  10.672104  0.000e+00
    255.714     7.0395    34.9036    27.3374 1.3431e-01     0.2946      0.546    1482.93     72.595     4.8996  10.672104  0.000e+00
    255.714     7.0394    34.9034    27.3372 1.3431e-01     0.2958      0.546    1482.93     72.603     4.9002  10.672105  0.000e+00
    255.750     7.0392    34.9035    27.3373 1.3431e-01     0.2934      0.549    1482.93     72.603     4.9002  10.672105  0.000e+00
    255.777     7.0391    34.9036    27.3374 1.3431e-01     0.2934      0.553    1482.93     72.603     4.9002  10.672106  0.000e+00
    255.775     7.0392    34.9032    27.3371 1.3431e-01     0.2934      0.553    1482.93     72.675     4.9051  10.672106  0.000e+00
    255.813     7.0391    34.9032    27.3372 1.3431e-01     0.2922      0.549    1482.93     72.683     4.9056  10.672106  0.000e+00
    255.825     7.0391    34.9032    27.3371 1.3431e-01     0.2897      0.549    1482.93     72.691     4.9061  10.672107  0.000e+00
    255.863     7.0389    34.9034    27.3373 1.3431e-01     0.2885      0.549    1482.93     72.698     4.9066  10.672107  0.000e+00
    255.876     7.0389    34.9032    27.3371 1.3431e-01     0.2885      0.546    1482.93     72.705     4.9071  10.672108  0.000e+00
    255.912     7.0388    34.9034    27.3373 1.3431e-01     0.2873      0.542    1482.93     72.712     4.9076  10.672108  0.000e+00
    255.912     7.0389    34.9033    27.3373 1.3431e-01     0.2861      0.542    1482.93     72.718     4.9080  10.672109  0.000e+00
