RAWDATA/20190107/VT65_20190110_down.cnv
* Sea-Bird SBE 9 Data File:
* FileName = C:\CTD Brukere\NIVA\OKOKYST2019\20190107\VT65_20190110.hex
* Software Version Seasave V 7.23.2
* Temperature SN = 5352
* Conductivity SN = 3840
* Number of Bytes Per Scan = 28
* Number of Voltage Words = 4
* Number of Scans Averaged by the Deck Unit = 1
* NMEA baud rate = 4800
** Ship: R/V Trygve Braarud
** Cruise:
** Station:
** Operator:
# nquan = 12
# nvalues = 16743                                 
# units = specified
# name 0 = depSM: Depth [salt water, m], lat = 59.60
# name 1 = t090C: Temperature [ITS-90, deg C]
# name 2 = sal00: Salinity, Practical [PSU]
# name 3 = sigma-t00: Density [sigma-t, kg/m^3 ]
# name 4 = flSP: Fluorescence, Seapoint
# name 5 = wetStar: Fluorescence, WET Labs WETstar [mg/m^3]
# name 6 = seaTurbMtr: Turbidity, Seapoint [FTU]
# name 7 = svCM: Sound Velocity [Chen-Millero, m/s]
# name 8 = sbeox0PS: Oxygen, SBE 43 [% saturation]
# name 9 = sbeox0ML/L: Oxygen, SBE 43 [ml/l]
# name 10 = timeJ: Julian Days
# name 11 = flag:  0.000e+00
# span 0 =     -0.039,    349.751                 
# span 1 =     6.4642,     8.5815                 
# span 2 =    31.9930,    34.9158                 
# span 3 =    25.1053,    27.3665                 
# span 4 = 1.2210e-01, 4.2735e-01                 
# span 5 =     0.1200,     0.3044                 
# span 6 =      0.487,     15.000                 
# span 7 =    1472.89,    1485.90                 
# span 8 =     70.623,     89.482                 
# span 9 =     4.7817,     6.0858                 
# span 10 =  10.666308,  10.674382                
# span 11 = 0.0000e+00, 0.0000e+00                
# interval = seconds: 0.0416667
# start_time = Jan 10 2019 15:59:29 [System UpLoad Time]
# bad_flag = -9.990e-29
*END*
[from data line 16602]
    349.716     6.8972    34.9150    27.3661 1.5873e-01     0.1249     14.648    1483.96     70.899     4.8004  10.674314  0.000e+00
    349.726     6.8972    34.9148    27.3660 1.5873e-01     0.1224     14.648    1483.96     70.894     4.8001  10.674315  0.000e+00
    349.729     6.8974    34.9148    27.3659 1.5873e-01     0.1237     14.645    1483.96     70.891     4.7999  10.674315  0.000e+00
    349.729     6.8975    34.9150    27.3661 1.4652e-01     0.1249     14.645    1483.96     70.888     4.7996  10.674316  0.000e+00
    349.726     6.8971    34.9152    27.3663 1.4652e-01     0.1273     14.645    1483.96     70.951     4.8040  10.674316  0.000e+00
    349.716     6.8972    34.9148    27.3659 1.4652e-01     0.1285     14.645    1483.96     70.893     4.8000  10.674317  0.000e+00
    349.726     6.8972    34.9147    27.3659 1.3431e-01     0.1310     14.648    1483.96     70.892     4.7999  10.674317  0.000e+00
    349.729     6.8976    34.9148    27.3659 1.3431e-01     0.1310     14.648    1483.96     70.891     4.7999  10.674318  0.000e+00
    349.729     6.8974    34.9152    27.3663 1.3431e-01     0.1322     14.648    1483.96     70.892     4.7999  10.674318  0.000e+00
    349.726     6.8976    34.9150    27.3661 1.3431e-01     0.1298     14.648    1483.96     70.893     4.7999  10.674319  0.000e+00
    349.716     6.8976    34.9150    27.3661 1.3431e-01     0.1285     14.652    1483.96     70.894     4.8001  10.674319  0.000e+00
    349.726     6.8976    34.9151    27.3662 1.3431e-01     0.1285     14.652    1483.96     70.897     4.8002  10.674320  0.000e+00
    349.729     6.8975    34.9151    27.3662 1.3431e-01     0.1261     14.652    1483.96     70.900     4.8005  10.674320  0.000e+00
    349.729     6.8976    34.9147    27.3659 1.3431e-01     0.1273     14.652    1483.96     70.839     4.7963  10.674321  0.000e+00
    349.726     6.8977    34.9145    27.3657 1.3431e-01     0.1285     14.652    1483.96     70.835     4.7960  10.674321  0.000e+00
    349.729     6.8977    34.9147    27.3658 1.3431e-01     0.1285     14.652    1483.96     70.833     4.7959  10.674321  0.000e+00
    349.726     6.8971    34.9150    27.3661 1.3431e-01     0.1285     14.652    1483.96     70.831     4.7958  10.674322  0.000e+00
    349.716     6.8974    34.9150    27.3661 1.3431e-01     0.1322     14.652    1483.96     70.831     4.7958  10.674322  0.000e+00
    349.729     6.8972    34.9148    27.3660 1.3431e-01     0.1322     14.451    1483.96     70.823     4.7953  10.674323  0.000e+00
    349.726     6.8972    34.9152    27.3663 1.4652e-01     0.1334     13.590    1483.96     70.816     4.7948  10.674323  0.000e+00
    349.716     6.8972    34.9152    27.3663 1.4652e-01     0.1322     12.982    1483.96     70.809     4.7943  10.674324  0.000e+00
    349.739     6.8972    34.9148    27.3660 1.4652e-01     0.1310     13.549    1483.96     70.812     4.7945  10.674324  0.000e+00
    349.716     6.8973    34.9148    27.3659 1.3431e-01     0.1285     14.451    1483.96     70.807     4.7942  10.674325  0.000e+00
    349.729     6.8974    34.9151    27.3662 1.3431e-01     0.1285     14.623    1483.96     70.803     4.7939  10.674325  0.000e+00
    349.726     6.8974    34.9154    27.3664 1.3431e-01     0.1285     13.260    1483.96     70.734     4.7892  10.674326  0.000e+00
    349.716     6.8972    34.9152    27.3663 1.3431e-01     0.1322     10.469    1483.96     70.723     4.7885  10.674326  0.000e+00
    349.726     6.8972    34.9152    27.3663 1.3431e-01     0.1347      7.656    1483.96     70.778     4.7922  10.674327  0.000e+00
    349.729     6.8974    34.9149    27.3661 1.3431e-01     0.1359      5.582    1483.96     70.778     4.7922  10.674327  0.000e+00
    349.716     6.8974    34.9151    27.3662 1.3431e-01     0.1334      4.436    1483.96     70.712     4.7878  10.674328  0.000e+00
    349.726     6.8974    34.9152    27.3663 1.3431e-01     0.1334      4.015    1483.96     70.705     4.7873  10.674328  0.000e+00
    349.729     6.8974    34.9151    27.3662 1.4652e-01     0.1334      3.791    1483.96     70.699     4.7868  10.674329  0.000e+00
    349.726     6.8976    34.9149    27.3660 1.3431e-01     0.1347      3.619    1483.96     70.694     4.7865  10.674329  0.000e+00
    349.716     6.8976    34.9150    27.3660 1.4652e-01     0.1334      3.531    1483.96     70.689     4.7862  10.674330  0.000e+00
    349.716     6.8974    34.9152    27.3663 1.3431e-01     0.1347      3.516    1483.96     70.686     4.7860  10.674330  0.000e+00
    349.726     6.8977    34.9148    27.3659 1.3431e-01     0.1359      3.593    1483.96     70.684     4.7858  10.674331  0.000e+00
    349.729     6.8974    34.9154    27.3664 1.3431e-01     0.1347      3.828    1483.96     70.674     4.7852  10.674331  0.000e+00
    349.726     6.8972    34.9154    27.3665 1.3431e-01     0.1322      4.293    1483.96     70.674     4.7852  10.674332  0.000e+00
    349.716     6.8976    34.9150    27.3661 1.3431e-01     0.1310      4.733    1483.96     70.675     4.7852  10.674332  0.000e+00
    349.729     6.8974    34.9152    27.3663 1.3431e-01     0.1298      4.989    1483.96     70.676     4.7853  10.674333  0.000e+00
    349.726     6.8974    34.9149    27.3661 1.3431e-01     0.1310      4.919    1483.96     70.679     4.7855  10.674333  0.000e+00
    349.716     6.8976    34.9151    27.3661 1.3431e-01     0.1310      4.337    1483.96     70.683     4.7857  10.674334  0.000e+00
    349.726     6.8975    34.9149    27.3660 1.3431e-01     0.1310      3.458    1483.96     70.623     4.7817  10.674334  0.000e+00
    349.729     6.8976    34.9149    27.3660 1.3431e-01     0.1334      2.714    1483.96     70.686     4.7859  10.674334  0.000e+00
    349.716     6.8976    34.9152    27.3662 1.3431e-01     0.1334      2.300    1483.96     70.693     4.7864  10.674335  0.000e+00
    349.739     6.8977    34.9149    27.3660 1.3431e-01     0.1322      2.311    1483.96     70.636     4.7826  10.674335  0.000e+00
    349.729     6.8977    34.9150    27.3661 1.3431e-01     0.1310      2.912    1483.96     70.638     4.7827  10.674336  0.000e+00
    349.712     6.8974    34.9153    27.3663 1.3431e-01     0.1322      4.685    1483.96     70.632     4.7823  10.674336  0.000e+00
    349.716     6.8977    34.9149    27.3659 1.3431e-01     0.1322      7.289    1483.96     70.692     4.7863  10.674337  0.000e+00
    349.716     6.8977    34.9146    27.3657 1.3431e-01     0.1310      8.949    1483.96     70.696     4.7866  10.674337  0.000e+00
    349.726     6.8979    34.9145    27.3656 1.3431e-01     0.1310      9.355    1483.96     70.701     4.7870  10.674338  0.000e+00
    349.716     6.8977    34.9148    27.3659 1.3431e-01     0.1310      9.322    1483.96     70.707     4.7873  10.674338  0.000e+00
    349.726     6.8978    34.9148    27.3659 1.3431e-01     0.1334      9.187    1483.96     70.648     4.7834  10.674339  0.000e+00
    349.716     6.8977    34.9149    27.3659 1.3431e-01     0.1383      9.220    1483.96     70.647     4.7833  10.674339  0.000e+00
    349.704     6.8976    34.9147    27.3659 1.3431e-01     0.1371      9.901    1483.96     70.721     4.7883  10.674340  0.000e+00
    349.726     6.8976    34.9149    27.3660 1.3431e-01     0.1322     11.626    1483.96     70.730     4.7890  10.674340  0.000e+00
    349.716     6.8977    34.9149    27.3659 1.3431e-01     0.1298     13.839    1483.96     70.741     4.7896  10.674341  0.000e+00
    349.712     6.8976    34.9147    27.3659 1.3431e-01     0.1298     14.747    1483.96     70.686     4.7860  10.674341  0.000e+00
    349.704     6.8976    34.9149    27.3660 1.3431e-01     0.1298     14.766    1483.96     70.690     4.7862  10.674342  0.000e+00
    349.704     6.8977    34.9151    27.3661 1.3431e-01     0.1298     14.128    1483.96     70.759     4.7909  10.674342  0.000e+00
    349.701     6.8976    34.9149    27.3660 1.3431e-01     0.1322     11.930    1483.96     70.708     4.7874  10.674343  0.000e+00
    349.716     6.8977    34.9148    27.3659 1.3431e-01     0.1310      9.154    1483.96     70.714     4.7878  10.674343  0.000e+00
    349.687     6.8978    34.9148    27.3659 1.4652e-01     0.1310      6.802    1483.96     70.721     4.7883  10.674344  0.000e+00
    349.704     6.8976    34.9150    27.3661 1.3431e-01     0.1298      5.267    1483.96     70.721     4.7883  10.674344  0.000e+00
    349.691     6.8976    34.9152    27.3663 1.3431e-01     0.1310      4.282    1483.96     70.787     4.7928  10.674345  0.000e+00
    349.701     6.8977    34.9147    27.3658 1.3431e-01     0.1298      3.579    1483.96     70.796     4.7934  10.674345  0.000e+00
    349.691     6.8976    34.9147    27.3658 1.3431e-01     0.1322      2.996    1483.96     70.805     4.7940  10.674346  0.000e+00
    349.676     6.8972    34.9150    27.3662 1.3431e-01     0.1347      2.473    1483.96     70.815     4.7947  10.674346  0.000e+00
    349.691     6.8976    34.9152    27.3662 1.3431e-01     0.1359      2.062    1483.96     70.825     4.7954  10.674347  0.000e+00
    349.691     6.8972    34.9152    27.3663 1.3431e-01     0.1347      1.810    1483.96     70.771     4.7917  10.674347  0.000e+00
    349.676     6.8974    34.9150    27.3661 1.3431e-01     0.1347      1.634    1483.96     70.838     4.7963  10.674348  0.000e+00
    349.679     6.8975    34.9148    27.3659 1.3431e-01     0.1334      1.443    1483.96     70.785     4.7927  10.674348  0.000e+00
    349.676     6.8976    34.9144    27.3656 1.3431e-01     0.1347      1.260    1483.96     70.789     4.7929  10.674348  0.000e+00
    349.679     6.8976    34.9148    27.3659 1.3431e-01     0.1347      1.150    1483.96     70.859     4.7976  10.674349  0.000e+00
    349.679     6.8974    34.9150    27.3661 1.3431e-01     0.1310      1.172    1483.96     70.798     4.7935  10.674349  0.000e+00
    349.676     6.8974    34.9149    27.3660 1.3431e-01     0.1310      1.194    1483.96     70.794     4.7933  10.674350  0.000e+00
    349.666     6.8972    34.9153    27.3663 1.3431e-01     0.1310      1.165    1483.96     70.865     4.7981  10.674350  0.000e+00
    349.652     6.8974    34.9147    27.3659 1.3431e-01     0.1322      1.158    1483.96     70.879     4.7991  10.674351  0.000e+00
    349.701     6.8971    34.9151    27.3662 1.3431e-01     0.1322      1.150    1483.96     70.886     4.7995  10.674351  0.000e+00
    349.679     6.8972    34.9152    27.3663 1.3431e-01     0.1347      1.136    1483.96     70.826     4.7955  10.674352  0.000e+00
    349.701     6.8972    34.9150    27.3662 1.3431e-01     0.1359      1.099    1483.96     70.824     4.7954  10.674352  0.000e+00
    349.666     6.8973    34.9149    27.3661 1.3431e-01     0.1359      1.066    1483.96     70.822     4.7952  10.674353  0.000e+00
    349.679     6.8972    34.9152    27.3663 1.3431e-01     0.1359      1.055    1483.96     70.821     4.7951  10.674353  0.000e+00
    349.676     6.8976    34.9145    27.3657 1.3431e-01     0.1359      1.029    1483.96     70.820     4.7950  10.674354  0.000e+00
    349.679     6.8977    34.9144    27.3656 1.3431e-01     0.1334      0.971    1483.96     70.819     4.7950  10.674354  0.000e+00
    349.687     6.8972    34.9152    27.3663 1.3431e-01     0.1322      0.901    1483.96     70.819     4.7950  10.674355  0.000e+00
    349.679     6.8976    34.9152    27.3663 1.3431e-01     0.1322      0.839    1483.96     70.819     4.7949  10.674355  0.000e+00
    349.704     6.8976    34.9151    27.3661 1.3431e-01     0.1334      0.791    1483.96     70.819     4.7950  10.674356  0.000e+00
    349.676     6.8974    34.9152    27.3663 1.3431e-01     0.1334      0.747    1483.96     70.885     4.7995  10.674356  0.000e+00
    349.691     6.8976    34.9149    27.3660 1.3431e-01     0.1347      0.711    1483.96     70.829     4.7956  10.674357  0.000e+00
    349.676     6.8976    34.9147    27.3658 1.3431e-01     0.1347      0.685    1483.96     70.830     4.7957  10.674357  0.000e+00
    349.691     6.8976    34.9151    27.3662 1.4652e-01     0.1334      0.670    1483.96     70.823     4.7952  10.674358  0.000e+00
    349.691     6.8976    34.9151    27.3661 1.3431e-01     0.1322      0.670    1483.96     70.824     4.7953  10.674358  0.000e+00
    349.701     6.8976    34.9147    27.3659 1.3431e-01     0.1298      0.674    1483.96     70.826     4.7954  10.674359  0.000e+00
    349.691     6.8976    34.9144    27.3656 1.3431e-01     0.1273      0.674    1483.96     70.819     4.7950  10.674359  0.000e+00
    349.687     6.8974    34.9150    27.3661 1.3431e-01     0.1237      0.670    1483.96     70.813     4.7945  10.674360  0.000e+00
    349.691     6.8976    34.9147    27.3659 1.3431e-01     0.1200      0.663    1483.96     70.806     4.7941  10.674360  0.000e+00
    349.691     6.8976    34.9147    27.3658 1.3431e-01     0.1200      0.656    1483.96     70.808     4.7942  10.674361  0.000e+00
    349.687     6.8974    34.9150    27.3661 1.3431e-01     0.1200      0.652    1483.96     70.811     4.7944  10.674361  0.000e+00
    349.691     6.8974    34.9149    27.3660 1.3431e-01     0.1200      0.648    1483.96     70.813     4.7946  10.674361  0.000e+00
    349.687     6.8975    34.9148    27.3659 1.3431e-01     0.1200      0.648    1483.96     70.817     4.7948  10.674362  0.000e+00
    349.691     6.8974    34.9151    27.3662 1.3431e-01     0.1200      0.648    1483.96     70.811     4.7945  10.674362  0.000e+00
    349.691     6.8976    34.9147    27.3659 1.4652e-01     0.1200      0.652    1483.96     70.806     4.7941  10.674363  0.000e+00
    349.701     6.8974    34.9151    27.3662 1.5873e-01     0.1200      0.656    1483.96     70.810     4.7943  10.674363  0.000e+00
    349.691     6.8976    34.9150    27.3661 1.5873e-01     0.1200      0.659    1483.96     70.813     4.7946  10.674364  0.000e+00
    349.687     6.8977    34.9149    27.3660 1.4652e-01     0.1200      0.667    1483.96     70.818     4.7948  10.674364  0.000e+00
    349.691     6.8977    34.9149    27.3659 1.4652e-01     0.1200      0.670    1483.96     70.813     4.7946  10.674365  0.000e+00
    349.691     6.8979    34.9144    27.3656 1.3431e-01     0.1200      0.696    1483.96     70.809     4.7943  10.674365  0.000e+00
    349.687     6.8977    34.9147    27.3658 1.3431e-01     0.1200      0.755    1483.96     70.814     4.7946  10.674366  0.000e+00
    349.704     6.8977    34.9145    27.3657 1.3431e-01     0.1200      0.810    1483.96     70.810     4.7943  10.674366  0.000e+00
    349.687     6.8978    34.9145    27.3656 1.3431e-01     0.1200      0.835    1483.96     70.806     4.7941  10.674367  0.000e+00
    349.704     6.8977    34.9145    27.3657 1.3431e-01     0.1200      0.868    1483.96     70.802     4.7938  10.674367  0.000e+00
    349.704     6.8976    34.9147    27.3658 1.3431e-01     0.1200      0.897    1483.96     70.799     4.7936  10.674368  0.000e+00
    349.687     6.8977    34.9147    27.3658 1.3431e-01     0.1200      0.897    1483.96     70.803     4.7939  10.674368  0.000e+00
    349.716     6.8977    34.9146    27.3657 1.3431e-01     0.1200      0.864    1483.96     70.809     4.7943  10.674369  0.000e+00
    349.687     6.8979    34.9144    27.3655 1.3431e-01     0.1200      0.828    1483.96     70.814     4.7946  10.674369  0.000e+00
    349.704     6.8979    34.9138    27.3651 1.3431e-01     0.1200      0.799    1483.96     70.820     4.7950  10.674370  0.000e+00
    349.704     6.8979    34.9139    27.3652 1.3431e-01     0.1200      0.780    1483.96     70.827     4.7955  10.674370  0.000e+00
    349.712     6.8979    34.9141    27.3653 1.3431e-01     0.1200      0.758    1483.96     70.825     4.7953  10.674371  0.000e+00
    349.704     6.8979    34.9140    27.3653 1.3431e-01     0.1200      0.740    1483.96     70.831     4.7958  10.674371  0.000e+00
