RAWDATA/20190107/VT66_20190109_down.cnv
* Sea-Bird SBE 9 Data File:
* FileName = C:\CTD Brukere\NIVA\OKOKYST2019\20190107\VT66_20190109.hex
* Software Version Seasave V 7.23.2
* Temperature SN = 5352
* Conductivity SN = 3840
* Number of Bytes Per Scan = 28
* Number of Voltage Words = 4
* Number of Scans Averaged by the Deck Unit = 1
* NMEA baud rate = 4800
** Ship: R/V Trygve Braarud
** Cruise:
** Station:
** Operator:
# nquan = 12
# nvalues = 11167                                 
# units = specified
# name 0 = depSM: Depth [salt water, m], lat = 59.60
# name 1 = t090C: Temperature [ITS-90, deg C]
# name 2 = sal00: Salinity, Practical [PSU]
# name 3 = sigma-t00: Density [sigma-t, kg/m^3 ]
# name 4 = flSP: Fluorescence, Seapoint
# name 5 = wetStar: Fluorescence, WET Labs WETstar [mg/m^3]
# name 6 = seaTurbMtr: Turbidity, Seapoint [FTU]
# name 7 = svCM: Sound Velocity [Chen-Millero, m/s]
# name 8 = sbeox0PS: Oxygen, SBE 43 [% saturation]
# name 9 = sbeox0ML/L: Oxygen, SBE 43 [ml/l]
# name 10 = timeJ: Julian Days
# name 11 = flag:  0.000e+00
# span 0 =     -0.353,    200.349                 
# span 1 =     3.1555,     8.9342                 
# span 2 =     0.9321,    34.6357                 
# span 3 =     0.7231,    27.1125                 
# span 4 = 0.0000e+00, 5.3724e-01                 
# span 5 =     0.1200,     0.5864                 
# span 6 =      0.458,      7.689                 
# span 7 =    1419.18,    1485.13                 
# span 8 =     41.468,     95.195                 
# span 9 =     2.7974,     8.7681                 
# span 10 =   9.400718,   9.406102                
# span 11 = 0.0000e+00, 0.0000e+00                
# interval = seconds: 0.0416667
# start_time = Jan 09 2019 09:37:02 [System UpLoad Time]
# bad_flag = -9.990e-29
*END*
[from data line 241]
     -0.257     3.3192     0.9909     0.7709 3.1746e-01     0.5767      0.549    1419.80     93.808     8.7021   9.400834  0.000e+00
     -0.234     3.3121     0.9809     0.7628 2.5641e-01     0.5754      0.538    1419.75     93.789     8.7026   9.400834  0.000e+00
     -0.268     3.3029     0.9700     0.7540 1.7094e-01     0.5754      0.531    1419.69     93.769     8.7035   9.400835  0.000e+00
     -0.304     3.2950     0.9594     0.7454 2.5641e-01     0.5767      0.531    1419.64     93.748     8.7040   9.400835  0.000e+00
     -0.280     3.2948     0.9520     0.7394 2.9304e-01     0.5791      0.531    1419.63     93.661     8.6964   9.400836  0.000e+00
     -0.306     3.3027     0.9564     0.7430 2.6862e-01     0.5767      0.531    1419.67     93.626     8.6911   9.400836  0.000e+00
     -0.293     3.3154     0.9775     0.7601 2.5641e-01     0.5791      0.527    1419.76     93.599     8.6844   9.400837  0.000e+00
     -0.244     3.3271     0.9964     0.7754 2.6862e-01     0.5791      0.557    1419.84     93.510     8.6723   9.400837  0.000e+00
     -0.210     3.3295     1.0011     0.7792 2.9304e-01     0.5754      1.799    1419.86     93.541     8.6744   9.400838  0.000e+00
     -0.221     3.3200     0.9987     0.7772 3.1746e-01     0.5754      4.359    1419.81     93.456     8.6689   9.400838  0.000e+00
     -0.209     3.3114     0.9970     0.7757 2.6862e-01     0.5742      4.462    1419.77     93.426     8.6682   9.400839  0.000e+00
     -0.223     3.3030     0.9966     0.7754 2.9304e-01     0.5779      6.806    1419.73     93.396     8.6674   9.400839  0.000e+00
     -0.233     3.2960     0.9949     0.7739 3.0525e-01     0.5779      7.689    1419.70     93.367     8.6663   9.400840  0.000e+00
     -0.221     3.2971     0.9840     0.7652 2.9304e-01     0.5754      5.905    1419.69     93.336     8.6638   9.400840  0.000e+00
     -0.221     3.3039     0.9691     0.7533 3.0525e-01     0.5754      4.139    1419.70     93.313     8.6610   9.400841  0.000e+00
     -0.246     3.3153     0.9681     0.7525 2.9304e-01     0.5742      2.938    1419.75     93.290     8.6563   9.400841  0.000e+00
     -0.184     3.3301     1.0082     0.7849 3.2967e-01     0.5754      2.132    1419.87     93.204     8.6426   9.400842  0.000e+00
     -0.209     3.3454     1.0437     0.8136 3.7851e-01     0.5779      1.608    1419.99     93.173     8.6341   9.400842  0.000e+00
     -0.187     3.3480     1.0455     0.8150 4.0293e-01     0.5767      1.319    1420.00     93.146     8.6309   9.400842  0.000e+00
     -0.197     3.3312     1.0389     0.8096 4.2735e-01     0.5767      1.212    1419.92     93.124     8.6332   9.400843  0.000e+00
     -0.244     3.3166     1.0256     0.7988 4.0293e-01     0.5754      1.044    1419.83     93.049     8.6303   9.400843  0.000e+00
     -0.244     3.3093     1.0064     0.7834 3.6630e-01     0.5754      0.897    1419.77     93.092     8.6371   9.400844  0.000e+00
     -0.234     3.3105     1.0055     0.7826 3.5409e-01     0.5767      1.051    1419.78     93.007     8.6290   9.400844  0.000e+00
     -0.233     3.3206     1.0285     0.8012 3.7851e-01     0.5779      1.700    1419.85     92.986     8.6234   9.400845  0.000e+00
     -0.197     3.3335     1.0497     0.8183 3.7851e-01     0.5791      1.886    1419.94     92.967     8.6174   9.400845  0.000e+00
     -0.234     3.3433     1.0537     0.8216 3.6630e-01     0.5767      1.531    1419.99     92.949     8.6133   9.400846  0.000e+00
     -0.233     3.3452     1.0462     0.8156 3.2967e-01     0.5767      1.150    1419.99     92.935     8.6120   9.400846  0.000e+00
     -0.257     3.3418     1.0337     0.8055 3.1746e-01     0.5779      0.941    1419.96     92.924     8.6125   9.400847  0.000e+00
     -0.257     3.3401     1.0200     0.7945 3.0525e-01     0.5767      0.879    1419.93     92.915     8.6128   9.400847  0.000e+00
     -0.246     3.3444     1.0182     0.7931 3.1746e-01     0.5803      0.824    1419.95     92.906     8.6111   9.400848  0.000e+00
     -0.257     3.3548     1.0284     0.8013 3.1746e-01     0.5779      0.810    1420.01     92.898     8.6074   9.400848  0.000e+00
     -0.293     3.3664     1.0325     0.8047 3.1746e-01     0.5803      0.795    1420.07     92.827     8.5980   9.400849  0.000e+00
     -0.259     3.3727     1.0301     0.8028 3.1746e-01     0.5779      0.758    1420.10     92.816     8.5956   9.400849  0.000e+00
     -0.233     3.3681     1.0243     0.7981 3.1746e-01     0.5767      0.784    1420.07     92.808     8.5963   9.400850  0.000e+00
     -0.233     3.3668     1.0203     0.7949 3.1746e-01     0.5791      0.747    1420.06     92.802     8.5963   9.400850  0.000e+00
     -0.246     3.3649     1.0180     0.7930 3.1746e-01     0.5828      0.696    1420.05     92.799     8.5965   9.400851  0.000e+00
     -0.257     3.3616     1.0082     0.7851 3.1746e-01     0.5828      0.678    1420.02     92.797     8.5977   9.400851  0.000e+00
     -0.209     3.3636     0.9914     0.7717 3.1746e-01     0.5828      0.637    1420.01     92.798     8.5983   9.400852  0.000e+00
     -0.209     3.3722     0.9831     0.7650 2.9304e-01     0.5815      0.597    1420.03     92.799     8.5969   9.400852  0.000e+00
     -0.210     3.3862     1.0181     0.7932 2.4420e-01     0.5815      0.597    1420.15     92.800     8.5918   9.400853  0.000e+00
     -0.209     3.4013     1.0745     0.8387 2.6862e-01     0.5791      0.590    1420.29     92.868     8.5913   9.400853  0.000e+00
     -0.221     3.4096     1.0904     0.8515 3.2967e-01     0.5791      0.571    1420.35     92.820     8.5841   9.400854  0.000e+00
     -0.234     3.3994     1.0824     0.8451 3.5409e-01     0.5791      0.549    1420.29     92.833     8.5881   9.400854  0.000e+00
     -0.244     3.3851     1.0718     0.8364 3.4188e-01     0.5828      0.538    1420.21     92.849     8.5935   9.400855  0.000e+00
     -0.280     3.3783     1.0562     0.8239 3.4188e-01     0.5828      0.531    1420.16     92.930     8.6033   9.400855  0.000e+00
     -0.293     3.3773     1.0421     0.8125 3.4188e-01     0.5815      0.524    1420.13     92.947     8.6059   9.400856  0.000e+00
     -0.294     3.3838     1.0412     0.8118 3.4188e-01     0.5803      0.524    1420.16     92.964     8.6061   9.400856  0.000e+00
     -0.353     3.3956     1.0523     0.8208 3.2967e-01     0.5791      0.527    1420.23     92.990     8.6052   9.400856  0.000e+00
     -0.268     3.4080     1.0598     0.8269 3.1746e-01     0.5779      0.582    1420.30     93.010     8.6037   9.400857  0.000e+00
     -0.246     3.4121     1.0582     0.8257 3.1746e-01     0.5754      0.615    1420.32     93.032     8.6050   9.400857  0.000e+00
     -0.221     3.4060     1.0535     0.8218 3.1746e-01     0.5742      0.601    1420.28     93.059     8.6091   9.400858  0.000e+00
     -0.221     3.3990     1.0513     0.8200 3.1746e-01     0.5730      0.571    1420.25     93.087     8.6134   9.400858  0.000e+00
     -0.234     3.3930     1.0469     0.8164 3.1746e-01     0.5754      0.549    1420.21     93.116     8.6177   9.400859  0.000e+00
     -0.184     3.3906     1.0307     0.8034 3.0525e-01     0.5767      0.535    1420.18     93.073     8.6153   9.400859  0.000e+00
     -0.221     3.3951     1.0121     0.7885 3.0525e-01     0.5767      0.531    1420.18     93.148     8.6223   9.400860  0.000e+00
     -0.184     3.4062     1.0252     0.7991 2.6862e-01     0.5754      0.535    1420.25     93.168     8.6209   9.400860  0.000e+00
     -0.199     3.4212     1.0896     0.8509 2.1978e-01     0.5730      0.542    1420.40     93.179     8.6147   9.400861  0.000e+00
     -0.173     3.4350     1.1323     0.8854 1.9536e-01     0.5718      0.549    1420.52     93.201     8.6110   9.400861  0.000e+00
     -0.197     3.4357     1.1292     0.8829 2.0757e-01     0.5730      0.546    1420.52     93.153     8.6067   9.400862  0.000e+00
     -0.246     3.4208     1.1151     0.8714 2.4420e-01     0.5742      0.535    1420.43     93.164     8.6119   9.400862  0.000e+00
     -0.233     3.4090     1.0934     0.8540 2.5641e-01     0.5730      0.527    1420.35     93.177     8.6170   9.400863  0.000e+00
     -0.293     3.4080     1.0776     0.8412 2.6862e-01     0.5718      0.524    1420.32     93.251     8.6250   9.400863  0.000e+00
     -0.280     3.4158     1.0821     0.8449 2.9304e-01     0.5705      0.524    1420.37     93.206     8.6188   9.400864  0.000e+00
     -0.294     3.4293     1.0932     0.8539 2.9304e-01     0.5705      0.520    1420.44     93.215     8.6159   9.400864  0.000e+00
     -0.293     3.4397     1.1000     0.8594 2.9304e-01     0.5693      0.513    1420.50     93.226     8.6142   9.400865  0.000e+00
     -0.268     3.4425     1.0969     0.8569 2.9304e-01     0.5669      0.513    1420.51     93.232     8.6142   9.400865  0.000e+00
     -0.259     3.4410     1.0915     0.8525 3.0525e-01     0.5681      0.513    1420.50     93.238     8.6155   9.400866  0.000e+00
     -0.257     3.4412     1.0906     0.8518 3.0525e-01     0.5705      0.513    1420.50     93.245     8.6161   9.400866  0.000e+00
     -0.244     3.4419     1.0914     0.8525 3.1746e-01     0.5718      0.513    1420.50     93.253     8.6167   9.400867  0.000e+00
     -0.233     3.4439     1.0855     0.8478 3.1746e-01     0.5730      0.516    1420.50     93.252     8.6164   9.400867  0.000e+00
     -0.210     3.4499     1.0753     0.8396 3.0525e-01     0.5730      0.516    1420.52     93.260     8.6164   9.400868  0.000e+00
     -0.221     3.4586     1.0627     0.8295 2.5641e-01     0.5718      0.516    1420.54     93.321     8.6208   9.400868  0.000e+00
     -0.221     3.4707     1.0591     0.8267 2.8083e-01     0.5730      0.538    1420.59     93.328     8.6189   9.400869  0.000e+00
     -0.246     3.4839     1.0884     0.8503 2.9304e-01     0.5754      0.619    1420.69     93.333     8.6147   9.400869  0.000e+00
     -0.244     3.4969     1.1226     0.8778 3.0525e-01     0.5754      0.619    1420.80     93.340     8.6103   9.400870  0.000e+00
     -0.244     3.5067     1.1344     0.8873 2.8083e-01     0.5754      0.586    1420.86     93.347     8.6080   9.400870  0.000e+00
     -0.234     3.5075     1.1312     0.8848 2.9304e-01     0.5754      0.560    1420.86     93.356     8.6088   9.400870  0.000e+00
     -0.244     3.5054     1.1214     0.8769 3.2967e-01     0.5779      0.546    1420.83     93.429     8.6166   9.400871  0.000e+00
     -0.221     3.5057     1.0977     0.8579 3.1746e-01     0.5779      0.535    1420.80     93.447     8.6196   9.400871  0.000e+00
     -0.268     3.5083     1.0856     0.8481 3.9072e-01     0.5791      0.527    1420.80     93.463     8.6212   9.400872  0.000e+00
     -0.223     3.5162     1.0999     0.8596 4.0293e-01     0.5779      0.524    1420.86     93.469     8.6191   9.400872  0.000e+00
     -0.221     3.5276     1.1242     0.8792 3.6630e-01     0.5742      0.520    1420.94     93.473     8.6155   9.400873  0.000e+00
     -0.317     3.5378     1.1419     0.8935 3.5409e-01     0.5730      0.516    1421.01     93.539     8.6182   9.400873  0.000e+00
     -0.306     3.5415     1.1441     0.8953 3.4188e-01     0.5742      0.513    1421.03     93.553     8.6185   9.400874  0.000e+00
     -0.317     3.5350     1.1398     0.8917 3.4188e-01     0.5742      0.513    1420.99     93.567     8.6215   9.400874  0.000e+00
     -0.328     3.5218     1.1371     0.8896 3.1746e-01     0.5742      0.513    1420.93     93.582     8.6261   9.400875  0.000e+00
     -0.293     3.5104     1.1365     0.8890 3.1746e-01     0.5754      0.513    1420.88     93.595     8.6300   9.400875  0.000e+00
     -0.234     3.5048     1.1335     0.8866 3.1746e-01     0.5767      0.513    1420.85     93.607     8.6325   9.400876  0.000e+00
     -0.221     3.5052     1.1290     0.8830 3.1746e-01     0.5754      0.509    1420.84     93.679     8.6393   9.400876  0.000e+00
     -0.209     3.5108     1.1218     0.8772 3.0525e-01     0.5767      0.513    1420.86     93.703     8.6406   9.400877  0.000e+00
     -0.223     3.5201     1.1191     0.8750 3.0525e-01     0.5779      0.513    1420.90     93.715     8.6398   9.400877  0.000e+00
     -0.209     3.5315     1.1432     0.8944 3.2967e-01     0.5803      0.513    1420.98     93.726     8.6368   9.400878  0.000e+00
     -0.233     3.5440     1.1720     0.9177 3.2967e-01     0.5791      0.516    1421.08     93.798     8.6389   9.400878  0.000e+00
     -0.234     3.5522     1.1870     0.9297 3.2967e-01     0.5754      0.516    1421.14     93.823     8.6385   9.400879  0.000e+00
     -0.184     3.5486     1.1865     0.9293 3.4188e-01     0.5754      0.513    1421.12     93.851     8.6419   9.400879  0.000e+00
     -0.221     3.5364     1.1788     0.9231 3.4188e-01     0.5718      0.513    1421.05     93.879     8.6477   9.400880  0.000e+00
     -0.280     3.5253     1.1667     0.9134 3.5409e-01     0.5718      0.513    1420.99     93.905     8.6533   9.400880  0.000e+00
     -0.246     3.5229     1.1533     0.9026 3.4188e-01     0.5730      0.516    1420.96     93.991     8.6626   9.400881  0.000e+00
     -0.280     3.5282     1.1605     0.9083 3.1746e-01     0.5718      0.516    1420.99     94.018     8.6635   9.400881  0.000e+00
     -0.257     3.5371     1.1873     0.9299 3.1746e-01     0.5705      0.516    1421.07     94.043     8.6622   9.400882  0.000e+00
     -0.234     3.5476     1.2101     0.9483 3.0525e-01     0.5693      0.513    1421.15     94.066     8.6606   9.400882  0.000e+00
     -0.221     3.5541     1.2209     0.9570 3.0525e-01     0.5742      0.513    1421.19     94.152     8.6663   9.400883  0.000e+00
     -0.233     3.5502     1.2212     0.9572 3.0525e-01     0.5742      0.513    1421.17     94.110     8.6633   9.400883  0.000e+00
     -0.221     3.5445     1.2181     0.9547 3.0525e-01     0.5767      0.520    1421.14     94.131     8.6667   9.400883  0.000e+00
     -0.223     3.5400     1.2100     0.9482 3.0525e-01     0.5754      0.626    1421.11     94.213     8.6758   9.400884  0.000e+00
     -0.233     3.5386     1.1859     0.9288 2.9304e-01     0.5791      0.791    1421.07     94.237     8.6798   9.400884  0.000e+00
     -0.233     3.5426     1.1639     0.9112 3.0525e-01     0.5815      0.908    1421.06     94.257     8.6820   9.400885  0.000e+00
     -0.223     3.5514     1.1889     0.9312 2.9304e-01     0.5791      0.945    1421.14     94.202     8.6734   9.400885  0.000e+00
     -0.221     3.5639     1.2404     0.9726 3.0525e-01     0.5779      0.927    1421.26     94.198     8.6672   9.400886  0.000e+00
     -0.197     3.5710     1.2665     0.9936 2.8083e-01     0.5767      0.875    1421.33     94.257     8.6694   9.400886  0.000e+00
     -0.244     3.5585     1.2676     0.9945 2.9304e-01     0.5754      0.828    1421.27     94.209     8.6678   9.400887  0.000e+00
     -0.210     3.5376     1.2631     0.9908 3.0525e-01     0.5791      0.810    1421.17     94.271     8.6786   9.400887  0.000e+00
     -0.233     3.5245     1.2516     0.9816 3.0525e-01     0.5803      0.780    1421.09     94.273     8.6825   9.400888  0.000e+00
     -0.221     3.5170     1.2188     0.9551 3.0525e-01     0.5791      0.711    1421.02     94.271     8.6860   9.400888  0.000e+00
     -0.223     3.5162     1.1888     0.9311 2.9304e-01     0.5791      0.645    1420.97     94.265     8.6874   9.400889  0.000e+00
     -0.221     3.5239     1.1816     0.9253 2.9304e-01     0.5767      0.597    1421.00     94.254     8.6850   9.400889  0.000e+00
     -0.244     3.5369     1.2230     0.9586 2.9304e-01     0.5791      0.568    1421.11     94.176     8.6724   9.400890  0.000e+00
     -0.283     3.5516     1.3141     1.0318 3.0525e-01     0.5791      0.549    1421.30     94.213     8.6670   9.400890  0.000e+00
     -0.197     3.5609     1.3684     1.0754 3.2967e-01     0.5791      0.538    1421.42     94.132     8.6543   9.400891  0.000e+00
