RAWDATA/20190107/VT66_20190109_down.cnv
* Sea-Bird SBE 9 Data File:
* FileName = C:\CTD Brukere\NIVA\OKOKYST2019\20190107\VT66_20190109.hex
* Software Version Seasave V 7.23.2
* Temperature SN = 5352
* Conductivity SN = 3840
* Number of Bytes Per Scan = 28
* Number of Voltage Words = 4
* Number of Scans Averaged by the Deck Unit = 1
* NMEA baud rate = 4800
** Ship: R/V Trygve Braarud
** Cruise:
** Station:
** Operator:
# nquan = 12
# nvalues = 11167                                 
# units = specified
# name 0 = depSM: Depth [salt water, m], lat = 59.60
# name 1 = t090C: Temperature [ITS-90, deg C]
# name 2 = sal00: Salinity, Practical [PSU]
# name 3 = sigma-t00: Density [sigma-t, kg/m^3 ]
# name 4 = flSP: Fluorescence, Seapoint
# name 5 = wetStar: Fluorescence, WET Labs WETstar [mg/m^3]
# name 6 = seaTurbMtr: Turbidity, Seapoint [FTU]
# name 7 = svCM: Sound Velocity [Chen-Millero, m/s]
# name 8 = sbeox0PS: Oxygen, SBE 43 [% saturation]
# name 9 = sbeox0ML/L: Oxygen, SBE 43 [ml/l]
# name 10 = timeJ: Julian Days
# name 11 = flag:  0.000e+00
# span 0 =     -0.353,    200.349                 
# span 1 =     3.1555,     8.9342                 
# span 2 =     0.9321,    34.6357                 
# span 3 =     0.7231,    27.1125                 
# span 4 = 0.0000e+00, 5.3724e-01                 
# span 5 =     0.1200,     0.5864                 
# span 6 =      0.458,      7.689                 
# span 7 =    1419.18,    1485.13                 
# span 8 =     41.468,     95.195                 
# span 9 =     2.7974,     8.7681                 
# span 10 =   9.400718,   9.406102                
# span 11 = 0.0000e+00, 0.0000e+00                
# interval = seconds: 0.0416667
# start_time = Jan 09 2019 09:37:02 [System UpLoad Time]
# bad_flag = -9.990e-29
*END*
[from data line 5414]
    112.045     7.1378    34.6210    27.1010 1.4652e-01     0.1652      0.520    1480.57     50.576     3.4122   9.403329  0.000e+00
    112.083     7.1379    34.6211    27.1011 1.4652e-01     0.1640      0.520    1480.57     50.523     3.4086   9.403329  0.000e+00
    112.094     7.1380    34.6209    27.1009 1.4652e-01     0.1652      0.520    1480.57     50.523     3.4086   9.403329  0.000e+00
    112.118     7.1381    34.6207    27.1007 1.4652e-01     0.1640      0.520    1480.57     50.585     3.4128   9.403330  0.000e+00
    112.143     7.1381    34.6210    27.1010 1.4652e-01     0.1640      0.524    1480.58     50.591     3.4132   9.403330  0.000e+00
    112.163     7.1382    34.6209    27.1009 1.4652e-01     0.1640      0.527    1480.58     50.596     3.4135   9.403331  0.000e+00
    112.179     7.1381    34.6213    27.1012 1.4652e-01     0.1615      0.535    1480.58     50.599     3.4137   9.403331  0.000e+00
    112.215     7.1379    34.6212    27.1011 1.5873e-01     0.1640      0.538    1480.58     50.601     3.4139   9.403332  0.000e+00
    112.228     7.1379    34.6212    27.1012 1.4652e-01     0.1652      0.535    1480.58     50.602     3.4139   9.403332  0.000e+00
    112.252     7.1381    34.6209    27.1009 1.4652e-01     0.1652      0.531    1480.58     50.602     3.4139   9.403333  0.000e+00
    112.264     7.1382    34.6206    27.1006 1.4652e-01     0.1627      0.527    1480.58     50.537     3.4095   9.403333  0.000e+00
    112.277     7.1382    34.6210    27.1010 1.4652e-01     0.1640      0.531    1480.58     50.597     3.4136   9.403334  0.000e+00
    112.324     7.1381    34.6210    27.1010 1.4652e-01     0.1640      0.542    1480.58     50.594     3.4134   9.403334  0.000e+00
    112.324     7.1381    34.6212    27.1011 1.4652e-01     0.1701      0.557    1480.58     50.597     3.4135   9.403335  0.000e+00
    112.349     7.1379    34.6210    27.1010 1.4652e-01     0.1713      0.557    1480.58     50.599     3.4137   9.403335  0.000e+00
    112.373     7.1382    34.6211    27.1011 1.4652e-01     0.1688      0.546    1480.58     50.663     3.4180   9.403336  0.000e+00
    112.385     7.1381    34.6211    27.1011 1.4652e-01     0.1701      0.531    1480.58     50.670     3.4185   9.403336  0.000e+00
    112.422     7.1380    34.6212    27.1011 1.4652e-01     0.1713      0.527    1480.58     50.676     3.4189   9.403337  0.000e+00
    112.434     7.1381    34.6208    27.1008 1.4652e-01     0.1713      0.524    1480.58     50.681     3.4193   9.403337  0.000e+00
    112.458     7.1381    34.6210    27.1010 1.4652e-01     0.1701      0.520    1480.58     50.685     3.4195   9.403338  0.000e+00
    112.471     7.1379    34.6214    27.1014 1.4652e-01     0.1688      0.524    1480.58     50.687     3.4197   9.403338  0.000e+00
    112.519     7.1382    34.6213    27.1012 1.4652e-01     0.1676      0.524    1480.58     50.751     3.4240   9.403339  0.000e+00
    112.507     7.1382    34.6209    27.1009 1.4652e-01     0.1688      0.524    1480.58     50.696     3.4202   9.403339  0.000e+00
    112.543     7.1382    34.6212    27.1012 1.4652e-01     0.1652      0.527    1480.58     50.757     3.4243   9.403340  0.000e+00
    112.556     7.1379    34.6212    27.1012 1.4652e-01     0.1652      0.524    1480.58     50.761     3.4246   9.403340  0.000e+00
    112.579     7.1381    34.6215    27.1014 1.4652e-01     0.1676      0.524    1480.58     50.764     3.4248   9.403341  0.000e+00
    112.617     7.1382    34.6213    27.1012 1.4652e-01     0.1664      0.520    1480.58     50.765     3.4249   9.403341  0.000e+00
    112.617     7.1381    34.6214    27.1013 1.4652e-01     0.1664      0.524    1480.58     50.764     3.4248   9.403342  0.000e+00
    112.653     7.1382    34.6213    27.1012 1.4652e-01     0.1652      0.524    1480.58     50.762     3.4247   9.403342  0.000e+00
    112.677     7.1382    34.6213    27.1012 1.4652e-01     0.1640      0.520    1480.58     50.758     3.4244   9.403342  0.000e+00
    112.689     7.1382    34.6210    27.1010 1.4652e-01     0.1652      0.516    1480.58     50.824     3.4289   9.403343  0.000e+00
    112.713     7.1382    34.6214    27.1013 1.4652e-01     0.1640      0.513    1480.59     50.833     3.4294   9.403343  0.000e+00
    112.713     7.1382    34.6212    27.1011 1.4652e-01     0.1627      0.513    1480.59     50.832     3.4294   9.403344  0.000e+00
    112.762     7.1381    34.6216    27.1014 1.4652e-01     0.1640      0.513    1480.59     50.837     3.4298   9.403344  0.000e+00
    112.787     7.1381    34.6213    27.1012 1.4652e-01     0.1664      0.520    1480.59     50.841     3.4300   9.403345  0.000e+00
    112.787     7.1382    34.6214    27.1013 1.4652e-01     0.1664      0.524    1480.59     50.843     3.4301   9.403345  0.000e+00
    112.836     7.1382    34.6213    27.1012 1.4652e-01     0.1664      0.527    1480.59     50.906     3.4344   9.403346  0.000e+00
    112.847     7.1382    34.6217    27.1015 1.4652e-01     0.1664      0.535    1480.59     50.920     3.4354   9.403346  0.000e+00
    112.859     7.1382    34.6215    27.1013 1.4652e-01     0.1664      0.535    1480.59     50.925     3.4357   9.403347  0.000e+00
    112.872     7.1381    34.6216    27.1014 1.4652e-01     0.1676      0.538    1480.59     50.928     3.4359   9.403347  0.000e+00
    112.908     7.1384    34.6211    27.1010 1.4652e-01     0.1640      0.535    1480.59     50.928     3.4359   9.403348  0.000e+00
    112.921     7.1382    34.6212    27.1011 1.4652e-01     0.1640      0.527    1480.59     50.935     3.4364   9.403348  0.000e+00
    112.957     7.1382    34.6212    27.1011 1.4652e-01     0.1640      0.524    1480.59     50.941     3.4367   9.403349  0.000e+00
    112.968     7.1382    34.6211    27.1010 1.4652e-01     0.1603      0.516    1480.59     51.007     3.4412   9.403349  0.000e+00
    112.997     7.1380    34.6214    27.1013 1.4652e-01     0.1603      0.509    1480.59     51.016     3.4419   9.403350  0.000e+00
    113.006     7.1381    34.6215    27.1014 1.4652e-01     0.1603      0.502    1480.59     51.024     3.4424   9.403350  0.000e+00
    113.041     7.1384    34.6213    27.1012 1.4652e-01     0.1640      0.498    1480.59     51.030     3.4427   9.403351  0.000e+00
    113.066     7.1382    34.6217    27.1015 1.4652e-01     0.1640      0.498    1480.59     51.033     3.4430   9.403351  0.000e+00
    113.077     7.1382    34.6216    27.1014 1.4652e-01     0.1652      0.505    1480.59     51.035     3.4431   9.403352  0.000e+00
    113.091     7.1381    34.6217    27.1016 1.4652e-01     0.1701      0.505    1480.59     51.043     3.4436   9.403352  0.000e+00
    113.126     7.1382    34.6217    27.1015 1.4652e-01     0.1688      0.505    1480.59     51.104     3.4477   9.403353  0.000e+00
    113.126     7.1381    34.6220    27.1018 1.4652e-01     0.1664      0.505    1480.59     51.107     3.4480   9.403353  0.000e+00
    113.162     7.1382    34.6217    27.1015 1.4652e-01     0.1664      0.509    1480.59     51.117     3.4486   9.403354  0.000e+00
    113.175     7.1384    34.6214    27.1012 1.4652e-01     0.1676      0.509    1480.59     51.124     3.4491   9.403354  0.000e+00
    113.211     7.1381    34.6215    27.1014 1.4652e-01     0.1701      0.509    1480.59     51.130     3.4495   9.403355  0.000e+00
    113.223     7.1384    34.6215    27.1013 1.4652e-01     0.1701      0.509    1480.59     51.134     3.4497   9.403355  0.000e+00
    113.247     7.1380    34.6216    27.1015 1.4652e-01     0.1688      0.509    1480.59     51.135     3.4499   9.403356  0.000e+00
    113.260     7.1381    34.6216    27.1014 1.4652e-01     0.1688      0.509    1480.59     51.198     3.4541   9.403356  0.000e+00
    113.285     7.1382    34.6218    27.1016 1.4652e-01     0.1664      0.513    1480.60     51.140     3.4502   9.403356  0.000e+00
    113.309     7.1380    34.6217    27.1016 1.4652e-01     0.1652      0.513    1480.60     51.128     3.4494   9.403357  0.000e+00
    113.309     7.1382    34.6213    27.1012 1.4652e-01     0.1652      0.509    1480.60     51.121     3.4489   9.403357  0.000e+00
    113.349     7.1384    34.6217    27.1015 1.4652e-01     0.1627      0.509    1480.60     51.176     3.4526   9.403358  0.000e+00
    113.370     7.1382    34.6218    27.1016 1.4652e-01     0.1640      0.520    1480.60     51.173     3.4524   9.403358  0.000e+00
    113.381     7.1382    34.6217    27.1015 1.4652e-01     0.1640      0.527    1480.60     51.167     3.4520   9.403359  0.000e+00
    113.417     7.1382    34.6213    27.1012 1.4652e-01     0.1664      0.549    1480.60     51.168     3.4521   9.403359  0.000e+00
    113.417     7.1380    34.6220    27.1018 1.4652e-01     0.1664      0.568    1480.60     51.166     3.4520   9.403360  0.000e+00
    113.455     7.1381    34.6218    27.1016 1.4652e-01     0.1652      0.575    1480.60     51.163     3.4517   9.403360  0.000e+00
    113.479     7.1381    34.6218    27.1016 1.4652e-01     0.1664      0.571    1480.60     51.158     3.4514   9.403361  0.000e+00
    113.491     7.1382    34.6216    27.1014 1.4652e-01     0.1652      0.564    1480.60     51.150     3.4509   9.403361  0.000e+00
    113.515     7.1379    34.6219    27.1018 1.4652e-01     0.1664      0.553    1480.60     51.141     3.4503   9.403362  0.000e+00
    113.540     7.1382    34.6215    27.1014 1.4652e-01     0.1664      0.542    1480.60     51.138     3.4501   9.403362  0.000e+00
    113.551     7.1380    34.6218    27.1016 1.4652e-01     0.1640      0.527    1480.60     51.125     3.4492   9.403363  0.000e+00
    113.568     7.1379    34.6221    27.1018 1.4652e-01     0.1627      0.527    1480.60     51.182     3.4530   9.403363  0.000e+00
    113.612     7.1379    34.6220    27.1018 1.4652e-01     0.1640      0.524    1480.60     51.181     3.4529   9.403364  0.000e+00
    113.612     7.1380    34.6217    27.1015 1.4652e-01     0.1664      0.520    1480.60     51.178     3.4528   9.403364  0.000e+00
    113.649     7.1381    34.6215    27.1013 1.4652e-01     0.1676      0.520    1480.60     51.173     3.4524   9.403365  0.000e+00
    113.649     7.1381    34.6218    27.1016 1.4652e-01     0.1652      0.520    1480.60     51.167     3.4520   9.403365  0.000e+00
    113.697     7.1382    34.6217    27.1015 1.4652e-01     0.1615      0.520    1480.60     51.158     3.4514   9.403366  0.000e+00
    113.697     7.1382    34.6217    27.1015 1.4652e-01     0.1615      0.520    1480.60     51.148     3.4507   9.403366  0.000e+00
    113.721     7.1381    34.6220    27.1018 1.4652e-01     0.1603      0.516    1480.60     51.143     3.4504   9.403367  0.000e+00
    113.746     7.1379    34.6221    27.1019 1.4652e-01     0.1603      0.513    1480.60     51.138     3.4500   9.403367  0.000e+00
    113.775     7.1379    34.6219    27.1017 1.4652e-01     0.1603      0.513    1480.60     51.193     3.4538   9.403368  0.000e+00
    113.795     7.1378    34.6224    27.1022 1.4652e-01     0.1615      0.513    1480.60     51.191     3.4536   9.403368  0.000e+00
    113.806     7.1380    34.6219    27.1017 1.4652e-01     0.1627      0.516    1480.60     51.187     3.4534   9.403369  0.000e+00
    113.831     7.1379    34.6225    27.1022 1.4652e-01     0.1615      0.520    1480.60     51.182     3.4530   9.403369  0.000e+00
    113.855     7.1379    34.6220    27.1018 1.4652e-01     0.1603      0.520    1480.60     51.182     3.4530   9.403370  0.000e+00
    113.880     7.1380    34.6218    27.1016 1.4652e-01     0.1603      0.516    1480.60     51.181     3.4530   9.403370  0.000e+00
    113.891     7.1381    34.6219    27.1017 1.4652e-01     0.1603      0.509    1480.61     51.178     3.4528   9.403370  0.000e+00
    113.929     7.1381    34.6221    27.1019 1.4652e-01     0.1591      0.509    1480.61     51.174     3.4525   9.403371  0.000e+00
    113.932     7.1380    34.6220    27.1018 1.4652e-01     0.1591      0.513    1480.61     51.168     3.4521   9.403371  0.000e+00
    113.953     7.1381    34.6221    27.1019 1.4652e-01     0.1615      0.513    1480.61     51.160     3.4515   9.403372  0.000e+00
    113.989     7.1382    34.6218    27.1016 1.4652e-01     0.1652      0.513    1480.61     51.151     3.4509   9.403372  0.000e+00
    114.001     7.1380    34.6218    27.1016 1.4652e-01     0.1652      0.509    1480.61     51.148     3.4508   9.403373  0.000e+00
    114.025     7.1379    34.6218    27.1016 1.4652e-01     0.1676      0.513    1480.61     51.144     3.4505   9.403373  0.000e+00
    114.050     7.1382    34.6218    27.1016 1.4652e-01     0.1688      0.513    1480.61     51.139     3.4501   9.403374  0.000e+00
    114.050     7.1379    34.6219    27.1018 1.4652e-01     0.1688      0.513    1480.61     51.132     3.4497   9.403374  0.000e+00
    114.102     7.1381    34.6220    27.1018 1.4652e-01     0.1676      0.516    1480.61     51.187     3.4534   9.403375  0.000e+00
    114.123     7.1381    34.6217    27.1015 1.4652e-01     0.1676      0.516    1480.61     51.123     3.4490   9.403375  0.000e+00
    114.134     7.1382    34.6219    27.1016 1.5873e-01     0.1652      0.520    1480.61     51.112     3.4483   9.403376  0.000e+00
    114.170     7.1381    34.6219    27.1017 1.4652e-01     0.1652      0.516    1480.61     51.171     3.4523   9.403376  0.000e+00
    114.184     7.1382    34.6218    27.1016 1.4652e-01     0.1676      0.513    1480.61     51.173     3.4524   9.403377  0.000e+00
    114.184     7.1382    34.6218    27.1016 1.4652e-01     0.1664      0.513    1480.61     51.174     3.4525   9.403377  0.000e+00
    114.236     7.1379    34.6221    27.1019 1.4652e-01     0.1652      0.513    1480.61     51.112     3.4483   9.403378  0.000e+00
    114.233     7.1381    34.6218    27.1017 1.4652e-01     0.1652      0.513    1480.61     51.165     3.4519   9.403378  0.000e+00
    114.257     7.1379    34.6222    27.1019 1.4652e-01     0.1664      0.509    1480.61     51.163     3.4517   9.403379  0.000e+00
    114.293     7.1379    34.6222    27.1020 1.4652e-01     0.1676      0.505    1480.61     51.097     3.4473   9.403379  0.000e+00
    114.304     7.1381    34.6217    27.1016 1.4652e-01     0.1676      0.505    1480.61     51.155     3.4512   9.403380  0.000e+00
    114.329     7.1377    34.6221    27.1019 1.4652e-01     0.1676      0.509    1480.61     51.087     3.4466   9.403380  0.000e+00
    114.345     7.1381    34.6219    27.1017 1.4652e-01     0.1676      0.520    1480.61     51.072     3.4456   9.403381  0.000e+00
    114.365     7.1379    34.6219    27.1017 1.4652e-01     0.1664      0.524    1480.61     51.057     3.4446   9.403381  0.000e+00
    114.378     7.1380    34.6220    27.1017 1.4652e-01     0.1652      0.527    1480.61     51.049     3.4440   9.403382  0.000e+00
    114.414     7.1378    34.6223    27.1021 1.4652e-01     0.1652      0.531    1480.61     51.040     3.4434   9.403382  0.000e+00
    114.414     7.1379    34.6218    27.1017 1.4652e-01     0.1652      0.535    1480.61     51.030     3.4428   9.403383  0.000e+00
    114.455     7.1380    34.6217    27.1016 1.4652e-01     0.1652      0.531    1480.61     51.083     3.4463   9.403383  0.000e+00
    114.463     7.1381    34.6221    27.1019 1.4652e-01     0.1676      0.531    1480.61     51.017     3.4419   9.403383  0.000e+00
    114.474     7.1379    34.6222    27.1020 1.4652e-01     0.1688      0.535    1480.61     51.068     3.4453   9.403384  0.000e+00
    114.523     7.1379    34.6221    27.1019 1.4652e-01     0.1664      0.535    1480.62     51.063     3.4450   9.403384  0.000e+00
    114.523     7.1381    34.6217    27.1015 1.4652e-01     0.1701      0.527    1480.62     51.057     3.4446   9.403385  0.000e+00
    114.548     7.1376    34.6225    27.1023 1.4652e-01     0.1701      0.516    1480.62     50.987     3.4399   9.403385  0.000e+00
