RAWDATA/20190107/VT66_20190109_down.cnv
* Sea-Bird SBE 9 Data File:
* FileName = C:\CTD Brukere\NIVA\OKOKYST2019\20190107\VT66_20190109.hex
* Software Version Seasave V 7.23.2
* Temperature SN = 5352
* Conductivity SN = 3840
* Number of Bytes Per Scan = 28
* Number of Voltage Words = 4
* Number of Scans Averaged by the Deck Unit = 1
* NMEA baud rate = 4800
** Ship: R/V Trygve Braarud
** Cruise:
** Station:
** Operator:
# nquan = 12
# nvalues = 11167                                 
# units = specified
# name 0 = depSM: Depth [salt water, m], lat = 59.60
# name 1 = t090C: Temperature [ITS-90, deg C]
# name 2 = sal00: Salinity, Practical [PSU]
# name 3 = sigma-t00: Density [sigma-t, kg/m^3 ]
# name 4 = flSP: Fluorescence, Seapoint
# name 5 = wetStar: Fluorescence, WET Labs WETstar [mg/m^3]
# name 6 = seaTurbMtr: Turbidity, Seapoint [FTU]
# name 7 = svCM: Sound Velocity [Chen-Millero, m/s]
# name 8 = sbeox0PS: Oxygen, SBE 43 [% saturation]
# name 9 = sbeox0ML/L: Oxygen, SBE 43 [ml/l]
# name 10 = timeJ: Julian Days
# name 11 = flag:  0.000e+00
# span 0 =     -0.353,    200.349                 
# span 1 =     3.1555,     8.9342                 
# span 2 =     0.9321,    34.6357                 
# span 3 =     0.7231,    27.1125                 
# span 4 = 0.0000e+00, 5.3724e-01                 
# span 5 =     0.1200,     0.5864                 
# span 6 =      0.458,      7.689                 
# span 7 =    1419.18,    1485.13                 
# span 8 =     41.468,     95.195                 
# span 9 =     2.7974,     8.7681                 
# span 10 =   9.400718,   9.406102                
# span 11 = 0.0000e+00, 0.0000e+00                
# interval = seconds: 0.0416667
# start_time = Jan 09 2019 09:37:02 [System UpLoad Time]
# bad_flag = -9.990e-29
*END*
[from data line 7098]
    147.344     7.1396    34.6284    27.1066 1.4652e-01     0.1664      0.560    1481.17     50.371     3.3980   9.404141  0.000e+00
    147.372     7.1393    34.6288    27.1070 1.4652e-01     0.1688      0.560    1481.17     50.317     3.3944   9.404141  0.000e+00
    147.369     7.1393    34.6288    27.1070 1.4652e-01     0.1688      0.560    1481.17     50.381     3.3988   9.404142  0.000e+00
    147.405     7.1395    34.6286    27.1068 1.4652e-01     0.1688      0.564    1481.17     50.390     3.3994   9.404142  0.000e+00
    147.435     7.1393    34.6290    27.1071 1.4652e-01     0.1676      0.564    1481.18     50.336     3.3957   9.404143  0.000e+00
    147.441     7.1395    34.6284    27.1066 1.4652e-01     0.1664      0.560    1481.18     50.329     3.3952   9.404143  0.000e+00
    147.471     7.1395    34.6285    27.1067 1.4652e-01     0.1688      0.560    1481.18     50.321     3.3947   9.404144  0.000e+00
    147.490     7.1395    34.6285    27.1067 1.4652e-01     0.1676      0.560    1481.18     50.376     3.3984   9.404144  0.000e+00
    147.520     7.1395    34.6285    27.1067 1.4652e-01     0.1713      0.560    1481.18     50.375     3.3983   9.404144  0.000e+00
    147.528     7.1393    34.6285    27.1067 1.4652e-01     0.1737      0.564    1481.18     50.382     3.3988   9.404145  0.000e+00
    147.567     7.1395    34.6286    27.1068 1.4652e-01     0.1749      0.571    1481.18     50.380     3.3987   9.404145  0.000e+00
    147.575     7.1397    34.6287    27.1068 1.4652e-01     0.1725      0.575    1481.18     50.386     3.3990   9.404146  0.000e+00
    147.605     7.1393    34.6290    27.1071 1.4652e-01     0.1713      0.571    1481.18     50.391     3.3994   9.404146  0.000e+00
    147.625     7.1395    34.6286    27.1068 1.4652e-01     0.1737      0.568    1481.18     50.396     3.3997   9.404147  0.000e+00
    147.654     7.1395    34.6287    27.1069 1.4652e-01     0.1713      0.564    1481.18     50.401     3.4000   9.404147  0.000e+00
    147.662     7.1395    34.6286    27.1068 1.4652e-01     0.1701      0.564    1481.18     50.405     3.4003   9.404148  0.000e+00
    147.690     7.1395    34.6287    27.1069 1.4652e-01     0.1701      0.564    1481.18     50.401     3.4001   9.404148  0.000e+00
    147.723     7.1395    34.6285    27.1067 1.4652e-01     0.1713      0.564    1481.18     50.405     3.4003   9.404149  0.000e+00
    147.726     7.1393    34.6289    27.1070 1.4652e-01     0.1701      0.564    1481.18     50.399     3.4000   9.404149  0.000e+00
    147.772     7.1393    34.6289    27.1071 1.5873e-01     0.1688      0.568    1481.18     50.394     3.3996   9.404150  0.000e+00
    147.775     7.1393    34.6289    27.1071 1.4652e-01     0.1688      0.568    1481.18     50.396     3.3997   9.404150  0.000e+00
    147.797     7.1395    34.6288    27.1069 1.4652e-01     0.1701      0.571    1481.18     50.397     3.3998   9.404151  0.000e+00
    147.824     7.1393    34.6292    27.1073 1.4652e-01     0.1688      0.571    1481.18     50.398     3.3999   9.404151  0.000e+00
    147.844     7.1393    34.6288    27.1069 1.4652e-01     0.1688      0.568    1481.18     50.399     3.3999   9.404152  0.000e+00
    147.860     7.1395    34.6284    27.1066 1.4652e-01     0.1688      0.568    1481.18     50.399     3.4000   9.404152  0.000e+00
    147.893     7.1393    34.6291    27.1072 1.4652e-01     0.1713      0.568    1481.18     50.400     3.4000   9.404153  0.000e+00
    147.923     7.1395    34.6287    27.1069 1.4652e-01     0.1737      0.568    1481.18     50.399     3.4000   9.404153  0.000e+00
    147.931     7.1396    34.6283    27.1066 1.4652e-01     0.1737      0.568    1481.18     50.399     3.3999   9.404154  0.000e+00
    147.946     7.1395    34.6286    27.1068 1.4652e-01     0.1713      0.571    1481.18     50.398     3.3999   9.404154  0.000e+00
    147.978     7.1395    34.6286    27.1068 1.4652e-01     0.1701      0.575    1481.18     50.397     3.3998   9.404155  0.000e+00
    148.008     7.1395    34.6286    27.1068 1.4652e-01     0.1701      0.571    1481.19     50.395     3.3997   9.404155  0.000e+00
    148.016     7.1393    34.6288    27.1070 1.4652e-01     0.1713      0.571    1481.18     50.394     3.3996   9.404156  0.000e+00
    148.044     7.1395    34.6286    27.1068 1.4652e-01     0.1701      0.571    1481.19     50.391     3.3994   9.404156  0.000e+00
    148.065     7.1393    34.6291    27.1072 1.4652e-01     0.1713      0.575    1481.19     50.389     3.3993   9.404157  0.000e+00
    148.080     7.1395    34.6288    27.1069 1.4652e-01     0.1713      0.579    1481.19     50.386     3.3991   9.404157  0.000e+00
    148.105     7.1395    34.6286    27.1067 1.4652e-01     0.1725      0.579    1481.19     50.383     3.3989   9.404158  0.000e+00
    148.126     7.1395    34.6288    27.1069 1.4652e-01     0.1725      0.579    1481.19     50.443     3.4029   9.404158  0.000e+00
    148.154     7.1395    34.6292    27.1073 1.4652e-01     0.1701      0.571    1481.19     50.446     3.4031   9.404158  0.000e+00
    148.175     7.1395    34.6287    27.1069 1.4652e-01     0.1701      0.568    1481.19     50.386     3.3991   9.404159  0.000e+00
    148.190     7.1397    34.6284    27.1066 1.4652e-01     0.1676      0.564    1481.19     50.381     3.3987   9.404159  0.000e+00
    148.211     7.1395    34.6288    27.1070 1.4652e-01     0.1688      0.568    1481.19     50.376     3.3984   9.404160  0.000e+00
    148.228     7.1393    34.6288    27.1069 1.4652e-01     0.1688      0.571    1481.19     50.370     3.3980   9.404160  0.000e+00
    148.260     7.1395    34.6285    27.1067 1.4652e-01     0.1701      0.571    1481.19     50.364     3.3976   9.404161  0.000e+00
    148.288     7.1395    34.6286    27.1068 1.4652e-01     0.1701      0.575    1481.19     50.421     3.4014   9.404161  0.000e+00
    148.285     7.1395    34.6290    27.1070 1.4652e-01     0.1713      0.571    1481.19     50.422     3.4015   9.404162  0.000e+00
    148.324     7.1397    34.6285    27.1067 1.4652e-01     0.1713      0.571    1481.19     50.430     3.4020   9.404162  0.000e+00
    148.337     7.1395    34.6288    27.1069 1.4652e-01     0.1713      0.579    1481.19     50.375     3.3983   9.404163  0.000e+00
    148.359     7.1397    34.6286    27.1068 1.4652e-01     0.1725      0.601    1481.19     50.375     3.3983   9.404163  0.000e+00
    148.386     7.1395    34.6285    27.1067 1.4652e-01     0.1749      0.637    1481.19     50.367     3.3978   9.404164  0.000e+00
    148.395     7.1395    34.6285    27.1067 1.4652e-01     0.1737      0.641    1481.19     50.367     3.3978   9.404164  0.000e+00
    148.422     7.1393    34.6286    27.1068 1.4652e-01     0.1737      0.623    1481.19     50.422     3.4015   9.404165  0.000e+00
    148.444     7.1397    34.6285    27.1067 1.4652e-01     0.1725      0.604    1481.19     50.429     3.4019   9.404165  0.000e+00
    148.459     7.1398    34.6283    27.1065 1.4652e-01     0.1737      0.593    1481.19     50.372     3.3981   9.404166  0.000e+00
    148.483     7.1395    34.6289    27.1070 1.4652e-01     0.1737      0.597    1481.19     50.426     3.4017   9.404166  0.000e+00
    148.504     7.1395    34.6286    27.1067 1.4652e-01     0.1725      0.601    1481.19     50.424     3.4016   9.404167  0.000e+00
    148.521     7.1396    34.6287    27.1069 1.4652e-01     0.1737      0.601    1481.19     50.421     3.4014   9.404167  0.000e+00
    148.540     7.1393    34.6290    27.1071 1.4652e-01     0.1737      0.597    1481.19     50.426     3.4017   9.404168  0.000e+00
    148.557     7.1395    34.6287    27.1068 1.4652e-01     0.1737      0.593    1481.19     50.430     3.4020   9.404168  0.000e+00
    148.578     7.1396    34.6286    27.1067 1.4652e-01     0.1749      0.590    1481.19     50.434     3.4023   9.404169  0.000e+00
    148.606     7.1397    34.6288    27.1069 1.4652e-01     0.1749      0.593    1481.20     50.438     3.4025   9.404169  0.000e+00
    148.617     7.1397    34.6286    27.1068 1.4652e-01     0.1774      0.608    1481.20     50.441     3.4028   9.404170  0.000e+00
    148.652     7.1396    34.6286    27.1068 1.4652e-01     0.1737      0.630    1481.20     50.444     3.4030   9.404170  0.000e+00
    148.655     7.1395    34.6289    27.1070 1.4652e-01     0.1701      0.630    1481.20     50.447     3.4032   9.404171  0.000e+00
    148.675     7.1395    34.6290    27.1071 1.4652e-01     0.1701      0.619    1481.20     50.449     3.4033   9.404171  0.000e+00
    148.703     7.1396    34.6286    27.1067 1.4652e-01     0.1713      0.608    1481.20     50.451     3.4035   9.404171  0.000e+00
    148.716     7.1395    34.6286    27.1068 1.4652e-01     0.1725      0.597    1481.20     50.453     3.4036   9.404172  0.000e+00
    148.737     7.1395    34.6289    27.1070 1.4652e-01     0.1737      0.593    1481.20     50.455     3.4037   9.404172  0.000e+00
    148.765     7.1393    34.6292    27.1073 1.4652e-01     0.1725      0.582    1481.20     50.456     3.4038   9.404173  0.000e+00
    148.773     7.1397    34.6291    27.1071 1.5873e-01     0.1737      0.575    1481.20     50.456     3.4038   9.404173  0.000e+00
    148.790     7.1395    34.6291    27.1072 1.4652e-01     0.1713      0.571    1481.20     50.457     3.4038   9.404174  0.000e+00
    148.826     7.1393    34.6289    27.1070 1.4652e-01     0.1737      0.571    1481.20     50.457     3.4039   9.404174  0.000e+00
    148.834     7.1395    34.6285    27.1067 1.4652e-01     0.1713      0.571    1481.20     50.457     3.4038   9.404175  0.000e+00
    148.862     7.1397    34.6287    27.1068 1.4652e-01     0.1725      0.571    1481.20     50.456     3.4038   9.404175  0.000e+00
    148.871     7.1393    34.6291    27.1072 1.4652e-01     0.1713      0.575    1481.20     50.455     3.4037   9.404176  0.000e+00
    148.886     7.1395    34.6292    27.1072 1.4652e-01     0.1713      0.586    1481.20     50.454     3.4036   9.404176  0.000e+00
    148.924     7.1393    34.6291    27.1072 1.4652e-01     0.1725      0.590    1481.20     50.453     3.4036   9.404177  0.000e+00
    148.945     7.1393    34.6291    27.1072 1.4652e-01     0.1713      0.593    1481.20     50.451     3.4034   9.404177  0.000e+00
    148.947     7.1393    34.6292    27.1072 1.4652e-01     0.1701      0.593    1481.20     50.449     3.4033   9.404178  0.000e+00
    148.968     7.1395    34.6292    27.1072 1.4652e-01     0.1676      0.582    1481.20     50.446     3.4031   9.404178  0.000e+00
    148.996     7.1395    34.6293    27.1073 1.4652e-01     0.1676      0.579    1481.20     50.444     3.4029   9.404179  0.000e+00
    149.021     7.1393    34.6291    27.1072 1.4652e-01     0.1701      0.575    1481.20     50.441     3.4027   9.404179  0.000e+00
    149.017     7.1393    34.6291    27.1072 1.4652e-01     0.1737      0.575    1481.20     50.437     3.4025   9.404180  0.000e+00
    149.045     7.1396    34.6287    27.1068 1.4652e-01     0.1749      0.582    1481.20     50.496     3.4065   9.404180  0.000e+00
    149.058     7.1395    34.6288    27.1070 1.5873e-01     0.1749      0.586    1481.20     50.437     3.4025   9.404181  0.000e+00
    149.091     7.1393    34.6290    27.1071 1.4652e-01     0.1725      0.586    1481.20     50.432     3.4022   9.404181  0.000e+00
    149.106     7.1395    34.6291    27.1072 1.4652e-01     0.1688      0.579    1481.20     50.435     3.4023   9.404182  0.000e+00
    149.119     7.1395    34.6290    27.1071 1.4652e-01     0.1688      0.579    1481.20     50.438     3.4026   9.404182  0.000e+00
    149.152     7.1395    34.6287    27.1069 1.4652e-01     0.1652      0.579    1481.20     50.433     3.4022   9.404183  0.000e+00
    149.168     7.1393    34.6290    27.1071 1.4652e-01     0.1652      0.579    1481.20     50.428     3.4019   9.404183  0.000e+00
    149.165     7.1396    34.6290    27.1070 1.4652e-01     0.1652      0.579    1481.21     50.485     3.4057   9.404184  0.000e+00
    149.204     7.1393    34.6293    27.1074 1.4652e-01     0.1676      0.579    1481.21     50.423     3.4016   9.404184  0.000e+00
    149.216     7.1393    34.6293    27.1074 1.4652e-01     0.1688      0.579    1481.21     50.417     3.4011   9.404185  0.000e+00
    149.239     7.1393    34.6288    27.1069 1.4652e-01     0.1701      0.575    1481.20     50.418     3.4012   9.404185  0.000e+00
    149.253     7.1395    34.6289    27.1070 1.4652e-01     0.1725      0.579    1481.21     50.419     3.4013   9.404185  0.000e+00
    149.278     7.1395    34.6289    27.1070 1.4652e-01     0.1713      0.582    1481.21     50.420     3.4013   9.404186  0.000e+00
    149.286     7.1395    34.6288    27.1070 1.4652e-01     0.1701      0.579    1481.21     50.413     3.4009   9.404186  0.000e+00
    149.314     7.1393    34.6286    27.1068 1.4652e-01     0.1701      0.571    1481.21     50.406     3.4004   9.404187  0.000e+00
    149.338     7.1393    34.6288    27.1070 1.4652e-01     0.1713      0.568    1481.21     50.398     3.3999   9.404187  0.000e+00
    149.348     7.1395    34.6287    27.1068 1.4652e-01     0.1737      0.564    1481.21     50.390     3.3993   9.404188  0.000e+00
    149.388     7.1393    34.6289    27.1070 1.4652e-01     0.1713      0.568    1481.21     50.327     3.3951   9.404188  0.000e+00
    149.388     7.1395    34.6291    27.1072 1.5873e-01     0.1713      0.564    1481.21     50.382     3.3988   9.404189  0.000e+00
    149.409     7.1395    34.6289    27.1070 1.4652e-01     0.1725      0.560    1481.21     50.374     3.3982   9.404189  0.000e+00
    149.437     7.1395    34.6289    27.1070 1.4652e-01     0.1713      0.560    1481.21     50.374     3.3982   9.404190  0.000e+00
    149.448     7.1393    34.6290    27.1071 1.4652e-01     0.1652      0.557    1481.21     50.374     3.3982   9.404190  0.000e+00
    149.483     7.1395    34.6289    27.1071 1.4652e-01     0.1676      0.557    1481.21     50.374     3.3982   9.404191  0.000e+00
    149.497     7.1395    34.6292    27.1073 1.5873e-01     0.1701      0.557    1481.21     50.373     3.3982   9.404191  0.000e+00
    149.522     7.1395    34.6291    27.1071 1.4652e-01     0.1701      0.557    1481.21     50.373     3.3982   9.404192  0.000e+00
    149.530     7.1395    34.6287    27.1068 1.4652e-01     0.1725      0.557    1481.21     50.373     3.3982   9.404192  0.000e+00
    149.547     7.1395    34.6289    27.1070 1.4652e-01     0.1749      0.560    1481.21     50.373     3.3981   9.404193  0.000e+00
    149.583     7.1393    34.6291    27.1072 1.4652e-01     0.1749      0.568    1481.21     50.373     3.3982   9.404193  0.000e+00
    149.592     7.1395    34.6288    27.1069 1.4652e-01     0.1749      0.571    1481.21     50.372     3.3981   9.404194  0.000e+00
    149.632     7.1395    34.6288    27.1069 1.4652e-01     0.1737      0.582    1481.21     50.372     3.3981   9.404194  0.000e+00
    149.632     7.1395    34.6287    27.1068 1.4652e-01     0.1713      0.582    1481.21     50.372     3.3981   9.404195  0.000e+00
    149.666     7.1395    34.6291    27.1072 1.4652e-01     0.1725      0.575    1481.21     50.372     3.3981   9.404195  0.000e+00
    149.681     7.1393    34.6291    27.1072 1.4652e-01     0.1725      0.575    1481.21     50.372     3.3981   9.404196  0.000e+00
    149.704     7.1393    34.6289    27.1070 1.4652e-01     0.1725      0.571    1481.21     50.371     3.3981   9.404196  0.000e+00
    149.728     7.1395    34.6290    27.1071 1.4652e-01     0.1725      0.571    1481.21     50.371     3.3981   9.404197  0.000e+00
    149.738     7.1397    34.6288    27.1069 1.4652e-01     0.1701      0.571    1481.21     50.371     3.3980   9.404197  0.000e+00
    149.766     7.1393    34.6290    27.1071 1.4652e-01     0.1688      0.579    1481.21     50.371     3.3980   9.404198  0.000e+00
    149.791     7.1393    34.6293    27.1073 1.4652e-01     0.1688      0.586    1481.21     50.371     3.3980   9.404198  0.000e+00
