RAWDATA/20190107/VT66_20190109_down.cnv
* Sea-Bird SBE 9 Data File:
* FileName = C:\CTD Brukere\NIVA\OKOKYST2019\20190107\VT66_20190109.hex
* Software Version Seasave V 7.23.2
* Temperature SN = 5352
* Conductivity SN = 3840
* Number of Bytes Per Scan = 28
* Number of Voltage Words = 4
* Number of Scans Averaged by the Deck Unit = 1
* NMEA baud rate = 4800
** Ship: R/V Trygve Braarud
** Cruise:
** Station:
** Operator:
# nquan = 12
# nvalues = 11167                                 
# units = specified
# name 0 = depSM: Depth [salt water, m], lat = 59.60
# name 1 = t090C: Temperature [ITS-90, deg C]
# name 2 = sal00: Salinity, Practical [PSU]
# name 3 = sigma-t00: Density [sigma-t, kg/m^3 ]
# name 4 = flSP: Fluorescence, Seapoint
# name 5 = wetStar: Fluorescence, WET Labs WETstar [mg/m^3]
# name 6 = seaTurbMtr: Turbidity, Seapoint [FTU]
# name 7 = svCM: Sound Velocity [Chen-Millero, m/s]
# name 8 = sbeox0PS: Oxygen, SBE 43 [% saturation]
# name 9 = sbeox0ML/L: Oxygen, SBE 43 [ml/l]
# name 10 = timeJ: Julian Days
# name 11 = flag:  0.000e+00
# span 0 =     -0.353,    200.349                 
# span 1 =     3.1555,     8.9342                 
# span 2 =     0.9321,    34.6357                 
# span 3 =     0.7231,    27.1125                 
# span 4 = 0.0000e+00, 5.3724e-01                 
# span 5 =     0.1200,     0.5864                 
# span 6 =      0.458,      7.689                 
# span 7 =    1419.18,    1485.13                 
# span 8 =     41.468,     95.195                 
# span 9 =     2.7974,     8.7681                 
# span 10 =   9.400718,   9.406102                
# span 11 = 0.0000e+00, 0.0000e+00                
# interval = seconds: 0.0416667
# start_time = Jan 09 2019 09:37:02 [System UpLoad Time]
# bad_flag = -9.990e-29
*END*
[from data line 4091]
     83.293     7.1404    34.6001    27.0842 1.4652e-01     0.1701      0.476    1480.08     50.360     3.3979   9.402690  0.000e+00
     83.304     7.1401    34.6001    27.0843 1.4652e-01     0.1688      0.476    1480.08     50.368     3.3984   9.402691  0.000e+00
     83.329     7.1404    34.5997    27.0839 1.4652e-01     0.1688      0.473    1480.08     50.377     3.3990   9.402691  0.000e+00
     83.353     7.1404    34.5999    27.0841 1.4652e-01     0.1688      0.476    1480.08     50.379     3.3991   9.402692  0.000e+00
     83.377     7.1404    34.5998    27.0839 1.4652e-01     0.1701      0.476    1480.08     50.390     3.3999   9.402692  0.000e+00
     83.400     7.1404    34.5999    27.0840 1.4652e-01     0.1701      0.484    1480.08     50.394     3.4001   9.402693  0.000e+00
     83.425     7.1403    34.6004    27.0844 1.4652e-01     0.1688      0.495    1480.08     50.399     3.4005   9.402693  0.000e+00
     83.449     7.1404    34.6001    27.0842 1.4652e-01     0.1676      0.498    1480.08     50.405     3.4009   9.402694  0.000e+00
     83.462     7.1403    34.6004    27.0844 1.4652e-01     0.1701      0.498    1480.08     50.412     3.4014   9.402694  0.000e+00
     83.487     7.1403    34.6005    27.0845 1.5873e-01     0.1688      0.495    1480.08     50.420     3.4019   9.402695  0.000e+00
     83.509     7.1406    34.6003    27.0843 1.4652e-01     0.1676      0.491    1480.08     50.429     3.4025   9.402695  0.000e+00
     83.534     7.1404    34.6006    27.0846 1.5873e-01     0.1664      0.491    1480.08     50.439     3.4032   9.402696  0.000e+00
     83.545     7.1403    34.6010    27.0849 1.4652e-01     0.1664      0.491    1480.08     50.442     3.4034   9.402696  0.000e+00
     83.583     7.1404    34.6007    27.0847 1.4652e-01     0.1640      0.487    1480.09     50.446     3.4037   9.402697  0.000e+00
     83.594     7.1404    34.6006    27.0846 1.4652e-01     0.1640      0.484    1480.09     50.450     3.4039   9.402697  0.000e+00
     83.619     7.1403    34.6008    27.0847 1.4652e-01     0.1701      0.484    1480.09     50.463     3.4048   9.402698  0.000e+00
     83.630     7.1404    34.6006    27.0846 1.4652e-01     0.1737      0.480    1480.09     50.469     3.4052   9.402698  0.000e+00
     83.668     7.1404    34.6006    27.0846 1.4652e-01     0.1749      0.473    1480.09     50.413     3.4014   9.402699  0.000e+00
     83.681     7.1404    34.6006    27.0846 1.4652e-01     0.1713      0.473    1480.09     50.475     3.4056   9.402699  0.000e+00
     83.692     7.1404    34.6008    27.0847 1.4652e-01     0.1713      0.473    1480.09     50.421     3.4020   9.402700  0.000e+00
     83.728     7.1406    34.6007    27.0847 1.4652e-01     0.1688      0.473    1480.09     50.485     3.4063   9.402700  0.000e+00
     83.739     7.1404    34.6009    27.0848 1.5873e-01     0.1688      0.476    1480.09     50.494     3.4069   9.402701  0.000e+00
     83.764     7.1404    34.6011    27.0850 1.4652e-01     0.1688      0.484    1480.09     50.497     3.4071   9.402701  0.000e+00
     83.800     7.1407    34.6006    27.0846 1.4652e-01     0.1701      0.484    1480.09     50.508     3.4078   9.402702  0.000e+00
     83.813     7.1404    34.6010    27.0849 1.4652e-01     0.1701      0.484    1480.09     50.511     3.4080   9.402702  0.000e+00
     83.824     7.1404    34.6009    27.0848 1.4652e-01     0.1676      0.484    1480.09     50.514     3.4083   9.402703  0.000e+00
     83.861     7.1403    34.6012    27.0851 1.4652e-01     0.1688      0.484    1480.09     50.518     3.4085   9.402703  0.000e+00
     83.873     7.1406    34.6010    27.0849 1.4652e-01     0.1713      0.484    1480.09     50.460     3.4046   9.402704  0.000e+00
     83.884     7.1404    34.6009    27.0848 1.4652e-01     0.1725      0.480    1480.09     50.520     3.4086   9.402704  0.000e+00
     83.920     7.1406    34.6011    27.0849 1.4652e-01     0.1713      0.480    1480.09     50.463     3.4048   9.402704  0.000e+00
     83.933     7.1406    34.6008    27.0847 1.4652e-01     0.1701      0.484    1480.09     50.523     3.4089   9.402705  0.000e+00
     83.958     7.1406    34.6008    27.0847 1.4652e-01     0.1725      0.484    1480.09     50.530     3.4093   9.402705  0.000e+00
     83.993     7.1404    34.6011    27.0850 1.4652e-01     0.1737      0.484    1480.09     50.474     3.4055   9.402706  0.000e+00
     84.007     7.1406    34.6009    27.0848 1.4652e-01     0.1737      0.484    1480.09     50.473     3.4055   9.402706  0.000e+00
     84.018     7.1406    34.6009    27.0848 1.4652e-01     0.1713      0.480    1480.09     50.536     3.4097   9.402707  0.000e+00
     84.054     7.1404    34.6013    27.0852 1.4652e-01     0.1701      0.484    1480.09     50.544     3.4102   9.402707  0.000e+00
     84.067     7.1407    34.6008    27.0847 1.4652e-01     0.1725      0.487    1480.09     50.552     3.4108   9.402708  0.000e+00
     84.090     7.1404    34.6013    27.0852 1.4652e-01     0.1713      0.491    1480.09     50.498     3.4072   9.402708  0.000e+00
     84.114     7.1406    34.6009    27.0848 1.5873e-01     0.1725      0.498    1480.10     50.563     3.4115   9.402709  0.000e+00
     84.140     7.1404    34.6012    27.0851 1.4652e-01     0.1737      0.505    1480.10     50.502     3.4074   9.402709  0.000e+00
     84.163     7.1408    34.6007    27.0846 1.4652e-01     0.1737      0.505    1480.10     50.496     3.4070   9.402710  0.000e+00
     84.174     7.1404    34.6012    27.0851 1.4652e-01     0.1713      0.502    1480.10     50.491     3.4067   9.402710  0.000e+00
     84.199     7.1407    34.6010    27.0849 1.4652e-01     0.1664      0.498    1480.10     50.486     3.4063   9.402711  0.000e+00
     84.223     7.1408    34.6007    27.0846 1.4652e-01     0.1688      0.498    1480.10     50.544     3.4102   9.402711  0.000e+00
     84.259     7.1406    34.6010    27.0848 1.4652e-01     0.1713      0.495    1480.10     50.485     3.4062   9.402712  0.000e+00
     84.272     7.1406    34.6011    27.0850 1.5873e-01     0.1725      0.495    1480.10     50.488     3.4065   9.402712  0.000e+00
     84.297     7.1406    34.6013    27.0852 1.4652e-01     0.1725      0.495    1480.10     50.493     3.4068   9.402713  0.000e+00
     84.319     7.1404    34.6011    27.0850 1.4652e-01     0.1713      0.487    1480.10     50.489     3.4066   9.402713  0.000e+00
     84.344     7.1406    34.6012    27.0851 1.4652e-01     0.1701      0.484    1480.10     50.487     3.4064   9.402714  0.000e+00
     84.357     7.1406    34.6008    27.0848 1.4652e-01     0.1701      0.480    1480.10     50.484     3.4062   9.402714  0.000e+00
     84.381     7.1408    34.6011    27.0849 1.4652e-01     0.1701      0.480    1480.10     50.482     3.4061   9.402715  0.000e+00
     84.404     7.1407    34.6013    27.0851 1.4652e-01     0.1676      0.484    1480.10     50.481     3.4059   9.402715  0.000e+00
     84.429     7.1404    34.6016    27.0853 1.5873e-01     0.1640      0.487    1480.10     50.417     3.4017   9.402716  0.000e+00
     84.453     7.1406    34.6013    27.0851 1.4652e-01     0.1627      0.491    1480.10     50.471     3.4053   9.402716  0.000e+00
     84.478     7.1406    34.6012    27.0850 1.5873e-01     0.1664      0.491    1480.10     50.470     3.4053   9.402717  0.000e+00
     84.478     7.1404    34.6013    27.0851 1.4652e-01     0.1676      0.491    1480.10     50.407     3.4010   9.402717  0.000e+00
     84.515     7.1404    34.6014    27.0853 1.4652e-01     0.1652      0.491    1480.10     50.400     3.4006   9.402717  0.000e+00
     84.538     7.1409    34.6010    27.0849 1.4652e-01     0.1640      0.495    1480.10     50.394     3.4001   9.402718  0.000e+00
     84.562     7.1406    34.6016    27.0853 1.4652e-01     0.1627      0.498    1480.10     50.388     3.3997   9.402718  0.000e+00
     84.587     7.1406    34.6016    27.0854 1.4652e-01     0.1652      0.498    1480.10     50.383     3.3993   9.402719  0.000e+00
     84.598     7.1406    34.6013    27.0851 1.4652e-01     0.1676      0.502    1480.10     50.378     3.3990   9.402719  0.000e+00
     84.634     7.1406    34.6013    27.0851 1.4652e-01     0.1701      0.502    1480.10     50.312     3.3946   9.402720  0.000e+00
     84.658     7.1406    34.6013    27.0851 1.4652e-01     0.1688      0.491    1480.10     50.301     3.3938   9.402720  0.000e+00
     84.671     7.1406    34.6015    27.0853 1.4652e-01     0.1701      0.487    1480.11     50.291     3.3932   9.402721  0.000e+00
     84.694     7.1407    34.6013    27.0851 1.5873e-01     0.1676      0.487    1480.11     50.283     3.3926   9.402721  0.000e+00
     84.707     7.1406    34.6015    27.0853 1.5873e-01     0.1676      0.487    1480.11     50.275     3.3921   9.402722  0.000e+00
     84.743     7.1406    34.6013    27.0851 1.5873e-01     0.1688      0.487    1480.11     50.260     3.3911   9.402722  0.000e+00
     84.768     7.1407    34.6014    27.0851 1.5873e-01     0.1688      0.487    1480.11     50.254     3.3906   9.402723  0.000e+00
     84.779     7.1406    34.6015    27.0853 1.5873e-01     0.1688      0.491    1480.11     50.241     3.3898   9.402723  0.000e+00
     84.817     7.1409    34.6010    27.0848 1.5873e-01     0.1688      0.491    1480.11     50.236     3.3894   9.402724  0.000e+00
     84.828     7.1407    34.6019    27.0855 1.5873e-01     0.1676      0.495    1480.11     50.232     3.3892   9.402724  0.000e+00
     84.852     7.1408    34.6013    27.0851 1.4652e-01     0.1664      0.498    1480.11     50.230     3.3890   9.402725  0.000e+00
     84.877     7.1408    34.6012    27.0850 1.5873e-01     0.1688      0.498    1480.11     50.165     3.3847   9.402725  0.000e+00
     84.913     7.1406    34.6015    27.0853 1.4652e-01     0.1713      0.498    1480.11     50.157     3.3842   9.402726  0.000e+00
     84.926     7.1404    34.6017    27.0855 1.4652e-01     0.1713      0.498    1480.11     50.151     3.3837   9.402726  0.000e+00
     84.962     7.1408    34.6015    27.0853 1.5873e-01     0.1701      0.495    1480.11     50.145     3.3833   9.402727  0.000e+00
     84.986     7.1406    34.6019    27.0856 1.4652e-01     0.1676      0.491    1480.11     50.133     3.3825   9.402727  0.000e+00
     84.997     7.1409    34.6012    27.0850 1.5873e-01     0.1701      0.491    1480.11     50.129     3.3822   9.402728  0.000e+00
     85.022     7.1408    34.6012    27.0850 1.4652e-01     0.1713      0.487    1480.11     50.119     3.3816   9.402728  0.000e+00
     85.046     7.1404    34.6019    27.0856 1.5873e-01     0.1737      0.484    1480.11     50.056     3.3773   9.402729  0.000e+00
     85.069     7.1408    34.6016    27.0853 1.4652e-01     0.1725      0.480    1480.11     50.049     3.3768   9.402729  0.000e+00
     85.082     7.1406    34.6020    27.0856 1.4652e-01     0.1737      0.480    1480.11     50.098     3.3801   9.402730  0.000e+00
     85.131     7.1406    34.6015    27.0853 1.4652e-01     0.1713      0.480    1480.11     50.030     3.3756   9.402730  0.000e+00
     85.142     7.1406    34.6016    27.0854 1.4652e-01     0.1713      0.484    1480.11     50.027     3.3753   9.402731  0.000e+00
     85.167     7.1409    34.6016    27.0853 1.4652e-01     0.1713      0.484    1480.11     50.025     3.3752   9.402731  0.000e+00
     85.178     7.1407    34.6017    27.0854 1.4652e-01     0.1701      0.484    1480.11     50.025     3.3752   9.402731  0.000e+00
     85.216     7.1408    34.6018    27.0854 1.4652e-01     0.1701      0.484    1480.12     50.019     3.3748   9.402732  0.000e+00
     85.239     7.1408    34.6016    27.0853 1.5873e-01     0.1664      0.484    1480.12     50.021     3.3749   9.402732  0.000e+00
     85.263     7.1407    34.6018    27.0855 1.4652e-01     0.1664      0.487    1480.12     50.018     3.3747   9.402733  0.000e+00
     85.288     7.1409    34.6017    27.0854 1.5873e-01     0.1676      0.491    1480.12     50.015     3.3745   9.402733  0.000e+00
     85.299     7.1408    34.6016    27.0853 1.4652e-01     0.1676      0.487    1480.12     49.952     3.3702   9.402734  0.000e+00
     85.336     7.1407    34.6020    27.0857 1.4652e-01     0.1688      0.487    1480.12     50.007     3.3740   9.402734  0.000e+00
     85.348     7.1409    34.6017    27.0854 1.4652e-01     0.1688      0.487    1480.12     49.954     3.3704   9.402735  0.000e+00
     85.397     7.1406    34.6020    27.0856 1.4652e-01     0.1725      0.484    1480.12     49.950     3.3702   9.402735  0.000e+00
     85.408     7.1409    34.6016    27.0853 1.4652e-01     0.1725      0.480    1480.12     49.948     3.3700   9.402736  0.000e+00
     85.433     7.1407    34.6020    27.0857 1.4652e-01     0.1713      0.484    1480.12     49.947     3.3699   9.402736  0.000e+00
     85.446     7.1408    34.6018    27.0855 1.4652e-01     0.1676      0.487    1480.12     49.948     3.3700   9.402737  0.000e+00
     85.482     7.1408    34.6020    27.0856 1.4652e-01     0.1627      0.491    1480.12     49.950     3.3701   9.402737  0.000e+00
     85.506     7.1407    34.6021    27.0858 1.4652e-01     0.1652      0.495    1480.12     49.954     3.3704   9.402738  0.000e+00
     85.517     7.1408    34.6021    27.0857 1.4652e-01     0.1652      0.498    1480.12     49.960     3.3708   9.402738  0.000e+00
     85.553     7.1408    34.6018    27.0855 1.4652e-01     0.1652      0.502    1480.12     49.904     3.3671   9.402739  0.000e+00
     85.578     7.1406    34.6024    27.0860 1.4652e-01     0.1664      0.509    1480.12     49.898     3.3666   9.402739  0.000e+00
     85.591     7.1409    34.6020    27.0856 1.4652e-01     0.1664      0.509    1480.12     49.901     3.3668   9.402740  0.000e+00
     85.627     7.1408    34.6015    27.0852 1.4652e-01     0.1652      0.513    1480.12     49.906     3.3672   9.402740  0.000e+00
     85.638     7.1406    34.6023    27.0859 1.4652e-01     0.1652      0.520    1480.12     49.905     3.3671   9.402741  0.000e+00
     85.675     7.1406    34.6022    27.0858 1.4652e-01     0.1676      0.527    1480.12     49.905     3.3671   9.402741  0.000e+00
     85.687     7.1408    34.6022    27.0858 1.4652e-01     0.1688      0.524    1480.12     49.907     3.3672   9.402742  0.000e+00
     85.711     7.1406    34.6023    27.0859 1.4652e-01     0.1676      0.538    1480.12     49.911     3.3675   9.402742  0.000e+00
     85.723     7.1404    34.6023    27.0860 1.4652e-01     0.1676      0.568    1480.12     49.916     3.3679   9.402743  0.000e+00
     85.759     7.1409    34.6020    27.0856 1.4652e-01     0.1688      0.568    1480.12     49.923     3.3683   9.402743  0.000e+00
     85.772     7.1407    34.6023    27.0859 1.4652e-01     0.1713      0.557    1480.12     49.923     3.3683   9.402744  0.000e+00
     85.808     7.1406    34.6024    27.0860 1.4652e-01     0.1725      0.538    1480.13     49.925     3.3684   9.402744  0.000e+00
     85.832     7.1408    34.6020    27.0856 1.4652e-01     0.1701      0.520    1480.13     49.928     3.3687   9.402745  0.000e+00
     85.843     7.1404    34.6025    27.0861 1.4652e-01     0.1676      0.527    1480.13     49.870     3.3647   9.402745  0.000e+00
     85.881     7.1408    34.6025    27.0860 1.4652e-01     0.1701      0.553    1480.13     49.868     3.3646   9.402745  0.000e+00
     85.892     7.1404    34.6029    27.0864 1.4652e-01     0.1701      0.590    1480.13     49.868     3.3646   9.402746  0.000e+00
     85.917     7.1409    34.6022    27.0858 1.4652e-01     0.1725      0.623    1480.13     49.869     3.3647   9.402746  0.000e+00
     85.941     7.1408    34.6025    27.0860 1.4652e-01     0.1713      0.619    1480.13     49.872     3.3649   9.402747  0.000e+00
     85.966     7.1409    34.6018    27.0855 1.3431e-01     0.1701      0.586    1480.13     49.877     3.3652   9.402747  0.000e+00
