RAWDATA/20190107/VT67_20190109_down.cnv
* Sea-Bird SBE 9 Data File:
* FileName = C:\CTD Brukere\NIVA\OKOKYST2019\20190107\VT67_20190109.hex
* Software Version Seasave V 7.23.2
* Temperature SN = 5352
* Conductivity SN = 3840
* Number of Bytes Per Scan = 28
* Number of Voltage Words = 4
* Number of Scans Averaged by the Deck Unit = 1
* NMEA baud rate = 4800
** Ship: R/V Trygve Braarud
** Cruise:
** Station:
** Operator:
# nquan = 12
# nvalues = 4893                                  
# units = specified
# name 0 = depSM: Depth [salt water, m], lat = 59.60
# name 1 = t090C: Temperature [ITS-90, deg C]
# name 2 = sal00: Salinity, Practical [PSU]
# name 3 = sigma-t00: Density [sigma-t, kg/m^3 ]
# name 4 = flSP: Fluorescence, Seapoint
# name 5 = wetStar: Fluorescence, WET Labs WETstar [mg/m^3]
# name 6 = seaTurbMtr: Turbidity, Seapoint [FTU]
# name 7 = svCM: Sound Velocity [Chen-Millero, m/s]
# name 8 = sbeox0PS: Oxygen, SBE 43 [% saturation]
# name 9 = sbeox0ML/L: Oxygen, SBE 43 [ml/l]
# name 10 = timeJ: Julian Days
# name 11 = flag:  0.000e+00
# span 0 =      0.004,    102.536                 
# span 1 =     4.6114,     9.2211                 
# span 2 =    19.2158,    34.6543                 
# span 3 =    15.2137,    26.8129                 
# span 4 = 1.3431e-01, 4.5177e-01                 
# span 5 =     0.1200,     1.0528                 
# span 6 =      0.469,      1.132                 
# span 7 =    1449.07,    1488.26                 
# span 8 =     69.347,     90.405                 
# span 9 =     4.4648,     7.1374                 
# span 10 =   9.352350,   9.354709                
# span 11 = 0.0000e+00, 0.0000e+00                
# interval = seconds: 0.0416667
# start_time = Jan 09 2019 08:27:23 [System UpLoad Time]
# bad_flag = -9.990e-29
*END*
[from data line 1083]
     19.007     8.0191    33.4467    26.0512 1.8315e-01     0.1542      0.498    1480.94     84.922     5.6592   9.352872  0.000e+00
     19.018     8.0200    33.4484    26.0524 1.8315e-01     0.1566      0.495    1480.94     84.951     5.6610   9.352872  0.000e+00
     19.067     8.0261    33.4514    26.0538 1.9536e-01     0.1554      0.491    1480.97     85.035     5.6657   9.352873  0.000e+00
     19.067     8.0359    33.4598    26.0590 1.8315e-01     0.1517      0.491    1481.02     85.003     5.6620   9.352873  0.000e+00
     19.091     8.0440    33.4688    26.0649 1.8315e-01     0.1493      0.498    1481.06     85.026     5.6622   9.352874  0.000e+00
     19.114     8.0454    33.4705    26.0660 1.8315e-01     0.1505      0.505    1481.07     85.051     5.6636   9.352874  0.000e+00
     19.138     8.0464    33.4666    26.0629 1.7094e-01     0.1517      0.513    1481.07     85.129     5.6688   9.352875  0.000e+00
     19.151     8.0453    33.4632    26.0603 1.8315e-01     0.1517      0.516    1481.06     85.154     5.6707   9.352875  0.000e+00
     19.174     8.0438    33.4609    26.0587 1.8315e-01     0.1517      0.524    1481.05     85.179     5.6727   9.352876  0.000e+00
     19.198     8.0490    33.4612    26.0582 1.8315e-01     0.1493      0.527    1481.07     85.203     5.6736   9.352876  0.000e+00
     19.222     8.0544    33.4663    26.0614 1.8315e-01     0.1493      0.531    1481.10     85.227     5.6743   9.352877  0.000e+00
     19.233     8.0564    33.4697    26.0638 1.7094e-01     0.1481      0.531    1481.11     85.252     5.6756   9.352877  0.000e+00
     19.246     8.0506    33.4687    26.0639 1.8315e-01     0.1481      0.531    1481.09     85.269     5.6775   9.352878  0.000e+00
     19.282     8.0413    33.4629    26.0606 1.8315e-01     0.1481      0.527    1481.05     85.287     5.6801   9.352878  0.000e+00
     19.306     8.0267    33.4586    26.0595 1.8315e-01     0.1481      0.520    1480.99     85.305     5.6834   9.352879  0.000e+00
     19.329     8.0218    33.4545    26.0569 1.7094e-01     0.1493      0.509    1480.96     85.322     5.6853   9.352879  0.000e+00
     19.342     8.0245    33.4550    26.0569 1.7094e-01     0.1493      0.505    1480.97     85.330     5.6854   9.352880  0.000e+00
     19.353     8.0284    33.4570    26.0580 1.7094e-01     0.1493      0.502    1480.99     85.345     5.6859   9.352880  0.000e+00
     19.389     8.0354    33.4606    26.0598 1.8315e-01     0.1456      0.502    1481.02     85.352     5.6853   9.352880  0.000e+00
     19.402     8.0410    33.4641    26.0617 1.8315e-01     0.1444      0.502    1481.05     85.359     5.6849   9.352881  0.000e+00
     19.425     8.0415    33.4650    26.0623 1.8315e-01     0.1469      0.502    1481.05     85.358     5.6847   9.352881  0.000e+00
     19.449     8.0364    33.4640    26.0623 1.8315e-01     0.1444      0.502    1481.03     85.364     5.6858   9.352882  0.000e+00
     19.473     8.0332    33.4610    26.0604 1.9536e-01     0.1432      0.502    1481.02     85.423     5.6903   9.352882  0.000e+00
     19.485     8.0330    33.4622    26.0613 1.8315e-01     0.1444      0.502    1481.02     85.373     5.6869   9.352883  0.000e+00
     19.509     8.0332    33.4631    26.0620 1.8315e-01     0.1456      0.505    1481.02     85.437     5.6912   9.352883  0.000e+00
     19.533     8.0332    33.4617    26.0609 1.8315e-01     0.1481      0.505    1481.02     85.439     5.6914   9.352884  0.000e+00
     19.558     8.0360    33.4602    26.0593 1.8315e-01     0.1456      0.505    1481.03     85.440     5.6911   9.352884  0.000e+00
     19.580     8.0379    33.4615    26.0601 1.8315e-01     0.1444      0.505    1481.04     85.439     5.6908   9.352885  0.000e+00
     19.605     8.0375    33.4649    26.0628 1.7094e-01     0.1432      0.505    1481.04     85.499     5.6947   9.352885  0.000e+00
     19.629     8.0360    33.4713    26.0680 1.7094e-01     0.1444      0.509    1481.04     85.504     5.6949   9.352886  0.000e+00
     19.640     8.0452    33.4785    26.0724 1.7094e-01     0.1456      0.505    1481.09     85.451     5.6900   9.352886  0.000e+00
     19.665     8.0576    33.4816    26.0730 1.7094e-01     0.1481      0.505    1481.14     85.506     5.6919   9.352887  0.000e+00
     19.689     8.0633    33.4830    26.0732 1.7094e-01     0.1481      0.505    1481.16     85.513     5.6916   9.352887  0.000e+00
     19.713     8.0687    33.4854    26.0743 1.7094e-01     0.1481      0.505    1481.18     85.512     5.6907   9.352888  0.000e+00
     19.725     8.0807    33.4865    26.0734 1.7094e-01     0.1469      0.505    1481.23     85.508     5.6889   9.352888  0.000e+00
     19.760     8.0887    33.4861    26.0719 1.7094e-01     0.1456      0.505    1481.26     85.511     5.6881   9.352889  0.000e+00
     19.785     8.0836    33.4882    26.0743 1.8315e-01     0.1432      0.509    1481.25     85.506     5.6884   9.352889  0.000e+00
     19.785     8.0798    33.4875    26.0743 1.7094e-01     0.1432      0.513    1481.23     85.569     5.6930   9.352890  0.000e+00
     19.832     8.0796    33.4879    26.0747 1.7094e-01     0.1432      0.516    1481.23     85.576     5.6935   9.352890  0.000e+00
     19.845     8.0782    33.4929    26.0788 1.7094e-01     0.1444      0.513    1481.23     85.573     5.6933   9.352891  0.000e+00
     19.869     8.0780    33.4965    26.0816 1.7094e-01     0.1420      0.513    1481.24     85.576     5.6934   9.352891  0.000e+00
     19.892     8.0820    33.4963    26.0809 1.7094e-01     0.1408      0.509    1481.25     85.578     5.6930   9.352892  0.000e+00
     19.905     8.0876    33.4933    26.0777 1.5873e-01     0.1408      0.502    1481.27     85.639     5.6965   9.352892  0.000e+00
     19.918     8.0899    33.4917    26.0761 1.7094e-01     0.1420      0.498    1481.28     85.644     5.6966   9.352893  0.000e+00
     19.987     8.0869    33.4911    26.0761 1.7094e-01     0.1420      0.498    1481.26     85.656     5.6978   9.352893  0.000e+00
     19.976     8.0783    33.4906    26.0770 1.7094e-01     0.1383      0.495    1481.23     85.659     5.6991   9.352894  0.000e+00
     20.012     8.0682    33.4912    26.0789 1.7094e-01     0.1371      0.491    1481.19     85.668     5.7010   9.352894  0.000e+00
     20.037     8.0591    33.4922    26.0810 1.7094e-01     0.1383      0.491    1481.16     85.675     5.7026   9.352894  0.000e+00
     20.047     8.0538    33.4917    26.0814 1.7094e-01     0.1420      0.498    1481.14     85.681     5.7037   9.352895  0.000e+00
     20.060     8.0583    33.4921    26.0811 1.7094e-01     0.1408      0.513    1481.16     85.745     5.7074   9.352895  0.000e+00
     20.107     8.0663    33.4951    26.0822 1.7094e-01     0.1395      0.524    1481.19     85.754     5.7068   9.352896  0.000e+00
     20.120     8.0717    33.4967    26.0828 1.7094e-01     0.1395      0.516    1481.22     85.767     5.7069   9.352896  0.000e+00
     20.143     8.0754    33.4985    26.0836 1.7094e-01     0.1408      0.509    1481.23     85.773     5.7068   9.352897  0.000e+00
     20.167     8.0782    33.5003    26.0846 1.7094e-01     0.1395      0.502    1481.25     85.776     5.7066   9.352897  0.000e+00
     20.203     8.0828    33.5024    26.0855 1.7094e-01     0.1395      0.498    1481.27     85.778     5.7060   9.352898  0.000e+00
     20.204     8.0882    33.5073    26.0886 1.5873e-01     0.1395      0.495    1481.29     85.846     5.7097   9.352898  0.000e+00
     20.251     8.1038    33.5157    26.0929 1.7094e-01     0.1383      0.491    1481.36     85.858     5.7081   9.352899  0.000e+00
     20.263     8.1279    33.5282    26.0991 1.7094e-01     0.1395      0.487    1481.47     85.867     5.7052   9.352899  0.000e+00
     20.298     8.1437    33.5420    26.1076 1.7094e-01     0.1408      0.487    1481.55     85.875     5.7031   9.352900  0.000e+00
     20.300     8.1500    33.5505    26.1133 1.7094e-01     0.1395      0.491    1481.58     85.881     5.7025   9.352900  0.000e+00
     20.336     8.1514    33.5547    26.1165 1.7094e-01     0.1408      0.495    1481.59     85.887     5.7025   9.352901  0.000e+00
     20.358     8.1511    33.5558    26.1173 1.7094e-01     0.1432      0.495    1481.59     85.891     5.7028   9.352901  0.000e+00
     20.383     8.1532    33.5534    26.1152 1.7094e-01     0.1420      0.502    1481.60     85.955     5.7068   9.352902  0.000e+00
     20.409     8.1530    33.5507    26.1130 1.5873e-01     0.1395      0.531    1481.60     85.901     5.7034   9.352902  0.000e+00
     20.431     8.1490    33.5498    26.1130 1.7094e-01     0.1383      0.568    1481.58     85.961     5.7079   9.352903  0.000e+00
     20.467     8.1452    33.5513    26.1147 1.5873e-01     0.1395      0.564    1481.57     85.965     5.7086   9.352903  0.000e+00
     20.478     8.1481    33.5584    26.1199 1.7094e-01     0.1383      0.546    1481.59     85.966     5.7081   9.352904  0.000e+00
     20.503     8.1622    33.5714    26.1280 1.7094e-01     0.1371      0.531    1481.66     85.964     5.7056   9.352904  0.000e+00
     20.527     8.1763    33.5862    26.1374 1.7094e-01     0.1359      0.527    1481.73     85.960     5.7030   9.352905  0.000e+00
     20.538     8.1831    33.5937    26.1423 1.7094e-01     0.1359      0.520    1481.76     85.954     5.7015   9.352905  0.000e+00
     20.574     8.1826    33.5919    26.1410 1.7094e-01     0.1347      0.513    1481.76     85.948     5.7012   9.352906  0.000e+00
     20.587     8.1818    33.5892    26.1390 1.7094e-01     0.1347      0.502    1481.75     85.946     5.7013   9.352906  0.000e+00
     20.634     8.1882    33.5902    26.1388 1.7094e-01     0.1347      0.502    1481.78     85.935     5.6997   9.352907  0.000e+00
     20.647     8.1971    33.5914    26.1384 1.7094e-01     0.1334      0.498    1481.82     85.929     5.6981   9.352907  0.000e+00
     20.670     8.2044    33.5915    26.1374 1.7094e-01     0.1322      0.498    1481.84     85.921     5.6966   9.352908  0.000e+00
     20.683     8.2075    33.5918    26.1372 1.7094e-01     0.1359      0.498    1481.86     85.911     5.6956   9.352908  0.000e+00
     20.730     8.2041    33.5936    26.1391 1.7094e-01     0.1383      0.495    1481.85     85.901     5.6953   9.352908  0.000e+00
     20.743     8.1988    33.5947    26.1408 1.7094e-01     0.1395      0.491    1481.83     85.897     5.6956   9.352909  0.000e+00
     20.756     8.1954    33.5936    26.1404 1.7094e-01     0.1383      0.495    1481.81     85.890     5.6957   9.352909  0.000e+00
     20.790     8.1922    33.5943    26.1414 1.7094e-01     0.1371      0.495    1481.80     85.937     5.6991   9.352910  0.000e+00
     20.814     8.1912    33.5941    26.1414 1.7094e-01     0.1359      0.495    1481.80     85.873     5.6950   9.352910  0.000e+00
     20.825     8.1909    33.5921    26.1399 1.7094e-01     0.1359      0.491    1481.80     85.861     5.6943   9.352911  0.000e+00
     20.874     8.1898    33.5910    26.1392 1.7094e-01     0.1371      0.495    1481.79     85.910     5.6977   9.352911  0.000e+00
     20.885     8.1880    33.5901    26.1387 1.7094e-01     0.1383      0.498    1481.78     85.902     5.6975   9.352912  0.000e+00
     20.911     8.1867    33.5919    26.1404 1.7094e-01     0.1359      0.498    1481.78     85.831     5.6929   9.352912  0.000e+00
     20.921     8.1866    33.5945    26.1424 1.7094e-01     0.1347      0.509    1481.78     85.813     5.6916   9.352913  0.000e+00
     20.958     8.1909    33.5950    26.1422 1.7094e-01     0.1347      0.505    1481.80     85.801     5.6902   9.352913  0.000e+00
     20.970     8.1948    33.5957    26.1422 1.7094e-01     0.1347      0.505    1481.82     85.787     5.6888   9.352914  0.000e+00
     21.005     8.1959    33.5954    26.1418 1.8315e-01     0.1347      0.505    1481.82     85.772     5.6877   9.352914  0.000e+00
     21.017     8.1964    33.5930    26.1398 1.7094e-01     0.1347      0.502    1481.82     85.756     5.6867   9.352915  0.000e+00
     21.043     8.1956    33.5925    26.1395 1.7094e-01     0.1359      0.502    1481.82     85.740     5.6857   9.352915  0.000e+00
     21.077     8.1924    33.5955    26.1424 1.7094e-01     0.1359      0.505    1481.81     85.729     5.6853   9.352916  0.000e+00
     21.077     8.1950    33.5949    26.1415 1.8315e-01     0.1395      0.509    1481.82     85.717     5.6842   9.352916  0.000e+00
     21.114     8.1998    33.5967    26.1422 1.8315e-01     0.1383      0.516    1481.84     85.704     5.6826   9.352917  0.000e+00
     21.125     8.2051    33.6008    26.1446 1.7094e-01     0.1383      0.513    1481.87     85.691     5.6809   9.352917  0.000e+00
     21.161     8.2067    33.6080    26.1501 1.7094e-01     0.1359      0.516    1481.88     85.615     5.6754   9.352918  0.000e+00
     21.172     8.2081    33.6118    26.1528 1.7094e-01     0.1359      0.516    1481.89     85.593     5.6736   9.352918  0.000e+00
     21.198     8.2121    33.6126    26.1528 1.7094e-01     0.1334      0.516    1481.91     85.570     5.6716   9.352919  0.000e+00
     21.221     8.2162    33.6183    26.1567 1.7094e-01     0.1334      0.509    1481.93     85.554     5.6698   9.352919  0.000e+00
     21.232     8.2171    33.6287    26.1647 1.7094e-01     0.1359      0.505    1481.95     85.538     5.6682   9.352920  0.000e+00
     21.270     8.2203    33.6308    26.1659 1.8315e-01     0.1371      0.505    1481.96     85.583     5.6707   9.352920  0.000e+00
     21.281     8.2245    33.6325    26.1666 1.7094e-01     0.1371      0.502    1481.98     85.511     5.6653   9.352921  0.000e+00
     21.317     8.2284    33.6383    26.1706 1.7094e-01     0.1371      0.498    1482.00     85.555     5.6676   9.352921  0.000e+00
     21.328     8.2319    33.6434    26.1740 1.7094e-01     0.1347      0.495    1482.02     85.483     5.6621   9.352921  0.000e+00
     21.352     8.2352    33.6457    26.1754 1.7094e-01     0.1334      0.491    1482.04     85.533     5.6650   9.352922  0.000e+00
     21.378     8.2379    33.6477    26.1765 1.8315e-01     0.1347      0.491    1482.05     85.468     5.6602   9.352922  0.000e+00
     21.388     8.2394    33.6486    26.1770 1.7094e-01     0.1334      0.495    1482.06     85.456     5.6592   9.352923  0.000e+00
     21.425     8.2386    33.6489    26.1773 1.7094e-01     0.1322      0.498    1482.06     85.507     5.6627   9.352923  0.000e+00
     21.448     8.2374    33.6498    26.1782 1.7094e-01     0.1322      0.498    1482.05     85.442     5.6585   9.352924  0.000e+00
     21.448     8.2373    33.6507    26.1789 1.7094e-01     0.1322      0.502    1482.05     85.430     5.6577   9.352924  0.000e+00
     21.484     8.2377    33.6517    26.1797 1.7094e-01     0.1347      0.502    1482.06     85.419     5.6569   9.352925  0.000e+00
     21.508     8.2388    33.6543    26.1816 1.7094e-01     0.1359      0.505    1482.06     85.415     5.6564   9.352925  0.000e+00
     21.521     8.2402    33.6615    26.1870 1.7094e-01     0.1371      0.505    1482.08     85.404     5.6552   9.352926  0.000e+00
     21.544     8.2438    33.6758    26.1976 1.7094e-01     0.1371      0.505    1482.11     85.339     5.6499   9.352926  0.000e+00
     21.569     8.2490    33.6913    26.2091 1.7094e-01     0.1371      0.505    1482.15     85.389     5.6520   9.352927  0.000e+00
     21.581     8.2533    33.6966    26.2126 1.7094e-01     0.1334      0.505    1482.17     85.386     5.6511   9.352927  0.000e+00
     21.616     8.2532    33.6933    26.2100 1.7094e-01     0.1322      0.505    1482.17     85.384     5.6511   9.352928  0.000e+00
     21.628     8.2511    33.6879    26.2061 1.7094e-01     0.1347      0.505    1482.15     85.382     5.6514   9.352928  0.000e+00
     21.639     8.2488    33.6861    26.2050 1.7094e-01     0.1359      0.509    1482.14     85.380     5.6516   9.352929  0.000e+00
     21.663     8.2491    33.6859    26.2048 1.7094e-01     0.1347      0.505    1482.15     85.317     5.6474   9.352929  0.000e+00
