RAWDATA/20190107/VT67_20190109_down.cnv
* Sea-Bird SBE 9 Data File:
* FileName = C:\CTD Brukere\NIVA\OKOKYST2019\20190107\VT67_20190109.hex
* Software Version Seasave V 7.23.2
* Temperature SN = 5352
* Conductivity SN = 3840
* Number of Bytes Per Scan = 28
* Number of Voltage Words = 4
* Number of Scans Averaged by the Deck Unit = 1
* NMEA baud rate = 4800
** Ship: R/V Trygve Braarud
** Cruise:
** Station:
** Operator:
# nquan = 12
# nvalues = 4893                                  
# units = specified
# name 0 = depSM: Depth [salt water, m], lat = 59.60
# name 1 = t090C: Temperature [ITS-90, deg C]
# name 2 = sal00: Salinity, Practical [PSU]
# name 3 = sigma-t00: Density [sigma-t, kg/m^3 ]
# name 4 = flSP: Fluorescence, Seapoint
# name 5 = wetStar: Fluorescence, WET Labs WETstar [mg/m^3]
# name 6 = seaTurbMtr: Turbidity, Seapoint [FTU]
# name 7 = svCM: Sound Velocity [Chen-Millero, m/s]
# name 8 = sbeox0PS: Oxygen, SBE 43 [% saturation]
# name 9 = sbeox0ML/L: Oxygen, SBE 43 [ml/l]
# name 10 = timeJ: Julian Days
# name 11 = flag:  0.000e+00
# span 0 =      0.004,    102.536                 
# span 1 =     4.6114,     9.2211                 
# span 2 =    19.2158,    34.6543                 
# span 3 =    15.2137,    26.8129                 
# span 4 = 1.3431e-01, 4.5177e-01                 
# span 5 =     0.1200,     1.0528                 
# span 6 =      0.469,      1.132                 
# span 7 =    1449.07,    1488.26                 
# span 8 =     69.347,     90.405                 
# span 9 =     4.4648,     7.1374                 
# span 10 =   9.352350,   9.354709                
# span 11 = 0.0000e+00, 0.0000e+00                
# interval = seconds: 0.0416667
# start_time = Jan 09 2019 08:27:23 [System UpLoad Time]
# bad_flag = -9.990e-29
*END*
[from data line 361]
      2.393     5.7045    26.0337    20.5070 3.1746e-01     0.5693      0.524    1462.28     89.997     6.6454   9.352524  0.000e+00
      2.417     5.7035    26.0608    20.5284 3.1746e-01     0.5705      0.524    1462.31     90.004     6.6449   9.352524  0.000e+00
      2.440     5.7011    26.0843    20.5473 3.1746e-01     0.5754      0.520    1462.33     90.009     6.6447   9.352525  0.000e+00
      2.440     5.6998    26.0854    20.5483 3.2967e-01     0.5815      0.520    1462.32     90.075     6.6497   9.352525  0.000e+00
      2.488     5.6997    26.0831    20.5465 3.1746e-01     0.5828      0.524    1462.32     90.024     6.6460   9.352526  0.000e+00
      2.500     5.6998    26.0928    20.5541 3.2967e-01     0.5815      0.527    1462.33     90.087     6.6502   9.352526  0.000e+00
      2.513     5.6999    26.1062    20.5646 3.1746e-01     0.5754      0.531    1462.35     90.094     6.6501   9.352527  0.000e+00
      2.560     5.7020    26.1227    20.5775 3.0525e-01     0.5644      0.538    1462.38     90.099     6.6495   9.352527  0.000e+00
      2.560     5.7102    26.1898    20.6295 2.9304e-01     0.5437      0.542    1462.50     90.101     6.6454   9.352527  0.000e+00
      2.584     5.7284    26.3568    20.7595 2.9304e-01     0.5229      0.535    1462.79     90.171     6.6402   9.352528  0.000e+00
      2.595     5.7476    26.6884    21.0191 2.8083e-01     0.4973      0.531    1463.28     90.122     6.6190   9.352528  0.000e+00
      2.620     5.7617    27.0788    21.3256 2.9304e-01     0.4692      0.527    1463.83     90.190     6.6045   9.352529  0.000e+00
      2.655     5.7774    27.4669    21.6301 2.8083e-01     0.4448      0.527    1464.39     90.193     6.5853   9.352529  0.000e+00
      2.668     5.8036    27.7783    21.8731 2.8083e-01     0.4253      0.527    1464.89     90.200     6.5681   9.352530  0.000e+00
      2.679     5.8268    28.1890    22.1946 2.8083e-01     0.4045      0.524    1465.50     90.206     6.5470   9.352530  0.000e+00
      2.715     5.8426    28.5933    22.5119 2.8083e-01     0.3862      0.520    1466.07     90.212     6.5275   9.352531  0.000e+00
      2.728     5.8542    28.9682    22.8064 2.8083e-01     0.3703      0.513    1466.59     90.217     6.5098   9.352531  0.000e+00
      2.764     5.8555    29.2599    23.0365 2.8083e-01     0.3569      0.516    1466.97     90.284     6.5018   9.352532  0.000e+00
      2.764     5.8543    29.5209    23.2426 2.9304e-01     0.3483      0.513    1467.29     90.233     6.4871   9.352532  0.000e+00
      2.786     5.8533    29.6735    23.3632 2.9304e-01     0.3386      0.516    1467.48     90.297     6.4853   9.352533  0.000e+00
      2.811     5.8543    29.8011    23.4638 2.9304e-01     0.3325      0.516    1467.64     90.304     6.4801   9.352533  0.000e+00
      2.846     5.8544    29.8786    23.5250 2.8083e-01     0.3263      0.509    1467.74     90.310     6.4772   9.352534  0.000e+00
      2.846     5.8520    29.9637    23.5924 2.8083e-01     0.3251      0.505    1467.84     90.313     6.4742   9.352534  0.000e+00
      2.895     5.8454    29.9917    23.6152 2.8083e-01     0.3227      0.502    1467.85     90.316     6.4742   9.352535  0.000e+00
      2.895     5.8370    29.9723    23.6009 3.0525e-01     0.3190      0.502    1467.79     90.317     6.4764   9.352535  0.000e+00
      2.906     5.8279    29.8930    23.5394 3.0525e-01     0.3215      0.502    1467.66     90.316     6.4811   9.352536  0.000e+00
      2.930     5.8210    29.7701    23.4431 2.9304e-01     0.3251      0.498    1467.47     90.313     6.4873   9.352536  0.000e+00
      2.966     5.8166    29.6515    23.3499 3.0525e-01     0.3251      0.498    1467.31     90.370     6.4971   9.352537  0.000e+00
      2.977     5.8177    29.6210    23.3257 3.0525e-01     0.3239      0.495    1467.27     90.307     6.4937   9.352537  0.000e+00
      3.002     5.8216    29.7058    23.3922 2.9304e-01     0.3227      0.491    1467.39     90.304     6.4893   9.352538  0.000e+00
      3.026     5.8254    29.8272    23.4877 2.9304e-01     0.3215      0.495    1467.56     90.361     6.4876   9.352538  0.000e+00
      3.050     5.8274    29.9537    23.5873 2.8083e-01     0.3202      0.491    1467.73     90.301     6.4775   9.352539  0.000e+00
      3.073     5.8265    30.0365    23.6528 2.8083e-01     0.3202      0.491    1467.83     90.355     6.4780   9.352539  0.000e+00
      3.086     5.8217    30.1057    23.7080 2.6862e-01     0.3202      0.491    1467.90     90.354     6.4756   9.352540  0.000e+00
      3.121     5.8164    30.1555    23.7479 2.6862e-01     0.3178      0.491    1467.94     90.352     6.4741   9.352540  0.000e+00
      3.121     5.8135    30.2196    23.7988 2.8083e-01     0.3154      0.487    1468.01     90.346     6.4714   9.352541  0.000e+00
      3.157     5.8117    30.2570    23.8286 2.9304e-01     0.3117      0.487    1468.05     90.339     6.4696   9.352541  0.000e+00
      3.180     5.8099    30.2904    23.8552 2.9304e-01     0.3117      0.484    1468.09     90.268     6.4633   9.352541  0.000e+00
      3.206     5.8079    30.3041    23.8662 2.9304e-01     0.3080      0.480    1468.10     90.311     6.4661   9.352542  0.000e+00
      3.217     5.8005    30.3108    23.8723 2.9304e-01     0.3080      0.480    1468.08     90.307     6.4667   9.352542  0.000e+00
      3.241     5.7855    30.2633    23.8365 2.8083e-01     0.3105      0.484    1467.96     90.303     6.4707   9.352543  0.000e+00
      3.277     5.7749    30.0929    23.7032 2.8083e-01     0.3093      0.484    1467.70     90.235     6.4748   9.352543  0.000e+00
      3.288     5.7680    29.8552    23.5163 2.8083e-01     0.3093      0.487    1467.37     90.280     6.4894   9.352544  0.000e+00
      3.301     5.7676    29.6931    23.3883 2.8083e-01     0.3080      0.487    1467.17     90.269     6.4956   9.352544  0.000e+00
      3.337     5.7695    29.6542    23.3574 2.8083e-01     0.3080      0.487    1467.12     90.194     6.4916   9.352545  0.000e+00
      3.359     5.7707    29.6932    23.3880 2.8083e-01     0.3105      0.487    1467.18     90.242     6.4932   9.352545  0.000e+00
      3.384     5.7681    29.7430    23.4276 2.8083e-01     0.3093      0.487    1467.23     90.173     6.4864   9.352546  0.000e+00
      3.397     5.7535    29.7445    23.4305 2.8083e-01     0.3068      0.484    1467.17     90.221     6.4921   9.352546  0.000e+00
      3.443     5.7283    29.6008    23.3198 2.9304e-01     0.3080      0.487    1466.89     90.154     6.4973   9.352547  0.000e+00
      3.443     5.7059    29.3051    23.0888 2.8083e-01     0.3056      0.487    1466.43     90.138     6.5125   9.352547  0.000e+00
      3.479     5.6852    28.9468    22.8081 2.6862e-01     0.3056      0.487    1465.89     90.122     6.5301   9.352548  0.000e+00
      3.503     5.6700    28.6685    22.5900 2.8083e-01     0.3007      0.484    1465.48     90.104     6.5432   9.352548  0.000e+00
      3.526     5.6646    28.4133    22.3892 2.9304e-01     0.3007      0.484    1465.14     90.154     6.5588   9.352549  0.000e+00
      3.550     5.6759    28.2178    22.2336 2.9304e-01     0.3007      0.484    1464.93     90.075     6.5599   9.352549  0.000e+00
      3.575     5.7035    28.2271    22.2379 2.9304e-01     0.2995      0.487    1465.06     90.118     6.5582   9.352550  0.000e+00
      3.599     5.7343    28.5833    22.5158 2.8083e-01     0.2970      0.495    1465.63     90.105     6.5369   9.352550  0.000e+00
      3.623     5.7539    29.0737    22.9008 3.1746e-01     0.2946      0.509    1466.33     90.092     6.5117   9.352551  0.000e+00
      3.646     5.7616    29.5154    23.2487 3.1746e-01     0.2909      0.505    1466.92     90.081     6.4906   9.352551  0.000e+00
      3.670     5.7609    29.6809    23.3794 3.0525e-01     0.2885      0.513    1467.13     90.078     6.4834   9.352552  0.000e+00
      3.694     5.7595    29.7307    23.4189 2.9304e-01     0.2848      0.513    1467.19     90.066     6.4806   9.352552  0.000e+00
      3.719     5.7511    29.6904    23.3880 2.8083e-01     0.2836      0.505    1467.10     90.063     6.4834   9.352553  0.000e+00
      3.743     5.7384    29.5481    23.2771 2.8083e-01     0.2836      0.498    1466.87     90.059     6.4913   9.352553  0.000e+00
      3.777     5.7327    29.3439    23.1165 2.6862e-01     0.2824      0.495    1466.59     90.054     6.5006   9.352554  0.000e+00
      3.790     5.7343    29.2539    23.0452 2.6862e-01     0.2836      0.491    1466.48     90.047     6.5037   9.352554  0.000e+00
      3.814     5.7376    29.3217    23.0984 2.8083e-01     0.2800      0.487    1466.58     90.102     6.5042   9.352554  0.000e+00
      3.850     5.7392    29.4490    23.1987 2.8083e-01     0.2763      0.480    1466.75     90.101     6.4984   9.352555  0.000e+00
      3.861     5.7402    29.5900    23.3099 2.9304e-01     0.2775      0.476    1466.93     90.108     6.4927   9.352555  0.000e+00
      3.897     5.7349    29.6470    23.3555 2.8083e-01     0.2763      0.473    1466.98     90.107     6.4909   9.352556  0.000e+00
      3.910     5.7265    29.5945    23.3150 2.8083e-01     0.2751      0.476    1466.88     90.175     6.4995   9.352556  0.000e+00
      3.945     5.7230    29.4461    23.1982 2.8083e-01     0.2714      0.476    1466.68     90.126     6.5029   9.352557  0.000e+00
      3.921     5.7240    29.3180    23.0970 2.6862e-01     0.2677      0.473    1466.53     90.129     6.5084   9.352557  0.000e+00
      4.015     5.7288    29.2905    23.0748 2.6862e-01     0.2665      0.473    1466.51     90.194     6.5136   9.352558  0.000e+00
      4.017     5.7343    29.3490    23.1203 2.5641e-01     0.2641      0.473    1466.61     90.203     6.5109   9.352558  0.000e+00
      4.029     5.7417    29.4374    23.1893 2.5641e-01     0.2653      0.473    1466.75     90.210     6.5064   9.352559  0.000e+00
      4.065     5.7541    29.5180    23.2516 2.5641e-01     0.2653      0.473    1466.90     90.216     6.5015   9.352559  0.000e+00
      4.065     5.7683    29.6259    23.3352 2.5641e-01     0.2677      0.473    1467.10     90.159     6.4904   9.352560  0.000e+00
      4.101     5.7808    29.7606    23.4401 2.6862e-01     0.2665      0.476    1467.32     90.225     6.4875   9.352560  0.000e+00
      4.125     5.8172    29.8617    23.5158 2.6862e-01     0.2677      0.476    1467.59     90.225     6.4776   9.352561  0.000e+00
      4.146     5.8452    29.9586    23.5891 2.6862e-01     0.2677      0.476    1467.83     90.225     6.4691   9.352561  0.000e+00
      4.172     5.8457    30.0486    23.6602 2.6862e-01     0.2677      0.476    1467.94     90.237     6.4660   9.352562  0.000e+00
      4.196     5.8446    30.1006    23.7013 2.6862e-01     0.2690      0.484    1468.01     90.240     6.4642   9.352562  0.000e+00
      4.208     5.8473    30.1011    23.7014 3.0525e-01     0.2677      0.487    1468.02     90.250     6.4644   9.352563  0.000e+00
      4.243     5.8540    30.1109    23.7084 3.0525e-01     0.2641      0.487    1468.06     90.320     6.4680   9.352563  0.000e+00
      4.267     5.8603    30.1339    23.7259 2.9304e-01     0.2653      0.484    1468.11     90.336     6.4672   9.352564  0.000e+00
      4.279     5.8713    30.1526    23.7394 2.9304e-01     0.2665      0.480    1468.18     90.349     6.4657   9.352564  0.000e+00
      4.327     5.8839    30.1846    23.7632 2.8083e-01     0.2665      0.476    1468.27     90.362     6.4633   9.352565  0.000e+00
      4.316     5.8941    30.2194    23.7894 2.8083e-01     0.2677      0.480    1468.36     90.365     6.4604   9.352565  0.000e+00
      4.363     5.9096    30.2642    23.8230 2.6862e-01     0.2690      0.476    1468.48     90.375     6.4569   9.352566  0.000e+00
      4.376     5.9256    30.3261    23.8701 2.6862e-01     0.2690      0.476    1468.62     90.383     6.4524   9.352566  0.000e+00
      4.399     5.9377    30.3906    23.9196 2.6862e-01     0.2690      0.476    1468.75     90.391     6.4483   9.352567  0.000e+00
      4.421     5.9412    30.4390    23.9574 2.6862e-01     0.2653      0.473    1468.83     90.392     6.4458   9.352567  0.000e+00
      4.447     5.9425    30.4537    23.9688 2.6862e-01     0.2665      0.473    1468.85     90.399     6.4455   9.352568  0.000e+00
      4.458     5.9460    30.4532    23.9680 2.9304e-01     0.2653      0.473    1468.86     90.405     6.4454   9.352568  0.000e+00
      4.494     5.9542    30.4525    23.9665 2.9304e-01     0.2629      0.473    1468.90     90.402     6.4439   9.352568  0.000e+00
      4.507     5.9707    30.4646    23.9741 2.8083e-01     0.2616      0.476    1468.98     90.403     6.4410   9.352569  0.000e+00
      4.530     5.9919    30.5028    24.0018 2.6862e-01     0.2616      0.480    1469.11     90.395     6.4356   9.352569  0.000e+00
      4.552     6.0076    30.5634    24.0478 2.6862e-01     0.2641      0.476    1469.25     90.395     6.4306   9.352570  0.000e+00
      4.567     6.0124    30.6351    24.1038 2.6862e-01     0.2665      0.476    1469.36     90.387     6.4263   9.352570  0.000e+00
      4.603     6.0146    30.6608    24.1239 2.6862e-01     0.2629      0.473    1469.40     90.379     6.4243   9.352571  0.000e+00
      4.625     6.0214    30.6683    24.1289 2.6862e-01     0.2629      0.473    1469.44     90.368     6.4222   9.352571  0.000e+00
      4.625     6.0299    30.6810    24.1379 2.8083e-01     0.2629      0.476    1469.49     90.356     6.4194   9.352572  0.000e+00
      4.672     6.0366    30.7087    24.1590 2.8083e-01     0.2641      0.476    1469.55     90.351     6.4169   9.352572  0.000e+00
      4.698     6.0390    30.7509    24.1921 2.6862e-01     0.2641      0.476    1469.62     90.338     6.4138   9.352573  0.000e+00
      4.709     6.0355    30.7792    24.2148 2.6862e-01     0.2665      0.476    1469.64     90.332     6.4127   9.352573  0.000e+00
      4.721     6.0279    30.7889    24.2234 2.6862e-01     0.2665      0.473    1469.62     90.326     6.4130   9.352574  0.000e+00
      4.758     6.0219    30.7722    24.2109 2.6862e-01     0.2653      0.473    1469.57     90.318     6.4141   9.352574  0.000e+00
      4.792     6.0244    30.7469    24.1906 2.8083e-01     0.2665      0.473    1469.55     90.309     6.4141   9.352575  0.000e+00
      4.794     6.0301    30.7368    24.1820 2.8083e-01     0.2653      0.473    1469.56     90.298     6.4129   9.352575  0.000e+00
      4.829     6.0380    30.7530    24.1939 2.6862e-01     0.2641      0.473    1469.62     90.285     6.4102   9.352576  0.000e+00
      4.841     6.0457    30.7838    24.2172 2.5641e-01     0.2616      0.473    1469.69     90.272     6.4067   9.352576  0.000e+00
      4.875     6.0505    30.8172    24.2430 2.6862e-01     0.2616      0.473    1469.75     90.258     6.4036   9.352577  0.000e+00
      4.889     6.0495    30.8365    24.2584 2.5641e-01     0.2616      0.473    1469.77     90.244     6.4020   9.352577  0.000e+00
      4.900     6.0493    30.8396    24.2609 2.5641e-01     0.2616      0.473    1469.77     90.229     6.4008   9.352578  0.000e+00
      4.936     6.0525    30.8425    24.2628 2.6862e-01     0.2641      0.473    1469.79     90.221     6.3996   9.352578  0.000e+00
      4.960     6.0633    30.8574    24.2733 2.8083e-01     0.2653      0.473    1469.85     90.211     6.3966   9.352579  0.000e+00
      4.970     6.0765    30.8991    24.3046 3.1746e-01     0.2629      0.473    1469.96     90.199     6.3921   9.352579  0.000e+00
      5.009     6.0873    30.9487    24.3425 3.0525e-01     0.2604      0.473    1470.06     90.126     6.3831   9.352580  0.000e+00
      5.020     6.0948    30.9959    24.3788 2.9304e-01     0.2604      0.473    1470.15     90.115     6.3792   9.352580  0.000e+00
      5.045     6.0980    31.0310    24.4061 2.8083e-01     0.2616      0.473    1470.21     90.097     6.3760   9.352581  0.000e+00
      5.066     6.0984    31.0495    24.4207 2.6862e-01     0.2592      0.473    1470.24     90.078     6.3738   9.352581  0.000e+00
