RAWDATA/20190107/VT67_20190109_down.cnv
* Sea-Bird SBE 9 Data File:
* FileName = C:\CTD Brukere\NIVA\OKOKYST2019\20190107\VT67_20190109.hex
* Software Version Seasave V 7.23.2
* Temperature SN = 5352
* Conductivity SN = 3840
* Number of Bytes Per Scan = 28
* Number of Voltage Words = 4
* Number of Scans Averaged by the Deck Unit = 1
* NMEA baud rate = 4800
** Ship: R/V Trygve Braarud
** Cruise:
** Station:
** Operator:
# nquan = 12
# nvalues = 4893                                  
# units = specified
# name 0 = depSM: Depth [salt water, m], lat = 59.60
# name 1 = t090C: Temperature [ITS-90, deg C]
# name 2 = sal00: Salinity, Practical [PSU]
# name 3 = sigma-t00: Density [sigma-t, kg/m^3 ]
# name 4 = flSP: Fluorescence, Seapoint
# name 5 = wetStar: Fluorescence, WET Labs WETstar [mg/m^3]
# name 6 = seaTurbMtr: Turbidity, Seapoint [FTU]
# name 7 = svCM: Sound Velocity [Chen-Millero, m/s]
# name 8 = sbeox0PS: Oxygen, SBE 43 [% saturation]
# name 9 = sbeox0ML/L: Oxygen, SBE 43 [ml/l]
# name 10 = timeJ: Julian Days
# name 11 = flag:  0.000e+00
# span 0 =      0.004,    102.536                 
# span 1 =     4.6114,     9.2211                 
# span 2 =    19.2158,    34.6543                 
# span 3 =    15.2137,    26.8129                 
# span 4 = 1.3431e-01, 4.5177e-01                 
# span 5 =     0.1200,     1.0528                 
# span 6 =      0.469,      1.132                 
# span 7 =    1449.07,    1488.26                 
# span 8 =     69.347,     90.405                 
# span 9 =     4.4648,     7.1374                 
# span 10 =   9.352350,   9.354709                
# span 11 = 0.0000e+00, 0.0000e+00                
# interval = seconds: 0.0416667
# start_time = Jan 09 2019 08:27:23 [System UpLoad Time]
# bad_flag = -9.990e-29
*END*
[from data line 3128]
     68.083     9.0096    34.5153    26.7370 1.4652e-01     0.1200      0.601    1486.77     82.198     5.3209   9.353858  0.000e+00
     68.107     9.0096    34.5151    26.7369 1.4652e-01     0.1200      0.590    1486.77     82.201     5.3211   9.353859  0.000e+00
     68.120     9.0098    34.5151    26.7368 1.4652e-01     0.1200      0.593    1486.77     82.204     5.3213   9.353859  0.000e+00
     68.167     9.0099    34.5152    26.7369 1.4652e-01     0.1200      0.597    1486.77     82.207     5.3215   9.353859  0.000e+00
     68.180     9.0102    34.5153    26.7370 1.4652e-01     0.1200      0.597    1486.77     82.210     5.3216   9.353860  0.000e+00
     68.192     9.0106    34.5153    26.7369 1.4652e-01     0.1200      0.590    1486.77     82.214     5.3218   9.353860  0.000e+00
     68.240     9.0104    34.5158    26.7373 1.5873e-01     0.1200      0.586    1486.78     82.280     5.3261   9.353861  0.000e+00
     68.252     9.0106    34.5152    26.7368 1.4652e-01     0.1200      0.582    1486.78     82.291     5.3268   9.353861  0.000e+00
     68.276     9.0107    34.5151    26.7367 1.4652e-01     0.1200      0.586    1486.78     82.301     5.3275   9.353862  0.000e+00
     68.276     9.0107    34.5147    26.7364 1.4652e-01     0.1200      0.586    1486.78     82.312     5.3282   9.353862  0.000e+00
     68.349     9.0101    34.5146    26.7364 1.4652e-01     0.1200      0.586    1486.77     82.324     5.3290   9.353863  0.000e+00
     68.361     9.0099    34.5146    26.7364 1.4652e-01     0.1200      0.582    1486.77     82.335     5.3297   9.353863  0.000e+00
     68.361     9.0094    34.5151    26.7369 1.4652e-01     0.1200      0.575    1486.77     82.345     5.3305   9.353864  0.000e+00
     68.410     9.0094    34.5148    26.7367 1.4652e-01     0.1200      0.571    1486.77     82.356     5.3312   9.353864  0.000e+00
     68.432     9.0094    34.5149    26.7368 1.4652e-01     0.1200      0.568    1486.77     82.367     5.3319   9.353865  0.000e+00
     68.445     9.0094    34.5152    26.7370 1.4652e-01     0.1200      0.571    1486.77     82.378     5.3326   9.353865  0.000e+00
     68.481     9.0089    34.5156    26.7374 1.4652e-01     0.1200      0.575    1486.77     82.389     5.3334   9.353866  0.000e+00
     68.506     9.0084    34.5154    26.7373 1.4652e-01     0.1200      0.582    1486.77     82.462     5.3381   9.353866  0.000e+00
     68.542     9.0078    34.5156    26.7376 1.4652e-01     0.1200      0.582    1486.77     82.411     5.3349   9.353867  0.000e+00
     68.553     9.0078    34.5155    26.7375 1.4652e-01     0.1200      0.579    1486.77     82.414     5.3351   9.353867  0.000e+00
     68.590     9.0075    34.5158    26.7378 1.4652e-01     0.1200      0.575    1486.77     82.417     5.3353   9.353868  0.000e+00
     68.602     9.0077    34.5158    26.7378 1.4652e-01     0.1200      0.571    1486.77     82.481     5.3394   9.353868  0.000e+00
     68.651     9.0080    34.5156    26.7375 1.4652e-01     0.1200      0.575    1486.77     82.428     5.3360   9.353869  0.000e+00
     68.662     9.0081    34.5155    26.7374 1.4652e-01     0.1200      0.579    1486.77     82.492     5.3401   9.353869  0.000e+00
     68.698     9.0085    34.5149    26.7369 1.4652e-01     0.1200      0.579    1486.77     82.500     5.3406   9.353870  0.000e+00
     68.722     9.0086    34.5148    26.7368 1.4652e-01     0.1200      0.582    1486.78     82.507     5.3410   9.353870  0.000e+00
     68.747     9.0083    34.5143    26.7365 1.4652e-01     0.1200      0.586    1486.77     82.514     5.3416   9.353871  0.000e+00
     68.771     9.0072    34.5145    26.7368 1.4652e-01     0.1200      0.593    1486.77     82.521     5.3421   9.353871  0.000e+00
     68.807     9.0067    34.5145    26.7369 1.4652e-01     0.1200      0.593    1486.77     82.526     5.3425   9.353872  0.000e+00
     68.831     9.0062    34.5147    26.7371 1.4652e-01     0.1200      0.586    1486.77     82.532     5.3429   9.353872  0.000e+00
     68.856     9.0059    34.5149    26.7373 1.4652e-01     0.1200      0.586    1486.77     82.536     5.3433   9.353872  0.000e+00
     68.867     9.0052    34.5149    26.7374 1.4652e-01     0.1200      0.586    1486.77     82.540     5.3436   9.353873  0.000e+00
     68.916     9.0056    34.5147    26.7372 1.4652e-01     0.1200      0.590    1486.77     82.544     5.3438   9.353873  0.000e+00
     68.940     9.0054    34.5154    26.7378 1.4652e-01     0.1200      0.601    1486.77     82.547     5.3440   9.353874  0.000e+00
     68.963     9.0057    34.5153    26.7377 1.4652e-01     0.1200      0.601    1486.77     82.549     5.3441   9.353874  0.000e+00
     68.988     9.0064    34.5149    26.7372 1.4652e-01     0.1200      0.593    1486.77     82.551     5.3441   9.353875  0.000e+00
     69.012     9.0067    34.5152    26.7374 1.4652e-01     0.1200      0.586    1486.77     82.613     5.3481   9.353875  0.000e+00
     69.048     9.0069    34.5149    26.7371 1.4652e-01     0.1200      0.575    1486.77     82.621     5.3486   9.353876  0.000e+00
     69.061     9.0072    34.5148    26.7370 1.5873e-01     0.1200      0.571    1486.78     82.627     5.3490   9.353876  0.000e+00
     69.108     9.0069    34.5149    26.7371 1.4652e-01     0.1200      0.568    1486.78     82.633     5.3494   9.353877  0.000e+00
     69.121     9.0064    34.5145    26.7369 1.4652e-01     0.1200      0.571    1486.77     82.637     5.3497   9.353877  0.000e+00
     69.157     9.0059    34.5152    26.7375 1.4652e-01     0.1200      0.571    1486.77     82.641     5.3500   9.353878  0.000e+00
     69.181     9.0060    34.5147    26.7371 1.4652e-01     0.1200      0.575    1486.77     82.644     5.3502   9.353878  0.000e+00
     69.206     9.0059    34.5152    26.7375 1.4652e-01     0.1200      0.575    1486.77     82.646     5.3503   9.353879  0.000e+00
     69.230     9.0062    34.5148    26.7372 1.4652e-01     0.1200      0.571    1486.77     82.647     5.3504   9.353879  0.000e+00
     69.253     9.0060    34.5149    26.7373 1.4652e-01     0.1200      0.575    1486.77     82.647     5.3504   9.353880  0.000e+00
     69.290     9.0059    34.5147    26.7372 1.4652e-01     0.1200      0.579    1486.77     82.647     5.3504   9.353880  0.000e+00
     69.313     9.0059    34.5149    26.7373 1.4652e-01     0.1200      0.575    1486.78     82.645     5.3503   9.353881  0.000e+00
     69.350     9.0060    34.5150    26.7374 1.4652e-01     0.1200      0.571    1486.78     82.643     5.3501   9.353881  0.000e+00
     69.362     9.0059    34.5148    26.7372 1.4652e-01     0.1200      0.568    1486.78     82.640     5.3500   9.353882  0.000e+00
     69.373     9.0060    34.5147    26.7371 1.4652e-01     0.1200      0.571    1486.78     82.697     5.3536   9.353882  0.000e+00
     69.422     9.0060    34.5150    26.7374 1.4652e-01     0.1200      0.571    1486.78     82.699     5.3538   9.353883  0.000e+00
     69.447     9.0059    34.5150    26.7374 1.4652e-01     0.1200      0.568    1486.78     82.638     5.3498   9.353883  0.000e+00
     69.471     9.0060    34.5142    26.7368 1.4652e-01     0.1200      0.560    1486.78     82.631     5.3494   9.353884  0.000e+00
     69.495     9.0056    34.5147    26.7372 1.4652e-01     0.1200      0.560    1486.78     82.684     5.3529   9.353884  0.000e+00
     69.531     9.0057    34.5147    26.7372 1.4652e-01     0.1200      0.575    1486.78     82.689     5.3532   9.353885  0.000e+00
     69.531     9.0056    34.5148    26.7373 1.4652e-01     0.1200      0.582    1486.78     82.693     5.3534   9.353885  0.000e+00
     69.567     9.0055    34.5143    26.7369 1.4652e-01     0.1200      0.593    1486.78     82.696     5.3537   9.353886  0.000e+00
     69.591     9.0052    34.5144    26.7371 1.4652e-01     0.1200      0.604    1486.78     82.699     5.3538   9.353886  0.000e+00
     69.616     9.0049    34.5142    26.7369 1.4652e-01     0.1200      0.612    1486.78     82.700     5.3540   9.353886  0.000e+00
     69.652     9.0046    34.5144    26.7371 1.4652e-01     0.1200      0.604    1486.78     82.701     5.3541   9.353887  0.000e+00
     69.676     9.0040    34.5146    26.7374 1.4652e-01     0.1200      0.593    1486.77     82.700     5.3541   9.353887  0.000e+00
     69.699     9.0041    34.5144    26.7372 1.4652e-01     0.1200      0.586    1486.77     82.699     5.3540   9.353888  0.000e+00
     69.736     9.0043    34.5143    26.7371 1.4652e-01     0.1200      0.579    1486.78     82.697     5.3539   9.353888  0.000e+00
     69.749     9.0043    34.5137    26.7367 1.4652e-01     0.1200      0.575    1486.78     82.694     5.3537   9.353889  0.000e+00
     69.783     9.0035    34.5138    26.7368 1.4652e-01     0.1200      0.571    1486.77     82.691     5.3536   9.353889  0.000e+00
     69.797     9.0028    34.5133    26.7366 1.4652e-01     0.1200      0.575    1486.77     82.693     5.3538   9.353890  0.000e+00
     69.832     9.0022    34.5135    26.7368 1.4652e-01     0.1200      0.579    1486.77     82.688     5.3536   9.353890  0.000e+00
     69.832     9.0016    34.5138    26.7372 1.4652e-01     0.1200      0.579    1486.77     82.682     5.3532   9.353891  0.000e+00
     69.881     9.0010    34.5148    26.7380 1.4652e-01     0.1200      0.579    1486.77     82.675     5.3528   9.353891  0.000e+00
     69.904     9.0012    34.5143    26.7376 1.4652e-01     0.1200      0.575    1486.77     82.736     5.3568   9.353892  0.000e+00
     69.917     9.0011    34.5145    26.7377 1.4652e-01     0.1200      0.575    1486.77     82.673     5.3527   9.353892  0.000e+00
     69.954     9.0009    34.5142    26.7376 1.4652e-01     0.1200      0.568    1486.77     82.732     5.3565   9.353893  0.000e+00
     69.977     9.0007    34.5114    26.7354 1.4652e-01     0.1200      0.564    1486.76     82.736     5.3569   9.353893  0.000e+00
     69.989     8.9972    34.5045    26.7306 1.4652e-01     0.1200      0.564    1486.74     82.739     5.3577   9.353894  0.000e+00
     70.026     8.9892    34.5041    26.7315 1.4652e-01     0.1200      0.568    1486.71     82.741     5.3589   9.353894  0.000e+00
     70.039     8.9836    34.5074    26.7350 1.4652e-01     0.1200      0.571    1486.70     82.743     5.3595   9.353895  0.000e+00
     70.073     8.9816    34.5097    26.7371 1.4652e-01     0.1200      0.575    1486.69     82.743     5.3597   9.353895  0.000e+00
     70.086     8.9821    34.5116    26.7386 1.4652e-01     0.1200      0.579    1486.70     82.742     5.3595   9.353896  0.000e+00
     70.122     8.9840    34.5109    26.7377 1.4652e-01     0.1200      0.579    1486.70     82.741     5.3592   9.353896  0.000e+00
     70.135     8.9833    34.5102    26.7373 1.4652e-01     0.1200      0.579    1486.70     82.739     5.3592   9.353897  0.000e+00
     70.158     8.9812    34.5079    26.7358 1.4652e-01     0.1200      0.579    1486.69     82.735     5.3593   9.353897  0.000e+00
     70.182     8.9769    34.5077    26.7363 1.4652e-01     0.1200      0.579    1486.67     82.793     5.3636   9.353898  0.000e+00
     70.218     8.9764    34.5085    26.7370 1.4652e-01     0.1200      0.582    1486.67     82.795     5.3637   9.353898  0.000e+00
     70.184     8.9780    34.5099    26.7378 1.4652e-01     0.1200      0.579    1486.68     82.795     5.3635   9.353899  0.000e+00
     70.291     8.9772    34.5084    26.7368 1.4652e-01     0.1200      0.571    1486.68     82.802     5.3641   9.353899  0.000e+00
     70.278     8.9736    34.5067    26.7360 1.4652e-01     0.1200      0.568    1486.66     82.808     5.3650   9.353899  0.000e+00
     70.291     8.9693    34.5068    26.7368 1.4652e-01     0.1200      0.564    1486.65     82.813     5.3658   9.353900  0.000e+00
     70.314     8.9655    34.5062    26.7370 1.4652e-01     0.1200      0.560    1486.63     82.818     5.3666   9.353900  0.000e+00
     70.340     8.9619    34.5064    26.7377 1.4652e-01     0.1200      0.560    1486.62     82.821     5.3672   9.353901  0.000e+00
     70.363     8.9600    34.5082    26.7394 1.5873e-01     0.1200      0.560    1486.62     82.823     5.3675   9.353901  0.000e+00
     70.374     8.9585    34.5078    26.7393 1.5873e-01     0.1200      0.560    1486.61     82.825     5.3678   9.353902  0.000e+00
     70.412     8.9555    34.5070    26.7391 1.5873e-01     0.1200      0.557    1486.60     82.887     5.3722   9.353902  0.000e+00
     70.423     8.9528    34.5058    26.7386 1.5873e-01     0.1200      0.553    1486.59     82.894     5.3730   9.353903  0.000e+00
     70.436     8.9490    34.5033    26.7373 1.4652e-01     0.1200      0.549    1486.57     82.899     5.3739   9.353903  0.000e+00
     70.472     8.9440    34.5046    26.7391 1.4652e-01     0.1200      0.546    1486.55     82.842     5.3707   9.353904  0.000e+00
     70.496     8.9417    34.5066    26.7410 1.4652e-01     0.1200      0.546    1486.55     82.900     5.3747   9.353904  0.000e+00
     70.508     8.9413    34.5068    26.7413 1.4652e-01     0.1200      0.546    1486.55     82.902     5.3749   9.353905  0.000e+00
     70.532     8.9412    34.5083    26.7425 1.4652e-01     0.1200      0.549    1486.55     82.903     5.3749   9.353905  0.000e+00
     70.557     8.9429    34.5089    26.7427 1.4652e-01     0.1200      0.560    1486.56     82.909     5.3751   9.353906  0.000e+00
     70.580     8.9432    34.5054    26.7399 1.4652e-01     0.1200      0.564    1486.55     82.915     5.3756   9.353906  0.000e+00
     70.593     8.9386    34.5029    26.7387 1.4652e-01     0.1200      0.560    1486.53     82.914     5.3761   9.353907  0.000e+00
     70.617     8.9337    34.5034    26.7398 1.4652e-01     0.1200      0.560    1486.52     82.911     5.3765   9.353907  0.000e+00
     70.653     8.9313    34.5047    26.7412 1.4652e-01     0.1200      0.560    1486.51     82.914     5.3769   9.353908  0.000e+00
     70.654     8.9312    34.5058    26.7421 1.4652e-01     0.1200      0.571    1486.51     82.977     5.3810   9.353908  0.000e+00
     70.689     8.9304    34.5059    26.7423 1.4652e-01     0.1200      0.579    1486.51     82.985     5.3816   9.353909  0.000e+00
     70.724     8.9299    34.5065    26.7429 1.4652e-01     0.1200      0.571    1486.51     82.992     5.3821   9.353909  0.000e+00
     70.737     8.9301    34.5078    26.7438 1.4652e-01     0.1200      0.568    1486.51     82.997     5.3824   9.353910  0.000e+00
     70.749     8.9321    34.5077    26.7435 1.4652e-01     0.1200      0.568    1486.52     83.001     5.3824   9.353910  0.000e+00
     70.773     8.9328    34.5055    26.7416 1.4652e-01     0.1200      0.582    1486.52     83.005     5.3826   9.353911  0.000e+00
     70.824     8.9308    34.5041    26.7409 1.4652e-01     0.1200      0.593    1486.51     83.069     5.3870   9.353911  0.000e+00
     70.822     8.9284    34.5041    26.7412 1.4652e-01     0.1200      0.590    1486.50     83.014     5.3838   9.353912  0.000e+00
     70.869     8.9265    34.5050    26.7422 1.4652e-01     0.1200      0.579    1486.50     83.014     5.3840   9.353912  0.000e+00
     70.882     8.9251    34.5054    26.7428 1.4652e-01     0.1200      0.575    1486.49     83.012     5.3840   9.353913  0.000e+00
     70.907     8.9237    34.5039    26.7418 1.5873e-01     0.1200      0.571    1486.49     83.010     5.3841   9.353913  0.000e+00
     70.907     8.9214    34.5032    26.7416 1.4652e-01     0.1200      0.582    1486.48     83.005     5.3841   9.353913  0.000e+00
     70.969     8.9197    34.5036    26.7422 1.4652e-01     0.1200      0.582    1486.47     83.001     5.3840   9.353914  0.000e+00
     70.990     8.9185    34.5041    26.7428 1.4652e-01     0.1200      0.571    1486.47     83.056     5.3877   9.353914  0.000e+00
     71.003     8.9181    34.5043    26.7430 1.4652e-01     0.1200      0.564    1486.47     83.055     5.3877   9.353915  0.000e+00
     71.027     8.9178    34.5051    26.7436 1.4652e-01     0.1200      0.560    1486.47     83.060     5.3880   9.353915  0.000e+00
