RAWDATA/20190107/VT67_20190109_down.cnv
* Sea-Bird SBE 9 Data File:
* FileName = C:\CTD Brukere\NIVA\OKOKYST2019\20190107\VT67_20190109.hex
* Software Version Seasave V 7.23.2
* Temperature SN = 5352
* Conductivity SN = 3840
* Number of Bytes Per Scan = 28
* Number of Voltage Words = 4
* Number of Scans Averaged by the Deck Unit = 1
* NMEA baud rate = 4800
** Ship: R/V Trygve Braarud
** Cruise:
** Station:
** Operator:
# nquan = 12
# nvalues = 4893                                  
# units = specified
# name 0 = depSM: Depth [salt water, m], lat = 59.60
# name 1 = t090C: Temperature [ITS-90, deg C]
# name 2 = sal00: Salinity, Practical [PSU]
# name 3 = sigma-t00: Density [sigma-t, kg/m^3 ]
# name 4 = flSP: Fluorescence, Seapoint
# name 5 = wetStar: Fluorescence, WET Labs WETstar [mg/m^3]
# name 6 = seaTurbMtr: Turbidity, Seapoint [FTU]
# name 7 = svCM: Sound Velocity [Chen-Millero, m/s]
# name 8 = sbeox0PS: Oxygen, SBE 43 [% saturation]
# name 9 = sbeox0ML/L: Oxygen, SBE 43 [ml/l]
# name 10 = timeJ: Julian Days
# name 11 = flag:  0.000e+00
# span 0 =      0.004,    102.536                 
# span 1 =     4.6114,     9.2211                 
# span 2 =    19.2158,    34.6543                 
# span 3 =    15.2137,    26.8129                 
# span 4 = 1.3431e-01, 4.5177e-01                 
# span 5 =     0.1200,     1.0528                 
# span 6 =      0.469,      1.132                 
# span 7 =    1449.07,    1488.26                 
# span 8 =     69.347,     90.405                 
# span 9 =     4.4648,     7.1374                 
# span 10 =   9.352350,   9.354709                
# span 11 = 0.0000e+00, 0.0000e+00                
# interval = seconds: 0.0416667
# start_time = Jan 09 2019 08:27:23 [System UpLoad Time]
# bad_flag = -9.990e-29
*END*
[from data line 3850]
     86.255     8.9456    34.5567    26.7797 1.4652e-01     0.1200      0.681    1486.89     85.260     5.5254   9.354206  0.000e+00
     86.293     8.9462    34.5566    26.7795 1.4652e-01     0.1200      0.696    1486.89     85.256     5.5251   9.354207  0.000e+00
     86.316     8.9462    34.5568    26.7797 1.4652e-01     0.1200      0.678    1486.89     85.252     5.5249   9.354207  0.000e+00
     86.340     8.9462    34.5567    26.7796 1.4652e-01     0.1200      0.656    1486.89     85.248     5.5246   9.354208  0.000e+00
     86.378     8.9465    34.5562    26.7792 1.4652e-01     0.1200      0.634    1486.89     85.243     5.5243   9.354208  0.000e+00
     86.389     8.9464    34.5562    26.7792 1.4652e-01     0.1200      0.619    1486.89     85.238     5.5239   9.354209  0.000e+00
     86.413     8.9462    34.5561    26.7791 1.4652e-01     0.1200      0.615    1486.89     85.240     5.5241   9.354209  0.000e+00
     86.449     8.9459    34.5560    26.7791 1.4652e-01     0.1200      0.623    1486.89     85.242     5.5243   9.354210  0.000e+00
     86.474     8.9458    34.5555    26.7787 1.4652e-01     0.1200      0.626    1486.89     85.237     5.5240   9.354210  0.000e+00
     86.498     8.9456    34.5550    26.7783 1.5873e-01     0.1200      0.623    1486.89     85.231     5.5236   9.354211  0.000e+00
     86.521     8.9450    34.5546    26.7781 1.4652e-01     0.1200      0.623    1486.89     85.225     5.5234   9.354211  0.000e+00
     86.547     8.9448    34.5548    26.7783 1.4652e-01     0.1200      0.630    1486.89     85.227     5.5234   9.354212  0.000e+00
     86.559     8.9448    34.5557    26.7790 1.4652e-01     0.1200      0.634    1486.89     85.228     5.5235   9.354212  0.000e+00
     86.594     8.9452    34.5563    26.7794 1.4652e-01     0.1200      0.619    1486.89     85.222     5.5230   9.354212  0.000e+00
     86.632     8.9454    34.5557    26.7790 1.5873e-01     0.1200      0.608    1486.89     85.223     5.5231   9.354213  0.000e+00
     86.655     8.9453    34.5557    26.7789 1.4652e-01     0.1200      0.604    1486.89     85.216     5.5227   9.354213  0.000e+00
     86.668     8.9453    34.5560    26.7792 1.4652e-01     0.1200      0.601    1486.89     85.217     5.5227   9.354214  0.000e+00
     86.691     8.9453    34.5560    26.7792 1.4652e-01     0.1200      0.601    1486.89     85.155     5.5187   9.354214  0.000e+00
     86.715     8.9457    34.5580    26.7807 1.4652e-01     0.1200      0.601    1486.90     85.211     5.5222   9.354215  0.000e+00
     86.753     8.9468    34.5595    26.7817 1.4652e-01     0.1200      0.608    1486.90     85.212     5.5221   9.354215  0.000e+00
     86.787     8.9479    34.5594    26.7814 1.4652e-01     0.1200      0.615    1486.91     85.213     5.5220   9.354216  0.000e+00
     86.800     8.9488    34.5593    26.7812 1.5873e-01     0.1200      0.619    1486.91     85.213     5.5219   9.354216  0.000e+00
     86.824     8.9495    34.5598    26.7814 1.4652e-01     0.1200      0.630    1486.91     85.214     5.5219   9.354217  0.000e+00
     86.849     8.9500    34.5597    26.7813 1.4652e-01     0.1200      0.630    1486.92     85.215     5.5219   9.354217  0.000e+00
     86.872     8.9502    34.5600    26.7815 1.4652e-01     0.1200      0.623    1486.92     85.216     5.5219   9.354218  0.000e+00
     86.909     8.9507    34.5604    26.7817 1.4652e-01     0.1200      0.608    1486.92     85.217     5.5219   9.354218  0.000e+00
     86.933     8.9510    34.5606    26.7818 1.5873e-01     0.1200      0.601    1486.92     85.156     5.5179   9.354219  0.000e+00
     86.956     8.9511    34.5605    26.7818 1.4652e-01     0.1200      0.597    1486.92     85.212     5.5215   9.354219  0.000e+00
     86.982     8.9514    34.5608    26.7820 1.4652e-01     0.1200      0.604    1486.92     85.213     5.5215   9.354220  0.000e+00
     86.994     8.9518    34.5608    26.7819 1.4652e-01     0.1200      0.604    1486.93     85.214     5.5216   9.354220  0.000e+00
     87.018     8.9517    34.5610    26.7821 1.4652e-01     0.1200      0.604    1486.93     85.215     5.5216   9.354221  0.000e+00
     87.066     8.9521    34.5598    26.7811 1.4652e-01     0.1200      0.604    1486.93     85.155     5.5177   9.354221  0.000e+00
     87.079     8.9516    34.5601    26.7814 1.4652e-01     0.1200      0.604    1486.93     85.211     5.5214   9.354222  0.000e+00
     87.101     8.9511    34.5599    26.7813 1.5873e-01     0.1200      0.601    1486.92     85.212     5.5216   9.354222  0.000e+00
     87.127     8.9508    34.5591    26.7807 1.5873e-01     0.1200      0.597    1486.92     85.214     5.5217   9.354223  0.000e+00
     87.150     8.9507    34.5600    26.7815 1.4652e-01     0.1200      0.593    1486.92     85.215     5.5218   9.354223  0.000e+00
     87.176     8.9523    34.5626    26.7832 1.4652e-01     0.1200      0.593    1486.93     85.216     5.5216   9.354224  0.000e+00
     87.212     8.9550    34.5653    26.7849 1.4652e-01     0.1200      0.601    1486.95     85.149     5.5168   9.354224  0.000e+00
     87.211     8.9571    34.5666    26.7856 1.4652e-01     0.1200      0.601    1486.96     85.205     5.5201   9.354225  0.000e+00
     87.261     8.9587    34.5660    26.7849 1.4652e-01     0.1200      0.597    1486.96     85.206     5.5200   9.354225  0.000e+00
     87.284     8.9595    34.5663    26.7850 1.5873e-01     0.1200      0.601    1486.97     85.208     5.5200   9.354226  0.000e+00
     87.297     8.9606    34.5661    26.7846 1.5873e-01     0.1200      0.597    1486.97     85.209     5.5200   9.354226  0.000e+00
     87.331     8.9616    34.5665    26.7848 1.5873e-01     0.1200      0.590    1486.97     85.210     5.5199   9.354226  0.000e+00
     87.357     8.9624    34.5667    26.7848 1.5873e-01     0.1200      0.586    1486.98     85.212     5.5199   9.354227  0.000e+00
     87.380     8.9634    34.5663    26.7843 1.4652e-01     0.1200      0.590    1486.98     85.213     5.5199   9.354227  0.000e+00
     87.406     8.9633    34.5659    26.7841 1.4652e-01     0.1200      0.593    1486.98     85.214     5.5200   9.354228  0.000e+00
     87.429     8.9626    34.5648    26.7833 1.4652e-01     0.1200      0.597    1486.98     85.154     5.5162   9.354228  0.000e+00
     87.453     8.9621    34.5653    26.7838 1.4652e-01     0.1200      0.590    1486.98     85.149     5.5159   9.354229  0.000e+00
     87.489     8.9622    34.5663    26.7846 1.4652e-01     0.1200      0.586    1486.98     85.144     5.5156   9.354229  0.000e+00
     87.502     8.9629    34.5670    26.7850 1.4652e-01     0.1200      0.586    1486.98     85.139     5.5151   9.354230  0.000e+00
     87.537     8.9639    34.5666    26.7845 1.4652e-01     0.1200      0.586    1486.99     85.197     5.5188   9.354230  0.000e+00
     87.563     8.9640    34.5662    26.7842 1.4652e-01     0.1200      0.590    1486.99     85.137     5.5149   9.354231  0.000e+00
     87.574     8.9638    34.5656    26.7837 1.4652e-01     0.1200      0.593    1486.99     85.133     5.5147   9.354231  0.000e+00
     87.623     8.9631    34.5645    26.7830 1.4652e-01     0.1200      0.604    1486.98     85.130     5.5146   9.354232  0.000e+00
     87.634     8.9622    34.5651    26.7836 1.4652e-01     0.1200      0.615    1486.98     85.126     5.5144   9.354232  0.000e+00
     87.672     8.9619    34.5647    26.7833 1.4652e-01     0.1200      0.626    1486.98     85.123     5.5143   9.354233  0.000e+00
     87.695     8.9621    34.5659    26.7842 1.4652e-01     0.1200      0.626    1486.98     85.120     5.5140   9.354233  0.000e+00
     87.721     8.9631    34.5667    26.7847 1.4652e-01     0.1200      0.615    1486.99     85.117     5.5137   9.354234  0.000e+00
     87.744     8.9637    34.5664    26.7844 1.4652e-01     0.1200      0.608    1486.99     85.053     5.5095   9.354234  0.000e+00
     87.768     8.9637    34.5660    26.7840 1.4652e-01     0.1200      0.615    1486.99     85.045     5.5089   9.354235  0.000e+00
     87.804     8.9633    34.5656    26.7839 1.4652e-01     0.1200      0.634    1486.99     85.036     5.5085   9.354235  0.000e+00
     87.806     8.9629    34.5661    26.7843 1.4652e-01     0.1200      0.645    1486.99     84.967     5.5040   9.354236  0.000e+00
     87.864     8.9631    34.5666    26.7846 1.4652e-01     0.1200      0.637    1486.99     85.015     5.5071   9.354236  0.000e+00
     87.876     8.9631    34.5667    26.7847 1.4652e-01     0.1200      0.626    1486.99     85.009     5.5067   9.354237  0.000e+00
     87.902     8.9632    34.5666    26.7846 1.4652e-01     0.1200      0.615    1486.99     85.003     5.5063   9.354237  0.000e+00
     87.925     8.9632    34.5666    26.7846 1.4652e-01     0.1200      0.615    1486.99     84.998     5.5060   9.354238  0.000e+00
     87.951     8.9629    34.5658    26.7841 1.4652e-01     0.1200      0.623    1486.99     84.987     5.5053   9.354238  0.000e+00
     87.985     8.9624    34.5657    26.7840 1.4652e-01     0.1200      0.626    1486.99     84.983     5.5051   9.354239  0.000e+00
     87.998     8.9621    34.5653    26.7838 1.4652e-01     0.1200      0.615    1486.99     84.979     5.5049   9.354239  0.000e+00
     88.034     8.9619    34.5656    26.7840 1.4652e-01     0.1200      0.608    1486.99     84.976     5.5048   9.354239  0.000e+00
     88.060     8.9622    34.5659    26.7842 1.4652e-01     0.1200      0.601    1486.99     84.974     5.5046   9.354240  0.000e+00
     88.081     8.9624    34.5663    26.7845 1.4652e-01     0.1200      0.597    1486.99     84.910     5.5004   9.354240  0.000e+00
     88.107     8.9626    34.5661    26.7843 1.4652e-01     0.1200      0.601    1486.99     84.964     5.5039   9.354241  0.000e+00
     88.141     8.9626    34.5666    26.7847 1.4652e-01     0.1200      0.597    1486.99     84.902     5.4999   9.354241  0.000e+00
     88.155     8.9627    34.5666    26.7847 1.4652e-01     0.1200      0.593    1486.99     84.896     5.4994   9.354242  0.000e+00
     88.181     8.9632    34.5671    26.7850 1.4652e-01     0.1200      0.593    1487.00     84.883     5.4985   9.354242  0.000e+00
     88.215     8.9642    34.5670    26.7848 1.4652e-01     0.1200      0.590    1487.00     84.878     5.4981   9.354243  0.000e+00
     88.228     8.9646    34.5670    26.7847 1.4652e-01     0.1200      0.582    1487.00     84.874     5.4977   9.354243  0.000e+00
     88.264     8.9650    34.5680    26.7854 1.4652e-01     0.1200      0.586    1487.00     84.871     5.4975   9.354244  0.000e+00
     88.290     8.9662    34.5682    26.7854 1.4652e-01     0.1200      0.586    1487.01     84.868     5.4971   9.354244  0.000e+00
     88.311     8.9674    34.5682    26.7852 1.4652e-01     0.1200      0.586    1487.01     84.859     5.4964   9.354245  0.000e+00
     88.335     8.9683    34.5682    26.7851 1.4652e-01     0.1200      0.586    1487.02     84.858     5.4963   9.354245  0.000e+00
     88.375     8.9688    34.5675    26.7844 1.5873e-01     0.1200      0.586    1487.02     84.859     5.4962   9.354246  0.000e+00
     88.384     8.9687    34.5673    26.7843 1.4652e-01     0.1200      0.586    1487.02     84.859     5.4963   9.354246  0.000e+00
     88.410     8.9683    34.5670    26.7841 1.4652e-01     0.1200      0.590    1487.02     84.799     5.4925   9.354247  0.000e+00
     88.432     8.9677    34.5672    26.7843 1.4652e-01     0.1200      0.593    1487.02     84.857     5.4963   9.354247  0.000e+00
     88.481     8.9677    34.5670    26.7842 1.4652e-01     0.1200      0.601    1487.02     84.854     5.4961   9.354248  0.000e+00
     88.482     8.9674    34.5670    26.7843 1.4652e-01     0.1200      0.626    1487.02     84.858     5.4964   9.354248  0.000e+00
     88.516     8.9677    34.5664    26.7838 1.4652e-01     0.1200      0.659    1487.02     84.740     5.4887   9.354249  0.000e+00
     88.544     8.9679    34.5670    26.7842 1.4652e-01     0.1200      0.656    1487.02     84.794     5.4922   9.354249  0.000e+00
     88.565     8.9676    34.5680    26.7850 1.4652e-01     0.1200      0.630    1487.02     84.795     5.4922   9.354250  0.000e+00
     88.601     8.9680    34.5677    26.7847 1.4652e-01     0.1200      0.612    1487.02     84.797     5.4923   9.354250  0.000e+00
     88.604     8.9681    34.5672    26.7843 1.5873e-01     0.1200      0.601    1487.02     84.800     5.4925   9.354251  0.000e+00
     88.650     8.9679    34.5676    26.7847 1.4652e-01     0.1200      0.601    1487.02     84.805     5.4928   9.354251  0.000e+00
     88.665     8.9677    34.5674    26.7845 1.5873e-01     0.1200      0.601    1487.02     84.810     5.4932   9.354252  0.000e+00
     88.686     8.9676    34.5671    26.7843 1.5873e-01     0.1200      0.601    1487.02     84.809     5.4932   9.354252  0.000e+00
     88.722     8.9674    34.5672    26.7845 1.5873e-01     0.1200      0.601    1487.02     84.748     5.4892   9.354253  0.000e+00
     88.750     8.9672    34.5674    26.7846 1.5873e-01     0.1200      0.601    1487.02     84.742     5.4889   9.354253  0.000e+00
     88.771     8.9669    34.5676    26.7848 1.4652e-01     0.1200      0.601    1487.02     84.738     5.4886   9.354253  0.000e+00
     88.795     8.9670    34.5673    26.7845 1.4652e-01     0.1200      0.604    1487.02     84.742     5.4889   9.354254  0.000e+00
     88.821     8.9671    34.5674    26.7846 1.4652e-01     0.1200      0.612    1487.02     84.740     5.4888   9.354254  0.000e+00
     88.856     8.9670    34.5675    26.7847 1.4652e-01     0.1200      0.619    1487.02     84.740     5.4888   9.354255  0.000e+00
     88.870     8.9669    34.5676    26.7849 1.4652e-01     0.1200      0.623    1487.02     84.740     5.4888   9.354255  0.000e+00
     88.904     8.9669    34.5676    26.7848 1.5873e-01     0.1200      0.619    1487.02     84.742     5.4889   9.354256  0.000e+00
     88.929     8.9666    34.5664    26.7839 1.5873e-01     0.1200      0.612    1487.02     84.745     5.4892   9.354256  0.000e+00
     88.944     8.9656    34.5660    26.7838 1.5873e-01     0.1200      0.604    1487.02     84.749     5.4896   9.354257  0.000e+00
     88.976     8.9652    34.5662    26.7840 1.5873e-01     0.1200      0.601    1487.01     84.754     5.4900   9.354257  0.000e+00
     89.001     8.9648    34.5670    26.7847 1.5873e-01     0.1200      0.597    1487.01     84.754     5.4899   9.354258  0.000e+00
     89.028     8.9649    34.5672    26.7848 1.5873e-01     0.1200      0.593    1487.02     84.754     5.4899   9.354258  0.000e+00
     89.050     8.9648    34.5664    26.7842 1.5873e-01     0.1200      0.597    1487.02     84.754     5.4900   9.354259  0.000e+00
     89.085     8.9645    34.5669    26.7847 1.5873e-01     0.1200      0.601    1487.02     84.749     5.4897   9.354259  0.000e+00
     89.100     8.9647    34.5667    26.7844 1.4652e-01     0.1200      0.601    1487.02     84.689     5.4858   9.354260  0.000e+00
     89.121     8.9646    34.5669    26.7846 1.4652e-01     0.1200      0.601    1487.02     84.686     5.4856   9.354260  0.000e+00
     89.159     8.9646    34.5670    26.7847 1.5873e-01     0.1200      0.601    1487.02     84.622     5.4814   9.354261  0.000e+00
     89.174     8.9645    34.5676    26.7852 1.4652e-01     0.1200      0.601    1487.02     84.676     5.4849   9.354261  0.000e+00
     89.206     8.9650    34.5673    26.7849 1.4652e-01     0.1200      0.601    1487.02     84.614     5.4809   9.354262  0.000e+00
     89.231     8.9650    34.5671    26.7847 1.4652e-01     0.1200      0.601    1487.02     84.671     5.4845   9.354262  0.000e+00
     89.270     8.9651    34.5673    26.7848 1.4652e-01     0.1200      0.601    1487.02     84.674     5.4847   9.354263  0.000e+00
     89.279     8.9653    34.5681    26.7855 1.4652e-01     0.1200      0.619    1487.02     84.616     5.4809   9.354263  0.000e+00
