RAWDATA/20190107/Ø1_20190110_down.cnv
* Sea-Bird SBE 9 Data File:
* FileName = C:\CTD Brukere\NIVA\OKOKYST2019\20190107\Ø1_20190110.hex
* Software Version Seasave V 7.23.2
* Temperature SN = 5352
* Conductivity SN = 3840
* Number of Bytes Per Scan = 28
* Number of Voltage Words = 4
* Number of Scans Averaged by the Deck Unit = 1
* NMEA baud rate = 4800
** Ship: R/V Trygve Braarud
** Cruise:
** Station:
** Operator:
# nquan = 12
# nvalues = 2707                                  
# units = specified
# name 0 = depSM: Depth [salt water, m], lat = 59.60
# name 1 = t090C: Temperature [ITS-90, deg C]
# name 2 = sal00: Salinity, Practical [PSU]
# name 3 = sigma-t00: Density [sigma-t, kg/m^3 ]
# name 4 = flSP: Fluorescence, Seapoint
# name 5 = wetStar: Fluorescence, WET Labs WETstar [mg/m^3]
# name 6 = seaTurbMtr: Turbidity, Seapoint [FTU]
# name 7 = svCM: Sound Velocity [Chen-Millero, m/s]
# name 8 = sbeox0PS: Oxygen, SBE 43 [% saturation]
# name 9 = sbeox0ML/L: Oxygen, SBE 43 [ml/l]
# name 10 = timeJ: Julian Days
# name 11 = flag:  0.000e+00
# span 0 =     -0.171,     48.867                 
# span 1 =     6.2637,     8.4528                 
# span 2 =    31.6895,    34.5219                 
# span 3 =    24.9018,    26.8471                 
# span 4 = 1.5873e-01, 3.1746e-01                 
# span 5 =     0.1200,     0.3557                 
# span 6 =      0.663,      3.934                 
# span 7 =    1471.69,    1483.98                 
# span 8 =     72.308,     90.077                 
# span 9 =     5.0703,     6.1552                 
# span 10 =  10.620162,  10.621467                
# span 11 = 0.0000e+00, 0.0000e+00                
# interval = seconds: 0.0416667
# start_time = Jan 10 2019 14:53:02 [System UpLoad Time]
# bad_flag = -9.990e-29
*END*
[from data line 2407]
     46.158     8.3433    34.5153    26.8413 1.7094e-01     0.1200      1.575    1483.93     86.585     5.6885  10.621323  0.000e+00
     46.183     8.3436    34.5149    26.8409 1.7094e-01     0.1200      1.553    1483.93     86.576     5.6879  10.621323  0.000e+00
     46.199     8.3436    34.5146    26.8407 1.7094e-01     0.1200      1.542    1483.93     86.566     5.6873  10.621324  0.000e+00
     46.231     8.3435    34.5151    26.8411 1.7094e-01     0.1200      1.549    1483.93     86.618     5.6906  10.621324  0.000e+00
     46.259     8.3435    34.5153    26.8413 1.7094e-01     0.1200      1.560    1483.93     86.552     5.6863  10.621325  0.000e+00
     46.267     8.3433    34.5152    26.8412 1.7094e-01     0.1200      1.575    1483.93     86.540     5.6855  10.621325  0.000e+00
     46.316     8.3433    34.5153    26.8413 1.7094e-01     0.1200      1.593    1483.93     86.528     5.6847  10.621326  0.000e+00
     46.319     8.3433    34.5154    26.8414 1.8315e-01     0.1200      1.612    1483.93     86.522     5.6843  10.621326  0.000e+00
     46.352     8.3430    34.5160    26.8419 1.7094e-01     0.1200      1.619    1483.93     86.516     5.6840  10.621327  0.000e+00
     46.363     8.3431    34.5157    26.8416 1.7094e-01     0.1200      1.641    1483.93     86.510     5.6835  10.621327  0.000e+00
     46.391     8.3431    34.5158    26.8417 1.7094e-01     0.1200      1.667    1483.93     86.503     5.6831  10.621328  0.000e+00
     46.423     8.3430    34.5158    26.8417 1.7094e-01     0.1212      1.674    1483.93     86.496     5.6827  10.621328  0.000e+00
     46.439     8.3431    34.5158    26.8418 1.7094e-01     0.1212      1.670    1483.94     86.489     5.6822  10.621329  0.000e+00
     46.459     8.3431    34.5154    26.8414 1.7094e-01     0.1200      1.656    1483.93     86.482     5.6817  10.621329  0.000e+00
     46.472     8.3433    34.5156    26.8415 1.7094e-01     0.1200      1.637    1483.94     86.412     5.6771  10.621330  0.000e+00
     46.511     8.3431    34.5156    26.8416 1.7094e-01     0.1200      1.667    1483.94     86.398     5.6762  10.621330  0.000e+00
     46.519     8.3431    34.5155    26.8415 1.7094e-01     0.1212      1.696    1483.94     86.444     5.6792  10.621331  0.000e+00
     46.548     8.3433    34.5156    26.8415 1.7094e-01     0.1212      1.678    1483.94     86.443     5.6792  10.621331  0.000e+00
     46.568     8.3433    34.5151    26.8412 1.7094e-01     0.1200      1.648    1483.94     86.435     5.6787  10.621332  0.000e+00
     46.592     8.3433    34.5152    26.8412 1.7094e-01     0.1200      1.630    1483.94     86.434     5.6786  10.621332  0.000e+00
     46.608     8.3430    34.5156    26.8416 1.7094e-01     0.1200      1.619    1483.94     86.434     5.6786  10.621332  0.000e+00
     46.616     8.3431    34.5158    26.8417 1.7094e-01     0.1212      1.619    1483.94     86.371     5.6744  10.621333  0.000e+00
     46.655     8.3433    34.5153    26.8413 1.7094e-01     0.1200      1.615    1483.94     86.425     5.6780  10.621333  0.000e+00
     46.663     8.3431    34.5160    26.8419 1.7094e-01     0.1200      1.612    1483.94     86.424     5.6779  10.621334  0.000e+00
     46.688     8.3430    34.5163    26.8422 1.7094e-01     0.1200      1.601    1483.94     86.423     5.6779  10.621334  0.000e+00
     46.704     8.3427    34.5163    26.8422 1.7094e-01     0.1200      1.601    1483.94     86.423     5.6779  10.621335  0.000e+00
     46.737     8.3425    34.5169    26.8427 1.7094e-01     0.1200      1.615    1483.94     86.361     5.6738  10.621335  0.000e+00
     46.751     8.3422    34.5174    26.8431 1.7094e-01     0.1200      1.630    1483.94     86.415     5.6774  10.621336  0.000e+00
     46.772     8.3418    34.5172    26.8430 1.7094e-01     0.1200      1.615    1483.94     86.414     5.6774  10.621336  0.000e+00
     46.789     8.3422    34.5169    26.8428 1.8315e-01     0.1200      1.597    1483.94     86.414     5.6773  10.621337  0.000e+00
     46.808     8.3423    34.5167    26.8425 1.8315e-01     0.1200      1.586    1483.94     86.414     5.6773  10.621337  0.000e+00
     46.832     8.3423    34.5166    26.8424 1.7094e-01     0.1200      1.575    1483.94     86.413     5.6773  10.621338  0.000e+00
     46.860     8.3425    34.5168    26.8426 1.7094e-01     0.1200      1.586    1483.94     86.420     5.6777  10.621338  0.000e+00
     46.868     8.3422    34.5168    26.8427 1.7094e-01     0.1200      1.619    1483.94     86.420     5.6778  10.621339  0.000e+00
     46.896     8.3423    34.5167    26.8426 1.7094e-01     0.1200      1.630    1483.94     86.420     5.6777  10.621339  0.000e+00
     46.917     8.3423    34.5166    26.8425 1.7094e-01     0.1200      1.623    1483.94     86.428     5.6782  10.621340  0.000e+00
     46.920     8.3423    34.5165    26.8424 1.7094e-01     0.1200      1.641    1483.94     86.428     5.6782  10.621340  0.000e+00
     46.953     8.3425    34.5166    26.8424 1.8315e-01     0.1200      1.667    1483.94     86.435     5.6787  10.621341  0.000e+00
     46.980     8.3423    34.5166    26.8424 1.7094e-01     0.1200      1.678    1483.94     86.374     5.6747  10.621341  0.000e+00
     47.001     8.3423    34.5167    26.8425 1.7094e-01     0.1200      1.714    1483.94     86.368     5.6743  10.621342  0.000e+00
     47.013     8.3423    34.5170    26.8428 1.7094e-01     0.1200      1.769    1483.94     86.362     5.6739  10.621342  0.000e+00
     47.040     8.3423    34.5168    26.8426 1.7094e-01     0.1200      1.736    1483.94     86.356     5.6735  10.621343  0.000e+00
     47.061     8.3420    34.5173    26.8430 1.7094e-01     0.1200      1.685    1483.94     86.358     5.6737  10.621343  0.000e+00
     47.087     8.3420    34.5174    26.8431 1.7094e-01     0.1200      1.674    1483.94     86.354     5.6734  10.621344  0.000e+00
     47.097     8.3422    34.5173    26.8430 1.7094e-01     0.1200      1.692    1483.94     86.349     5.6731  10.621344  0.000e+00
     47.125     8.3422    34.5172    26.8430 1.7094e-01     0.1200      1.685    1483.94     86.345     5.6728  10.621345  0.000e+00
     47.157     8.3419    34.5175    26.8433 1.7094e-01     0.1200      1.659    1483.94     86.349     5.6731  10.621345  0.000e+00
     47.172     8.3418    34.5176    26.8433 1.7094e-01     0.1200      1.637    1483.94     86.284     5.6688  10.621345  0.000e+00
     47.182     8.3419    34.5170    26.8428 1.7094e-01     0.1200      1.634    1483.94     86.335     5.6722  10.621346  0.000e+00
     47.221     8.3418    34.5173    26.8431 1.7094e-01     0.1200      1.634    1483.95     86.271     5.6680  10.621346  0.000e+00
     47.242     8.3422    34.5172    26.8429 1.7094e-01     0.1200      1.637    1483.95     86.262     5.6674  10.621347  0.000e+00
     47.256     8.3420    34.5173    26.8431 1.7094e-01     0.1200      1.645    1483.95     86.316     5.6709  10.621347  0.000e+00
     47.278     8.3420    34.5170    26.8429 1.7094e-01     0.1200      1.648    1483.95     86.260     5.6673  10.621348  0.000e+00
     47.305     8.3419    34.5173    26.8431 1.7094e-01     0.1200      1.659    1483.95     86.253     5.6668  10.621348  0.000e+00
     47.325     8.3420    34.5173    26.8431 1.8315e-01     0.1200      1.659    1483.95     86.308     5.6704  10.621349  0.000e+00
     47.341     8.3420    34.5170    26.8428 1.8315e-01     0.1200      1.641    1483.95     86.248     5.6664  10.621349  0.000e+00
     47.373     8.3422    34.5170    26.8428 1.8315e-01     0.1200      1.608    1483.95     86.242     5.6660  10.621350  0.000e+00
     47.373     8.3422    34.5169    26.8427 1.7094e-01     0.1200      1.608    1483.95     86.237     5.6657  10.621350  0.000e+00
     47.437     8.3423    34.5166    26.8425 1.7094e-01     0.1200      1.623    1483.95     86.233     5.6654  10.621351  0.000e+00
     47.434     8.3428    34.5161    26.8420 1.7094e-01     0.1200      1.659    1483.95     86.228     5.6651  10.621351  0.000e+00
     47.461     8.3427    34.5160    26.8419 1.7094e-01     0.1200      1.714    1483.95     86.225     5.6649  10.621352  0.000e+00
     47.494     8.3431    34.5157    26.8416 1.7094e-01     0.1200      1.729    1483.95     86.223     5.6647  10.621352  0.000e+00
     47.497     8.3430    34.5159    26.8419 1.7094e-01     0.1200      1.692    1483.95     86.220     5.6645  10.621353  0.000e+00
     47.529     8.3431    34.5158    26.8417 1.7094e-01     0.1200      1.659    1483.95     86.211     5.6640  10.621353  0.000e+00
     47.557     8.3435    34.5152    26.8412 1.7094e-01     0.1200      1.634    1483.95     86.203     5.6634  10.621354  0.000e+00
     47.542     8.3435    34.5151    26.8411 1.7094e-01     0.1200      1.619    1483.95     86.201     5.6633  10.621354  0.000e+00
     47.606     8.3436    34.5149    26.8410 1.7094e-01     0.1200      1.626    1483.96     86.202     5.6633  10.621355  0.000e+00
     47.617     8.3433    34.5157    26.8416 1.7094e-01     0.1200      1.626    1483.96     86.202     5.6633  10.621355  0.000e+00
     47.625     8.3435    34.5155    26.8414 1.7094e-01     0.1200      1.615    1483.96     86.202     5.6633  10.621356  0.000e+00
     47.653     8.3433    34.5153    26.8413 1.7094e-01     0.1200      1.604    1483.96     86.204     5.6635  10.621356  0.000e+00
     47.674     8.3435    34.5155    26.8414 1.7094e-01     0.1200      1.612    1483.96     86.198     5.6631  10.621357  0.000e+00
     47.689     8.3433    34.5158    26.8417 1.7094e-01     0.1200      1.626    1483.96     86.201     5.6632  10.621357  0.000e+00
     47.723     8.3430    34.5164    26.8422 1.7094e-01     0.1200      1.626    1483.96     86.204     5.6635  10.621358  0.000e+00
     47.737     8.3425    34.5170    26.8427 1.9536e-01     0.1200      1.641    1483.96     86.269     5.6678  10.621358  0.000e+00
     47.758     8.3422    34.5175    26.8432 2.0757e-01     0.1200      1.652    1483.96     86.280     5.6685  10.621359  0.000e+00
     47.786     8.3415    34.5185    26.8441 1.9536e-01     0.1200      1.663    1483.95     86.284     5.6688  10.621359  0.000e+00
     47.794     8.3412    34.5189    26.8444 1.9536e-01     0.1200      1.667    1483.95     86.295     5.6696  10.621359  0.000e+00
     47.833     8.3407    34.5198    26.8452 1.9536e-01     0.1200      1.659    1483.95     86.245     5.6663  10.621360  0.000e+00
     47.819     8.3407    34.5195    26.8450 1.9536e-01     0.1200      1.645    1483.95     86.311     5.6707  10.621360  0.000e+00
     47.869     8.3407    34.5198    26.8452 1.8315e-01     0.1200      1.674    1483.95     86.324     5.6715  10.621361  0.000e+00
     47.890     8.3405    34.5202    26.8456 1.8315e-01     0.1200      1.692    1483.95     86.336     5.6723  10.621361  0.000e+00
     47.893     8.3404    34.5205    26.8458 1.7094e-01     0.1200      1.692    1483.95     86.349     5.6732  10.621362  0.000e+00
     47.927     8.3402    34.5205    26.8459 1.7094e-01     0.1212      1.685    1483.95     86.363     5.6741  10.621362  0.000e+00
     47.942     8.3401    34.5206    26.8460 1.7094e-01     0.1200      1.670    1483.95     86.376     5.6750  10.621363  0.000e+00
     47.966     8.3402    34.5205    26.8458 1.7094e-01     0.1200      1.656    1483.96     86.390     5.6759  10.621363  0.000e+00
     47.999     8.3407    34.5192    26.8447 1.7094e-01     0.1200      1.685    1483.96     86.404     5.6768  10.621364  0.000e+00
     48.002     8.3415    34.5183    26.8439 1.9536e-01     0.1200      1.718    1483.96     86.418     5.6777  10.621364  0.000e+00
     48.023     8.3415    34.5184    26.8440 1.8315e-01     0.1200      1.729    1483.96     86.426     5.6781  10.621365  0.000e+00
     48.049     8.3417    34.5183    26.8439 1.8315e-01     0.1200      1.714    1483.96     86.433     5.6786  10.621365  0.000e+00
     48.059     8.3418    34.5179    26.8435 1.8315e-01     0.1200      1.689    1483.96     86.502     5.6831  10.621366  0.000e+00
     48.085     8.3420    34.5173    26.8431 1.8315e-01     0.1200      1.678    1483.96     86.516     5.6841  10.621366  0.000e+00
     48.108     8.3418    34.5176    26.8434 1.8315e-01     0.1200      1.670    1483.96     86.530     5.6850  10.621367  0.000e+00
     48.134     8.3419    34.5177    26.8434 1.8315e-01     0.1200      1.648    1483.96     86.544     5.6859  10.621367  0.000e+00
     48.134     8.3419    34.5177    26.8434 1.8315e-01     0.1200      1.626    1483.96     86.557     5.6867  10.621368  0.000e+00
     48.179     8.3417    34.5184    26.8440 1.8315e-01     0.1200      1.608    1483.96     86.570     5.6876  10.621368  0.000e+00
     48.194     8.3409    34.5201    26.8454 1.7094e-01     0.1200      1.612    1483.96     86.583     5.6885  10.621369  0.000e+00
     48.204     8.3399    34.5214    26.8466 1.7094e-01     0.1200      1.634    1483.96     86.588     5.6889  10.621369  0.000e+00
     48.218     8.3393    34.5219    26.8471 1.7094e-01     0.1200      1.645    1483.96     86.599     5.6897  10.621370  0.000e+00
     48.251     8.3394    34.5210    26.8463 1.8315e-01     0.1212      1.641    1483.96     86.604     5.6900  10.621370  0.000e+00
     48.265     8.3406    34.5191    26.8447 1.7094e-01     0.1212      1.648    1483.96     86.607     5.6901  10.621371  0.000e+00
     48.278     8.3412    34.5177    26.8435 1.8315e-01     0.1200      1.674    1483.96     86.617     5.6908  10.621371  0.000e+00
     48.324     8.3420    34.5167    26.8426 1.8315e-01     0.1200      1.711    1483.96     86.620     5.6909  10.621372  0.000e+00
     48.326     8.3427    34.5166    26.8424 1.8315e-01     0.1200      1.740    1483.97     86.622     5.6909  10.621372  0.000e+00
     48.348     8.3431    34.5161    26.8420 1.8315e-01     0.1200      1.740    1483.97     86.630     5.6915  10.621372  0.000e+00
     48.363     8.3430    34.5162    26.8420 1.7094e-01     0.1200      1.736    1483.97     86.632     5.6916  10.621373  0.000e+00
     48.384     8.3427    34.5170    26.8427 1.7094e-01     0.1200      1.740    1483.97     86.632     5.6916  10.621373  0.000e+00
     48.423     8.3425    34.5170    26.8427 1.8315e-01     0.1200      1.729    1483.97     86.632     5.6916  10.621374  0.000e+00
     48.423     8.3422    34.5173    26.8430 1.8315e-01     0.1200      1.718    1483.97     86.631     5.6916  10.621374  0.000e+00
     48.444     8.3422    34.5178    26.8434 1.8315e-01     0.1200      1.711    1483.97     86.630     5.6915  10.621375  0.000e+00
     48.483     8.3420    34.5179    26.8435 1.7094e-01     0.1200      1.711    1483.97     86.629     5.6914  10.621375  0.000e+00
     48.480     8.3417    34.5181    26.8438 1.7094e-01     0.1200      1.729    1483.97     86.626     5.6913  10.621376  0.000e+00
     48.519     8.3417    34.5186    26.8441 1.7094e-01     0.1200      1.758    1483.97     86.623     5.6911  10.621376  0.000e+00
     48.530     8.3415    34.5189    26.8444 1.7094e-01     0.1200      1.791    1483.97     86.619     5.6908  10.621377  0.000e+00
     48.564     8.3407    34.5199    26.8453 1.7094e-01     0.1200      1.817    1483.97     86.615     5.6906  10.621377  0.000e+00
     48.566     8.3404    34.5205    26.8458 1.7094e-01     0.1200      1.835    1483.97     86.610     5.6903  10.621378  0.000e+00
     48.576     8.3409    34.5194    26.8449 1.7094e-01     0.1200      1.842    1483.97     86.605     5.6900  10.621378  0.000e+00
     48.626     8.3414    34.5178    26.8436 1.7094e-01     0.1200      1.817    1483.97     86.599     5.6896  10.621379  0.000e+00
     48.626     8.3417    34.5179    26.8436 1.8315e-01     0.1200      1.788    1483.97     86.592     5.6891  10.621379  0.000e+00
     48.649     8.3422    34.5172    26.8430 2.0757e-01     0.1200      1.773    1483.97     86.585     5.6886  10.621380  0.000e+00
