RAWDATA/20190107/Ø1_20190110_down.cnv
* Sea-Bird SBE 9 Data File:
* FileName = C:\CTD Brukere\NIVA\OKOKYST2019\20190107\Ø1_20190110.hex
* Software Version Seasave V 7.23.2
* Temperature SN = 5352
* Conductivity SN = 3840
* Number of Bytes Per Scan = 28
* Number of Voltage Words = 4
* Number of Scans Averaged by the Deck Unit = 1
* NMEA baud rate = 4800
** Ship: R/V Trygve Braarud
** Cruise:
** Station:
** Operator:
# nquan = 12
# nvalues = 2707                                  
# units = specified
# name 0 = depSM: Depth [salt water, m], lat = 59.60
# name 1 = t090C: Temperature [ITS-90, deg C]
# name 2 = sal00: Salinity, Practical [PSU]
# name 3 = sigma-t00: Density [sigma-t, kg/m^3 ]
# name 4 = flSP: Fluorescence, Seapoint
# name 5 = wetStar: Fluorescence, WET Labs WETstar [mg/m^3]
# name 6 = seaTurbMtr: Turbidity, Seapoint [FTU]
# name 7 = svCM: Sound Velocity [Chen-Millero, m/s]
# name 8 = sbeox0PS: Oxygen, SBE 43 [% saturation]
# name 9 = sbeox0ML/L: Oxygen, SBE 43 [ml/l]
# name 10 = timeJ: Julian Days
# name 11 = flag:  0.000e+00
# span 0 =     -0.171,     48.867                 
# span 1 =     6.2637,     8.4528                 
# span 2 =    31.6895,    34.5219                 
# span 3 =    24.9018,    26.8471                 
# span 4 = 1.5873e-01, 3.1746e-01                 
# span 5 =     0.1200,     0.3557                 
# span 6 =      0.663,      3.934                 
# span 7 =    1471.69,    1483.98                 
# span 8 =     72.308,     90.077                 
# span 9 =     5.0703,     6.1552                 
# span 10 =  10.620162,  10.621467                
# span 11 = 0.0000e+00, 0.0000e+00                
# interval = seconds: 0.0416667
# start_time = Jan 10 2019 14:53:02 [System UpLoad Time]
# bad_flag = -9.990e-29
*END*
[from data line 1444]
     24.626     8.4081    34.4509    26.7808 1.7094e-01     0.1200      1.158    1483.74     84.987     5.5777  10.620858  0.000e+00
     24.638     8.4080    34.4506    26.7806 1.7094e-01     0.1200      1.150    1483.74     84.989     5.5779  10.620859  0.000e+00
     24.673     8.4081    34.4508    26.7808 1.7094e-01     0.1200      1.158    1483.74     85.052     5.5821  10.620859  0.000e+00
     24.681     8.4078    34.4510    26.7810 1.7094e-01     0.1200      1.183    1483.74     84.998     5.5785  10.620860  0.000e+00
     24.709     8.4081    34.4506    26.7806 1.7094e-01     0.1212      1.227    1483.74     84.998     5.5785  10.620860  0.000e+00
     24.733     8.4081    34.4508    26.7808 1.8315e-01     0.1224      1.220    1483.74     85.058     5.5824  10.620861  0.000e+00
     24.746     8.4081    34.4507    26.7807 1.7094e-01     0.1212      1.187    1483.74     85.063     5.5827  10.620861  0.000e+00
     24.758     8.4084    34.4505    26.7805 1.7094e-01     0.1237      1.143    1483.74     85.066     5.5829  10.620862  0.000e+00
     24.801     8.4085    34.4506    26.7805 1.7094e-01     0.1237      1.147    1483.74     85.069     5.5831  10.620862  0.000e+00
     24.806     8.4085    34.4508    26.7807 1.7094e-01     0.1237      1.183    1483.74     85.070     5.5831  10.620863  0.000e+00
     24.842     8.4086    34.4510    26.7809 1.7094e-01     0.1224      1.205    1483.74     85.070     5.5831  10.620863  0.000e+00
     24.853     8.4084    34.4511    26.7809 1.7094e-01     0.1224      1.231    1483.74     85.130     5.5871  10.620864  0.000e+00
     24.886     8.4085    34.4509    26.7808 1.7094e-01     0.1224      1.286    1483.74     85.134     5.5874  10.620864  0.000e+00
     24.913     8.4083    34.4516    26.7814 1.7094e-01     0.1212      1.260    1483.74     85.137     5.5876  10.620865  0.000e+00
     24.925     8.4083    34.4513    26.7811 1.7094e-01     0.1212      1.201    1483.74     85.146     5.5881  10.620865  0.000e+00
     24.938     8.4080    34.4516    26.7814 1.7094e-01     0.1237      1.136    1483.74     85.153     5.5887  10.620866  0.000e+00
     24.968     8.4079    34.4510    26.7809 1.7094e-01     0.1224      1.092    1483.74     85.152     5.5886  10.620866  0.000e+00
     24.985     8.4080    34.4509    26.7808 1.7094e-01     0.1237      1.062    1483.74     85.157     5.5890  10.620867  0.000e+00
     25.033     8.4080    34.4515    26.7813 1.7094e-01     0.1237      1.051    1483.74     85.161     5.5892  10.620867  0.000e+00
     25.033     8.4080    34.4519    26.7816 1.7094e-01     0.1224      1.048    1483.74     85.225     5.5934  10.620868  0.000e+00
     25.053     8.4078    34.4514    26.7812 1.7094e-01     0.1224      1.055    1483.74     85.172     5.5899  10.620868  0.000e+00
     25.105     8.4074    34.4520    26.7818 1.7094e-01     0.1200      1.081    1483.74     85.233     5.5940  10.620869  0.000e+00
     25.093     8.4077    34.4521    26.7819 1.7094e-01     0.1200      1.132    1483.74     85.239     5.5943  10.620869  0.000e+00
     25.129     8.4075    34.4519    26.7817 1.7094e-01     0.1200      1.110    1483.74     85.250     5.5951  10.620870  0.000e+00
     25.160     8.4075    34.4518    26.7816 1.7094e-01     0.1200      1.066    1483.74     85.253     5.5953  10.620870  0.000e+00
     25.165     8.4077    34.4516    26.7814 1.7094e-01     0.1224      1.040    1483.74     85.262     5.5958  10.620870  0.000e+00
     25.200     8.4074    34.4523    26.7820 1.7094e-01     0.1249      1.018    1483.74     85.269     5.5963  10.620871  0.000e+00
     25.225     8.4077    34.4522    26.7819 1.7094e-01     0.1249      1.015    1483.75     85.268     5.5962  10.620871  0.000e+00
     25.244     8.4073    34.4526    26.7823 1.7094e-01     0.1249      1.033    1483.75     85.327     5.6001  10.620872  0.000e+00
     25.260     8.4068    34.4528    26.7825 1.7094e-01     0.1224      1.088    1483.74     85.330     5.6004  10.620872  0.000e+00
     25.296     8.4065    34.4530    26.7828 1.7094e-01     0.1212      1.110    1483.74     85.339     5.6010  10.620873  0.000e+00
     25.309     8.4060    34.4532    26.7830 1.7094e-01     0.1200      1.092    1483.74     85.346     5.6015  10.620873  0.000e+00
     25.328     8.4059    34.4533    26.7830 1.7094e-01     0.1212      1.070    1483.74     85.344     5.6014  10.620874  0.000e+00
     25.345     8.4056    34.4532    26.7830 1.7094e-01     0.1200      1.062    1483.74     85.348     5.6017  10.620874  0.000e+00
     25.380     8.4054    34.4533    26.7832 1.7094e-01     0.1200      1.070    1483.74     85.350     5.6019  10.620875  0.000e+00
     25.388     8.4055    34.4532    26.7831 1.7094e-01     0.1200      1.110    1483.74     85.351     5.6019  10.620875  0.000e+00
     25.405     8.4054    34.4536    26.7834 1.7094e-01     0.1200      1.139    1483.74     85.350     5.6018  10.620876  0.000e+00
     25.440     8.4052    34.4538    26.7836 1.7094e-01     0.1212      1.150    1483.74     85.348     5.6017  10.620876  0.000e+00
     25.465     8.4054    34.4531    26.7830 1.8315e-01     0.1212      1.168    1483.74     85.406     5.6055  10.620877  0.000e+00
     25.471     8.4055    34.4534    26.7832 1.8315e-01     0.1224      1.179    1483.74     85.346     5.6016  10.620877  0.000e+00
     25.500     8.4054    34.4537    26.7834 1.7094e-01     0.1212      1.209    1483.74     85.340     5.6011  10.620878  0.000e+00
     25.525     8.4054    34.4537    26.7834 1.7094e-01     0.1212      1.267    1483.74     85.393     5.6046  10.620878  0.000e+00
     25.520     8.4051    34.4539    26.7837 1.7094e-01     0.1212      1.337    1483.74     85.389     5.6044  10.620879  0.000e+00
     25.560     8.4051    34.4533    26.7832 1.7094e-01     0.1212      1.410    1483.74     85.331     5.6006  10.620879  0.000e+00
     25.585     8.4050    34.4538    26.7836 1.7094e-01     0.1212      1.421    1483.74     85.325     5.6002  10.620880  0.000e+00
     25.580     8.4047    34.4543    26.7840 1.7094e-01     0.1200      1.370    1483.74     85.318     5.5998  10.620880  0.000e+00
     25.620     8.4049    34.4537    26.7835 1.7094e-01     0.1200      1.304    1483.74     85.372     5.6033  10.620881  0.000e+00
     25.632     8.4047    34.4538    26.7837 1.7094e-01     0.1200      1.245    1483.74     85.308     5.5991  10.620881  0.000e+00
     25.645     8.4045    34.4543    26.7841 1.7094e-01     0.1200      1.216    1483.74     85.297     5.5985  10.620882  0.000e+00
     25.663     8.4047    34.4542    26.7840 1.7094e-01     0.1200      1.183    1483.74     85.285     5.5976  10.620882  0.000e+00
     25.692     8.4046    34.4540    26.7838 1.7094e-01     0.1200      1.150    1483.74     85.273     5.5968  10.620883  0.000e+00
     25.705     8.4049    34.4539    26.7837 1.8315e-01     0.1200      1.128    1483.75     85.266     5.5963  10.620883  0.000e+00
     25.736     8.4049    34.4540    26.7837 1.7094e-01     0.1200      1.121    1483.75     85.251     5.5954  10.620883  0.000e+00
     25.740     8.4050    34.4541    26.7839 1.7094e-01     0.1200      1.168    1483.75     85.234     5.5943  10.620884  0.000e+00
     25.765     8.4049    34.4543    26.7840 1.7094e-01     0.1200      1.176    1483.75     85.224     5.5936  10.620884  0.000e+00
     25.783     8.4049    34.4543    26.7840 1.7094e-01     0.1200      1.143    1483.75     85.213     5.5929  10.620885  0.000e+00
     25.800     8.4049    34.4540    26.7838 1.7094e-01     0.1200      1.161    1483.75     85.202     5.5921  10.620885  0.000e+00
     25.825     8.4048    34.4545    26.7842 1.7094e-01     0.1200      1.158    1483.75     85.189     5.5913  10.620886  0.000e+00
     25.843     8.4049    34.4543    26.7840 1.7094e-01     0.1200      1.136    1483.75     85.175     5.5904  10.620886  0.000e+00
     25.885     8.4049    34.4542    26.7840 1.7094e-01     0.1212      1.161    1483.75     85.161     5.5895  10.620887  0.000e+00
     25.872     8.4047    34.4549    26.7845 1.7094e-01     0.1200      1.194    1483.75     85.153     5.5889  10.620887  0.000e+00
     25.916     8.4049    34.4541    26.7838 1.7094e-01     0.1212      1.198    1483.75     85.144     5.5884  10.620888  0.000e+00
     25.920     8.4047    34.4541    26.7839 1.7094e-01     0.1200      1.223    1483.75     85.135     5.5878  10.620888  0.000e+00
     25.956     8.4046    34.4542    26.7840 1.7094e-01     0.1200      1.231    1483.75     85.187     5.5912  10.620889  0.000e+00
     25.974     8.4044    34.4546    26.7843 1.7094e-01     0.1200      1.264    1483.75     85.183     5.5910  10.620889  0.000e+00
     26.005     8.4044    34.4547    26.7844 1.7094e-01     0.1200      1.352    1483.75     85.118     5.5867  10.620890  0.000e+00
     26.016     8.4042    34.4546    26.7844 1.7094e-01     0.1200      1.359    1483.75     85.105     5.5859  10.620890  0.000e+00
     26.047     8.4039    34.4550    26.7847 1.7094e-01     0.1200      1.469    1483.75     85.154     5.5891  10.620891  0.000e+00
     26.076     8.4039    34.4549    26.7846 1.7094e-01     0.1212      1.817    1483.75     85.155     5.5892  10.620891  0.000e+00
     26.076     8.4034    34.4553    26.7850 1.7094e-01     0.1224      1.916    1483.75     85.148     5.5887  10.620892  0.000e+00
     26.131     8.4034    34.4555    26.7851 1.7094e-01     0.1212      1.802    1483.75     85.148     5.5887  10.620892  0.000e+00
     26.147     8.4032    34.4558    26.7855 1.7094e-01     0.1200      1.685    1483.75     85.146     5.5887  10.620893  0.000e+00
     26.154     8.4028    34.4562    26.7858 1.7094e-01     0.1212      1.604    1483.75     85.144     5.5886  10.620893  0.000e+00
     26.183     8.4028    34.4561    26.7858 1.7094e-01     0.1212      1.604    1483.75     85.142     5.5884  10.620894  0.000e+00
     26.207     8.4028    34.4559    26.7855 1.7094e-01     0.1212      1.663    1483.75     85.139     5.5882  10.620894  0.000e+00
     26.250     8.4027    34.4561    26.7857 1.7094e-01     0.1200      1.733    1483.75     85.197     5.5920  10.620895  0.000e+00
     26.267     8.4028    34.4561    26.7857 1.7094e-01     0.1200      1.905    1483.75     85.200     5.5922  10.620895  0.000e+00
     26.303     8.4031    34.4555    26.7852 1.5873e-01     0.1200      2.231    1483.75     85.209     5.5928  10.620896  0.000e+00
     26.334     8.4030    34.4558    26.7855 1.7094e-01     0.1212      2.458    1483.75     85.279     5.5974  10.620896  0.000e+00
     26.339     8.4030    34.4561    26.7857 1.5873e-01     0.1224      2.604    1483.75     85.232     5.5943  10.620897  0.000e+00
     26.370     8.4027    34.4560    26.7856 1.7094e-01     0.1212      2.538    1483.75     85.300     5.5988  10.620897  0.000e+00
     26.412     8.4025    34.4562    26.7859 1.7094e-01     0.1224      2.304    1483.75     85.314     5.5997  10.620897  0.000e+00
     26.436     8.4025    34.4564    26.7860 1.7094e-01     0.1237      2.066    1483.75     85.326     5.6005  10.620898  0.000e+00
     26.443     8.4023    34.4565    26.7861 1.7094e-01     0.1237      1.901    1483.75     85.337     5.6013  10.620898  0.000e+00
     26.472     8.4025    34.4563    26.7859 1.7094e-01     0.1224      1.850    1483.75     85.348     5.6019  10.620899  0.000e+00
     26.508     8.4031    34.4559    26.7855 1.7094e-01     0.1212      1.747    1483.76     85.357     5.6025  10.620899  0.000e+00
     26.538     8.4030    34.4562    26.7857 1.7094e-01     0.1224      1.806    1483.76     85.366     5.6031  10.620900  0.000e+00
     26.568     8.4031    34.4555    26.7852 1.7094e-01     0.1224      2.015    1483.76     85.382     5.6041  10.620900  0.000e+00
     26.598     8.4032    34.4560    26.7856 1.7094e-01     0.1224      1.960    1483.76     85.389     5.6046  10.620901  0.000e+00
     26.603     8.4028    34.4563    26.7859 1.7094e-01     0.1200      1.868    1483.76     85.395     5.6050  10.620901  0.000e+00
     26.663     8.4026    34.4566    26.7862 1.7094e-01     0.1200      2.121    1483.76     85.470     5.6099  10.620902  0.000e+00
     26.670     8.4028    34.4560    26.7857 1.7094e-01     0.1200      2.560    1483.76     85.489     5.6112  10.620902  0.000e+00
     26.712     8.4026    34.4563    26.7859 1.5873e-01     0.1200      3.106    1483.76     85.500     5.6119  10.620903  0.000e+00
     26.717     8.4027    34.4563    26.7859 1.7094e-01     0.1200      3.117    1483.76     85.509     5.6125  10.620903  0.000e+00
     26.748     8.4025    34.4565    26.7861 1.7094e-01     0.1200      2.689    1483.76     85.518     5.6131  10.620904  0.000e+00
     26.777     8.4025    34.4565    26.7861 1.7094e-01     0.1212      2.355    1483.76     85.532     5.6141  10.620904  0.000e+00
     26.808     8.4025    34.4567    26.7863 1.7094e-01     0.1224      2.125    1483.76     85.539     5.6145  10.620905  0.000e+00
     26.830     8.4024    34.4567    26.7862 1.7094e-01     0.1249      1.912    1483.76     85.544     5.6148  10.620905  0.000e+00
     26.850     8.4025    34.4567    26.7862 1.7094e-01     0.1249      1.740    1483.76     85.548     5.6151  10.620906  0.000e+00
     26.890     8.4028    34.4562    26.7858 1.7094e-01     0.1237      1.736    1483.76     85.551     5.6153  10.620906  0.000e+00
     26.897     8.4025    34.4567    26.7862 1.7094e-01     0.1224      2.051    1483.76     85.553     5.6154  10.620907  0.000e+00
     26.939     8.4028    34.4562    26.7858 1.7094e-01     0.1224      2.352    1483.76     85.554     5.6154  10.620907  0.000e+00
     26.945     8.4030    34.4559    26.7855 1.7094e-01     0.1212      2.249    1483.76     85.553     5.6153  10.620908  0.000e+00
     26.975     8.4031    34.4560    26.7856 1.7094e-01     0.1224      1.923    1483.76     85.551     5.6152  10.620908  0.000e+00
     26.999     8.4031    34.4561    26.7857 1.7094e-01     0.1224      1.744    1483.76     85.548     5.6150  10.620909  0.000e+00
     27.017     8.4030    34.4560    26.7856 1.8315e-01     0.1237      1.725    1483.76     85.544     5.6148  10.620909  0.000e+00
     27.048     8.4029    34.4562    26.7858 1.9536e-01     0.1249      1.777    1483.76     85.539     5.6144  10.620910  0.000e+00
     27.052     8.4028    34.4564    26.7860 1.9536e-01     0.1249      1.777    1483.76     85.532     5.6140  10.620910  0.000e+00
     27.083     8.4025    34.4567    26.7863 1.9536e-01     0.1249      1.678    1483.76     85.463     5.6095  10.620910  0.000e+00
     27.101     8.4025    34.4567    26.7863 1.8315e-01     0.1249      1.560    1483.76     85.447     5.6085  10.620911  0.000e+00
     27.130     8.4025    34.4564    26.7860 1.9536e-01     0.1261      1.505    1483.76     85.492     5.6114  10.620911  0.000e+00
     27.148     8.4025    34.4568    26.7863 1.8315e-01     0.1261      1.454    1483.76     85.420     5.6067  10.620912  0.000e+00
     27.179     8.4026    34.4569    26.7863 1.9536e-01     0.1237      1.414    1483.77     85.409     5.6059  10.620912  0.000e+00
     27.184     8.4026    34.4569    26.7863 1.8315e-01     0.1224      1.568    1483.77     85.397     5.6052  10.620913  0.000e+00
     27.203     8.4026    34.4560    26.7857 1.8315e-01     0.1212      1.901    1483.76     85.378     5.6039  10.620913  0.000e+00
     27.233     8.4027    34.4562    26.7858 1.8315e-01     0.1224      2.103    1483.77     85.357     5.6025  10.620914  0.000e+00
     27.250     8.4026    34.4570    26.7864 1.8315e-01     0.1212      2.410    1483.77     85.343     5.6016  10.620914  0.000e+00
     27.275     8.4026    34.4563    26.7859 1.8315e-01     0.1212      2.663    1483.77     85.328     5.6006  10.620915  0.000e+00
     27.293     8.4022    34.4568    26.7864 1.8315e-01     0.1200      3.040    1483.77     85.313     5.5997  10.620915  0.000e+00
