RAWDATA/20190107/Ø1_20190110_down.cnv
* Sea-Bird SBE 9 Data File:
* FileName = C:\CTD Brukere\NIVA\OKOKYST2019\20190107\Ø1_20190110.hex
* Software Version Seasave V 7.23.2
* Temperature SN = 5352
* Conductivity SN = 3840
* Number of Bytes Per Scan = 28
* Number of Voltage Words = 4
* Number of Scans Averaged by the Deck Unit = 1
* NMEA baud rate = 4800
** Ship: R/V Trygve Braarud
** Cruise:
** Station:
** Operator:
# nquan = 12
# nvalues = 2707                                  
# units = specified
# name 0 = depSM: Depth [salt water, m], lat = 59.60
# name 1 = t090C: Temperature [ITS-90, deg C]
# name 2 = sal00: Salinity, Practical [PSU]
# name 3 = sigma-t00: Density [sigma-t, kg/m^3 ]
# name 4 = flSP: Fluorescence, Seapoint
# name 5 = wetStar: Fluorescence, WET Labs WETstar [mg/m^3]
# name 6 = seaTurbMtr: Turbidity, Seapoint [FTU]
# name 7 = svCM: Sound Velocity [Chen-Millero, m/s]
# name 8 = sbeox0PS: Oxygen, SBE 43 [% saturation]
# name 9 = sbeox0ML/L: Oxygen, SBE 43 [ml/l]
# name 10 = timeJ: Julian Days
# name 11 = flag:  0.000e+00
# span 0 =     -0.171,     48.867                 
# span 1 =     6.2637,     8.4528                 
# span 2 =    31.6895,    34.5219                 
# span 3 =    24.9018,    26.8471                 
# span 4 = 1.5873e-01, 3.1746e-01                 
# span 5 =     0.1200,     0.3557                 
# span 6 =      0.663,      3.934                 
# span 7 =    1471.69,    1483.98                 
# span 8 =     72.308,     90.077                 
# span 9 =     5.0703,     6.1552                 
# span 10 =  10.620162,  10.621467                
# span 11 = 0.0000e+00, 0.0000e+00                
# interval = seconds: 0.0416667
# start_time = Jan 10 2019 14:53:02 [System UpLoad Time]
# bad_flag = -9.990e-29
*END*
[from data line 2046]
     37.991     8.3984    34.4639    26.7925 1.7094e-01     0.1200      1.121    1483.94     86.240     5.6607  10.621149  0.000e+00
     38.004     8.3985    34.4639    26.7925 1.8315e-01     0.1200      1.110    1483.94     86.239     5.6607  10.621149  0.000e+00
     38.038     8.3985    34.4640    26.7926 1.7094e-01     0.1200      1.095    1483.94     86.237     5.6606  10.621150  0.000e+00
     38.063     8.3987    34.4640    26.7926 1.7094e-01     0.1224      1.106    1483.94     86.234     5.6603  10.621150  0.000e+00
     38.088     8.3993    34.4633    26.7919 1.7094e-01     0.1224      1.117    1483.94     86.230     5.6600  10.621151  0.000e+00
     38.110     8.3997    34.4630    26.7916 1.7094e-01     0.1224      1.117    1483.94     86.225     5.6596  10.621151  0.000e+00
     38.136     8.3998    34.4630    26.7916 1.7094e-01     0.1212      1.128    1483.94     86.226     5.6597  10.621152  0.000e+00
     38.158     8.3999    34.4631    26.7916 1.7094e-01     0.1212      1.136    1483.95     86.225     5.6596  10.621152  0.000e+00
     38.196     8.3999    34.4629    26.7915 1.7094e-01     0.1212      1.154    1483.95     86.225     5.6596  10.621153  0.000e+00
     38.207     8.4000    34.4633    26.7918 1.7094e-01     0.1212      1.161    1483.95     86.223     5.6594  10.621153  0.000e+00
     38.233     8.4001    34.4630    26.7916 1.7094e-01     0.1200      1.176    1483.95     86.220     5.6593  10.621154  0.000e+00
     38.267     8.3999    34.4633    26.7919 1.7094e-01     0.1200      1.179    1483.95     86.217     5.6590  10.621154  0.000e+00
     38.278     8.3999    34.4637    26.7921 1.7094e-01     0.1200      1.154    1483.95     86.212     5.6587  10.621155  0.000e+00
     38.304     8.3995    34.4642    26.7926 1.7094e-01     0.1200      1.136    1483.95     86.207     5.6584  10.621155  0.000e+00
     38.327     8.3995    34.4642    26.7926 1.7094e-01     0.1200      1.139    1483.95     86.201     5.6580  10.621155  0.000e+00
     38.340     8.3990    34.4644    26.7929 1.5873e-01     0.1200      1.147    1483.95     86.193     5.6576  10.621156  0.000e+00
     38.363     8.3990    34.4646    26.7930 1.7094e-01     0.1224      1.154    1483.95     86.247     5.6611  10.621156  0.000e+00
     38.386     8.3985    34.4651    26.7935 1.7094e-01     0.1237      1.154    1483.95     86.191     5.6575  10.621157  0.000e+00
     38.413     8.3983    34.4656    26.7938 1.7094e-01     0.1224      1.143    1483.95     86.188     5.6573  10.621157  0.000e+00
     38.423     8.3982    34.4658    26.7941 1.7094e-01     0.1212      1.125    1483.95     86.239     5.6607  10.621158  0.000e+00
     38.436     8.3977    34.4663    26.7945 1.7094e-01     0.1200      1.110    1483.95     86.181     5.6569  10.621158  0.000e+00
     38.470     8.3972    34.4669    26.7951 1.7094e-01     0.1200      1.110    1483.95     86.238     5.6606  10.621159  0.000e+00
     38.483     8.3970    34.4673    26.7954 1.7094e-01     0.1200      1.121    1483.94     86.239     5.6607  10.621159  0.000e+00
     38.496     8.3962    34.4674    26.7956 1.7094e-01     0.1200      1.136    1483.94     86.240     5.6609  10.621160  0.000e+00
     38.530     8.3961    34.4674    26.7956 1.7094e-01     0.1200      1.128    1483.94     86.178     5.6568  10.621160  0.000e+00
     38.520     8.3958    34.4677    26.7959 1.7094e-01     0.1200      1.114    1483.94     86.231     5.6603  10.621161  0.000e+00
     38.554     8.3954    34.4680    26.7962 1.7094e-01     0.1200      1.103    1483.94     86.237     5.6608  10.621161  0.000e+00
     38.566     8.3956    34.4684    26.7965 1.7094e-01     0.1200      1.128    1483.94     86.242     5.6610  10.621162  0.000e+00
     38.580     8.3956    34.4684    26.7965 1.7094e-01     0.1200      1.158    1483.94     86.238     5.6608  10.621162  0.000e+00
     38.603     8.3958    34.4681    26.7962 1.7094e-01     0.1200      1.172    1483.94     86.235     5.6606  10.621163  0.000e+00
     38.605     8.3961    34.4678    26.7959 1.7094e-01     0.1200      1.165    1483.94     86.291     5.6642  10.621163  0.000e+00
     38.626     8.3959    34.4681    26.7962 1.7094e-01     0.1200      1.147    1483.94     86.238     5.6608  10.621164  0.000e+00
     38.650     8.3961    34.4680    26.7961 1.7094e-01     0.1200      1.117    1483.95     86.239     5.6608  10.621164  0.000e+00
     38.665     8.3961    34.4678    26.7960 1.7094e-01     0.1200      1.092    1483.95     86.232     5.6604  10.621165  0.000e+00
     38.675     8.3959    34.4676    26.7958 1.7094e-01     0.1200      1.077    1483.94     86.231     5.6603  10.621165  0.000e+00
     38.689     8.3957    34.4677    26.7959 1.7094e-01     0.1224      1.073    1483.94     86.230     5.6603  10.621166  0.000e+00
     38.699     8.3953    34.4684    26.7965 1.7094e-01     0.1224      1.077    1483.94     86.228     5.6602  10.621166  0.000e+00
     38.735     8.3951    34.4687    26.7968 1.7094e-01     0.1212      1.084    1483.94     86.225     5.6600  10.621167  0.000e+00
     38.736     8.3953    34.4682    26.7964 1.7094e-01     0.1212      1.099    1483.94     86.222     5.6598  10.621167  0.000e+00
     38.735     8.3953    34.4678    26.7961 1.7094e-01     0.1224      1.114    1483.94     86.218     5.6596  10.621168  0.000e+00
     38.759     8.3951    34.4680    26.7962 1.7094e-01     0.1237      1.121    1483.94     86.214     5.6593  10.621168  0.000e+00
     38.796     8.3946    34.4686    26.7968 1.7094e-01     0.1224      1.132    1483.94     86.210     5.6591  10.621168  0.000e+00
     38.795     8.3935    34.4690    26.7973 1.7094e-01     0.1224      1.143    1483.94     86.204     5.6588  10.621169  0.000e+00
     38.809     8.3929    34.4697    26.7979 1.5873e-01     0.1224      1.147    1483.94     86.198     5.6585  10.621169  0.000e+00
     38.830     8.3919    34.4702    26.7984 1.7094e-01     0.1200      1.154    1483.94     86.192     5.6582  10.621170  0.000e+00
     38.855     8.3913    34.4711    26.7993 1.7094e-01     0.1212      1.161    1483.93     86.185     5.6578  10.621170  0.000e+00
     38.869     8.3913    34.4715    26.7996 1.7094e-01     0.1224      1.161    1483.94     86.177     5.6572  10.621171  0.000e+00
     38.879     8.3916    34.4710    26.7992 1.7094e-01     0.1212      1.154    1483.94     86.176     5.6571  10.621171  0.000e+00
     38.902     8.3913    34.4715    26.7996 1.5873e-01     0.1200      1.150    1483.94     86.175     5.6571  10.621172  0.000e+00
     38.916     8.3909    34.4714    26.7996 1.5873e-01     0.1200      1.136    1483.93     86.173     5.6570  10.621172  0.000e+00
     38.951     8.3909    34.4713    26.7995 1.7094e-01     0.1200      1.125    1483.93     86.171     5.6569  10.621173  0.000e+00
     38.939     8.3914    34.4708    26.7990 1.5873e-01     0.1200      1.125    1483.94     86.169     5.6567  10.621173  0.000e+00
     39.001     8.3913    34.4714    26.7995 1.7094e-01     0.1200      1.147    1483.94     86.167     5.6566  10.621174  0.000e+00
     38.999     8.3916    34.4710    26.7992 1.7094e-01     0.1200      1.176    1483.94     86.164     5.6564  10.621174  0.000e+00
     39.014     8.3916    34.4710    26.7991 1.7094e-01     0.1200      1.190    1483.94     86.161     5.6562  10.621175  0.000e+00
     39.046     8.3913    34.4710    26.7992 1.7094e-01     0.1200      1.194    1483.94     86.219     5.6600  10.621175  0.000e+00
     39.058     8.3909    34.4710    26.7992 1.7094e-01     0.1200      1.179    1483.94     86.161     5.6562  10.621176  0.000e+00
     39.074     8.3908    34.4711    26.7993 1.7094e-01     0.1200      1.154    1483.94     86.157     5.6560  10.621176  0.000e+00
     39.106     8.3901    34.4719    26.8000 1.5873e-01     0.1200      1.139    1483.94     86.152     5.6557  10.621177  0.000e+00
     39.118     8.3901    34.4717    26.7999 1.7094e-01     0.1200      1.143    1483.94     86.147     5.6554  10.621177  0.000e+00
     39.157     8.3900    34.4718    26.8000 1.5873e-01     0.1200      1.147    1483.94     86.143     5.6551  10.621178  0.000e+00
     39.155     8.3900    34.4720    26.8002 1.5873e-01     0.1212      1.143    1483.94     86.137     5.6547  10.621178  0.000e+00
     39.178     8.3898    34.4725    26.8006 1.7094e-01     0.1200      1.128    1483.94     86.193     5.6584  10.621179  0.000e+00
     39.217     8.3895    34.4728    26.8009 1.5873e-01     0.1200      1.114    1483.94     86.194     5.6585  10.621179  0.000e+00
     39.227     8.3898    34.4721    26.8003 1.7094e-01     0.1200      1.121    1483.94     86.194     5.6585  10.621180  0.000e+00
     39.262     8.3895    34.4724    26.8006 1.5873e-01     0.1200      1.143    1483.94     86.201     5.6590  10.621180  0.000e+00
     39.290     8.3898    34.4722    26.8004 1.5873e-01     0.1200      1.165    1483.94     86.139     5.6549  10.621181  0.000e+00
     39.311     8.3901    34.4719    26.8001 1.5873e-01     0.1200      1.190    1483.94     86.192     5.6584  10.621181  0.000e+00
     39.335     8.3906    34.4714    26.7996 1.5873e-01     0.1200      1.194    1483.94     86.198     5.6587  10.621182  0.000e+00
     39.361     8.3911    34.4709    26.7991 1.7094e-01     0.1200      1.190    1483.94     86.135     5.6545  10.621182  0.000e+00
     39.382     8.3913    34.4707    26.7990 1.7094e-01     0.1200      1.194    1483.94     86.133     5.6544  10.621182  0.000e+00
     39.418     8.3916    34.4709    26.7991 1.7094e-01     0.1200      1.205    1483.94     86.131     5.6542  10.621183  0.000e+00
     39.443     8.3921    34.4706    26.7988 1.7094e-01     0.1200      1.205    1483.95     86.130     5.6541  10.621183  0.000e+00
     39.470     8.3926    34.4698    26.7981 1.5873e-01     0.1200      1.205    1483.95     86.120     5.6534  10.621184  0.000e+00
     39.491     8.3927    34.4698    26.7980 1.7094e-01     0.1200      1.209    1483.95     86.118     5.6533  10.621184  0.000e+00
     39.527     8.3929    34.4695    26.7978 1.7094e-01     0.1200      1.201    1483.95     86.116     5.6531  10.621185  0.000e+00
     39.542     8.3929    34.4696    26.7979 1.7094e-01     0.1200      1.187    1483.95     86.114     5.6530  10.621185  0.000e+00
     39.574     8.3926    34.4701    26.7982 1.7094e-01     0.1200      1.187    1483.95     86.112     5.6529  10.621186  0.000e+00
     39.598     8.3921    34.4705    26.7987 1.5873e-01     0.1200      1.198    1483.95     86.110     5.6528  10.621186  0.000e+00
     39.626     8.3922    34.4700    26.7983 1.7094e-01     0.1200      1.227    1483.95     86.115     5.6531  10.621187  0.000e+00
     39.671     8.3918    34.4702    26.7985 1.5873e-01     0.1212      1.245    1483.95     86.114     5.6531  10.621187  0.000e+00
     39.683     8.3913    34.4708    26.7990 1.5873e-01     0.1200      1.256    1483.95     86.051     5.6490  10.621188  0.000e+00
     39.719     8.3919    34.4703    26.7985 1.5873e-01     0.1200      1.260    1483.95     86.042     5.6483  10.621188  0.000e+00
     39.746     8.3914    34.4705    26.7988 1.5873e-01     0.1200      1.253    1483.95     86.095     5.6519  10.621189  0.000e+00
     39.767     8.3909    34.4706    26.7990 1.5873e-01     0.1200      1.234    1483.95     86.033     5.6478  10.621189  0.000e+00
     39.792     8.3906    34.4711    26.7993 1.5873e-01     0.1200      1.231    1483.95     86.025     5.6473  10.621190  0.000e+00
     39.803     8.3890    34.4728    26.8009 1.5873e-01     0.1200      1.227    1483.94     86.017     5.6470  10.621190  0.000e+00
     39.842     8.3861    34.4745    26.8027 1.5873e-01     0.1200      1.231    1483.94     86.010     5.6468  10.621191  0.000e+00
     39.863     8.3836    34.4767    26.8048 1.7094e-01     0.1200      1.238    1483.93     86.003     5.6466  10.621191  0.000e+00
     39.899     8.3816    34.4783    26.8064 1.7094e-01     0.1200      1.253    1483.92     85.997     5.6464  10.621192  0.000e+00
     39.915     8.3803    34.4793    26.8074 1.7094e-01     0.1200      1.256    1483.92     85.929     5.6420  10.621192  0.000e+00
     39.947     8.3795    34.4796    26.8078 1.7094e-01     0.1200      1.253    1483.92     85.854     5.6372  10.621193  0.000e+00
     39.970     8.3786    34.4805    26.8086 1.5873e-01     0.1200      1.242    1483.92     85.897     5.6401  10.621193  0.000e+00
     40.008     8.3783    34.4804    26.8085 1.7094e-01     0.1200      1.253    1483.92     85.885     5.6394  10.621194  0.000e+00
     40.035     8.3782    34.4804    26.8086 1.7094e-01     0.1200      1.289    1483.92     85.874     5.6387  10.621194  0.000e+00
     40.043     8.3781    34.4811    26.8091 1.7094e-01     0.1200      1.326    1483.92     85.864     5.6380  10.621195  0.000e+00
     40.079     8.3779    34.4809    26.8090 1.7094e-01     0.1200      1.355    1483.92     85.854     5.6374  10.621195  0.000e+00
     40.103     8.3780    34.4811    26.8092 1.7094e-01     0.1200      1.330    1483.92     85.845     5.6368  10.621196  0.000e+00
     40.128     8.3782    34.4810    26.8091 1.7094e-01     0.1200      1.289    1483.92     85.775     5.6321  10.621196  0.000e+00
     40.142     8.3785    34.4808    26.8089 1.7094e-01     0.1200      1.264    1483.92     85.760     5.6311  10.621196  0.000e+00
     40.163     8.3786    34.4805    26.8086 1.7094e-01     0.1200      1.249    1483.92     85.746     5.6302  10.621197  0.000e+00
     40.188     8.3787    34.4804    26.8085 1.7094e-01     0.1200      1.238    1483.92     85.733     5.6293  10.621197  0.000e+00
     40.199     8.3789    34.4802    26.8083 1.8315e-01     0.1200      1.231    1483.92     85.782     5.6326  10.621198  0.000e+00
     40.227     8.3786    34.4805    26.8086 1.8315e-01     0.1200      1.227    1483.92     85.716     5.6282  10.621198  0.000e+00
     40.248     8.3787    34.4803    26.8084 1.7094e-01     0.1200      1.256    1483.92     85.713     5.6280  10.621199  0.000e+00
     40.271     8.3789    34.4803    26.8083 1.7094e-01     0.1200      1.275    1483.92     85.704     5.6274  10.621199  0.000e+00
     40.284     8.3793    34.4800    26.8081 1.7094e-01     0.1200      1.267    1483.92     85.695     5.6268  10.621200  0.000e+00
     40.311     8.3794    34.4799    26.8080 1.7094e-01     0.1200      1.256    1483.92     85.626     5.6222  10.621200  0.000e+00
     40.331     8.3795    34.4797    26.8078 1.7094e-01     0.1212      1.260    1483.93     85.673     5.6254  10.621201  0.000e+00
     40.344     8.3798    34.4792    26.8074 1.5873e-01     0.1249      1.267    1483.93     85.668     5.6250  10.621201  0.000e+00
     40.379     8.3795    34.4798    26.8079 1.5873e-01     0.1261      1.271    1483.93     85.602     5.6206  10.621202  0.000e+00
     40.391     8.3795    34.4798    26.8079 1.7094e-01     0.1237      1.260    1483.93     85.598     5.6204  10.621202  0.000e+00
     40.431     8.3794    34.4798    26.8079 1.5873e-01     0.1224      1.242    1483.93     85.597     5.6203  10.621203  0.000e+00
     40.439     8.3789    34.4797    26.8079 1.5873e-01     0.1200      1.245    1483.92     85.596     5.6204  10.621203  0.000e+00
     40.464     8.3787    34.4802    26.8084 1.7094e-01     0.1200      1.260    1483.93     85.597     5.6204  10.621204  0.000e+00
     40.487     8.3782    34.4806    26.8087 1.7094e-01     0.1200      1.267    1483.92     85.593     5.6202  10.621204  0.000e+00
     40.511     8.3775    34.4812    26.8093 1.7094e-01     0.1212      1.260    1483.92     85.596     5.6205  10.621205  0.000e+00
     40.527     8.3775    34.4810    26.8092 1.7094e-01     0.1212      1.249    1483.92     85.602     5.6208  10.621205  0.000e+00
     40.560     8.3770    34.4814    26.8096 1.7094e-01     0.1212      1.256    1483.92     85.601     5.6209  10.621206  0.000e+00
