RAWDATA/20190107/Ø1_20190110_down.cnv
* Sea-Bird SBE 9 Data File:
* FileName = C:\CTD Brukere\NIVA\OKOKYST2019\20190107\Ø1_20190110.hex
* Software Version Seasave V 7.23.2
* Temperature SN = 5352
* Conductivity SN = 3840
* Number of Bytes Per Scan = 28
* Number of Voltage Words = 4
* Number of Scans Averaged by the Deck Unit = 1
* NMEA baud rate = 4800
** Ship: R/V Trygve Braarud
** Cruise:
** Station:
** Operator:
# nquan = 12
# nvalues = 2707                                  
# units = specified
# name 0 = depSM: Depth [salt water, m], lat = 59.60
# name 1 = t090C: Temperature [ITS-90, deg C]
# name 2 = sal00: Salinity, Practical [PSU]
# name 3 = sigma-t00: Density [sigma-t, kg/m^3 ]
# name 4 = flSP: Fluorescence, Seapoint
# name 5 = wetStar: Fluorescence, WET Labs WETstar [mg/m^3]
# name 6 = seaTurbMtr: Turbidity, Seapoint [FTU]
# name 7 = svCM: Sound Velocity [Chen-Millero, m/s]
# name 8 = sbeox0PS: Oxygen, SBE 43 [% saturation]
# name 9 = sbeox0ML/L: Oxygen, SBE 43 [ml/l]
# name 10 = timeJ: Julian Days
# name 11 = flag:  0.000e+00
# span 0 =     -0.171,     48.867                 
# span 1 =     6.2637,     8.4528                 
# span 2 =    31.6895,    34.5219                 
# span 3 =    24.9018,    26.8471                 
# span 4 = 1.5873e-01, 3.1746e-01                 
# span 5 =     0.1200,     0.3557                 
# span 6 =      0.663,      3.934                 
# span 7 =    1471.69,    1483.98                 
# span 8 =     72.308,     90.077                 
# span 9 =     5.0703,     6.1552                 
# span 10 =  10.620162,  10.621467                
# span 11 = 0.0000e+00, 0.0000e+00                
# interval = seconds: 0.0416667
# start_time = Jan 10 2019 14:53:02 [System UpLoad Time]
# bad_flag = -9.990e-29
*END*
[from data line 1083]
     16.677     8.4412    34.3609    26.7052 1.7094e-01     0.1200      0.788    1483.62     83.075     5.4514  10.620684  0.000e+00
     16.699     8.4411    34.3610    26.7053 1.7094e-01     0.1212      0.784    1483.62     83.069     5.4511  10.620685  0.000e+00
     16.725     8.4406    34.3614    26.7057 1.7094e-01     0.1237      0.780    1483.62     83.127     5.4549  10.620685  0.000e+00
     16.748     8.4402    34.3614    26.7057 1.5873e-01     0.1249      0.784    1483.62     83.070     5.4512  10.620686  0.000e+00
     16.783     8.4398    34.3620    26.7063 1.7094e-01     0.1249      0.784    1483.61     83.070     5.4512  10.620686  0.000e+00
     16.796     8.4401    34.3619    26.7061 1.7094e-01     0.1237      0.777    1483.62     83.071     5.4512  10.620687  0.000e+00
     16.830     8.4399    34.3620    26.7062 1.7094e-01     0.1261      0.773    1483.62     83.074     5.4515  10.620687  0.000e+00
     16.845     8.4401    34.3628    26.7068 1.5873e-01     0.1273      0.773    1483.62     83.078     5.4517  10.620688  0.000e+00
     16.855     8.4402    34.3635    26.7074 1.5873e-01     0.1249      0.777    1483.62     83.084     5.4521  10.620688  0.000e+00
     16.892     8.4404    34.3645    26.7081 1.7094e-01     0.1249      0.777    1483.62     83.093     5.4526  10.620689  0.000e+00
     16.926     8.4407    34.3647    26.7082 1.5873e-01     0.1237      0.773    1483.62     83.103     5.4532  10.620689  0.000e+00
     16.926     8.4407    34.3657    26.7090 1.5873e-01     0.1273      0.769    1483.63     83.107     5.4534  10.620690  0.000e+00
     16.952     8.4406    34.3669    26.7099 1.7094e-01     0.1273      0.769    1483.63     83.112     5.4538  10.620690  0.000e+00
     16.975     8.4406    34.3671    26.7101 1.7094e-01     0.1273      0.777    1483.63     83.120     5.4542  10.620691  0.000e+00
     16.988     8.4406    34.3673    26.7103 1.7094e-01     0.1261      0.784    1483.63     83.128     5.4548  10.620691  0.000e+00
     17.023     8.4406    34.3679    26.7107 1.5873e-01     0.1237      0.784    1483.63     83.139     5.4554  10.620692  0.000e+00
     17.036     8.4402    34.3685    26.7112 1.7094e-01     0.1237      0.788    1483.63     83.150     5.4562  10.620692  0.000e+00
     17.046     8.4399    34.3695    26.7121 1.7094e-01     0.1237      0.788    1483.63     83.163     5.4571  10.620693  0.000e+00
     17.083     8.4398    34.3695    26.7122 1.7094e-01     0.1249      0.791    1483.63     83.178     5.4580  10.620693  0.000e+00
     17.096     8.4396    34.3697    26.7123 1.7094e-01     0.1237      0.795    1483.63     83.186     5.4586  10.620693  0.000e+00
     17.119     8.4394    34.3698    26.7124 1.7094e-01     0.1237      0.795    1483.63     83.258     5.4633  10.620694  0.000e+00
     17.143     8.4394    34.3706    26.7130 1.7094e-01     0.1224      0.799    1483.63     83.214     5.4604  10.620694  0.000e+00
     17.155     8.4394    34.3710    26.7134 1.7094e-01     0.1237      0.813    1483.63     83.287     5.4652  10.620695  0.000e+00
     17.179     8.4393    34.3713    26.7136 1.7094e-01     0.1224      0.813    1483.63     83.246     5.4625  10.620695  0.000e+00
     17.179     8.4394    34.3717    26.7139 1.5873e-01     0.1200      0.802    1483.63     83.321     5.4674  10.620696  0.000e+00
     17.203     8.4394    34.3721    26.7142 1.5873e-01     0.1200      0.802    1483.63     83.343     5.4688  10.620696  0.000e+00
     17.239     8.4393    34.3724    26.7145 1.7094e-01     0.1200      0.828    1483.63     83.365     5.4703  10.620697  0.000e+00
     17.252     8.4393    34.3723    26.7144 1.7094e-01     0.1212      0.846    1483.63     83.382     5.4714  10.620697  0.000e+00
     17.275     8.4388    34.3733    26.7152 1.7094e-01     0.1212      0.839    1483.63     83.399     5.4725  10.620698  0.000e+00
     17.287     8.4388    34.3737    26.7155 1.7094e-01     0.1212      0.839    1483.63     83.416     5.4736  10.620698  0.000e+00
     17.310     8.4386    34.3739    26.7158 1.7094e-01     0.1212      0.835    1483.63     83.495     5.4789  10.620699  0.000e+00
     17.322     8.4386    34.3747    26.7164 1.7094e-01     0.1212      0.832    1483.64     83.513     5.4800  10.620699  0.000e+00
     17.359     8.4388    34.3745    26.7162 1.7094e-01     0.1224      0.835    1483.64     83.539     5.4817  10.620700  0.000e+00
     17.370     8.4390    34.3747    26.7164 1.7094e-01     0.1237      0.839    1483.64     83.557     5.4828  10.620700  0.000e+00
     17.394     8.4388    34.3751    26.7167 1.7094e-01     0.1273      0.842    1483.64     83.636     5.4881  10.620701  0.000e+00
     17.406     8.4390    34.3751    26.7167 1.7094e-01     0.1298      0.839    1483.64     83.600     5.4857  10.620701  0.000e+00
     17.430     8.4391    34.3748    26.7164 1.7094e-01     0.1310      0.835    1483.64     83.618     5.4868  10.620702  0.000e+00
     17.453     8.4390    34.3755    26.7169 1.7094e-01     0.1310      0.832    1483.64     83.629     5.4875  10.620702  0.000e+00
     17.479     8.4389    34.3756    26.7170 1.7094e-01     0.1310      0.824    1483.64     83.701     5.4922  10.620703  0.000e+00
     17.501     8.4390    34.3761    26.7174 1.7094e-01     0.1273      0.817    1483.64     83.725     5.4938  10.620703  0.000e+00
     17.503     8.4401    34.3757    26.7169 1.7094e-01     0.1237      0.821    1483.64     83.741     5.4948  10.620704  0.000e+00
     17.537     8.4414    34.3758    26.7169 1.7094e-01     0.1237      0.835    1483.65     83.757     5.4956  10.620704  0.000e+00
     17.561     8.4428    34.3775    26.7179 1.7094e-01     0.1249      0.846    1483.66     83.834     5.5004  10.620705  0.000e+00
     17.573     8.4436    34.3775    26.7178 1.7094e-01     0.1249      0.835    1483.66     83.794     5.4977  10.620705  0.000e+00
     17.610     8.4438    34.3775    26.7178 1.7094e-01     0.1298      0.828    1483.66     83.808     5.4986  10.620706  0.000e+00
     17.621     8.4433    34.3776    26.7179 1.7094e-01     0.1273      0.824    1483.66     83.883     5.5036  10.620706  0.000e+00
     17.646     8.4436    34.3774    26.7177 1.5873e-01     0.1249      0.824    1483.66     83.902     5.5048  10.620707  0.000e+00
     17.693     8.4459    34.3770    26.7171 1.5873e-01     0.1249      0.817    1483.67     83.921     5.5058  10.620707  0.000e+00
     17.681     8.4477    34.3782    26.7177 1.5873e-01     0.1237      0.824    1483.68     83.938     5.5067  10.620707  0.000e+00
     17.728     8.4496    34.3787    26.7178 1.7094e-01     0.1224      0.832    1483.69     84.009     5.5111  10.620708  0.000e+00
     17.741     8.4506    34.3795    26.7183 1.5873e-01     0.1224      0.828    1483.69     84.024     5.5119  10.620708  0.000e+00
     17.766     8.4519    34.3796    26.7182 1.5873e-01     0.1224      0.824    1483.70     84.045     5.5131  10.620709  0.000e+00
     17.790     8.4525    34.3799    26.7183 1.5873e-01     0.1212      0.821    1483.70     84.057     5.5138  10.620709  0.000e+00
     17.824     8.4528    34.3796    26.7181 1.5873e-01     0.1212      0.810    1483.70     84.068     5.5145  10.620710  0.000e+00
     17.850     8.4526    34.3806    26.7188 1.5873e-01     0.1224      0.799    1483.70     84.078     5.5151  10.620710  0.000e+00
     17.886     8.4521    34.3813    26.7195 1.7094e-01     0.1237      0.791    1483.70     84.086     5.5157  10.620711  0.000e+00
     17.897     8.4517    34.3813    26.7196 1.7094e-01     0.1249      0.784    1483.70     84.093     5.5162  10.620711  0.000e+00
     17.921     8.4515    34.3810    26.7194 1.5873e-01     0.1261      0.784    1483.70     84.098     5.5166  10.620712  0.000e+00
     17.957     8.4515    34.3810    26.7193 1.5873e-01     0.1273      0.788    1483.70     84.102     5.5168  10.620712  0.000e+00
     17.981     8.4512    34.3812    26.7196 1.5873e-01     0.1249      0.791    1483.70     84.166     5.5210  10.620713  0.000e+00
     18.004     8.4515    34.3811    26.7194 1.5873e-01     0.1224      0.795    1483.70     84.173     5.5215  10.620713  0.000e+00
     18.028     8.4512    34.3817    26.7200 1.7094e-01     0.1200      0.802    1483.70     84.179     5.5219  10.620714  0.000e+00
     18.039     8.4513    34.3813    26.7196 1.7094e-01     0.1212      0.810    1483.70     84.122     5.5181  10.620714  0.000e+00
     18.077     8.4510    34.3818    26.7201 1.7094e-01     0.1212      0.828    1483.70     84.179     5.5219  10.620715  0.000e+00
     18.099     8.4512    34.3813    26.7196 1.5873e-01     0.1224      0.850    1483.70     84.179     5.5219  10.620715  0.000e+00
     18.124     8.4509    34.3812    26.7196 1.7094e-01     0.1224      0.872    1483.70     84.117     5.5179  10.620716  0.000e+00
     18.148     8.4506    34.3811    26.7196 1.7094e-01     0.1237      0.927    1483.70     84.169     5.5214  10.620716  0.000e+00
     18.184     8.4506    34.3810    26.7195 1.7094e-01     0.1237      0.960    1483.70     84.104     5.5171  10.620717  0.000e+00
     18.184     8.4504    34.3818    26.7201 1.7094e-01     0.1237      1.037    1483.70     84.091     5.5162  10.620717  0.000e+00
     18.232     8.4510    34.3807    26.7192 1.7094e-01     0.1224      1.264    1483.70     84.146     5.5198  10.620718  0.000e+00
     18.244     8.4517    34.3807    26.7191 1.7094e-01     0.1237      1.678    1483.71     84.137     5.5191  10.620718  0.000e+00
     18.279     8.4521    34.3815    26.7196 1.7094e-01     0.1224      2.070    1483.71     84.134     5.5189  10.620719  0.000e+00
     18.279     8.4523    34.3819    26.7200 1.7094e-01     0.1224      2.139    1483.71     84.122     5.5180  10.620719  0.000e+00
     18.315     8.4523    34.3821    26.7200 1.7094e-01     0.1224      1.971    1483.71     84.116     5.5176  10.620720  0.000e+00
     18.339     8.4525    34.3820    26.7200 1.7094e-01     0.1249      1.718    1483.71     84.047     5.5131  10.620720  0.000e+00
     18.364     8.4526    34.3822    26.7201 1.7094e-01     0.1249      1.546    1483.71     84.093     5.5161  10.620720  0.000e+00
     18.388     8.4525    34.3825    26.7204 1.7094e-01     0.1212      1.469    1483.71     84.083     5.5154  10.620721  0.000e+00
     18.399     8.4519    34.3825    26.7205 1.8315e-01     0.1200      1.582    1483.71     84.071     5.5147  10.620721  0.000e+00
     18.424     8.4506    34.3829    26.7210 1.7094e-01     0.1200      1.832    1483.71     84.058     5.5140  10.620722  0.000e+00
     18.459     8.4499    34.3819    26.7203 1.7094e-01     0.1212      1.886    1483.70     84.051     5.5136  10.620722  0.000e+00
     18.472     8.4499    34.3818    26.7202 1.7094e-01     0.1224      1.766    1483.71     84.042     5.5131  10.620723  0.000e+00
     18.484     8.4502    34.3824    26.7206 1.7094e-01     0.1212      1.674    1483.71     84.032     5.5124  10.620723  0.000e+00
     18.508     8.4506    34.3828    26.7209 1.7094e-01     0.1224      1.630    1483.71     84.021     5.5116  10.620724  0.000e+00
     18.531     8.4501    34.3831    26.7212 1.7094e-01     0.1249      1.663    1483.71     84.017     5.5113  10.620724  0.000e+00
     18.544     8.4498    34.3828    26.7210 1.7094e-01     0.1261      1.952    1483.71     84.004     5.5105  10.620725  0.000e+00
     18.579     8.4493    34.3829    26.7212 1.7094e-01     0.1285      2.637    1483.71     83.990     5.5097  10.620725  0.000e+00
     18.591     8.4486    34.3829    26.7212 1.7094e-01     0.1285      2.861    1483.70     84.036     5.5128  10.620726  0.000e+00
     18.615     8.4481    34.3822    26.7208 1.7094e-01     0.1273      2.842    1483.70     84.034     5.5127  10.620726  0.000e+00
     18.615     8.4485    34.3823    26.7208 1.7094e-01     0.1261      2.689    1483.70     84.030     5.5124  10.620727  0.000e+00
     18.651     8.4488    34.3824    26.7209 2.1978e-01     0.1249      2.615    1483.70     84.025     5.5121  10.620727  0.000e+00
     18.663     8.4496    34.3825    26.7208 2.4420e-01     0.1261      2.791    1483.71     84.019     5.5116  10.620728  0.000e+00
     18.686     8.4496    34.3833    26.7214 2.1978e-01     0.1261      3.168    1483.71     84.019     5.5116  10.620728  0.000e+00
     18.699     8.4498    34.3830    26.7212 1.9536e-01     0.1237      3.253    1483.71     84.011     5.5110  10.620729  0.000e+00
     18.710     8.4489    34.3835    26.7217 1.9536e-01     0.1212      3.542    1483.71     84.063     5.5145  10.620729  0.000e+00
     18.735     8.4467    34.3835    26.7220 1.8315e-01     0.1212      3.824    1483.70     84.067     5.5151  10.620730  0.000e+00
     18.759     8.4451    34.3825    26.7215 1.8315e-01     0.1212      3.861    1483.69     84.070     5.5155  10.620730  0.000e+00
     18.782     8.4446    34.3825    26.7216 1.7094e-01     0.1212      3.934    1483.69     84.071     5.5156  10.620731  0.000e+00
     18.782     8.4449    34.3827    26.7217 1.7094e-01     0.1224      3.923    1483.69     84.133     5.5196  10.620731  0.000e+00
     18.830     8.4451    34.3829    26.7218 1.7094e-01     0.1237      3.443    1483.69     84.146     5.5205  10.620732  0.000e+00
     18.842     8.4454    34.3827    26.7216 1.8315e-01     0.1261      2.993    1483.70     84.158     5.5212  10.620732  0.000e+00
     18.879     8.4445    34.3834    26.7223 1.8315e-01     0.1249      2.755    1483.69     84.169     5.5220  10.620733  0.000e+00
     18.879     8.4436    34.3831    26.7222 1.7094e-01     0.1261      2.744    1483.69     84.178     5.5227  10.620733  0.000e+00
     18.890     8.4425    34.3831    26.7224 1.7094e-01     0.1237      2.733    1483.69     84.248     5.5274  10.620734  0.000e+00
     18.926     8.4415    34.3830    26.7224 1.7094e-01     0.1237      2.700    1483.68     84.262     5.5285  10.620734  0.000e+00
     18.950     8.4411    34.3823    26.7220 1.7094e-01     0.1249      2.828    1483.68     84.275     5.5294  10.620734  0.000e+00
     18.950     8.4415    34.3824    26.7220 1.8315e-01     0.1249      3.092    1483.68     84.285     5.5301  10.620735  0.000e+00
     18.986     8.4419    34.3825    26.7220 1.7094e-01     0.1237      3.352    1483.68     84.356     5.5347  10.620735  0.000e+00
     19.010     8.4427    34.3829    26.7222 1.7094e-01     0.1224      3.147    1483.69     84.371     5.5355  10.620736  0.000e+00
     19.033     8.4441    34.3826    26.7217 1.7094e-01     0.1237      2.586    1483.69     84.392     5.5367  10.620736  0.000e+00
     19.035     8.4453    34.3827    26.7216 1.7094e-01     0.1249      2.055    1483.70     84.410     5.5378  10.620737  0.000e+00
     19.057     8.4462    34.3837    26.7223 1.7094e-01     0.1249      1.674    1483.70     84.489     5.5428  10.620737  0.000e+00
     19.082     8.4468    34.3840    26.7224 1.7094e-01     0.1237      1.425    1483.71     84.504     5.5437  10.620738  0.000e+00
     19.106     8.4473    34.3840    26.7223 1.8315e-01     0.1224      1.242    1483.71     84.525     5.5450  10.620738  0.000e+00
     19.117     8.4477    34.3843    26.7225 1.8315e-01     0.1224      1.114    1483.71     84.544     5.5462  10.620739  0.000e+00
     19.130     8.4480    34.3844    26.7225 1.7094e-01     0.1237      1.044    1483.71     84.615     5.5508  10.620739  0.000e+00
     19.166     8.4468    34.3845    26.7228 1.7094e-01     0.1224      1.022    1483.71     84.637     5.5524  10.620740  0.000e+00
     19.177     8.4454    34.3838    26.7224 1.7094e-01     0.1249      1.015    1483.70     84.649     5.5534  10.620740  0.000e+00
     19.189     8.4438    34.3842    26.7231 1.7094e-01     0.1249      1.004    1483.70     84.659     5.5542  10.620741  0.000e+00
     19.213     8.4415    34.3861    26.7248 1.7094e-01     0.1237      1.018    1483.69     84.675     5.5555  10.620741  0.000e+00
     19.249     8.4402    34.3862    26.7251 1.7094e-01     0.1212      1.077    1483.69     84.750     5.5605  10.620742  0.000e+00
