RAWDATA/20190311/Fk1_20190313_down_bin.cnv
* Sea-Bird SBE 9 Data File:
* FileName = C:\CTD Brukere\NIVA\OKOKYST2019\20190311\Fk1_20190313.hex
* Software Version Seasave V 7.23.2
* Temperature SN = 5352
* Conductivity SN = 3840
* Number of Bytes Per Scan = 28
* Number of Voltage Words = 4
* Number of Scans Averaged by the Deck Unit = 1
* NMEA baud rate = 4800
** Ship: R/V Trygve Braarud
** Cruise:
** Station:
** Operator:
** Fk1: Langårarenna
** N 59.74320
** E 10.54988
# nquan = 14
# nvalues = 121                         
# units = specified
# name 0 = depSM: Depth [salt water, m], lat = 59.60
# name 1 = t090C: Temperature [ITS-90, deg C]
# name 2 = sal00: Salinity, Practical [PSU]
# name 3 = sigma-t00: Density [sigma-t, kg/m^3 ]
# name 4 = flSP: Fluorescence, Seapoint
# name 5 = wetStar: Fluorescence, WET Labs WETstar [mg/m^3]
# name 6 = seaTurbMtr: Turbidity, Seapoint [FTU]
# name 7 = svCM: Sound Velocity [Chen-Millero, m/s]
# name 8 = sbeox0PS: Oxygen, SBE 43 [% saturation]
# name 9 = sbeox0Mg/L: Oxygen, SBE 43 [mg/l]
# name 10 = timeJ: Julian Days
# name 11 = sbeox0ML/L: Oxygen, SBE 43 [ml/l]
# name 12 = prDM: Pressure, Digiquartz [db]
# name 13 = flag: flag
# span 0 =      0.000,    120.000       
# span 1 =     1.5136,     8.0172       
# span 2 =    26.1200,    33.8005       
# span 3 =    20.8891,    26.3292       
# span 4 = 1.4089e-01, 8.6004e-01       
# span 5 =     0.1286,     0.1300       
# span 6 =      0.013,      0.076       
# span 7 =    1444.27,    1483.04       
# span 8 =     53.986,     74.233       
# span 9 =     5.3375,     8.5999       
# span 10 =  72.530546,  72.533758      
# span 11 =     3.7349,     6.0177      
# span 12 =      0.000,    121.174      
# span 13 = 0.0000e+00, 0.0000e+00      
# interval = meters: 1                  
# start_time = Mar 13 2019 12:43:54 [System UpLoad Time]
# bad_flag = -9.990e-29
*END*
[from data line 104]
    104.000     8.0028    33.7873    26.3210 1.4208e-01     0.1299      0.070    1482.71     58.409     5.5523  72.533342     3.8852    105.013 0.0000e+00
    105.000     8.0034    33.7877    26.3212 1.4415e-01     0.1298      0.070    1482.73     58.399     5.5513  72.533368     3.8845    106.023 0.0000e+00
    106.000     8.0038    33.7880    26.3214 1.4140e-01     0.1298      0.070    1482.74     58.395     5.5508  72.533394     3.8841    107.033 0.0000e+00
    107.000     8.0054    33.7891    26.3221 1.4205e-01     0.1298      0.070    1482.77     58.382     5.5493  72.533419     3.8831    108.043 0.0000e+00
    108.000     8.0067    33.7901    26.3226 1.4245e-01     0.1298      0.070    1482.79     58.493     5.5597  72.533445     3.8904    109.053 0.0000e+00
    109.000     8.0077    33.7907    26.3230 1.4245e-01     0.1298      0.070    1482.81     58.367     5.5476  72.533471     3.8819    110.063 0.0000e+00
    110.000     8.0084    33.7914    26.3234 1.4089e-01     0.1298      0.070    1482.83     58.392     5.5498  72.533497     3.8835    111.073 0.0000e+00
    111.000     8.0093    33.7923    26.3240 1.4209e-01     0.1298      0.070    1482.85     58.351     5.5458  72.533523     3.8806    112.083 0.0000e+00
    112.000     8.0108    33.7935    26.3248 1.4122e-01     0.1298      0.070    1482.88     58.415     5.5516  72.533549     3.8847    113.093 0.0000e+00
    113.000     8.0115    33.7944    26.3253 1.4252e-01     0.1298      0.070    1482.90     58.349     5.5453  72.533575     3.8803    114.103 0.0000e+00
    114.000     8.0123    33.7952    26.3258 1.4375e-01     0.1298      0.070    1482.92     58.372     5.5474  72.533601     3.8817    115.113 0.0000e+00
    115.000     8.0137    33.7966    26.3267 1.4376e-01     0.1298      0.070    1482.94     58.318     5.5419  72.533627     3.8779    116.123 0.0000e+00
    116.000     8.0148    33.7976    26.3274 1.4408e-01     0.1298      0.070    1482.96     58.310     5.5410  72.533653     3.8773    117.134 0.0000e+00
    117.000     8.0162    33.7992    26.3284 1.4470e-01     0.1298      0.070    1482.99     58.327     5.5425  72.533679     3.8783    118.143 0.0000e+00
    118.000     8.0164    33.7994    26.3286 1.4426e-01     0.1298      0.071    1483.00     58.216     5.5319  72.533705     3.8709    119.154 0.0000e+00
    119.000     8.0168    33.8001    26.3290 1.4562e-01     0.1298      0.071    1483.02     58.158     5.5262  72.533732     3.8669    120.164 0.0000e+00
    120.000     8.0172    33.8005    26.3292 1.4617e-01     0.1298      0.070    1483.04     58.038     5.5148  72.533758     3.8589    121.174 0.0000e+00
