RAWDATA/20190311/S9_20190311_down_bin.cnv
* Sea-Bird SBE 9 Data File:
* FileName = C:\CTD Brukere\NIVA\OKOKYST2019\20190311\S9_20190311.hex
* Software Version Seasave V 7.23.2
* Temperature SN = 5352
* Conductivity SN = 3840
* Number of Bytes Per Scan = 28
* Number of Voltage Words = 4
* Number of Scans Averaged by the Deck Unit = 1
* NMEA baud rate = 4800
** Ship: R/V Trygve Braarud
** Cruise:
** Station:
** Operator:
# nquan = 14
# nvalues = 96                          
# units = specified
# name 0 = depSM: Depth [salt water, m], lat = 59.60
# name 1 = t090C: Temperature [ITS-90, deg C]
# name 2 = sal00: Salinity, Practical [PSU]
# name 3 = sigma-t00: Density [sigma-t, kg/m^3 ]
# name 4 = flSP: Fluorescence, Seapoint
# name 5 = wetStar: Fluorescence, WET Labs WETstar [mg/m^3]
# name 6 = seaTurbMtr: Turbidity, Seapoint [FTU]
# name 7 = svCM: Sound Velocity [Chen-Millero, m/s]
# name 8 = sbeox0PS: Oxygen, SBE 43 [% saturation]
# name 9 = sbeox0Mg/L: Oxygen, SBE 43 [mg/l]
# name 10 = timeJ: Julian Days
# name 11 = sbeox0ML/L: Oxygen, SBE 43 [ml/l]
# name 12 = prDM: Pressure, Digiquartz [db]
# name 13 = flag: flag
# span 0 =      0.000,     95.000       
# span 1 =     2.3177,     7.1466       
# span 2 =    18.4231,    34.4660       
# span 3 =    14.7042,    26.9804       
# span 4 = 1.4812e-01, 6.8724e-01       
# span 5 =     0.1262,     0.1275       
# span 6 =      0.014,      0.092       
# span 7 =    1437.87,    1480.06       
# span 8 =     64.820,     75.998       
# span 9 =     6.2575,     8.9796       
# span 10 =  70.702357,  70.704598      
# span 11 =     4.3786,     6.2834      
# span 12 =     -0.000,     95.925      
# span 13 = 0.0000e+00, 0.0000e+00      
# interval = meters: 1                  
# start_time = Mar 11 2019 16:51:19 [System UpLoad Time]
# bad_flag = -9.990e-29
*END*
      0.000     2.3177    18.4231    14.7042 6.2140e-01     0.1263      0.015    1437.87     73.247     8.8544  70.702357     6.1958     -0.000 0.0000e+00
      1.000     2.3415    18.5072    14.7705 6.0059e-01     0.1263      0.015    1438.11     74.371     8.9796  70.702448     6.2834      1.010 0.0000e+00
      2.000     2.7202    20.1723    16.0822 6.4656e-01     0.1267      0.015    1441.99     74.153     8.7662  70.702469     6.1341      2.019 0.0000e+00
      3.000     3.0099    22.1743    17.6606 4.5347e-01     0.1267      0.015    1445.88     74.456     8.6196  70.702490     6.0315      3.028 0.0000e+00
      4.000     3.6693    26.7872    21.2859 4.1645e-01     0.1264      0.015    1454.72     75.094     8.2862  70.702511     5.7982      4.038 0.0000e+00
      5.000     3.6558    27.1659    21.5884 3.6422e-01     0.1262      0.014    1455.17     75.364     8.2971  70.702532     5.8058      5.048 0.0000e+00
      6.000     3.6023    27.6266    21.9589 3.3972e-01     0.1263      0.015    1455.55     75.998     8.3519  70.702553     5.8441      6.057 0.0000e+00
      7.000     3.5763    28.0068    22.2633 3.3499e-01     0.1265      0.016    1455.94     75.545     8.2860  70.702574     5.7981      7.066 0.0000e+00
      8.000     3.6244    28.4172    22.5857 3.6356e-01     0.1267      0.015    1456.69     74.719     8.1629  70.702595     5.7119      8.076 0.0000e+00
      9.000     3.7892    28.8173    22.8899 4.8832e-01     0.1266      0.015    1457.93     74.222     8.0539  70.702616     5.6357      9.086 0.0000e+00
     10.000     3.8235    29.2188    23.2060 4.0734e-01     0.1267      0.015    1458.61     74.041     8.0056  70.702636     5.6019     10.095 0.0000e+00
     11.000     4.0092    29.4564    23.3783 6.5696e-01     0.1266      0.015    1459.71     74.221     7.9759  70.702657     5.5811     11.105 0.0000e+00
     12.000     4.1580    29.5970    23.4765 6.8724e-01     0.1268      0.016    1460.54     74.104     7.9268  70.702678     5.5467     12.114 0.0000e+00
     13.000     4.2511    29.8304    23.6531 6.5977e-01     0.1269      0.017    1461.25     74.438     7.9320  70.702699     5.5503     13.124 0.0000e+00
     14.000     4.3399    30.0519    23.8205 6.4598e-01     0.1270      0.018    1461.92     74.685     7.9292  70.702721     5.5484     14.133 0.0000e+00
     15.000     4.3457    30.1125    23.8680 5.9232e-01     0.1268      0.056    1462.04     74.873     7.9448  70.702741     5.5593     15.143 0.0000e+00
     16.000     4.3739    30.1921    23.9285 5.7074e-01     0.1269      0.060    1462.27     74.877     7.9355  70.702762     5.5528     16.152 0.0000e+00
     17.000     4.3917    30.3335    24.0389 5.8562e-01     0.1270      0.060    1462.55     74.753     7.9114  70.702784     5.5359     17.162 0.0000e+00
     18.000     4.4139    30.4605    24.1375 4.6031e-01     0.1268      0.064    1462.82     74.733     7.8983  70.702805     5.5267     18.172 0.0000e+00
     19.000     4.3782    30.6362    24.2805 4.1596e-01     0.1270      0.066    1462.91     74.872     7.9104  70.702826     5.5352     19.181 0.0000e+00
     20.000     4.2653    30.7716    24.3989 3.6767e-01     0.1270      0.064    1462.63     74.636     7.9000  70.702848     5.5280     20.191 0.0000e+00
     21.000     4.3717    30.9569    24.5356 3.6739e-01     0.1270      0.061    1463.33     74.423     7.8474  70.702869     5.4912     21.200 0.0000e+00
     22.000     4.4812    31.1515    24.6791 4.2448e-01     0.1270      0.057    1464.05     74.078     7.7800  70.702890     5.4440     22.210 0.0000e+00
     23.000     4.4990    31.3720    24.8523 3.2012e-01     0.1271      0.051    1464.42     74.101     7.7676  70.702912     5.4353     23.220 0.0000e+00
     24.000     4.4995    31.5678    25.0075 2.9930e-01     0.1273      0.049    1464.69     74.159     7.7633  70.702934     5.4323     24.229 0.0000e+00
     25.000     4.5256    31.6838    25.0969 2.5100e-01     0.1271      0.049    1464.96     73.842     7.7193  70.702956     5.4015     25.239 0.0000e+00
     26.000     4.5349    31.8551    25.2319 2.4165e-01     0.1270      0.049    1465.24     73.529     7.6760  70.702978     5.3712     26.248 0.0000e+00
     27.000     4.6092    31.9552    25.3036 2.4471e-01     0.1271      0.048    1465.69     73.083     7.6106  70.702999     5.3255     27.258 0.0000e+00
     28.000     4.6554    32.0844    25.4013 2.2645e-01     0.1272      0.048    1466.06     72.663     7.5520  70.703022     5.2844     28.268 0.0000e+00
     29.000     4.7189    32.2358    25.5146 2.3256e-01     0.1271      0.048    1466.53     72.497     7.5155  70.703044     5.2589     29.277 0.0000e+00
     30.000     4.7794    32.3500    25.5988 2.3862e-01     0.1271      0.047    1466.94     72.482     7.4974  70.703065     5.2462     30.287 0.0000e+00
     31.000     4.8265    32.4206    25.6496 2.4536e-01     0.1271      0.047    1467.24     72.264     7.4628  70.703086     5.2220     31.297 0.0000e+00
     32.000     4.8623    32.5015    25.7099 2.2073e-01     0.1272      0.047    1467.51     72.121     7.4376  70.703106     5.2044     32.306 0.0000e+00
     33.000     4.9076    32.5704    25.7596 2.1442e-01     0.1272      0.048    1467.80     72.147     7.4288  70.703126     5.1982     33.316 0.0000e+00
     34.000     4.9862    32.6917    25.8470 2.0762e-01     0.1271      0.048    1468.29     72.165     7.4107  70.703147     5.1856     34.325 0.0000e+00
     35.000     5.0525    32.7760    25.9065 2.0288e-01     0.1271      0.051    1468.69     71.835     7.3610  70.703168     5.1508     35.335 0.0000e+00
     36.000     5.0951    32.8216    25.9378 2.0400e-01     0.1270      0.053    1468.94     71.471     7.3140  70.703188     5.1179     36.345 0.0000e+00
     37.000     5.1239    32.8667    25.9704 1.9961e-01     0.1272      0.057    1469.13     71.138     7.2728  70.703208     5.0891     37.354 0.0000e+00
     38.000     5.1611    32.9188    26.0074 2.1303e-01     0.1271      0.059    1469.36     70.830     7.2324  70.703228     5.0608     38.364 0.0000e+00
     39.000     5.1896    32.9465    26.0261 2.2371e-01     0.1272      0.061    1469.53     70.653     7.2081  70.703248     5.0438     39.374 0.0000e+00
     40.000     5.2121    32.9664    26.0393 2.0188e-01     0.1271      0.062    1469.67     70.687     7.2067  70.703267     5.0429     40.383 0.0000e+00
     41.000     5.2753    33.0280    26.0808 2.0461e-01     0.1272      0.076    1470.02     70.803     7.2047  70.703286     5.0414     41.393 0.0000e+00
     42.000     5.3351    33.1296    26.1544 1.9816e-01     0.1272      0.083    1470.40     70.854     7.1948  70.703307     5.0345     42.403 0.0000e+00
     43.000     5.3739    33.1667    26.1792 1.9728e-01     0.1272      0.084    1470.63     70.759     7.1769  70.703328     5.0220     43.412 0.0000e+00
     44.000     5.3826    33.1753    26.1850 1.9217e-01     0.1272      0.084    1470.69     70.717     7.1707  70.703346     5.0176     44.422 0.0000e+00
     45.000     5.4894    33.2731    26.2499 1.9048e-01     0.1272      0.084    1471.26     70.455     7.1215  70.703367     4.9832     45.432 0.0000e+00
     46.000     5.5069    33.2899    26.2612 1.8618e-01     0.1271      0.085    1471.37     70.332     7.1053  70.703388     4.9719     46.442 0.0000e+00
     47.000     5.5069    33.2940    26.2644 1.8316e-01     0.1272      0.086    1471.39     70.261     7.0978  70.703406     4.9666     47.451 0.0000e+00
     48.000     5.5139    33.3093    26.2757 1.8804e-01     0.1272      0.086    1471.45     69.938     7.0634  70.703425     4.9425     48.461 0.0000e+00
     49.000     5.6079    33.3766    26.3177 1.8303e-01     0.1272      0.088    1471.93     69.832     7.0339  70.703447     4.9219     49.471 0.0000e+00
     50.000     5.7251    33.4693    26.3769 1.7939e-01     0.1272      0.088    1472.54     70.017     7.0287  70.703465     4.9183     50.481 0.0000e+00
     51.000     5.7841    33.5105    26.4023 1.8040e-01     0.1272      0.090    1472.84     70.214     7.0369  70.703485     4.9240     51.490 0.0000e+00
     52.000     5.8256    33.5352    26.4167 1.7955e-01     0.1272      0.092    1473.06     69.901     6.9975  70.703506     4.8965     52.500 0.0000e+00
     53.000     5.8807    33.5637    26.4325 1.7195e-01     0.1272      0.092    1473.33     69.548     6.9519  70.703525     4.8645     53.510 0.0000e+00
     54.000     5.9764    33.6096    26.4569 1.7271e-01     0.1272      0.092    1473.79     69.292     6.9086  70.703543     4.8343     54.519 0.0000e+00
     55.000     6.0143    33.6303    26.4686 1.6594e-01     0.1273      0.092    1473.98     69.144     6.8869  70.703565     4.8190     55.529 0.0000e+00
     56.000     6.0885    33.6785    26.4973 1.6170e-01     0.1273      0.092    1474.35     68.694     6.8280  70.703584     4.7778     56.539 0.0000e+00
     57.000     6.1637    33.7318    26.5299 1.6544e-01     0.1273      0.092    1474.73     68.079     6.7526  70.703602     4.7251     57.549 0.0000e+00
     58.000     6.2027    33.7597    26.5470 1.6416e-01     0.1272      0.091    1474.94     67.911     6.7286  70.703624     4.7083     58.559 0.0000e+00
     59.000     6.2593    33.7946    26.5673 1.6644e-01     0.1273      0.090    1475.22     67.705     6.6978  70.703644     4.6867     59.568 0.0000e+00
     60.000     6.2870    33.8097    26.5757 1.6202e-01     0.1273      0.089    1475.37     67.680     6.6903  70.703661     4.6815     60.578 0.0000e+00
     61.000     6.3055    33.8274    26.5873 1.6408e-01     0.1272      0.088    1475.48     67.694     6.6880  70.703682     4.6799     61.588 0.0000e+00
     62.000     6.4402    33.9116    26.6362 1.6420e-01     0.1273      0.087    1476.13     67.406     6.6351  70.703703     4.6429     62.598 0.0000e+00
     63.000     6.4906    33.9409    26.6527 1.6315e-01     0.1273      0.085    1476.39     67.495     6.6349  70.703720     4.6427     63.607 0.0000e+00
     64.000     6.5500    33.9770    26.6734 1.6775e-01     0.1273      0.084    1476.68     67.622     6.6366  70.703740     4.6439     64.617 0.0000e+00
     65.000     6.6600    34.0495    26.7160 1.6211e-01     0.1274      0.084    1477.22     67.154     6.5708  70.703762     4.5979     65.627 0.0000e+00
     66.000     6.7103    34.0784    26.7320 1.6178e-01     0.1274      0.084    1477.47     67.007     6.5476  70.703779     4.5816     66.637 0.0000e+00
     67.000     6.7263    34.0917    26.7404 1.6268e-01     0.1273      0.084    1477.57     66.889     6.5331  70.703798     4.5715     67.647 0.0000e+00
     68.000     6.7596    34.1154    26.7546 1.6199e-01     0.1273      0.084    1477.74     66.490     6.4881  70.703821     4.5400     68.656 0.0000e+00
     69.000     6.8317    34.1616    26.7813 1.5908e-01     0.1274      0.084    1478.10     66.301     6.4570  70.703838     4.5182     69.666 0.0000e+00
     70.000     6.8940    34.1993    26.8026 1.5702e-01     0.1273      0.084    1478.40     66.300     6.4460  70.703856     4.5105     70.676 0.0000e+00
     71.000     6.9547    34.2373    26.8241 1.5793e-01     0.1273      0.084    1478.70     66.206     6.4264  70.703878     4.4968     71.686 0.0000e+00
     72.000     6.9961    34.2663    26.8413 1.5309e-01     0.1273      0.084    1478.92     66.066     6.4054  70.703897     4.4822     72.696 0.0000e+00
     73.000     7.0087    34.2762    26.8474 1.6132e-01     0.1274      0.084    1479.00     65.969     6.3937  70.703915     4.4740     73.706 0.0000e+00
     74.000     7.0161    34.2822    26.8511 1.5661e-01     0.1273      0.084    1479.05     65.671     6.3635  70.703936     4.4528     74.715 0.0000e+00
     75.000     7.0236    34.2979    26.8624 1.5225e-01     0.1273      0.084    1479.11     65.569     6.3519  70.703957     4.4447     75.725 0.0000e+00
     76.000     7.0372    34.3177    26.8761 1.5424e-01     0.1274      0.084    1479.21     65.538     6.3461  70.703975     4.4406     76.735 0.0000e+00
     77.000     7.0455    34.3257    26.8813 1.5735e-01     0.1274      0.084    1479.27     65.580     6.3486  70.703995     4.4424     77.745 0.0000e+00
     78.000     7.0648    34.3450    26.8939 1.7955e-01     0.1273      0.084    1479.38     65.444     6.3319  70.704015     4.4307     78.755 0.0000e+00
     79.000     7.0722    34.3509    26.8975 1.5149e-01     0.1274      0.084    1479.43     65.446     6.3308  70.704031     4.4299     79.765 0.0000e+00
     80.000     7.1037    34.3840    26.9191 1.5028e-01     0.1273      0.084    1479.61     65.524     6.3324  70.704049     4.4310     80.775 0.0000e+00
     81.000     7.1212    34.4066    26.9345 1.5184e-01     0.1274      0.084    1479.73     65.388     6.3158  70.704070     4.4194     81.785 0.0000e+00
     82.000     7.1339    34.4172    26.9411 1.5012e-01     0.1274      0.084    1479.80     65.267     6.3018  70.704092     4.4096     82.794 0.0000e+00
     83.000     7.1466    34.4269    26.9470 1.5059e-01     0.1274      0.084    1479.88     65.108     6.2842  70.704113     4.3973     83.804 0.0000e+00
     84.000     7.1466    34.4384    26.9560 1.5114e-01     0.1274      0.084    1479.91     65.181     6.2908  70.704136     4.4019     84.814 0.0000e+00
     85.000     7.1434    34.4479    26.9640 1.4940e-01     0.1274      0.084    1479.93     65.084     6.2815  70.704157     4.3954     85.824 0.0000e+00
     86.000     7.1408    34.4513    26.9669 1.5160e-01     0.1273      0.084    1479.94     65.015     6.2750  70.704177     4.3909     86.834 0.0000e+00
     87.000     7.1392    34.4526    26.9682 1.4973e-01     0.1274      0.084    1479.95     65.041     6.2777  70.704199     4.3928     87.844 0.0000e+00
     88.000     7.1337    34.4562    26.9718 1.5010e-01     0.1273      0.084    1479.95     64.916     6.2663  70.704221     4.3848     88.854 0.0000e+00
     89.000     7.1317    34.4581    26.9736 1.5112e-01     0.1274      0.084    1479.96     64.865     6.2616  70.704241     4.3815     89.864 0.0000e+00
     90.000     7.1302    34.4598    26.9751 1.5339e-01     0.1274      0.085    1479.98     64.878     6.2630  70.704320     4.3825     90.874 0.0000e+00
     91.000     7.1287    34.4629    26.9778 1.4971e-01     0.1275      0.086    1479.99     64.825     6.2580  70.704455     4.3790     91.884 0.0000e+00
     92.000     7.1287    34.4639    26.9786 1.4978e-01     0.1274      0.087    1480.01     64.861     6.2614  70.704470     4.3814     92.894 0.0000e+00
     93.000     7.1284    34.4648    26.9793 1.4812e-01     0.1275      0.087    1480.02     64.847     6.2601  70.704492     4.3804     93.904 0.0000e+00
     94.000     7.1274    34.4660    26.9804 1.5031e-01     0.1274      0.087    1480.04     64.820     6.2575  70.704523     4.3786     94.914 0.0000e+00
     95.000     7.1261    34.4655    26.9802 1.7216e-01     0.1271      0.090    1480.06     64.862     6.2619  70.704598     4.3816     95.925 0.0000e+00
