RAWDATA/20190311/VT10_20190313_down_bin.cnv
* Sea-Bird SBE 9 Data File:
* FileName = C:\CTD Brukere\NIVA\OKOKYST2019\20190311\VT10_20190313.hex
* Software Version Seasave V 7.23.2
* Temperature SN = 5352
* Conductivity SN = 3840
* Number of Bytes Per Scan = 28
* Number of Voltage Words = 4
* Number of Scans Averaged by the Deck Unit = 1
* NMEA baud rate = 4800
** Ship: R/V Trygve Braarud
** Cruise:
** Station:
** Operator:
# nquan = 14
# nvalues = 198                         
# units = specified
# name 0 = depSM: Depth [salt water, m], lat = 59.60
# name 1 = t090C: Temperature [ITS-90, deg C]
# name 2 = sal00: Salinity, Practical [PSU]
# name 3 = sigma-t00: Density [sigma-t, kg/m^3 ]
# name 4 = flSP: Fluorescence, Seapoint
# name 5 = wetStar: Fluorescence, WET Labs WETstar [mg/m^3]
# name 6 = seaTurbMtr: Turbidity, Seapoint [FTU]
# name 7 = svCM: Sound Velocity [Chen-Millero, m/s]
# name 8 = sbeox0PS: Oxygen, SBE 43 [% saturation]
# name 9 = sbeox0Mg/L: Oxygen, SBE 43 [mg/l]
# name 10 = timeJ: Julian Days
# name 11 = sbeox0ML/L: Oxygen, SBE 43 [ml/l]
# name 12 = prDM: Pressure, Digiquartz [db]
# name 13 = flag: flag
# span 0 =      0.000,    197.000       
# span 1 =     2.1245,     8.6021       
# span 2 =    26.1222,    34.8458       
# span 3 =    20.8596,    27.2692       
# span 4 = 1.3402e-01, 5.2070e-01       
# span 5 =     0.1284,     0.1301       
# span 6 =      0.013,      0.084       
# span 7 =    1447.04,    1485.22       
# span 8 =     41.043,     73.704       
# span 9 =     3.9457,     8.4376       
# span 10 =  72.428118,  72.432919      
# span 11 =     2.7610,     5.9041      
# span 12 =      0.000,    198.964      
# span 13 = 0.0000e+00, 0.0000e+00      
# interval = meters: 1                  
# start_time = Mar 13 2019 10:16:11 [System UpLoad Time]
# bad_flag = -9.990e-29
*END*
      0.000     2.1355    26.1754    20.9015 2.7278e-01     0.1286      0.015    1447.14     73.202     8.4305  72.428118     5.8992      0.000 0.0000e+00
      1.000     2.1245    26.1222    20.8596 3.0103e-01     0.1288      0.015    1447.04     73.216     8.4376  72.428170     5.9041      1.010 0.0000e+00
      2.000     2.1409    26.1813    20.9059 3.1698e-01     0.1287      0.015    1447.21     72.827     8.3858  72.428220     5.8679      2.019 0.0000e+00
      3.000     2.1432    26.2892    20.9920 3.7744e-01     0.1287      0.015    1447.37     72.976     8.3963  72.428270     5.8752      3.028 0.0000e+00
      4.000     2.2781    26.7682    21.3667 4.5504e-01     0.1287      0.015    1448.62     73.388     8.3871  72.428320     5.8688      4.038 0.0000e+00
      5.000     2.4876    27.3268    21.7999 4.7742e-01     0.1287      0.015    1450.29     73.691     8.3450  72.428370     5.8393      5.047 0.0000e+00
      6.000     2.7159    27.9150    22.2542 4.8719e-01     0.1286      0.015    1452.07     73.704     8.2652  72.428422     5.7835      6.057 0.0000e+00
      7.000     2.8588    28.5922    22.7842 5.2070e-01     0.1284      0.013    1453.59     73.272     8.1494  72.428473     5.7024      7.067 0.0000e+00
      8.000     2.9694    29.1586    23.2276 4.9669e-01     0.1288      0.015    1454.83     73.416     8.1114  72.428523     5.6759      8.076 0.0000e+00
      9.000     3.0443    29.5265    23.5150 4.6974e-01     0.1288      0.015    1455.64     73.190     8.0512  72.428573     5.6337      9.086 0.0000e+00
     10.000     3.1413    29.7132    23.6562 4.5785e-01     0.1289      0.015    1456.32     72.967     7.9970  72.428623     5.5958     10.095 0.0000e+00
     11.000     3.1575    29.7502    23.6844 4.2434e-01     0.1291      0.015    1456.46     72.571     7.9485  72.428673     5.5619     11.105 0.0000e+00
     12.000     3.2073    29.8792    23.7831 4.1151e-01     0.1290      0.018    1456.85     72.553     7.9297  72.428724     5.5488     12.114 0.0000e+00
     13.000     3.2525    29.9736    23.8546 3.5997e-01     0.1292      0.031    1457.19     72.431     7.9024  72.428774     5.5296     13.124 0.0000e+00
     14.000     3.2888    30.0779    23.9347 3.3789e-01     0.1291      0.031    1457.49     72.248     7.8697  72.428824     5.5068     14.133 0.0000e+00
     15.000     3.3146    30.1395    23.9817 3.3191e-01     0.1293      0.032    1457.70     72.010     7.8355  72.428874     5.4828     15.143 0.0000e+00
     16.000     3.3438    30.1910    24.0203 3.2707e-01     0.1292      0.033    1457.91     71.851     7.8099  72.428924     5.4649     16.152 0.0000e+00
     17.000     3.3803    30.2406    24.0567 3.2202e-01     0.1290      0.033    1458.15     71.787     7.7932  72.428975     5.4532     17.162 0.0000e+00
     18.000     3.3969    30.2593    24.0702 3.2826e-01     0.1292      0.038    1458.26     71.646     7.7738  72.429025     5.4396     18.172 0.0000e+00
     19.000     3.4741    30.3081    24.1025 3.1342e-01     0.1289      0.040    1458.67     71.773     7.7700  72.429068     5.4370     19.181 0.0000e+00
     20.000     3.5396    30.3637    24.1411 2.9437e-01     0.1290      0.040    1459.03     71.817     7.7593  72.429088     5.4295     20.191 0.0000e+00
     21.000     3.6117    30.4669    24.2170 2.8154e-01     0.1291      0.040    1459.49     71.883     7.7473  72.429108     5.4211     21.200 0.0000e+00
     22.000     3.8351    30.6981    24.3808 2.7040e-01     0.1291      0.039    1460.75     71.780     7.6818  72.429130     5.3752     22.210 0.0000e+00
     23.000     4.1395    30.9941    24.5877 2.3359e-01     0.1290      0.038    1462.43     71.834     7.6153  72.429152     5.3287     23.219 0.0000e+00
     24.000     4.3713    31.2435    24.7631 2.3314e-01     0.1290      0.037    1463.74     71.869     7.5635  72.429173     5.2925     24.229 0.0000e+00
     25.000     4.5287    31.4016    24.8727 2.1560e-01     0.1292      0.037    1464.61     71.069     7.4431  72.429194     5.2082     25.239 0.0000e+00
     26.000     4.6753    31.5642    24.9866 2.3988e-01     0.1291      0.037    1465.45     69.882     7.2849  72.429216     5.0975     26.248 0.0000e+00
     27.000     4.7360    31.6196    25.0242 2.0420e-01     0.1291      0.037    1465.78     69.134     7.1937  72.429236     5.0337     27.258 0.0000e+00
     28.000     4.9187    31.8226    25.1658 1.9788e-01     0.1291      0.037    1466.81     68.226     7.0585  72.429257     4.9392     28.268 0.0000e+00
     29.000     4.9855    31.8953    25.2162 2.0086e-01     0.1290      0.037    1467.19     67.918     7.0120  72.429278     4.9066     29.277 0.0000e+00
     30.000     5.0559    31.9810    25.2763 1.9487e-01     0.1291      0.037    1467.61     67.511     6.9543  72.429299     4.8662     30.287 0.0000e+00
     31.000     5.1274    32.0729    25.3413 1.9063e-01     0.1290      0.037    1468.04     66.945     6.8800  72.429321     4.8142     31.296 0.0000e+00
     32.000     5.2416    32.2168    25.4425 1.8335e-01     0.1292      0.037    1468.70     66.739     6.8336  72.429343     4.7817     32.306 0.0000e+00
     33.000     5.3150    32.2893    25.4916 1.8181e-01     0.1292      0.037    1469.11     66.484     6.7923  72.429364     4.7529     33.316 0.0000e+00
     34.000     5.3991    32.3717    25.5471 1.8756e-01     0.1290      0.037    1469.57     66.400     6.7665  72.429386     4.7348     34.325 0.0000e+00
     35.000     5.5878    32.5276    25.6486 1.7289e-01     0.1290      0.037    1470.55     66.188     6.7079  72.429407     4.6938     35.335 0.0000e+00
     36.000     5.7544    32.6525    25.7276 1.7659e-01     0.1294      0.042    1471.39     66.131     6.6702  72.429427     4.6674     36.345 0.0000e+00
     37.000     5.9521    32.8397    25.8516 1.7139e-01     0.1290      0.050    1472.44     65.943     6.6122  72.429449     4.6269     37.354 0.0000e+00
     38.000     5.9458    33.0038    25.9821 1.7642e-01     0.1292      0.052    1472.64     65.659     6.5776  72.429469     4.6026     38.364 0.0000e+00
     39.000     6.0318    33.0977    26.0456 1.7703e-01     0.1292      0.056    1473.11     65.391     6.5335  72.429490     4.5718     39.374 0.0000e+00
     40.000     6.2556    33.1739    26.0778 1.7273e-01     0.1291      0.059    1474.11     65.335     6.4905  72.429512     4.5417     40.383 0.0000e+00
     41.000     6.5067    33.3229    26.1631 1.5961e-01     0.1292      0.061    1475.31     66.454     6.5568  72.429533     4.5881     41.393 0.0000e+00
     42.000     6.6719    33.4091    26.2095 1.5706e-01     0.1293      0.062    1476.08     66.230     6.5061  72.429553     4.5526     42.403 0.0000e+00
     43.000     6.7113    33.4717    26.2536 1.5518e-01     0.1293      0.062    1476.33     65.866     6.4617  72.429575     4.5215     43.413 0.0000e+00
     44.000     6.7565    33.5566    26.3146 1.5504e-01     0.1294      0.062    1476.63     65.040     6.3705  72.429596     4.4577     44.422 0.0000e+00
     45.000     6.6863    33.6800    26.4212 1.5651e-01     0.1295      0.061    1476.53     64.820     6.3540  72.429617     4.4462     45.432 0.0000e+00
     46.000     7.0959    33.8720    26.5167 1.5259e-01     0.1295      0.059    1478.38     65.080     6.3119  72.429638     4.4167     46.442 0.0000e+00
     47.000     7.3998    33.9661    26.5487 1.4678e-01     0.1293      0.064    1479.68     66.091     6.3615  72.429659     4.4514     47.451 0.0000e+00
     48.000     7.4850    34.0013    26.5643 1.5130e-01     0.1295      0.066    1480.07     67.342     6.4679  72.429680     4.5259     48.461 0.0000e+00
     49.000     7.6137    34.0751    26.6039 1.4458e-01     0.1297      0.066    1480.67     65.990     6.3166  72.429702     4.4200     49.471 0.0000e+00
     50.000     7.6959    34.1096    26.6191 1.4378e-01     0.1297      0.066    1481.05     65.166     6.2246  72.429722     4.3556     50.480 0.0000e+00
     51.000     7.7160    34.1163    26.6214 1.4239e-01     0.1297      0.067    1481.15     64.917     6.1978  72.429742     4.3368     51.490 0.0000e+00
     52.000     7.7265    34.1216    26.6241 1.4283e-01     0.1298      0.072    1481.21     64.434     6.1500  72.429764     4.3034     52.500 0.0000e+00
     53.000     7.8624    34.1685    26.6411 1.4176e-01     0.1298      0.074    1481.80     64.193     6.1063  72.429784     4.2729     53.510 0.0000e+00
     54.000     8.0090    34.2084    26.6508 1.3984e-01     0.1297      0.077    1482.42     64.168     6.0822  72.429804     4.2559     54.520 0.0000e+00
     55.000     8.1164    34.2426    26.6616 1.3958e-01     0.1298      0.077    1482.89     64.509     6.0984  72.429825     4.2673     55.529 0.0000e+00
     56.000     8.1818    34.2709    26.6740 1.3661e-01     0.1299      0.079    1483.19     63.936     6.0343  72.429845     4.2224     56.539 0.0000e+00
     57.000     8.2836    34.3226    26.6992 1.3578e-01     0.1298      0.080    1483.65     63.282     5.9570  72.429866     4.1684     57.549 0.0000e+00
     58.000     8.3784    34.3665    26.7192 1.3573e-01     0.1297      0.081    1484.08     63.050     5.9208  72.429886     4.1430     58.558 0.0000e+00
     59.000     8.3893    34.3969    26.7413 1.3520e-01     0.1298      0.081    1484.17     62.960     5.9098  72.429907     4.1353     59.568 0.0000e+00
     60.000     8.3791    34.4038    26.7484 1.3547e-01     0.1298      0.081    1484.15     62.510     5.8686  72.429927     4.1065     60.578 0.0000e+00
     61.000     8.3995    34.4179    26.7562 1.3722e-01     0.1298      0.082    1484.27     62.081     5.8251  72.429948     4.0760     61.588 0.0000e+00
     62.000     8.4613    34.4375    26.7621 1.3426e-01     0.1299      0.082    1484.54     62.035     5.8121  72.429970     4.0669     62.598 0.0000e+00
     63.000     8.5271    34.4633    26.7722 1.3487e-01     0.1299      0.082    1484.83     62.125     5.8109  72.429989     4.0662     63.607 0.0000e+00
     64.000     8.5979    34.4958    26.7867 1.3534e-01     0.1299      0.082    1485.15     62.054     5.7940  72.430011     4.0543     64.617 0.0000e+00
     65.000     8.6021    34.5150    26.8011 1.3430e-01     0.1299      0.083    1485.21     61.818     5.7707  72.430033     4.0380     65.627 0.0000e+00
     66.000     8.5967    34.5313    26.8147 1.3519e-01     0.1299      0.083    1485.22     61.468     5.7381  72.430053     4.0152     66.637 0.0000e+00
     67.000     8.5867    34.5385    26.8219 1.3591e-01     0.1299      0.083    1485.21     61.206     5.7147  72.430074     3.9988     67.647 0.0000e+00
     68.000     8.5737    34.5461    26.8299 1.3428e-01     0.1299      0.083    1485.19     61.067     5.7030  72.430095     3.9906     68.656 0.0000e+00
     69.000     8.5490    34.5527    26.8389 1.3460e-01     0.1300      0.083    1485.12     61.063     5.7055  72.430115     3.9924     69.666 0.0000e+00
     70.000     8.5447    34.5593    26.8448 1.3593e-01     0.1299      0.083    1485.13     60.880     5.6888  72.430136     3.9807     70.676 0.0000e+00
     71.000     8.5439    34.5650    26.8494 1.3717e-01     0.1299      0.083    1485.15     61.046     5.7042  72.430158     3.9914     71.686 0.0000e+00
     72.000     8.5404    34.5749    26.8577 1.3550e-01     0.1299      0.083    1485.17     61.045     5.7041  72.430177     3.9914     72.696 0.0000e+00
     73.000     8.5191    34.5817    26.8663 1.3488e-01     0.1299      0.083    1485.12     60.947     5.6975  72.430198     3.9868     73.706 0.0000e+00
     74.000     8.5014    34.5890    26.8748 1.3488e-01     0.1299      0.084    1485.08     60.844     5.6898  72.430219     3.9814     74.715 0.0000e+00
     75.000     8.4874    34.5930    26.8801 1.3431e-01     0.1299      0.083    1485.04     60.847     5.6917  72.430238     3.9827     75.725 0.0000e+00
     76.000     8.4796    34.5945    26.8824 1.3458e-01     0.1299      0.083    1485.03     60.792     5.6874  72.430259     3.9797     76.735 0.0000e+00
     77.000     8.4652    34.5978    26.8872 1.4197e-01     0.1298      0.083    1485.00     60.758     5.6859  72.430280     3.9787     77.745 0.0000e+00
     78.000     8.4386    34.6023    26.8949 1.3438e-01     0.1300      0.083    1484.92     60.810     5.6941  72.430300     3.9844     78.755 0.0000e+00
     79.000     8.4515    34.6084    26.8977 1.3615e-01     0.1300      0.083    1484.99     60.745     5.6861  72.430321     3.9788     79.765 0.0000e+00
     80.000     8.4429    34.6085    26.8991 1.3520e-01     0.1301      0.083    1484.98     60.909     5.7025  72.430342     3.9903     80.775 0.0000e+00
     81.000     8.4025    34.6118    26.9079 1.3464e-01     0.1299      0.083    1484.85     60.770     5.6946  72.430361     3.9847     81.785 0.0000e+00
     82.000     8.3626    34.6142    26.9159 1.3517e-01     0.1300      0.082    1484.72     60.603     5.6839  72.430380     3.9772     82.794 0.0000e+00
     83.000     8.3531    34.6191    26.9212 1.3516e-01     0.1300      0.082    1484.71     60.568     5.6817  72.430401     3.9757     83.804 0.0000e+00
     84.000     8.3517    34.6222    26.9239 1.3523e-01     0.1299      0.082    1484.72     60.794     5.7029  72.430421     3.9905     84.814 0.0000e+00
     85.000     8.3411    34.6244    26.9272 1.3431e-01     0.1299      0.082    1484.70     60.952     5.7190  72.430441     4.0018     85.824 0.0000e+00
     86.000     8.3359    34.6284    26.9312 1.3431e-01     0.1299      0.081    1484.70     60.769     5.7023  72.430461     3.9902     86.834 0.0000e+00
     87.000     8.3323    34.6330    26.9353 1.3492e-01     0.1301      0.081    1484.71     60.666     5.6930  72.430481     3.9836     87.844 0.0000e+00
     88.000     8.3005    34.6376    26.9438 1.3402e-01     0.1298      0.081    1484.62     60.745     5.7043  72.430500     3.9915     88.854 0.0000e+00
     89.000     8.2917    34.6406    26.9475 1.3459e-01     0.1299      0.081    1484.60     60.571     5.6889  72.430521     3.9807     89.864 0.0000e+00
     90.000     8.2769    34.6409    26.9500 1.3431e-01     0.1300      0.082    1484.56     60.374     5.6722  72.430541     3.9691     90.874 0.0000e+00
     91.000     8.2401    34.6383    26.9536 1.3459e-01     0.1299      0.081    1484.44     60.320     5.6719  72.430561     3.9689     91.884 0.0000e+00
     92.000     8.2428    34.6470    26.9600 1.3458e-01     0.1300      0.081    1484.48     60.247     5.6645  72.430582     3.9637     92.894 0.0000e+00
     93.000     8.2619    34.6544    26.9628 1.3547e-01     0.1300      0.081    1484.58     60.470     5.6827  72.430604     3.9764     93.904 0.0000e+00
     94.000     8.1924    34.6503    26.9702 1.3429e-01     0.1299      0.081    1484.33     60.661     5.7097  72.430624     3.9953     94.914 0.0000e+00
     95.000     8.1648    34.6494    26.9737 1.3458e-01     0.1299      0.081    1484.24     60.114     5.6617  72.430644     3.9617     95.923 0.0000e+00
     96.000     8.1458    34.6485    26.9758 1.3488e-01     0.1300      0.081    1484.18     60.015     5.6549  72.430666     3.9569     96.934 0.0000e+00
     97.000     8.1519    34.6518    26.9775 1.3460e-01     0.1299      0.081    1484.22     60.479     5.6976  72.430686     3.9869     97.943 0.0000e+00
     98.000     8.1671    34.6585    26.9805 1.3673e-01     0.1299      0.081    1484.31     60.823     5.7279  72.430707     4.0081     98.953 0.0000e+00
     99.000     8.1818    34.6706    26.9877 1.3432e-01     0.1299      0.081    1484.39     60.898     5.7326  72.430729     4.0114     99.963 0.0000e+00
    100.000     8.1728    34.6810    26.9973 1.3460e-01     0.1299      0.081    1484.39     60.582     5.7036  72.430750     3.9911    100.973 0.0000e+00
    101.000     8.1394    34.6774    26.9995 1.3488e-01     0.1299      0.081    1484.28     59.864     5.6404  72.430770     3.9468    101.983 0.0000e+00
    102.000     8.1104    34.6747    27.0018 1.3458e-01     0.1299      0.081    1484.18     59.121     5.5741  72.430792     3.9004    102.993 0.0000e+00
