RAWDATA/20190311/VT10_20190313_down_bin.cnv
* Sea-Bird SBE 9 Data File:
* FileName = C:\CTD Brukere\NIVA\OKOKYST2019\20190311\VT10_20190313.hex
* Software Version Seasave V 7.23.2
* Temperature SN = 5352
* Conductivity SN = 3840
* Number of Bytes Per Scan = 28
* Number of Voltage Words = 4
* Number of Scans Averaged by the Deck Unit = 1
* NMEA baud rate = 4800
** Ship: R/V Trygve Braarud
** Cruise:
** Station:
** Operator:
# nquan = 14
# nvalues = 198                         
# units = specified
# name 0 = depSM: Depth [salt water, m], lat = 59.60
# name 1 = t090C: Temperature [ITS-90, deg C]
# name 2 = sal00: Salinity, Practical [PSU]
# name 3 = sigma-t00: Density [sigma-t, kg/m^3 ]
# name 4 = flSP: Fluorescence, Seapoint
# name 5 = wetStar: Fluorescence, WET Labs WETstar [mg/m^3]
# name 6 = seaTurbMtr: Turbidity, Seapoint [FTU]
# name 7 = svCM: Sound Velocity [Chen-Millero, m/s]
# name 8 = sbeox0PS: Oxygen, SBE 43 [% saturation]
# name 9 = sbeox0Mg/L: Oxygen, SBE 43 [mg/l]
# name 10 = timeJ: Julian Days
# name 11 = sbeox0ML/L: Oxygen, SBE 43 [ml/l]
# name 12 = prDM: Pressure, Digiquartz [db]
# name 13 = flag: flag
# span 0 =      0.000,    197.000       
# span 1 =     2.1245,     8.6021       
# span 2 =    26.1222,    34.8458       
# span 3 =    20.8596,    27.2692       
# span 4 = 1.3402e-01, 5.2070e-01       
# span 5 =     0.1284,     0.1301       
# span 6 =      0.013,      0.084       
# span 7 =    1447.04,    1485.22       
# span 8 =     41.043,     73.704       
# span 9 =     3.9457,     8.4376       
# span 10 =  72.428118,  72.432919      
# span 11 =     2.7610,     5.9041      
# span 12 =      0.000,    198.964      
# span 13 = 0.0000e+00, 0.0000e+00      
# interval = meters: 1                  
# start_time = Mar 13 2019 10:16:11 [System UpLoad Time]
# bad_flag = -9.990e-29
*END*
[from data line 104]
    104.000     8.1178    34.6799    27.0047 1.3674e-01     0.1299      0.081    1484.25     59.301     5.5899  72.430834     3.9115    105.013 0.0000e+00
    105.000     8.1037    34.6875    27.0128 1.3461e-01     0.1300      0.081    1484.22     59.477     5.6080  72.430855     3.9242    106.023 0.0000e+00
    106.000     8.0602    34.6885    27.0202 1.3431e-01     0.1299      0.081    1484.07     59.356     5.6021  72.430876     3.9200    107.033 0.0000e+00
    107.000     8.0115    34.6863    27.0257 1.3431e-01     0.1300      0.081    1483.90     59.028     5.5773  72.430898     3.9027    108.043 0.0000e+00
    108.000     8.0029    34.6874    27.0279 1.3431e-01     0.1300      0.081    1483.89     58.974     5.5732  72.430919     3.8998    109.053 0.0000e+00
    109.000     7.9857    34.6881    27.0310 1.3546e-01     0.1299      0.081    1483.84     59.594     5.6340  72.430940     3.9423    110.063 0.0000e+00
    110.000     7.9821    34.6878    27.0313 1.3432e-01     0.1299      0.080    1483.85     60.197     5.6915  72.430960     3.9825    111.073 0.0000e+00
    111.000     7.9798    34.6913    27.0344 1.3507e-01     0.1299      0.081    1483.86     60.269     5.6984  72.430983     3.9874    112.083 0.0000e+00
    112.000     7.9738    34.6980    27.0406 1.3459e-01     0.1300      0.081    1483.86     60.316     5.7034  72.431005     3.9909    113.093 0.0000e+00
    113.000     7.9564    34.6990    27.0440 1.3487e-01     0.1299      0.081    1483.81     60.278     5.7020  72.431026     3.9899    114.103 0.0000e+00
    114.000     7.9409    34.6980    27.0455 1.3510e-01     0.1299      0.081    1483.77     59.944     5.6724  72.431047     3.9692    115.113 0.0000e+00
    115.000     7.9430    34.7011    27.0476 1.3458e-01     0.1299      0.081    1483.80     59.671     5.6462  72.431069     3.9509    116.124 0.0000e+00
    116.000     7.9603    34.7074    27.0500 1.3489e-01     0.1299      0.081    1483.89     59.749     5.6511  72.431090     3.9543    117.134 0.0000e+00
    117.000     7.9670    34.7104    27.0513 1.3562e-01     0.1300      0.080    1483.93     59.630     5.6389  72.431112     3.9458    118.144 0.0000e+00
    118.000     7.9684    34.7129    27.0531 1.3513e-01     0.1299      0.080    1483.96     59.070     5.5857  72.431134     3.9085    119.154 0.0000e+00
    119.000     7.9604    34.7152    27.0561 1.3459e-01     0.1299      0.080    1483.95     58.448     5.5278  72.431155     3.8680    120.164 0.0000e+00
    120.000     7.9512    34.7165    27.0585 1.3546e-01     0.1300      0.081    1483.93     58.119     5.4977  72.431176     3.8470    121.174 0.0000e+00
    121.000     7.9419    34.7170    27.0603 1.3486e-01     0.1300      0.079    1483.91     57.709     5.4601  72.431197     3.8207    122.184 0.0000e+00
    122.000     7.9166    34.7159    27.0632 1.3656e-01     0.1299      0.079    1483.83     57.703     5.4627  72.431217     3.8225    123.194 0.0000e+00
    123.000     7.8991    34.7175    27.0671 1.3598e-01     0.1299      0.079    1483.78     57.609     5.4558  72.431239     3.8177    124.204 0.0000e+00
    124.000     7.8960    34.7200    27.0695 1.3403e-01     0.1299      0.078    1483.79     57.757     5.4702  72.431260     3.8277    125.214 0.0000e+00
    125.000     7.8855    34.7204    27.0713 1.3903e-01     0.1300      0.080    1483.77     58.022     5.4965  72.431281     3.8461    126.224 0.0000e+00
    126.000     7.8286    34.7236    27.0823 1.3491e-01     0.1299      0.079    1483.58     57.890     5.4910  72.431301     3.8423    127.234 0.0000e+00
    127.000     7.8106    34.7281    27.0884 1.3593e-01     0.1299      0.078    1483.53     57.737     5.4785  72.431323     3.8336    128.245 0.0000e+00
    128.000     7.7745    34.7266    27.0926 1.3514e-01     0.1300      0.078    1483.41     57.885     5.4971  72.431344     3.8466    129.255 0.0000e+00
    129.000     7.7382    34.7256    27.0971 1.3518e-01     0.1299      0.077    1483.28     58.044     5.5167  72.431365     3.8603    130.265 0.0000e+00
    130.000     7.7061    34.7236    27.1003 1.3864e-01     0.1299      0.077    1483.18     57.952     5.5121  72.431386     3.8570    131.275 0.0000e+00
    131.000     7.6976    34.7236    27.1016 1.3593e-01     0.1299      0.077    1483.16     58.200     5.5368  72.431408     3.8743    132.285 0.0000e+00
    132.000     7.6720    34.7217    27.1038 1.3540e-01     0.1298      0.077    1483.08     58.601     5.5782  72.431430     3.9033    133.295 0.0000e+00
    133.000     7.6344    34.7239    27.1110 1.3771e-01     0.1299      0.077    1482.95     58.895     5.6109  72.431451     3.9262    134.305 0.0000e+00
    134.000     7.6576    34.7395    27.1199 1.3784e-01     0.1299      0.077    1483.08     58.937     5.6113  72.431472     3.9265    135.315 0.0000e+00
    135.000     7.7043    34.7542    27.1246 1.3606e-01     0.1299      0.077    1483.29     59.237     5.6334  72.431493     3.9419    136.326 0.0000e+00
    136.000     7.6983    34.7558    27.1268 1.3901e-01     0.1299      0.077    1483.28     58.853     5.5976  72.431515     3.9169    137.336 0.0000e+00
    137.000     7.6929    34.7583    27.1296 1.3847e-01     0.1299      0.077    1483.28     56.691     5.3925  72.431537     3.7734    138.346 0.0000e+00
    138.000     7.6900    34.7596    27.1310 1.3641e-01     0.1299      0.077    1483.29     55.620     5.2909  72.431557     3.7023    139.356 0.0000e+00
    139.000     7.6827    34.7617    27.1337 1.4002e-01     0.1298      0.077    1483.29     55.155     5.2475  72.431578     3.6719    140.366 0.0000e+00
    140.000     7.6714    34.7648    27.1378 1.3732e-01     0.1300      0.077    1483.26     54.879     5.2225  72.431600     3.6544    141.377 0.0000e+00
    141.000     7.6651    34.7670    27.1405 1.3715e-01     0.1299      0.077    1483.26     54.755     5.2114  72.431622     3.6466    142.387 0.0000e+00
    142.000     7.6613    34.7678    27.1416 1.3729e-01     0.1299      0.077    1483.26     54.430     5.1808  72.431643     3.6252    143.397 0.0000e+00
    143.000     7.6460    34.7690    27.1448 1.3910e-01     0.1299      0.077    1483.22     54.146     5.1556  72.431665     3.6076    144.407 0.0000e+00
    144.000     7.6263    34.7728    27.1507 1.4174e-01     0.1299      0.077    1483.17     53.939     5.1380  72.431687     3.5953    145.417 0.0000e+00
    145.000     7.6149    34.7755    27.1544 1.3804e-01     0.1299      0.077    1483.14     53.863     5.1320  72.431709     3.5911    146.427 0.0000e+00
    146.000     7.5981    34.7784    27.1591 1.4030e-01     0.1298      0.077    1483.10     53.540     5.1031  72.431731     3.5708    147.438 0.0000e+00
    147.000     7.5831    34.7791    27.1619 1.4270e-01     0.1299      0.077    1483.06     53.200     5.0724  72.431752     3.5494    148.448 0.0000e+00
    148.000     7.5515    34.7858    27.1717 1.4340e-01     0.1299      0.077    1482.96     52.820     5.0395  72.431775     3.5263    149.458 0.0000e+00
    149.000     7.5403    34.7865    27.1740 1.3875e-01     0.1299      0.076    1482.94     52.450     5.0055  72.431797     3.5026    150.468 0.0000e+00
    150.000     7.5303    34.7876    27.1763 1.4245e-01     0.1299      0.077    1482.92     52.069     4.9702  72.431818     3.4778    151.478 0.0000e+00
    151.000     7.5190    34.7909    27.1805 1.4307e-01     0.1299      0.077    1482.89     51.732     4.9392  72.431840     3.4561    152.489 0.0000e+00
    152.000     7.5119    34.7925    27.1828 1.4227e-01     0.1299      0.076    1482.89     51.492     4.9170  72.431863     3.4406    153.499 0.0000e+00
    153.000     7.4961    34.7929    27.1854 1.3865e-01     0.1299      0.076    1482.84     51.214     4.8922  72.431886     3.4233    154.509 0.0000e+00
    154.000     7.4846    34.7953    27.1889 1.4317e-01     0.1298      0.076    1482.82     50.909     4.8642  72.431908     3.4037    155.519 0.0000e+00
    155.000     7.4791    34.7961    27.1903 1.4255e-01     0.1299      0.076    1482.81     50.713     4.8461  72.431931     3.3910    156.530 0.0000e+00
    156.000     7.4696    34.7985    27.1936 1.4341e-01     0.1298      0.076    1482.80     50.461     4.8230  72.431955     3.3749    157.540 0.0000e+00
    157.000     7.4497    34.8017    27.1990 1.4263e-01     0.1298      0.075    1482.74     50.409     4.8201  72.431977     3.3728    158.550 0.0000e+00
    158.000     7.4371    34.8034    27.2021 1.4133e-01     0.1299      0.075    1482.71     50.243     4.8056  72.431998     3.3627    159.560 0.0000e+00
    159.000     7.4264    34.8047    27.2047 1.4376e-01     0.1298      0.075    1482.69     49.926     4.7763  72.432022     3.3422    160.571 0.0000e+00
    160.000     7.4150    34.8062    27.2075 1.4574e-01     0.1299      0.075    1482.67     49.743     4.7601  72.432044     3.3308    161.581 0.0000e+00
    161.000     7.3985    34.8084    27.2116 1.4310e-01     0.1299      0.074    1482.62     49.597     4.7477  72.432066     3.3222    162.591 0.0000e+00
    162.000     7.3839    34.8108    27.2156 1.4462e-01     0.1299      0.074    1482.58     49.361     4.7267  72.432088     3.3075    163.602 0.0000e+00
    163.000     7.3782    34.8113    27.2168 1.4599e-01     0.1298      0.074    1482.58     49.146     4.7067  72.432110     3.2935    164.612 0.0000e+00
    164.000     7.3635    34.8134    27.2205 1.4570e-01     0.1298      0.074    1482.54     48.853     4.6802  72.432132     3.2749    165.622 0.0000e+00
    165.000     7.3425    34.8168    27.2263 1.4572e-01     0.1298      0.074    1482.49     48.680     4.6657  72.432154     3.2648    166.632 0.0000e+00
    166.000     7.3362    34.8177    27.2278 1.4444e-01     0.1298      0.074    1482.48     48.557     4.6546  72.432176     3.2570    167.643 0.0000e+00
    167.000     7.3299    34.8188    27.2296 1.4573e-01     0.1299      0.073    1482.47     48.343     4.6347  72.432199     3.2431    168.653 0.0000e+00
    168.000     7.3240    34.8198    27.2313 1.4567e-01     0.1299      0.073    1482.47     48.220     4.6234  72.432220     3.2352    169.663 0.0000e+00
    169.000     7.3177    34.8207    27.2329 1.4574e-01     0.1298      0.073    1482.46     48.176     4.6199  72.432242     3.2327    170.674 0.0000e+00
    170.000     7.3081    34.8228    27.2358 1.4449e-01     0.1299      0.073    1482.44     48.110     4.6145  72.432265     3.2289    171.684 0.0000e+00
    171.000     7.3036    34.8236    27.2371 1.4538e-01     0.1299      0.073    1482.44     47.962     4.6007  72.432287     3.2193    172.694 0.0000e+00
    172.000     7.2985    34.8242    27.2384 1.4622e-01     0.1298      0.073    1482.44     47.798     4.5855  72.432307     3.2087    173.705 0.0000e+00
    173.000     7.2905    34.8257    27.2407 1.4595e-01     0.1298      0.073    1482.43     47.705     4.5774  72.432328     3.2030    174.715 0.0000e+00
    174.000     7.2862    34.8266    27.2420 1.4652e-01     0.1298      0.073    1482.43     47.600     4.5677  72.432349     3.1962    175.725 0.0000e+00
    175.000     7.2804    34.8283    27.2441 1.4652e-01     0.1299      0.073    1482.43     47.371     4.5463  72.432370     3.1813    176.736 0.0000e+00
    176.000     7.2778    34.8291    27.2451 1.4652e-01     0.1298      0.073    1482.43     47.089     4.5194  72.432390     3.1624    177.746 0.0000e+00
    177.000     7.2745    34.8299    27.2462 1.4652e-01     0.1298      0.073    1482.44     46.874     4.4992  72.432411     3.1483    178.756 0.0000e+00
    178.000     7.2710    34.8306    27.2473 1.4625e-01     0.1299      0.073    1482.44     46.617     4.4748  72.432432     3.1312    179.767 0.0000e+00
    179.000     7.2676    34.8313    27.2483 1.4625e-01     0.1298      0.073    1482.45     46.435     4.4577  72.432454     3.1192    180.777 0.0000e+00
    180.000     7.2620    34.8322    27.2498 1.4621e-01     0.1297      0.073    1482.44     46.207     4.4363  72.432475     3.1043    181.787 0.0000e+00
    181.000     7.2542    34.8328    27.2514 1.4625e-01     0.1297      0.073    1482.43     46.037     4.4207  72.432495     3.0934    182.798 0.0000e+00
    182.000     7.2443    34.8346    27.2542 1.4570e-01     0.1298      0.073    1482.41     45.936     4.4120  72.432517     3.0873    183.808 0.0000e+00
    183.000     7.2374    34.8363    27.2566 1.4625e-01     0.1298      0.073    1482.40     46.041     4.4227  72.432539     3.0948    184.819 0.0000e+00
    184.000     7.2332    34.8376    27.2582 1.4652e-01     0.1297      0.073    1482.40     46.278     4.4459  72.432559     3.1110    185.829 0.0000e+00
    185.000     7.2292    34.8382    27.2592 1.4652e-01     0.1297      0.073    1482.41     46.214     4.4402  72.432579     3.1070    186.839 0.0000e+00
    186.000     7.2276    34.8387    27.2598 1.4598e-01     0.1298      0.073    1482.42     45.732     4.3939  72.432601     3.0746    187.850 0.0000e+00
    187.000     7.2236    34.8396    27.2611 1.4651e-01     0.1298      0.073    1482.42     45.512     4.3732  72.432622     3.0601    188.860 0.0000e+00
    188.000     7.2179    34.8409    27.2629 1.4681e-01     0.1298      0.073    1482.42     45.393     4.3623  72.432641     3.0525    189.871 0.0000e+00
    189.000     7.2169    34.8412    27.2633 1.4652e-01     0.1298      0.073    1482.43     45.166     4.3406  72.432662     3.0373    190.881 0.0000e+00
    190.000     7.2161    34.8414    27.2635 1.4680e-01     0.1297      0.073    1482.44     45.047     4.3292  72.432683     3.0293    191.891 0.0000e+00
    191.000     7.2151    34.8417    27.2639 1.4705e-01     0.1298      0.073    1482.46     44.900     4.3152  72.432705     3.0196    192.902 0.0000e+00
    192.000     7.2123    34.8430    27.2653 1.4651e-01     0.1298      0.073    1482.46     44.804     4.3062  72.432727     3.0132    193.912 0.0000e+00
    193.000     7.2096    34.8437    27.2663 1.4679e-01     0.1298      0.073    1482.47     44.806     4.3066  72.432748     3.0135    194.923 0.0000e+00
    194.000     7.2072    34.8442    27.2671 1.4733e-01     0.1297      0.073    1482.48     44.555     4.2828  72.432769     2.9968    195.933 0.0000e+00
    195.000     7.2036    34.8451    27.2682 1.4651e-01     0.1297      0.073    1482.48     44.064     4.2358  72.432792     2.9640    196.944 0.0000e+00
    196.000     7.2014    34.8457    27.2690 1.4805e-01     0.1298      0.073    1482.49     43.389     4.1712  72.432828     2.9187    197.954 0.0000e+00
    197.000     7.2004    34.8458    27.2692 1.6706e-01     0.1298      0.073    1482.51     41.043     3.9457  72.432919     2.7610    198.964 0.0000e+00
