RAWDATA/20190311/VT2_20190313_down_bin.cnv
* Sea-Bird SBE 9 Data File:
* FileName = C:\CTD Brukere\NIVA\OKOKYST2019\20190311\VT2_20190313.hex
* Software Version Seasave V 7.23.2
* Temperature SN = 5352
* Conductivity SN = 3840
* Number of Bytes Per Scan = 28
* Number of Voltage Words = 4
* Number of Scans Averaged by the Deck Unit = 1
* NMEA baud rate = 4800
** Ship: R/V Trygve Braarud
** Cruise:
** Station:
** Operator:
# nquan = 14
# nvalues = 301                         
# units = specified
# name 0 = depSM: Depth [salt water, m], lat = 59.60
# name 1 = t090C: Temperature [ITS-90, deg C]
# name 2 = sal00: Salinity, Practical [PSU]
# name 3 = sigma-t00: Density [sigma-t, kg/m^3 ]
# name 4 = flSP: Fluorescence, Seapoint
# name 5 = wetStar: Fluorescence, WET Labs WETstar [mg/m^3]
# name 6 = seaTurbMtr: Turbidity, Seapoint [FTU]
# name 7 = svCM: Sound Velocity [Chen-Millero, m/s]
# name 8 = sbeox0PS: Oxygen, SBE 43 [% saturation]
# name 9 = sbeox0Mg/L: Oxygen, SBE 43 [mg/l]
# name 10 = timeJ: Julian Days
# name 11 = sbeox0ML/L: Oxygen, SBE 43 [ml/l]
# name 12 = prDM: Pressure, Digiquartz [db]
# name 13 = flag: flag
# span 0 = 2.7756e-17,    300.000       
# span 1 =     2.4986,     8.4373       
# span 2 =    25.8864,    34.8457       
# span 3 =    20.6498,    27.2525       
# span 4 = 1.3400e-01, 1.1110e+00       
# span 5 =     0.1266,     0.1293       
# span 6 =      0.012,      0.132       
# span 7 =    1448.39,    1485.02       
# span 8 =     53.760,     75.296       
# span 9 =     5.1544,     8.5341       
# span 10 =  72.358871,  72.365671      
# span 11 =     3.6067,     5.9716      
# span 12 =      0.000,    303.068      
# span 13 = 0.0000e+00, 0.0000e+00      
# interval = meters: 1                  
# start_time = Mar 13 2019 08:36:12 [System UpLoad Time]
# bad_flag = -9.990e-29
*END*
[from data line 104]
    104.000     7.9978    34.6240    26.9788 1.3534e-01     0.1285      0.109    1483.73     60.406     5.7115  72.361725     3.9966    105.013 0.0000e+00
    105.000     7.9920    34.6239    26.9796 1.3563e-01     0.1285      0.110    1483.72     60.991     5.7677  72.361742     4.0359    106.023 0.0000e+00
    106.000     7.9898    34.6276    26.9829 1.3431e-01     0.1283      0.110    1483.73     61.667     5.8317  72.361759     4.0807    107.033 0.0000e+00
    107.000     7.9761    34.6316    26.9881 1.3466e-01     0.1283      0.110    1483.70     62.301     5.8933  72.361776     4.1238    108.043 0.0000e+00
    108.000     7.9394    34.6293    26.9917 1.3468e-01     0.1284      0.110    1483.58     62.588     5.9255  72.361792     4.1463    109.053 0.0000e+00
    109.000     7.8859    34.6349    27.0040 1.3500e-01     0.1284      0.110    1483.40     62.521     5.9260  72.361810     4.1467    110.063 0.0000e+00
    110.000     7.8452    34.6425    27.0161 1.3468e-01     0.1285      0.110    1483.27     62.381     5.9179  72.361826     4.1410    111.073 0.0000e+00
    111.000     7.8169    34.6400    27.0183 1.3431e-01     0.1284      0.110    1483.18     62.568     5.9396  72.361842     4.1562    112.083 0.0000e+00
    112.000     7.7687    34.6363    27.0225 1.3539e-01     0.1285      0.110    1483.01     62.906     5.9782  72.361858     4.1832    113.094 0.0000e+00
    113.000     7.7411    34.6368    27.0270 1.3539e-01     0.1285      0.110    1482.92     63.134     6.0037  72.361874     4.2010    114.103 0.0000e+00
    114.000     7.6973    34.6463    27.0408 1.3433e-01     0.1285      0.110    1482.78     63.450     6.0393  72.361891     4.2259    115.114 0.0000e+00
    115.000     7.6755    34.6568    27.0523 1.3544e-01     0.1286      0.110    1482.73     63.795     6.0747  72.361909     4.2507    116.124 0.0000e+00
    116.000     7.6627    34.6573    27.0545 1.3430e-01     0.1284      0.110    1482.70     63.749     6.0721  72.361924     4.2489    117.134 0.0000e+00
    117.000     7.6250    34.6661    27.0669 1.3505e-01     0.1284      0.110    1482.58     63.899     6.0912  72.361939     4.2622    118.144 0.0000e+00
    118.000     7.5932    34.6684    27.0733 1.3574e-01     0.1286      0.110    1482.48     63.966     6.1019  72.361955     4.2698    119.154 0.0000e+00
    119.000     7.5719    34.6718    27.0791 1.3464e-01     0.1285      0.110    1482.42     63.946     6.1028  72.361972     4.2704    120.164 0.0000e+00
    120.000     7.5907    34.6785    27.0817 1.3465e-01     0.1285      0.110    1482.51     63.850     6.0908  72.361990     4.2620    121.174 0.0000e+00
    121.000     7.5975    34.6838    27.0848 1.3466e-01     0.1286      0.110    1482.56     63.912     6.0956  72.362008     4.2653    122.184 0.0000e+00
    122.000     7.5974    34.6849    27.0857 1.3470e-01     0.1284      0.110    1482.58     64.188     6.1218  72.362023     4.2837    123.194 0.0000e+00
    123.000     7.5903    34.6854    27.0871 1.3469e-01     0.1284      0.110    1482.57     63.853     6.0908  72.362038     4.2620    124.204 0.0000e+00
    124.000     7.5816    34.6850    27.0881 1.3590e-01     0.1286      0.110    1482.55     63.306     6.0399  72.362055     4.2263    125.214 0.0000e+00
    125.000     7.5736    34.6861    27.0901 1.3535e-01     0.1284      0.110    1482.54     63.113     6.0225  72.362073     4.2142    126.224 0.0000e+00
    126.000     7.5718    34.6873    27.0914 1.3469e-01     0.1284      0.110    1482.55     63.084     6.0199  72.362089     4.2124    127.235 0.0000e+00
    127.000     7.5650    34.6887    27.0934 1.3594e-01     0.1285      0.110    1482.54     63.226     6.0344  72.362106     4.2225    128.244 0.0000e+00
    128.000     7.5473    34.6896    27.0967 1.3500e-01     0.1284      0.110    1482.50     63.276     6.0415  72.362124     4.2275    129.255 0.0000e+00
    129.000     7.5350    34.6908    27.0994 1.3431e-01     0.1285      0.110    1482.47     63.182     6.0342  72.362140     4.2224    130.265 0.0000e+00
    130.000     7.5198    34.6914    27.1021 1.3468e-01     0.1286      0.110    1482.42     63.137     6.0319  72.362154     4.2208    131.275 0.0000e+00
    131.000     7.5095    34.6926    27.1045 1.3564e-01     0.1284      0.110    1482.40     63.233     6.0424  72.362172     4.2281    132.285 0.0000e+00
    132.000     7.4973    34.6941    27.1075 1.3461e-01     0.1286      0.110    1482.38     63.295     6.0500  72.362190     4.2335    133.295 0.0000e+00
    133.000     7.4857    34.6974    27.1117 1.3431e-01     0.1286      0.110    1482.35     63.297     6.0517  72.362207     4.2346    134.305 0.0000e+00
    134.000     7.4719    34.7021    27.1174 1.3504e-01     0.1285      0.110    1482.32     63.195     6.0436  72.362222     4.2289    135.316 0.0000e+00
    135.000     7.4739    34.7071    27.1211 1.3462e-01     0.1285      0.110    1482.35     63.255     6.0488  72.362240     4.2326    136.326 0.0000e+00
    136.000     7.4657    34.7064    27.1217 1.3465e-01     0.1285      0.110    1482.34     63.424     6.0662  72.362259     4.2448    137.336 0.0000e+00
    137.000     7.4275    34.7035    27.1249 1.3430e-01     0.1286      0.110    1482.20     63.376     6.0670  72.362275     4.2453    138.346 0.0000e+00
    138.000     7.4125    34.7024    27.1261 1.3687e-01     0.1285      0.110    1482.16     63.293     6.0611  72.362290     4.2412    139.356 0.0000e+00
    139.000     7.4113    34.7013    27.1255 1.3550e-01     0.1285      0.110    1482.17     63.138     6.0465  72.362308     4.2310    140.366 0.0000e+00
    140.000     7.3978    34.7085    27.1331 1.3428e-01     0.1285      0.110    1482.15     63.380     6.0713  72.362329     4.2483    141.376 0.0000e+00
    141.000     7.3978    34.7103    27.1345 1.3550e-01     0.1287      0.110    1482.16     63.678     6.0997  72.362345     4.2682    142.387 0.0000e+00
    142.000     7.4009    34.7142    27.1372 1.3400e-01     0.1287      0.110    1482.20     63.738     6.1049  72.362361     4.2718    143.397 0.0000e+00
    143.000     7.4050    34.7185    27.1400 1.3522e-01     0.1285      0.110    1482.23     63.753     6.1056  72.362379     4.2724    144.407 0.0000e+00
    144.000     7.4086    34.7213    27.1416 1.3466e-01     0.1287      0.110    1482.27     63.628     6.0930  72.362397     4.2636    145.417 0.0000e+00
    145.000     7.4122    34.7246    27.1437 1.3462e-01     0.1285      0.110    1482.30     63.621     6.0917  72.362415     4.2626    146.427 0.0000e+00
    146.000     7.4198    34.7314    27.1479 1.3461e-01     0.1285      0.110    1482.36     63.438     6.0729  72.362434     4.2494    147.437 0.0000e+00
    147.000     7.4232    34.7332    27.1489 1.3430e-01     0.1286      0.110    1482.39     63.252     6.0545  72.362453     4.2366    148.448 0.0000e+00
    148.000     7.4245    34.7346    27.1498 1.3468e-01     0.1286      0.110    1482.41     63.046     6.0345  72.362469     4.2226    149.458 0.0000e+00
    149.000     7.4264    34.7360    27.1506 1.3493e-01     0.1286      0.110    1482.44     62.744     6.0053  72.362486     4.2022    150.468 0.0000e+00
    150.000     7.4284    34.7375    27.1515 1.3459e-01     0.1284      0.110    1482.46     62.500     5.9816  72.362506     4.1856    151.478 0.0000e+00
    151.000     7.4311    34.7396    27.1528 1.3529e-01     0.1286      0.111    1482.50     62.436     5.9751  72.362526     4.1810    152.489 0.0000e+00
    152.000     7.4333    34.7408    27.1534 1.3533e-01     0.1285      0.111    1482.52     62.308     5.9625  72.362543     4.1722    153.499 0.0000e+00
    153.000     7.4356    34.7425    27.1544 1.3575e-01     0.1286      0.110    1482.55     62.167     5.9486  72.362562     4.1625    154.509 0.0000e+00
    154.000     7.4394    34.7447    27.1556 1.3490e-01     0.1284      0.110    1482.58     62.128     5.9443  72.362582     4.1594    155.519 0.0000e+00
    155.000     7.4396    34.7455    27.1562 1.3497e-01     0.1286      0.110    1482.60     62.049     5.9367  72.362600     4.1542    156.530 0.0000e+00
    156.000     7.4343    34.7461    27.1575 1.3492e-01     0.1285      0.110    1482.60     62.010     5.9336  72.362619     4.1520    157.540 0.0000e+00
    157.000     7.4287    34.7472    27.1591 1.3431e-01     0.1287      0.111    1482.60     61.873     5.9212  72.362638     4.1433    158.550 0.0000e+00
    158.000     7.4256    34.7474    27.1597 1.3463e-01     0.1287      0.110    1482.60     61.874     5.9217  72.362657     4.1437    159.560 0.0000e+00
    159.000     7.4230    34.7477    27.1603 1.3490e-01     0.1287      0.110    1482.61     61.784     5.9134  72.362676     4.1379    160.571 0.0000e+00
    160.000     7.4200    34.7474    27.1606 1.3576e-01     0.1286      0.111    1482.61     61.719     5.9077  72.362696     4.1338    161.581 0.0000e+00
    161.000     7.4163    34.7475    27.1611 1.3535e-01     0.1287      0.111    1482.61     61.850     5.9207  72.362715     4.1429    162.591 0.0000e+00
    162.000     7.4166    34.7480    27.1614 1.3539e-01     0.1286      0.111    1482.63     61.848     5.9205  72.362731     4.1428    163.602 0.0000e+00
    163.000     7.4208    34.7502    27.1626 1.3490e-01     0.1287      0.110    1482.67     61.869     5.9218  72.362749     4.1437    164.612 0.0000e+00
    164.000     7.4289    34.7544    27.1648 1.3485e-01     0.1287      0.111    1482.72     61.953     5.9286  72.362771     4.1485    165.622 0.0000e+00
    165.000     7.4374    34.7575    27.1660 1.3571e-01     0.1286      0.111    1482.77     61.906     5.9228  72.362790     4.1445    166.632 0.0000e+00
    166.000     7.4421    34.7583    27.1659 1.3495e-01     0.1287      0.111    1482.81     61.686     5.9011  72.362808     4.1292    167.643 0.0000e+00
    167.000     7.4514    34.7621    27.1676 1.3702e-01     0.1288      0.112    1482.87     61.500     5.8819  72.362828     4.1158    168.653 0.0000e+00
    168.000     7.4562    34.7645    27.1688 1.3433e-01     0.1287      0.111    1482.90     61.285     5.8606  72.362846     4.1009    169.663 0.0000e+00
    169.000     7.4577    34.7659    27.1697 1.3533e-01     0.1286      0.111    1482.93     60.922     5.8257  72.362866     4.0764    170.674 0.0000e+00
    170.000     7.4583    34.7678    27.1710 1.3523e-01     0.1287      0.111    1482.95     60.569     5.7918  72.362888     4.0527    171.684 0.0000e+00
    171.000     7.4574    34.7692    27.1723 1.3527e-01     0.1286      0.111    1482.96     60.407     5.7763  72.362906     4.0419    172.694 0.0000e+00
    172.000     7.4526    34.7715    27.1748 1.3487e-01     0.1286      0.111    1482.96     60.282     5.7649  72.362926     4.0339    173.705 0.0000e+00
    173.000     7.4478    34.7733    27.1769 1.3589e-01     0.1288      0.111    1482.96     60.084     5.7466  72.362946     4.0211    174.715 0.0000e+00
    174.000     7.4466    34.7741    27.1777 1.3609e-01     0.1287      0.111    1482.98     60.073     5.7456  72.362965     4.0204    175.725 0.0000e+00
    175.000     7.4467    34.7749    27.1783 1.3463e-01     0.1287      0.111    1483.00     60.030     5.7415  72.362984     4.0175    176.736 0.0000e+00
    176.000     7.4464    34.7749    27.1783 1.3579e-01     0.1287      0.111    1483.01     60.062     5.7445  72.363004     4.0197    177.746 0.0000e+00
    177.000     7.4459    34.7749    27.1785 1.3722e-01     0.1287      0.111    1483.03     60.003     5.7390  72.363025     4.0158    178.756 0.0000e+00
    178.000     7.4462    34.7761    27.1794 1.3522e-01     0.1287      0.112    1483.05     59.958     5.7346  72.363044     4.0128    179.767 0.0000e+00
    179.000     7.4457    34.7779    27.1808 1.3431e-01     0.1287      0.112    1483.06     60.063     5.7446  72.363063     4.0198    180.777 0.0000e+00
    180.000     7.4441    34.7806    27.1832 1.3536e-01     0.1287      0.111    1483.08     60.107     5.7489  72.363085     4.0228    181.787 0.0000e+00
    181.000     7.4415    34.7825    27.1850 1.3620e-01     0.1287      0.112    1483.09     59.884     5.7279  72.363105     4.0080    182.798 0.0000e+00
    182.000     7.4416    34.7836    27.1859 1.3465e-01     0.1289      0.111    1483.10     59.759     5.7159  72.363123     3.9996    183.808 0.0000e+00
    183.000     7.4408    34.7845    27.1867 1.3563e-01     0.1288      0.111    1483.12     59.659     5.7064  72.363143     3.9930    184.819 0.0000e+00
    184.000     7.4340    34.7856    27.1886 1.3611e-01     0.1289      0.112    1483.11     59.622     5.7037  72.363165     3.9911    185.829 0.0000e+00
    185.000     7.4266    34.7869    27.1907 1.3551e-01     0.1287      0.112    1483.10     59.673     5.7095  72.363184     3.9952    186.839 0.0000e+00
    186.000     7.4172    34.7884    27.1932 1.3507e-01     0.1288      0.112    1483.08     59.462     5.6905  72.363206     3.9819    187.850 0.0000e+00
    187.000     7.3945    34.7890    27.1969 1.3567e-01     0.1288      0.112    1483.01     59.451     5.6923  72.363226     3.9831    188.860 0.0000e+00
    188.000     7.3719    34.7876    27.1990 1.3587e-01     0.1288      0.112    1482.94     59.436     5.6938  72.363244     3.9842    189.871 0.0000e+00
    189.000     7.3654    34.7873    27.1997 1.3587e-01     0.1288      0.112    1482.93     59.252     5.6771  72.363264     3.9725    190.881 0.0000e+00
    190.000     7.3640    34.7875    27.2001 1.3584e-01     0.1288      0.113    1482.94     59.452     5.6964  72.363286     3.9860    191.892 0.0000e+00
    191.000     7.3555    34.7868    27.2008 1.3515e-01     0.1289      0.112    1482.93     59.629     5.7145  72.363306     3.9986    192.902 0.0000e+00
    192.000     7.3421    34.7869    27.2027 1.3540e-01     0.1288      0.113    1482.89     59.697     5.7228  72.363328     4.0045    193.912 0.0000e+00
    193.000     7.3362    34.7892    27.2054 1.3486e-01     0.1288      0.113    1482.89     59.701     5.7238  72.363349     4.0052    194.923 0.0000e+00
    194.000     7.3369    34.7932    27.2085 1.3600e-01     0.1289      0.113    1482.92     59.817     5.7347  72.363369     4.0128    195.933 0.0000e+00
    195.000     7.3386    34.7960    27.2104 1.3564e-01     0.1288      0.113    1482.94     59.817     5.7344  72.363386     4.0126    196.944 0.0000e+00
    196.000     7.3382    34.7955    27.2101 1.3623e-01     0.1288      0.113    1482.95     59.580     5.7118  72.363408     3.9967    197.954 0.0000e+00
    197.000     7.3372    34.7956    27.2103 1.3555e-01     0.1289      0.113    1482.97     59.135     5.6692  72.363430     3.9670    198.964 0.0000e+00
    198.000     7.3382    34.7961    27.2105 1.3460e-01     0.1288      0.113    1482.99     59.146     5.6701  72.363449     3.9676    199.975 0.0000e+00
    199.000     7.3385    34.7965    27.2109 1.3621e-01     0.1288      0.113    1483.01     59.142     5.6696  72.363469     3.9673    200.985 0.0000e+00
    200.000     7.3391    34.7969    27.2111 1.3501e-01     0.1289      0.114    1483.03     59.120     5.6674  72.363487     3.9657    201.996 0.0000e+00
    201.000     7.3398    34.7969    27.2110 1.3459e-01     0.1288      0.113    1483.05     59.058     5.6614  72.363506     3.9615    203.006 0.0000e+00
    202.000     7.3404    34.7967    27.2107 1.3544e-01     0.1289      0.114    1483.07     58.993     5.6552  72.363528     3.9571    204.017 0.0000e+00
    203.000     7.3405    34.7968    27.2108 1.3688e-01     0.1287      0.114    1483.08     59.074     5.6628  72.363549     3.9625    205.027 0.0000e+00
    204.000     7.3409    34.7972    27.2110 1.3431e-01     0.1287      0.114    1483.10     59.032     5.6588  72.363568     3.9597    206.038 0.0000e+00
    205.000     7.3411    34.7976    27.2113 1.3686e-01     0.1290      0.114    1483.12     59.084     5.6637  72.363586     3.9631    207.048 0.0000e+00
