RAWDATA/20190311/VT2_20190313_down_bin.cnv
* Sea-Bird SBE 9 Data File:
* FileName = C:\CTD Brukere\NIVA\OKOKYST2019\20190311\VT2_20190313.hex
* Software Version Seasave V 7.23.2
* Temperature SN = 5352
* Conductivity SN = 3840
* Number of Bytes Per Scan = 28
* Number of Voltage Words = 4
* Number of Scans Averaged by the Deck Unit = 1
* NMEA baud rate = 4800
** Ship: R/V Trygve Braarud
** Cruise:
** Station:
** Operator:
# nquan = 14
# nvalues = 301                         
# units = specified
# name 0 = depSM: Depth [salt water, m], lat = 59.60
# name 1 = t090C: Temperature [ITS-90, deg C]
# name 2 = sal00: Salinity, Practical [PSU]
# name 3 = sigma-t00: Density [sigma-t, kg/m^3 ]
# name 4 = flSP: Fluorescence, Seapoint
# name 5 = wetStar: Fluorescence, WET Labs WETstar [mg/m^3]
# name 6 = seaTurbMtr: Turbidity, Seapoint [FTU]
# name 7 = svCM: Sound Velocity [Chen-Millero, m/s]
# name 8 = sbeox0PS: Oxygen, SBE 43 [% saturation]
# name 9 = sbeox0Mg/L: Oxygen, SBE 43 [mg/l]
# name 10 = timeJ: Julian Days
# name 11 = sbeox0ML/L: Oxygen, SBE 43 [ml/l]
# name 12 = prDM: Pressure, Digiquartz [db]
# name 13 = flag: flag
# span 0 = 2.7756e-17,    300.000       
# span 1 =     2.4986,     8.4373       
# span 2 =    25.8864,    34.8457       
# span 3 =    20.6498,    27.2525       
# span 4 = 1.3400e-01, 1.1110e+00       
# span 5 =     0.1266,     0.1293       
# span 6 =      0.012,      0.132       
# span 7 =    1448.39,    1485.02       
# span 8 =     53.760,     75.296       
# span 9 =     5.1544,     8.5341       
# span 10 =  72.358871,  72.365671      
# span 11 =     3.6067,     5.9716      
# span 12 =      0.000,    303.068      
# span 13 = 0.0000e+00, 0.0000e+00      
# interval = meters: 1                  
# start_time = Mar 13 2019 08:36:12 [System UpLoad Time]
# bad_flag = -9.990e-29
*END*
[from data line 207]
    207.000     7.3402    34.8008    27.2140 1.3610e-01     0.1290      0.114    1483.15     59.054     5.6609  72.363630     3.9611    209.069 0.0000e+00
    208.000     7.3396    34.8015    27.2146 1.3619e-01     0.1288      0.114    1483.17     58.984     5.6542  72.363649     3.9565    210.080 0.0000e+00
    209.000     7.3381    34.8024    27.2155 1.3463e-01     0.1289      0.114    1483.18     58.814     5.6380  72.363668     3.9452    211.090 0.0000e+00
    210.000     7.3377    34.8029    27.2159 1.3525e-01     0.1289      0.114    1483.20     58.610     5.6185  72.363687     3.9315    212.101 0.0000e+00
    211.000     7.3370    34.8037    27.2167 1.3537e-01     0.1289      0.114    1483.21     58.518     5.6098  72.363706     3.9254    213.111 0.0000e+00
    212.000     7.3370    34.8045    27.2173 1.3535e-01     0.1288      0.114    1483.23     58.477     5.6058  72.363731     3.9226    214.122 0.0000e+00
    213.000     7.3368    34.8052    27.2179 1.3616e-01     0.1289      0.114    1483.25     58.435     5.6018  72.363749     3.9198    215.132 0.0000e+00
    214.000     7.3299    34.8083    27.2214 1.3580e-01     0.1288      0.114    1483.24     58.381     5.5974  72.363767     3.9167    216.143 0.0000e+00
    215.000     7.3239    34.8113    27.2246 1.3617e-01     0.1290      0.114    1483.24     58.280     5.5883  72.363788     3.9104    217.154 0.0000e+00
    216.000     7.3210    34.8124    27.2259 1.3551e-01     0.1290      0.114    1483.24     58.086     5.5700  72.363809     3.8976    218.164 0.0000e+00
    217.000     7.3198    34.8122    27.2258 1.3695e-01     0.1289      0.114    1483.25     57.925     5.5548  72.363830     3.8869    219.175 0.0000e+00
    218.000     7.3119    34.8134    27.2279 1.3621e-01     0.1288      0.114    1483.24     57.826     5.5462  72.363852     3.8809    220.185 0.0000e+00
    219.000     7.3111    34.8136    27.2282 1.3729e-01     0.1290      0.111    1483.26     57.790     5.5429  72.363872     3.8786    221.196 0.0000e+00
    220.000     7.3054    34.8133    27.2288 1.3694e-01     0.1289      0.106    1483.25     57.758     5.5406  72.363890     3.8770    222.206 0.0000e+00
    221.000     7.2971    34.8152    27.2315 1.3756e-01     0.1289      0.106    1483.24     57.679     5.5339  72.363913     3.8723    223.217 0.0000e+00
    222.000     7.3078    34.8188    27.2327 1.3710e-01     0.1289      0.106    1483.30     57.725     5.5369  72.363933     3.8744    224.227 0.0000e+00
    223.000     7.3117    34.8192    27.2325 1.3777e-01     0.1289      0.106    1483.33     57.747     5.5385  72.363952     3.8755    225.238 0.0000e+00
    224.000     7.3114    34.8193    27.2326 1.3607e-01     0.1289      0.106    1483.35     57.461     5.5111  72.363977     3.8564    226.249 0.0000e+00
    225.000     7.3158    34.8198    27.2324 1.3687e-01     0.1289      0.106    1483.38     57.238     5.4891  72.363996     3.8410    227.259 0.0000e+00
    226.000     7.3125    34.8193    27.2325 1.3615e-01     0.1289      0.106    1483.39     57.236     5.4893  72.364015     3.8411    228.270 0.0000e+00
    227.000     7.3268    34.8225    27.2329 1.3516e-01     0.1289      0.106    1483.46     57.104     5.4749  72.364035     3.8310    229.280 0.0000e+00
    228.000     7.3404    34.8255    27.2334 1.3618e-01     0.1289      0.106    1483.53     57.124     5.4749  72.364060     3.8310    230.291 0.0000e+00
    229.000     7.3484    34.8293    27.2352 1.3650e-01     0.1289      0.106    1483.58     57.142     5.4755  72.364081     3.8314    231.302 0.0000e+00
    230.000     7.3460    34.8329    27.2384 1.3598e-01     0.1289      0.106    1483.60     56.814     5.4443  72.364101     3.8096    232.312 0.0000e+00
    231.000     7.3436    34.8343    27.2399 1.3639e-01     0.1288      0.106    1483.61     56.545     5.4188  72.364122     3.7917    233.323 0.0000e+00
    232.000     7.3426    34.8346    27.2403 1.3491e-01     0.1290      0.106    1483.62     56.154     5.3814  72.364142     3.7656    234.334 0.0000e+00
    233.000     7.3406    34.8355    27.2412 1.3659e-01     0.1289      0.106    1483.63     55.816     5.3492  72.364163     3.7430    235.344 0.0000e+00
    234.000     7.3391    34.8359    27.2418 1.3831e-01     0.1289      0.106    1483.64     55.742     5.3423  72.364186     3.7382    236.355 0.0000e+00
    235.000     7.3376    34.8363    27.2423 1.3828e-01     0.1290      0.106    1483.65     55.556     5.3246  72.364207     3.7259    237.366 0.0000e+00
    236.000     7.3359    34.8364    27.2426 1.3557e-01     0.1291      0.107    1483.66     55.595     5.3286  72.364226     3.7286    238.376 0.0000e+00
    237.000     7.3353    34.8373    27.2434 1.3791e-01     0.1290      0.106    1483.68     55.534     5.3227  72.364247     3.7245    239.387 0.0000e+00
    238.000     7.3357    34.8376    27.2435 1.3671e-01     0.1290      0.107    1483.70     55.500     5.3194  72.364268     3.7222    240.397 0.0000e+00
    239.000     7.3358    34.8376    27.2436 1.3603e-01     0.1290      0.106    1483.71     55.379     5.3078  72.364288     3.7141    241.408 0.0000e+00
    240.000     7.3364    34.8373    27.2433 1.3703e-01     0.1288      0.107    1483.73     55.234     5.2939  72.364314     3.7043    242.419 0.0000e+00
    241.000     7.3363    34.8373    27.2433 1.3656e-01     0.1289      0.107    1483.75     55.213     5.2919  72.364333     3.7030    243.430 0.0000e+00
    242.000     7.3356    34.8380    27.2439 1.3619e-01     0.1291      0.108    1483.76     55.227     5.2933  72.364351     3.7039    244.440 0.0000e+00
    243.000     7.3348    34.8389    27.2448 1.3703e-01     0.1288      0.108    1483.78     55.301     5.3004  72.364372     3.7089    245.451 0.0000e+00
    244.000     7.3339    34.8390    27.2449 1.3545e-01     0.1291      0.108    1483.79     55.238     5.2945  72.364398     3.7048    246.461 0.0000e+00
    245.000     7.3339    34.8390    27.2449 1.3490e-01     0.1290      0.107    1483.81     55.097     5.2810  72.364419     3.6953    247.472 0.0000e+00
    246.000     7.3336    34.8390    27.2450 1.3772e-01     0.1288      0.109    1483.82     55.049     5.2764  72.364441     3.6921    248.483 0.0000e+00
    247.000     7.3362    34.8396    27.2451 1.3595e-01     0.1290      0.108    1483.85     55.158     5.2866  72.364460     3.6992    249.494 0.0000e+00
    248.000     7.3372    34.8398    27.2451 1.3913e-01     0.1289      0.108    1483.87     55.142     5.2848  72.364479     3.6980    250.504 0.0000e+00
    249.000     7.3369    34.8398    27.2452 1.3784e-01     0.1289      0.109    1483.89     55.047     5.2758  72.364503     3.6917    251.515 0.0000e+00
    250.000     7.3377    34.8399    27.2451 1.4183e-01     0.1290      0.109    1483.91     54.993     5.2705  72.364525     3.6880    252.526 0.0000e+00
    251.000     7.3375    34.8401    27.2453 1.3626e-01     0.1290      0.110    1483.92     54.957     5.2670  72.364547     3.6856    253.536 0.0000e+00
    252.000     7.3361    34.8404    27.2457 1.3619e-01     0.1290      0.109    1483.93     54.993     5.2707  72.364566     3.6881    254.547 0.0000e+00
    253.000     7.3319    34.8416    27.2472 1.3712e-01     0.1291      0.110    1483.94     54.891     5.2614  72.364585     3.6816    255.558 0.0000e+00
    254.000     7.3308    34.8420    27.2477 1.3700e-01     0.1291      0.119    1483.95     54.958     5.2680  72.364606     3.6862    256.569 0.0000e+00
    255.000     7.3305    34.8420    27.2478 1.3808e-01     0.1290      0.123    1483.96     54.831     5.2558  72.364631     3.6777    257.579 0.0000e+00
    256.000     7.3296    34.8423    27.2482 1.3620e-01     0.1290      0.124    1483.98     54.707     5.2440  72.364652     3.6695    258.590 0.0000e+00
    257.000     7.3293    34.8425    27.2484 1.3634e-01     0.1291      0.125    1483.99     54.719     5.2452  72.364671     3.6703    259.601 0.0000e+00
    258.000     7.3294    34.8425    27.2483 1.3704e-01     0.1289      0.124    1484.01     54.682     5.2416  72.364693     3.6678    260.612 0.0000e+00
    259.000     7.3290    34.8427    27.2485 1.3593e-01     0.1289      0.125    1484.03     54.638     5.2374  72.364714     3.6649    261.622 0.0000e+00
    260.000     7.3284    34.8428    27.2487 1.3587e-01     0.1291      0.125    1484.04     54.605     5.2343  72.364736     3.6627    262.633 0.0000e+00
    261.000     7.3281    34.8428    27.2487 1.3533e-01     0.1289      0.124    1484.05     54.582     5.2322  72.364760     3.6612    263.644 0.0000e+00
    262.000     7.3280    34.8428    27.2488 1.3609e-01     0.1290      0.125    1484.07     54.575     5.2315  72.364780     3.6607    264.655 0.0000e+00
    263.000     7.3272    34.8430    27.2490 1.3798e-01     0.1291      0.125    1484.09     54.551     5.2293  72.364802     3.6592    265.665 0.0000e+00
    264.000     7.3259    34.8434    27.2496 1.3664e-01     0.1291      0.125    1484.10     54.584     5.2326  72.364823     3.6615    266.676 0.0000e+00
    265.000     7.3262    34.8433    27.2494 1.3665e-01     0.1291      0.125    1484.12     54.561     5.2303  72.364844     3.6599    267.687 0.0000e+00
    266.000     7.3264    34.8433    27.2494 1.3699e-01     0.1290      0.125    1484.13     54.556     5.2299  72.364867     3.6596    268.698 0.0000e+00
    267.000     7.3242    34.8432    27.2496 1.3592e-01     0.1291      0.125    1484.14     54.440     5.2190  72.364891     3.6520    269.709 0.0000e+00
    268.000     7.3238    34.8433    27.2498 1.3929e-01     0.1289      0.125    1484.16     54.422     5.2173  72.364911     3.6507    270.720 0.0000e+00
    269.000     7.3225    34.8433    27.2499 1.4127e-01     0.1291      0.125    1484.17     54.545     5.2293  72.364933     3.6591    271.730 0.0000e+00
    270.000     7.3226    34.8437    27.2502 1.3615e-01     0.1290      0.125    1484.19     54.530     5.2278  72.364956     3.6581    272.741 0.0000e+00
    271.000     7.3223    34.8437    27.2503 1.3693e-01     0.1290      0.125    1484.20     54.432     5.2184  72.364978     3.6516    273.752 0.0000e+00
    272.000     7.3224    34.8439    27.2504 1.3783e-01     0.1291      0.126    1484.22     54.364     5.2119  72.365002     3.6470    274.763 0.0000e+00
    273.000     7.3225    34.8443    27.2507 1.3675e-01     0.1291      0.126    1484.24     54.411     5.2164  72.365024     3.6501    275.774 0.0000e+00
    274.000     7.3226    34.8443    27.2507 1.3803e-01     0.1291      0.126    1484.25     54.318     5.2074  72.365046     3.6438    276.784 0.0000e+00
    275.000     7.3227    34.8443    27.2507 1.3797e-01     0.1292      0.127    1484.27     54.296     5.2053  72.365069     3.6424    277.795 0.0000e+00
    276.000     7.3220    34.8446    27.2510 1.3633e-01     0.1289      0.127    1484.28     54.351     5.2107  72.365091     3.6461    278.806 0.0000e+00
    277.000     7.3210    34.8449    27.2514 1.3627e-01     0.1290      0.127    1484.30     54.263     5.2024  72.365112     3.6403    279.817 0.0000e+00
    278.000     7.3209    34.8450    27.2515 1.3795e-01     0.1291      0.128    1484.31     54.295     5.2054  72.365136     3.6424    280.828 0.0000e+00
    279.000     7.3206    34.8450    27.2515 1.3582e-01     0.1292      0.128    1484.33     54.288     5.2048  72.365158     3.6420    281.839 0.0000e+00
    280.000     7.3204    34.8451    27.2517 1.3757e-01     0.1290      0.128    1484.34     54.234     5.1997  72.365179     3.6384    282.850 0.0000e+00
    281.000     7.3202    34.8451    27.2517 1.3577e-01     0.1290      0.128    1484.36     54.275     5.2036  72.365201     3.6412    283.860 0.0000e+00
    282.000     7.3196    34.8452    27.2518 1.3779e-01     0.1291      0.128    1484.38     54.350     5.2109  72.365226     3.6463    284.871 0.0000e+00
    283.000     7.3197    34.8452    27.2518 1.3898e-01     0.1292      0.128    1484.39     54.297     5.2057  72.365249     3.6427    285.882 0.0000e+00
    284.000     7.3196    34.8452    27.2519 1.3575e-01     0.1290      0.128    1484.41     54.232     5.1995  72.365271     3.6383    286.893 0.0000e+00
    285.000     7.3197    34.8452    27.2518 1.3692e-01     0.1291      0.128    1484.43     54.217     5.1981  72.365293     3.6373    287.904 0.0000e+00
    286.000     7.3195    34.8452    27.2518 1.3655e-01     0.1290      0.129    1484.44     54.140     5.1907  72.365315     3.6322    288.915 0.0000e+00
    287.000     7.3194    34.8453    27.2520 1.3719e-01     0.1292      0.128    1484.46     54.168     5.1934  72.365333     3.6340    289.926 0.0000e+00
    288.000     7.3192    34.8453    27.2520 1.3700e-01     0.1292      0.129    1484.47     54.186     5.1952  72.365359     3.6353    290.937 0.0000e+00
    289.000     7.3190    34.8454    27.2521 1.3600e-01     0.1290      0.129    1484.49     54.113     5.1882  72.365383     3.6304    291.948 0.0000e+00
    290.000     7.3191    34.8453    27.2520 1.3563e-01     0.1293      0.129    1484.51     54.147     5.1914  72.365402     3.6326    292.958 0.0000e+00
    291.000     7.3192    34.8453    27.2520 1.3560e-01     0.1291      0.130    1484.52     54.077     5.1847  72.365419     3.6280    293.969 0.0000e+00
    292.000     7.3192    34.8453    27.2520 1.3756e-01     0.1291      0.130    1484.54     54.038     5.1810  72.365441     3.6254    294.980 0.0000e+00
    293.000     7.3185    34.8455    27.2522 1.3880e-01     0.1293      0.131    1484.55     54.038     5.1810  72.365465     3.6254    295.991 0.0000e+00
    294.000     7.3183    34.8456    27.2524 1.3867e-01     0.1290      0.131    1484.57     54.093     5.1863  72.365487     3.6291    297.002 0.0000e+00
    295.000     7.3181    34.8457    27.2525 1.4075e-01     0.1290      0.131    1484.59     54.067     5.1839  72.365505     3.6274    298.013 0.0000e+00
    296.000     7.3182    34.8456    27.2524 1.4028e-01     0.1290      0.132    1484.60     54.002     5.1777  72.365523     3.6230    299.024 0.0000e+00
    297.000     7.3184    34.8456    27.2523 1.3784e-01     0.1291      0.132    1484.62     53.941     5.1718  72.365550     3.6189    300.035 0.0000e+00
    298.000     7.3180    34.8457    27.2524 1.3994e-01     0.1289      0.131    1484.64     53.891     5.1671  72.365579     3.6156    301.046 0.0000e+00
    299.000     7.3181    34.8457    27.2525 1.4030e-01     0.1292      0.131    1484.65     53.853     5.1634  72.365604     3.6130    302.057 0.0000e+00
    300.000     7.3183    34.8456    27.2524 1.4087e-01     0.1292      0.120    1484.67     53.760     5.1544  72.365671     3.6067    303.068 0.0000e+00
