RAWDATA/20190311/VT3_20190311_down.cnv
* Sea-Bird SBE 9 Data File:
* FileName = C:\CTD Brukere\NIVA\OKOKYST2019\20190311\VT3_20190311.hex
* Software Version Seasave V 7.23.2
* Temperature SN = 5352
* Conductivity SN = 3840
* Number of Bytes Per Scan = 28
* Number of Voltage Words = 4
* Number of Scans Averaged by the Deck Unit = 1
* NMEA baud rate = 4800
** Ship: R/V Trygve Braarud
** Cruise:
** Station:
** Operator:
# nquan = 14
# nvalues = 20422                                 
# units = specified
# name 0 = depSM: Depth [salt water, m], lat = 59.60
# name 1 = t090C: Temperature [ITS-90, deg C]
# name 2 = sal00: Salinity, Practical [PSU]
# name 3 = sigma-t00: Density [sigma-t, kg/m^3 ]
# name 4 = flSP: Fluorescence, Seapoint
# name 5 = wetStar: Fluorescence, WET Labs WETstar [mg/m^3]
# name 6 = seaTurbMtr: Turbidity, Seapoint [FTU]
# name 7 = svCM: Sound Velocity [Chen-Millero, m/s]
# name 8 = sbeox0PS: Oxygen, SBE 43 [% saturation]
# name 9 = sbeox0Mg/L: Oxygen, SBE 43 [mg/l]
# name 10 = timeJ: Julian Days
# name 11 = sbeox0ML/L: Oxygen, SBE 43 [ml/l]
# name 12 = prDM: Pressure, Digiquartz [db]
# name 13 = flag:  0.000e+00
# span 0 =     -0.143,    442.640                 
# span 1 =     3.8923,     6.8509                 
# span 2 =    26.9361,    35.1038                 
# span 3 =    21.3821,    27.5448                 
# span 4 = 1.3431e-01, 1.0427e+01                 
# span 5 =     0.1237,     0.1273                 
# span 6 =      0.007,      0.227                 
# span 7 =    1455.85,    1484.90                 
# span 8 =     31.554,     76.552                 
# span 9 =     3.4507,     8.1177                 
# span 10 =  70.610590,  70.620438                
# span 11 =     2.4146,     5.6803                
# span 12 =     -0.145,    447.322                
# span 13 = 0.0000e+00, 0.0000e+00                
# interval = seconds: 0.0416667
# start_time = Mar 11 2019 14:39:15 [System UpLoad Time]
# bad_flag = -9.990e-29
*END*
[from data line 9601]
    201.490     6.2817    34.6368    27.2294 2.5641e-01     0.1261      0.150    1478.74     73.116     7.1891  70.615220     5.0305    203.502  0.000e+00
    201.500     6.2817    34.6370    27.2295 2.5641e-01     0.1261      0.150    1478.74     73.112     7.1887  70.615221     5.0303    203.512  0.000e+00
    201.565     6.2814    34.6374    27.2298 2.5641e-01     0.1261      0.150    1478.74     73.110     7.1885  70.615221     5.0301    203.577  0.000e+00
    201.601     6.2816    34.6369    27.2295 2.5641e-01     0.1261      0.150    1478.74     73.107     7.1883  70.615222     5.0299    203.613  0.000e+00
    201.625     6.2814    34.6373    27.2297 2.5641e-01     0.1261      0.150    1478.74     73.105     7.1881  70.615222     5.0298    203.638  0.000e+00
    201.688     6.2814    34.6373    27.2298 2.5641e-01     0.1273      0.150    1478.74     73.104     7.1879  70.615223     5.0297    203.702  0.000e+00
    201.713     6.2814    34.6368    27.2294 2.6862e-01     0.1261      0.150    1478.74     73.102     7.1878  70.615223     5.0296    203.727  0.000e+00
    201.759     6.2809    34.6372    27.2297 2.5641e-01     0.1261      0.150    1478.74     73.101     7.1878  70.615224     5.0296    203.773  0.000e+00
    201.774     6.2808    34.6367    27.2294 2.4420e-01     0.1261      0.150    1478.74     73.100     7.1878  70.615224     5.0296    203.788  0.000e+00
    201.836     6.2803    34.6367    27.2295 2.5641e-01     0.1261      0.150    1478.74     73.100     7.1878  70.615225     5.0296    203.851  0.000e+00
    201.872     6.2800    34.6366    27.2294 2.5641e-01     0.1261      0.150    1478.74     73.100     7.1879  70.615225     5.0297    203.888  0.000e+00
    201.910     6.2798    34.6370    27.2297 2.5641e-01     0.1273      0.150    1478.74     73.101     7.1879  70.615226     5.0297    203.926  0.000e+00
    201.946     6.2795    34.6371    27.2299 2.6862e-01     0.1273      0.150    1478.74     73.102     7.1881  70.615226     5.0298    203.963  0.000e+00
    201.983     6.2795    34.6370    27.2298 2.8083e-01     0.1261      0.150    1478.74     73.103     7.1882  70.615227     5.0299    203.999  0.000e+00
    202.019     6.2792    34.6370    27.2299 2.6862e-01     0.1261      0.147    1478.74     73.104     7.1884  70.615227     5.0300    204.036  0.000e+00
    202.045     6.2792    34.6372    27.2300 2.6862e-01     0.1261      0.150    1478.74     73.106     7.1885  70.615228     5.0301    204.062  0.000e+00
    202.094     6.2790    34.6372    27.2300 2.5641e-01     0.1261      0.150    1478.74     73.108     7.1888  70.615228     5.0303    204.112  0.000e+00
    202.119     6.2792    34.6369    27.2298 2.5641e-01     0.1261      0.150    1478.74     73.110     7.1890  70.615229     5.0304    204.137  0.000e+00
    202.144     6.2789    34.6372    27.2300 2.5641e-01     0.1261      0.147    1478.74     73.113     7.1893  70.615229     5.0306    204.162  0.000e+00
    202.193     6.2787    34.6371    27.2300 2.5641e-01     0.1261      0.147    1478.74     73.116     7.1896  70.615230     5.0309    204.212  0.000e+00
    202.218     6.2784    34.6371    27.2300 2.5641e-01     0.1273      0.150    1478.74     73.119     7.1900  70.615230     5.0311    204.237  0.000e+00
    202.254     6.2783    34.6374    27.2303 2.5641e-01     0.1261      0.150    1478.74     73.123     7.1904  70.615231     5.0314    204.274  0.000e+00
    202.279     6.2782    34.6367    27.2297 2.5641e-01     0.1273      0.150    1478.74     73.127     7.1908  70.615231     5.0317    204.299  0.000e+00
    202.264     6.2779    34.6364    27.2295 2.5641e-01     0.1261      0.147    1478.73     73.131     7.1913  70.615231     5.0320    204.284  0.000e+00
    202.378     6.2774    34.6364    27.2296 2.6862e-01     0.1261      0.150    1478.73     73.137     7.1919  70.615232     5.0325    204.398  0.000e+00
    202.364     6.2771    34.6366    27.2297 2.6862e-01     0.1273      0.150    1478.73     73.142     7.1924  70.615232     5.0328    204.385  0.000e+00
    202.389     6.2768    34.6364    27.2297 2.6862e-01     0.1273      0.150    1478.73     73.147     7.1930  70.615233     5.0333    204.410  0.000e+00
    202.414     6.2765    34.6367    27.2300 2.8083e-01     0.1261      0.150    1478.73     73.153     7.1936  70.615233     5.0337    204.435  0.000e+00
    202.438     6.2762    34.6367    27.2300 2.6862e-01     0.1261      0.150    1478.73     73.095     7.1880  70.615234     5.0297    204.460  0.000e+00
    202.463     6.2757    34.6367    27.2300 2.8083e-01     0.1273      0.150    1478.73     73.158     7.1942  70.615234     5.0341    204.485  0.000e+00
    202.501     6.2755    34.6366    27.2300 2.8083e-01     0.1261      0.150    1478.73     73.165     7.1950  70.615235     5.0346    204.523  0.000e+00
    202.513     6.2749    34.6370    27.2304 2.8083e-01     0.1273      0.150    1478.73     73.108     7.1895  70.615235     5.0308    204.535  0.000e+00
    202.537     6.2748    34.6365    27.2300 3.9072e-01     0.1261      0.150    1478.73     73.108     7.1895  70.615236     5.0308    204.560  0.000e+00
    202.562     6.2743    34.6371    27.2305 8.5470e-01     0.1273      0.150    1478.73     73.164     7.1951  70.615236     5.0347    204.585  0.000e+00
    202.587     6.2744    34.6369    27.2304 1.0501e+00     0.1273      0.150    1478.73     73.100     7.1888  70.615237     5.0303    204.610  0.000e+00
    202.598     6.2738    34.6370    27.2305 8.5470e-01     0.1261      0.150    1478.72     73.093     7.1882  70.615237     5.0298    204.621  0.000e+00
    202.621     6.2739    34.6368    27.2303 6.2271e-01     0.1261      0.150    1478.73     73.094     7.1883  70.615238     5.0299    204.645  0.000e+00
    202.647     6.2738    34.6366    27.2302 4.7619e-01     0.1273      0.150    1478.72     73.087     7.1876  70.615238     5.0295    204.671  0.000e+00
    202.661     6.2732    34.6359    27.2298 4.0293e-01     0.1261      0.150    1478.72     73.081     7.1872  70.615239     5.0291    204.684  0.000e+00
    202.672     6.2724    34.6354    27.2295 3.5409e-01     0.1261      0.147    1478.72     73.075     7.1867  70.615239     5.0288    204.696  0.000e+00
    202.697     6.2706    34.6355    27.2298 3.2967e-01     0.1273      0.150    1478.71     73.070     7.1865  70.615240     5.0287    204.721  0.000e+00
    202.697     6.2686    34.6344    27.2291 3.1746e-01     0.1273      0.150    1478.70     73.064     7.1864  70.615240     5.0286    204.721  0.000e+00
    202.722     6.2662    34.6341    27.2292 2.9304e-01     0.1273      0.150    1478.69     73.060     7.1863  70.615241     5.0286    204.746  0.000e+00
    202.735     6.2643    34.6346    27.2299 2.8083e-01     0.1273      0.150    1478.69     73.055     7.1862  70.615241     5.0285    204.759  0.000e+00
    202.759     6.2629    34.6351    27.2304 2.8083e-01     0.1261      0.150    1478.68     73.051     7.1860  70.615242     5.0283    204.784  0.000e+00
    202.759     6.2619    34.6351    27.2306 2.6862e-01     0.1273      0.150    1478.68     72.983     7.1794  70.615242     5.0237    204.784  0.000e+00
    202.796     6.2609    34.6344    27.2302 2.6862e-01     0.1273      0.150    1478.67     72.980     7.1794  70.615243     5.0237    204.821  0.000e+00
    202.784     6.2594    34.6344    27.2303 2.5641e-01     0.1261      0.150    1478.67     73.042     7.1857  70.615243     5.0282    204.809  0.000e+00
    202.809     6.2576    34.6341    27.2303 2.5641e-01     0.1261      0.147    1478.66     73.041     7.1859  70.615244     5.0283    204.834  0.000e+00
    202.833     6.2559    34.6340    27.2305 2.6862e-01     0.1273      0.150    1478.65     73.040     7.1861  70.615244     5.0284    204.859  0.000e+00
    202.833     6.2544    34.6350    27.2315 2.8083e-01     0.1261      0.147    1478.65     73.039     7.1862  70.615245     5.0285    204.859  0.000e+00
    202.845     6.2541    34.6355    27.2319 2.9304e-01     0.1273      0.150    1478.65     73.039     7.1862  70.615245     5.0285    204.871  0.000e+00
    202.858     6.2541    34.6353    27.2318 3.0525e-01     0.1261      0.147    1478.65     73.039     7.1862  70.615245     5.0285    204.884  0.000e+00
    202.870     6.2532    34.6348    27.2315 3.1746e-01     0.1261      0.150    1478.64     73.039     7.1864  70.615246     5.0286    204.896  0.000e+00
    202.883     6.2519    34.6344    27.2313 3.5409e-01     0.1273      0.150    1478.64     72.975     7.1804  70.615246     5.0244    204.909  0.000e+00
    202.908     6.2508    34.6347    27.2318 4.1514e-01     0.1261      0.147    1478.64     72.968     7.1799  70.615247     5.0240    204.934  0.000e+00
    202.908     6.2500    34.6350    27.2321 4.1514e-01     0.1261      0.150    1478.63     72.962     7.1794  70.615247     5.0237    204.934  0.000e+00
    202.906     6.2499    34.6349    27.2320 3.9072e-01     0.1261      0.147    1478.63     72.956     7.1788  70.615248     5.0233    204.932  0.000e+00
    202.931     6.2498    34.6354    27.2324 3.6630e-01     0.1261      0.147    1478.63     72.951     7.1783  70.615248     5.0230    204.957  0.000e+00
    202.931     6.2492    34.6357    27.2327 3.4188e-01     0.1261      0.150    1478.63     72.947     7.1780  70.615249     5.0227    204.957  0.000e+00
    202.968     6.2491    34.6353    27.2324 3.7851e-01     0.1273      0.150    1478.63     72.943     7.1777  70.615249     5.0225    204.995  0.000e+00
    202.944     6.2486    34.6350    27.2323 6.4713e-01     0.1261      0.147    1478.63     72.940     7.1774  70.615250     5.0224    204.971  0.000e+00
    202.980     6.2484    34.6348    27.2321 6.4713e-01     0.1261      0.150    1478.63     72.938     7.1773  70.615250     5.0222    205.007  0.000e+00
    203.005     6.2480    34.6342    27.2317 5.1282e-01     0.1261      0.150    1478.63     72.873     7.1709  70.615251     5.0178    205.032  0.000e+00
    202.993     6.2472    34.6344    27.2319 3.9072e-01     0.1261      0.150    1478.62     72.928     7.1765  70.615251     5.0217    205.020  0.000e+00
    203.018     6.2461    34.6342    27.2319 3.2967e-01     0.1273      0.150    1478.62     72.928     7.1767  70.615252     5.0218    205.045  0.000e+00
    203.018     6.2443    34.6339    27.2320 4.3956e-01     0.1261      0.150    1478.61     72.929     7.1771  70.615252     5.0221    205.045  0.000e+00
    203.042     6.2424    34.6338    27.2321 4.6398e-01     0.1261      0.150    1478.60     72.867     7.1713  70.615253     5.0181    205.070  0.000e+00
    203.042     6.2407    34.6340    27.2325 4.0293e-01     0.1261      0.150    1478.60     72.861     7.1710  70.615253     5.0179    205.070  0.000e+00
    203.067     6.2397    34.6341    27.2327 3.4188e-01     0.1261      0.150    1478.59     72.921     7.1770  70.615254     5.0221    205.095  0.000e+00
    203.079     6.2388    34.6341    27.2328 2.9304e-01     0.1261      0.150    1478.59     72.861     7.1713  70.615254     5.0181    205.107  0.000e+00
    203.092     6.2381    34.6337    27.2325 2.8083e-01     0.1273      0.150    1478.59     72.858     7.1712  70.615255     5.0180    205.120  0.000e+00
    203.103     6.2376    34.6334    27.2324 2.6862e-01     0.1261      0.147    1478.59     72.856     7.1711  70.615255     5.0179    205.132  0.000e+00
    203.128     6.2367    34.6336    27.2327 2.6862e-01     0.1261      0.150    1478.58     72.855     7.1712  70.615256     5.0179    205.157  0.000e+00
    203.141     6.2360    34.6339    27.2330 2.5641e-01     0.1261      0.150    1478.58     72.856     7.1713  70.615256     5.0180    205.170  0.000e+00
    203.141     6.2354    34.6339    27.2331 2.4420e-01     0.1261      0.150    1478.58     72.857     7.1715  70.615257     5.0182    205.170  0.000e+00
    203.166     6.2350    34.6345    27.2336 2.4420e-01     0.1273      0.150    1478.58     72.859     7.1718  70.615257     5.0184    205.195  0.000e+00
    203.177     6.2345    34.6342    27.2334 2.4420e-01     0.1273      0.150    1478.58     72.854     7.1713  70.615258     5.0181    205.207  0.000e+00
    203.191     6.2338    34.6338    27.2332 2.4420e-01     0.1261      0.150    1478.57     72.858     7.1718  70.615258     5.0184    205.220  0.000e+00
    203.215     6.2332    34.6339    27.2334 2.3199e-01     0.1261      0.147    1478.57     72.863     7.1725  70.615258     5.0189    205.245  0.000e+00
    203.240     6.2324    34.6336    27.2332 2.1978e-01     0.1273      0.150    1478.57     72.860     7.1724  70.615259     5.0188    205.270  0.000e+00
    203.240     6.2316    34.6339    27.2335 2.1978e-01     0.1261      0.150    1478.56     72.858     7.1723  70.615259     5.0187    205.270  0.000e+00
    203.265     6.2310    34.6336    27.2334 2.1978e-01     0.1261      0.150    1478.56     72.866     7.1731  70.615260     5.0193    205.295  0.000e+00
    203.288     6.2309    34.6328    27.2328 2.1978e-01     0.1261      0.150    1478.56     72.866     7.1732  70.615260     5.0194    205.318  0.000e+00
    203.312     6.2307    34.6328    27.2329 2.1978e-01     0.1261      0.150    1478.56     72.866     7.1733  70.615261     5.0194    205.343  0.000e+00
    203.312     6.2304    34.6327    27.2328 2.1978e-01     0.1273      0.150    1478.56     72.868     7.1734  70.615261     5.0196    205.343  0.000e+00
    203.362     6.2292    34.6330    27.2332 2.1978e-01     0.1261      0.150    1478.56     72.870     7.1738  70.615262     5.0198    205.393  0.000e+00
    203.362     6.2285    34.6334    27.2336 2.1978e-01     0.1261      0.150    1478.55     72.872     7.1742  70.615262     5.0201    205.393  0.000e+00
    203.386     6.2280    34.6333    27.2336 2.1978e-01     0.1261      0.150    1478.55     72.876     7.1746  70.615263     5.0204    205.418  0.000e+00
    203.424     6.2278    34.6338    27.2340 2.1978e-01     0.1261      0.150    1478.55     72.880     7.1750  70.615263     5.0207    205.456  0.000e+00
    203.424     6.2277    34.6339    27.2341 2.1978e-01     0.1261      0.150    1478.55     72.884     7.1755  70.615264     5.0210    205.456  0.000e+00
    203.474     6.2278    34.6341    27.2342 2.1978e-01     0.1261      0.147    1478.55     72.890     7.1760  70.615264     5.0214    205.506  0.000e+00
    203.474     6.2281    34.6343    27.2344 2.1978e-01     0.1261      0.150    1478.56     72.896     7.1765  70.615265     5.0217    205.506  0.000e+00
    203.498     6.2280    34.6337    27.2339 2.1978e-01     0.1261      0.150    1478.55     72.839     7.1710  70.615265     5.0178    205.531  0.000e+00
    203.535     6.2275    34.6334    27.2337 2.1978e-01     0.1273      0.147    1478.55     72.830     7.1702  70.615266     5.0173    205.568  0.000e+00
    203.548     6.2270    34.6339    27.2342 2.1978e-01     0.1261      0.150    1478.55     72.821     7.1694  70.615266     5.0167    205.581  0.000e+00
    203.597     6.2271    34.6340    27.2342 2.1978e-01     0.1273      0.150    1478.55     72.822     7.1695  70.615267     5.0168    205.631  0.000e+00
    203.597     6.2269    34.6342    27.2344 2.1978e-01     0.1261      0.147    1478.55     72.824     7.1697  70.615267     5.0169    205.631  0.000e+00
    203.645     6.2267    34.6335    27.2339 2.1978e-01     0.1261      0.150    1478.55     72.827     7.1701  70.615268     5.0172    205.679  0.000e+00
    203.645     6.2264    34.6336    27.2341 2.1978e-01     0.1273      0.150    1478.55     72.831     7.1705  70.615268     5.0175    205.679  0.000e+00
    203.694     6.2259    34.6341    27.2345 2.1978e-01     0.1261      0.150    1478.55     72.837     7.1711  70.615269     5.0179    205.729  0.000e+00
    203.719     6.2259    34.6338    27.2342 2.1978e-01     0.1261      0.150    1478.55     72.843     7.1717  70.615269     5.0183    205.754  0.000e+00
