RAWDATA/20190311/VT3_20190311_down.cnv
* Sea-Bird SBE 9 Data File:
* FileName = C:\CTD Brukere\NIVA\OKOKYST2019\20190311\VT3_20190311.hex
* Software Version Seasave V 7.23.2
* Temperature SN = 5352
* Conductivity SN = 3840
* Number of Bytes Per Scan = 28
* Number of Voltage Words = 4
* Number of Scans Averaged by the Deck Unit = 1
* NMEA baud rate = 4800
** Ship: R/V Trygve Braarud
** Cruise:
** Station:
** Operator:
# nquan = 14
# nvalues = 20422                                 
# units = specified
# name 0 = depSM: Depth [salt water, m], lat = 59.60
# name 1 = t090C: Temperature [ITS-90, deg C]
# name 2 = sal00: Salinity, Practical [PSU]
# name 3 = sigma-t00: Density [sigma-t, kg/m^3 ]
# name 4 = flSP: Fluorescence, Seapoint
# name 5 = wetStar: Fluorescence, WET Labs WETstar [mg/m^3]
# name 6 = seaTurbMtr: Turbidity, Seapoint [FTU]
# name 7 = svCM: Sound Velocity [Chen-Millero, m/s]
# name 8 = sbeox0PS: Oxygen, SBE 43 [% saturation]
# name 9 = sbeox0Mg/L: Oxygen, SBE 43 [mg/l]
# name 10 = timeJ: Julian Days
# name 11 = sbeox0ML/L: Oxygen, SBE 43 [ml/l]
# name 12 = prDM: Pressure, Digiquartz [db]
# name 13 = flag:  0.000e+00
# span 0 =     -0.143,    442.640                 
# span 1 =     3.8923,     6.8509                 
# span 2 =    26.9361,    35.1038                 
# span 3 =    21.3821,    27.5448                 
# span 4 = 1.3431e-01, 1.0427e+01                 
# span 5 =     0.1237,     0.1273                 
# span 6 =      0.007,      0.227                 
# span 7 =    1455.85,    1484.90                 
# span 8 =     31.554,     76.552                 
# span 9 =     3.4507,     8.1177                 
# span 10 =  70.610590,  70.620438                
# span 11 =     2.4146,     5.6803                
# span 12 =     -0.145,    447.322                
# span 13 = 0.0000e+00, 0.0000e+00                
# interval = seconds: 0.0416667
# start_time = Mar 11 2019 14:39:15 [System UpLoad Time]
# bad_flag = -9.990e-29
*END*
[from data line 4233]
     76.160     6.8124    34.2947    26.8888 1.9536e-01     0.1261      0.136    1478.31     69.057     6.7225  70.612632     4.7040     76.897  0.000e+00
     76.178     6.8127    34.2945    26.8886 2.0757e-01     0.1261      0.136    1478.31     69.063     6.7230  70.612632     4.7044     76.915  0.000e+00
     76.202     6.8126    34.2949    26.8889 1.9536e-01     0.1261      0.136    1478.31     69.007     6.7176  70.612633     4.7006     76.939  0.000e+00
     76.209     6.8126    34.2950    26.8890 2.0757e-01     0.1261      0.136    1478.31     69.069     6.7236  70.612633     4.7048     76.946  0.000e+00
     76.227     6.8127    34.2950    26.8890 1.9536e-01     0.1261      0.136    1478.31     69.077     6.7243  70.612634     4.7053     76.964  0.000e+00
     76.214     6.8126    34.2945    26.8886 1.9536e-01     0.1261      0.136    1478.31     69.084     6.7251  70.612634     4.7058     76.951  0.000e+00
     76.293     6.8123    34.2947    26.8889 1.9536e-01     0.1261      0.136    1478.31     69.093     6.7260  70.612635     4.7065     77.031  0.000e+00
     76.287     6.8126    34.2938    26.8880 1.8315e-01     0.1273      0.136    1478.31     69.102     6.7268  70.612635     4.7070     77.025  0.000e+00
     76.293     6.8124    34.2947    26.8888 1.8315e-01     0.1273      0.136    1478.31     69.110     6.7276  70.612636     4.7076     77.031  0.000e+00
     76.310     6.8126    34.2950    26.8890 1.8315e-01     0.1261      0.136    1478.31     69.111     6.7277  70.612636     4.7077     77.048  0.000e+00
     76.334     6.8126    34.2952    26.8891 1.8315e-01     0.1261      0.136    1478.31     69.058     6.7225  70.612636     4.7040     77.073  0.000e+00
     76.341     6.8126    34.2955    26.8894 1.8315e-01     0.1273      0.136    1478.31     69.060     6.7227  70.612637     4.7042     77.079  0.000e+00
     76.359     6.8129    34.2955    26.8893 1.8315e-01     0.1261      0.136    1478.31     69.117     6.7282  70.612637     4.7080     77.097  0.000e+00
     76.378     6.8127    34.2955    26.8894 1.9536e-01     0.1261      0.136    1478.31     69.120     6.7285  70.612638     4.7082     77.117  0.000e+00
     76.383     6.8127    34.2955    26.8894 1.9536e-01     0.1261      0.136    1478.31     69.122     6.7287  70.612638     4.7084     77.122  0.000e+00
     76.407     6.8130    34.2948    26.8888 1.8315e-01     0.1273      0.136    1478.31     69.124     6.7289  70.612639     4.7085     77.147  0.000e+00
     76.425     6.8127    34.2953    26.8892 1.8315e-01     0.1261      0.136    1478.31     69.127     6.7292  70.612639     4.7087     77.165  0.000e+00
     76.432     6.8129    34.2956    26.8894 1.7094e-01     0.1261      0.136    1478.32     69.067     6.7233  70.612640     4.7046     77.171  0.000e+00
     76.443     6.8130    34.2965    26.8901 1.7094e-01     0.1261      0.136    1478.32     69.062     6.7227  70.612640     4.7042     77.183  0.000e+00
     76.474     6.8135    34.2960    26.8897 1.8315e-01     0.1261      0.136    1478.32     69.128     6.7291  70.612641     4.7086     77.214  0.000e+00
     76.479     6.8135    34.2962    26.8898 1.8315e-01     0.1261      0.136    1478.32     69.131     6.7294  70.612641     4.7088     77.219  0.000e+00
     76.499     6.8135    34.2957    26.8895 1.8315e-01     0.1261      0.136    1478.32     69.134     6.7298  70.612642     4.7091     77.239  0.000e+00
     76.517     6.8135    34.2956    26.8894 1.7094e-01     0.1261      0.136    1478.32     69.138     6.7301  70.612642     4.7093     77.257  0.000e+00
     76.528     6.8135    34.2956    26.8894 1.7094e-01     0.1261      0.136    1478.32     69.141     6.7304  70.612643     4.7096     77.268  0.000e+00
     76.559     6.8132    34.2961    26.8898 1.9536e-01     0.1261      0.136    1478.32     69.082     6.7247  70.612643     4.7056     77.300  0.000e+00
     76.552     6.8135    34.2960    26.8897 2.1978e-01     0.1261      0.136    1478.32     69.140     6.7303  70.612644     4.7095     77.293  0.000e+00
     76.595     6.8139    34.2961    26.8897 2.0757e-01     0.1261      0.136    1478.32     69.144     6.7307  70.612644     4.7097     77.336  0.000e+00
     76.588     6.8140    34.2958    26.8895 1.9536e-01     0.1261      0.136    1478.32     69.148     6.7310  70.612645     4.7099     77.329  0.000e+00
     76.619     6.8137    34.2961    26.8897 2.0757e-01     0.1261      0.136    1478.32     69.151     6.7314  70.612645     4.7102     77.360  0.000e+00
     76.624     6.8137    34.2961    26.8897 2.0757e-01     0.1273      0.136    1478.32     69.092     6.7257  70.612646     4.7062     77.365  0.000e+00
     76.661     6.8135    34.2962    26.8898 1.9536e-01     0.1261      0.136    1478.32     69.089     6.7253  70.612646     4.7060     77.403  0.000e+00
     76.655     6.8137    34.2963    26.8899 1.9536e-01     0.1261      0.136    1478.32     69.085     6.7250  70.612647     4.7057     77.397  0.000e+00
     76.697     6.8137    34.2966    26.8901 1.8315e-01     0.1273      0.136    1478.32     69.145     6.7307  70.612647     4.7098     77.439  0.000e+00
     76.691     6.8140    34.2959    26.8895 1.8315e-01     0.1261      0.136    1478.32     69.087     6.7251  70.612648     4.7058     77.433  0.000e+00
     76.722     6.8135    34.2960    26.8896 1.8315e-01     0.1261      0.136    1478.32     69.084     6.7249  70.612648     4.7057     77.464  0.000e+00
     76.745     6.8135    34.2953    26.8892 1.9536e-01     0.1273      0.136    1478.32     69.074     6.7239  70.612649     4.7050     77.487  0.000e+00
     76.764     6.8135    34.2956    26.8894 2.1978e-01     0.1261      0.136    1478.32     69.072     6.7237  70.612649     4.7048     77.507  0.000e+00
     76.782     6.8135    34.2955    26.8893 2.1978e-01     0.1261      0.136    1478.32     69.069     6.7235  70.612649     4.7047     77.525  0.000e+00
     76.789     6.8134    34.2953    26.8892 2.0757e-01     0.1273      0.136    1478.32     69.060     6.7225  70.612650     4.7040     77.531  0.000e+00
     76.818     6.8133    34.2955    26.8893 1.9536e-01     0.1273      0.136    1478.32     69.058     6.7224  70.612650     4.7039     77.561  0.000e+00
     76.836     6.8132    34.2955    26.8893 1.9536e-01     0.1261      0.136    1478.32     69.056     6.7222  70.612651     4.7038     77.579  0.000e+00
     76.854     6.8132    34.2956    26.8894 1.8315e-01     0.1261      0.136    1478.32     69.047     6.7214  70.612651     4.7032     77.597  0.000e+00
     76.867     6.8132    34.2954    26.8892 1.8315e-01     0.1261      0.136    1478.32     69.038     6.7205  70.612652     4.7026     77.610  0.000e+00
     76.909     6.8131    34.2957    26.8895 1.8315e-01     0.1261      0.136    1478.32     69.037     6.7204  70.612652     4.7025     77.653  0.000e+00
     76.903     6.8131    34.2963    26.8900 1.8315e-01     0.1261      0.136    1478.32     69.028     6.7195  70.612653     4.7019     77.647  0.000e+00
     76.933     6.8132    34.2966    26.8902 1.9536e-01     0.1273      0.136    1478.33     69.027     6.7194  70.612653     4.7018     77.678  0.000e+00
     76.951     6.8132    34.2967    26.8903 2.3199e-01     0.1261      0.136    1478.33     69.027     6.7193  70.612654     4.7018     77.696  0.000e+00
     76.981     6.8132    34.2965    26.8901 2.4420e-01     0.1261      0.136    1478.33     69.027     6.7193  70.612654     4.7018     77.726  0.000e+00
     77.012     6.8131    34.2967    26.8903 2.3199e-01     0.1273      0.136    1478.33     69.027     6.7194  70.612655     4.7018     77.757  0.000e+00
     77.017     6.8132    34.2961    26.8898 2.1978e-01     0.1261      0.136    1478.33     69.028     6.7194  70.612655     4.7018     77.762  0.000e+00
     77.047     6.8130    34.2962    26.8899 2.0757e-01     0.1261      0.136    1478.33     69.028     6.7195  70.612656     4.7019     77.793  0.000e+00
     77.072     6.8129    34.2961    26.8898 1.9536e-01     0.1273      0.136    1478.33     69.022     6.7189  70.612656     4.7015     77.818  0.000e+00
     77.101     6.8127    34.2969    26.8905 1.8315e-01     0.1261      0.136    1478.33     69.023     6.7190  70.612657     4.7016     77.847  0.000e+00
     77.108     6.8130    34.2970    26.8906 1.7094e-01     0.1261      0.136    1478.33     69.024     6.7191  70.612657     4.7016     77.854  0.000e+00
     77.139     6.8131    34.2968    26.8904 1.7094e-01     0.1273      0.136    1478.33     69.026     6.7193  70.612658     4.7017     77.885  0.000e+00
     77.157     6.8130    34.2978    26.8912 1.7094e-01     0.1261      0.136    1478.33     69.028     6.7194  70.612658     4.7019     77.903  0.000e+00
     77.186     6.8134    34.2993    26.8923 1.8315e-01     0.1261      0.136    1478.33     68.968     6.7135  70.612659     4.6977     77.933  0.000e+00
     77.228     6.8139    34.2991    26.8921 1.8315e-01     0.1273      0.136    1478.34     68.964     6.7130  70.612659     4.6973     77.976  0.000e+00
     77.246     6.8140    34.2986    26.8917 1.7094e-01     0.1261      0.136    1478.34     69.022     6.7186  70.612660     4.7013     77.994  0.000e+00
     77.264     6.8139    34.2984    26.8916 1.7094e-01     0.1261      0.136    1478.34     68.956     6.7122  70.612660     4.6968     78.012  0.000e+00
     77.306     6.8140    34.2985    26.8916 1.7094e-01     0.1273      0.136    1478.34     68.944     6.7111  70.612661     4.6960     78.055  0.000e+00
     77.313     6.8143    34.2990    26.8919 1.7094e-01     0.1261      0.136    1478.34     69.004     6.7168  70.612661     4.7000     78.061  0.000e+00
     77.355     6.8147    34.2999    26.8926 1.7094e-01     0.1261      0.136    1478.34     69.009     6.7172  70.612662     4.7003     78.104  0.000e+00
     77.386     6.8148    34.2998    26.8925 1.7094e-01     0.1261      0.136    1478.34     69.014     6.7177  70.612662     4.7007     78.135  0.000e+00
     77.416     6.8153    34.2992    26.8920 1.7094e-01     0.1261      0.136    1478.35     68.957     6.7121  70.612663     4.6968     78.165  0.000e+00
     77.434     6.8151    34.2999    26.8925 1.7094e-01     0.1261      0.136    1478.35     68.956     6.7120  70.612663     4.6967     78.183  0.000e+00
     77.464     6.8153    34.2999    26.8926 1.5873e-01     0.1273      0.136    1478.35     68.947     6.7111  70.612663     4.6960     78.214  0.000e+00
     77.494     6.8156    34.2998    26.8924 1.7094e-01     0.1261      0.136    1478.35     68.939     6.7102  70.612664     4.6954     78.244  0.000e+00
     77.525     6.8153    34.3000    26.8926 1.7094e-01     0.1261      0.136    1478.35     68.939     6.7103  70.612664     4.6955     78.275  0.000e+00
     77.543     6.8153    34.2995    26.8922 1.7094e-01     0.1261      0.136    1478.35     68.939     6.7104  70.612665     4.6955     78.293  0.000e+00
     77.585     6.8153    34.2991    26.8919 1.8315e-01     0.1261      0.136    1478.35     69.003     6.7166  70.612665     4.6999     78.336  0.000e+00
     77.616     6.8151    34.2990    26.8918 1.8315e-01     0.1261      0.136    1478.35     68.950     6.7114  70.612666     4.6963     78.367  0.000e+00
     77.632     6.8151    34.2995    26.8922 1.7094e-01     0.1273      0.136    1478.35     68.952     6.7116  70.612666     4.6964     78.384  0.000e+00
     77.676     6.8154    34.2994    26.8921 1.7094e-01     0.1273      0.136    1478.35     68.947     6.7111  70.612667     4.6960     78.428  0.000e+00
     77.717     6.8151    34.2998    26.8925 1.7094e-01     0.1261      0.136    1478.35     68.950     6.7114  70.612667     4.6963     78.469  0.000e+00
     77.736     6.8153    34.2995    26.8922 1.7094e-01     0.1273      0.136    1478.35     68.954     6.7118  70.612668     4.6965     78.489  0.000e+00
     77.766     6.8154    34.2998    26.8924 1.7094e-01     0.1261      0.136    1478.35     68.958     6.7122  70.612668     4.6968     78.518  0.000e+00
     77.784     6.8156    34.3003    26.8928 1.7094e-01     0.1261      0.136    1478.35     68.963     6.7126  70.612669     4.6971     78.537  0.000e+00
     77.839     6.8159    34.3003    26.8928 1.8315e-01     0.1261      0.136    1478.36     68.899     6.7063  70.612669     4.6926     78.592  0.000e+00
     77.846     6.8161    34.3004    26.8928 1.7094e-01     0.1261      0.136    1478.36     68.889     6.7053  70.612670     4.6920     78.599  0.000e+00
     77.886     6.8162    34.3009    26.8931 1.7094e-01     0.1261      0.136    1478.36     68.880     6.7044  70.612670     4.6914     78.640  0.000e+00
     77.929     6.8164    34.3025    26.8944 1.7094e-01     0.1261      0.136    1478.36     68.880     6.7043  70.612671     4.6913     78.683  0.000e+00
     77.960     6.8166    34.3026    26.8945 1.7094e-01     0.1261      0.136    1478.36     68.936     6.7097  70.612671     4.6950     78.714  0.000e+00
     77.978     6.8169    34.3022    26.8941 1.7094e-01     0.1261      0.136    1478.36     68.874     6.7036  70.612672     4.6908     78.732  0.000e+00
     78.020     6.8167    34.3024    26.8943 1.8315e-01     0.1261      0.136    1478.36     68.868     6.7031  70.612672     4.6904     78.775  0.000e+00
     78.044     6.8169    34.3016    26.8936 1.8315e-01     0.1273      0.136    1478.37     68.925     6.7086  70.612673     4.6943     78.800  0.000e+00
     78.087     6.8169    34.3015    26.8935 1.9536e-01     0.1261      0.132    1478.37     68.865     6.7028  70.612673     4.6902     78.842  0.000e+00
     78.105     6.8167    34.3019    26.8939 1.9536e-01     0.1261      0.136    1478.37     68.860     6.7024  70.612674     4.6899     78.861  0.000e+00
     78.147     6.8164    34.3025    26.8944 1.8315e-01     0.1273      0.136    1478.37     68.857     6.7020  70.612674     4.6897     78.903  0.000e+00
     78.165     6.8166    34.3022    26.8941 1.7094e-01     0.1261      0.136    1478.37     68.853     6.7017  70.612675     4.6894     78.921  0.000e+00
     78.207     6.8166    34.3022    26.8941 1.8315e-01     0.1261      0.136    1478.37     68.851     6.7014  70.612675     4.6893     78.964  0.000e+00
     78.237     6.8169    34.3033    26.8950 1.7094e-01     0.1261      0.136    1478.37     68.849     6.7011  70.612676     4.6890     78.994  0.000e+00
     78.243     6.8178    34.3044    26.8957 1.8315e-01     0.1261      0.136    1478.38     68.910     6.7069  70.612676     4.6931     79.000  0.000e+00
     78.310     6.8177    34.3034    26.8950 1.9536e-01     0.1261      0.136    1478.37     68.854     6.7015  70.612677     4.6893     79.068  0.000e+00
     78.321     6.8174    34.3027    26.8944 1.8315e-01     0.1261      0.136    1478.37     68.854     6.7015  70.612677     4.6893     79.079  0.000e+00
     78.352     6.8172    34.3019    26.8938 1.8315e-01     0.1261      0.136    1478.37     68.854     6.7016  70.612677     4.6894     79.111  0.000e+00
     78.395     6.8167    34.3022    26.8941 1.7094e-01     0.1261      0.132    1478.37     68.792     6.6957  70.612678     4.6853     79.153  0.000e+00
     78.413     6.8166    34.3018    26.8938 1.7094e-01     0.1261      0.132    1478.37     68.849     6.7013  70.612678     4.6892     79.172  0.000e+00
     78.430     6.8164    34.3015    26.8936 1.7094e-01     0.1261      0.136    1478.37     68.851     6.7015  70.612679     4.6893     79.190  0.000e+00
     78.466     6.8161    34.3017    26.8938 1.7094e-01     0.1261      0.136    1478.37     68.855     6.7019  70.612679     4.6896     79.226  0.000e+00
     78.510     6.8159    34.3021    26.8941 1.5873e-01     0.1261      0.136    1478.37     68.859     6.7023  70.612680     4.6899     79.270  0.000e+00
     78.540     6.8158    34.3019    26.8941 1.5873e-01     0.1261      0.136    1478.37     68.863     6.7028  70.612680     4.6902     79.300  0.000e+00
