RAWDATA/20190311/VT3_20190311_down.cnv
* Sea-Bird SBE 9 Data File:
* FileName = C:\CTD Brukere\NIVA\OKOKYST2019\20190311\VT3_20190311.hex
* Software Version Seasave V 7.23.2
* Temperature SN = 5352
* Conductivity SN = 3840
* Number of Bytes Per Scan = 28
* Number of Voltage Words = 4
* Number of Scans Averaged by the Deck Unit = 1
* NMEA baud rate = 4800
** Ship: R/V Trygve Braarud
** Cruise:
** Station:
** Operator:
# nquan = 14
# nvalues = 20422                                 
# units = specified
# name 0 = depSM: Depth [salt water, m], lat = 59.60
# name 1 = t090C: Temperature [ITS-90, deg C]
# name 2 = sal00: Salinity, Practical [PSU]
# name 3 = sigma-t00: Density [sigma-t, kg/m^3 ]
# name 4 = flSP: Fluorescence, Seapoint
# name 5 = wetStar: Fluorescence, WET Labs WETstar [mg/m^3]
# name 6 = seaTurbMtr: Turbidity, Seapoint [FTU]
# name 7 = svCM: Sound Velocity [Chen-Millero, m/s]
# name 8 = sbeox0PS: Oxygen, SBE 43 [% saturation]
# name 9 = sbeox0Mg/L: Oxygen, SBE 43 [mg/l]
# name 10 = timeJ: Julian Days
# name 11 = sbeox0ML/L: Oxygen, SBE 43 [ml/l]
# name 12 = prDM: Pressure, Digiquartz [db]
# name 13 = flag:  0.000e+00
# span 0 =     -0.143,    442.640                 
# span 1 =     3.8923,     6.8509                 
# span 2 =    26.9361,    35.1038                 
# span 3 =    21.3821,    27.5448                 
# span 4 = 1.3431e-01, 1.0427e+01                 
# span 5 =     0.1237,     0.1273                 
# span 6 =      0.007,      0.227                 
# span 7 =    1455.85,    1484.90                 
# span 8 =     31.554,     76.552                 
# span 9 =     3.4507,     8.1177                 
# span 10 =  70.610590,  70.620438                
# span 11 =     2.4146,     5.6803                
# span 12 =     -0.145,    447.322                
# span 13 = 0.0000e+00, 0.0000e+00                
# interval = seconds: 0.0416667
# start_time = Mar 11 2019 14:39:15 [System UpLoad Time]
# bad_flag = -9.990e-29
*END*
[from data line 4955]
     93.632     6.7560    34.4363    27.0081 1.8315e-01     0.1261      0.136    1478.56     69.266     6.7453  70.612980     4.7199     94.542  0.000e+00
     93.645     6.7558    34.4369    27.0086 1.7094e-01     0.1273      0.139    1478.56     69.271     6.7457  70.612980     4.7203     94.555  0.000e+00
     93.681     6.7557    34.4369    27.0086 1.7094e-01     0.1261      0.136    1478.56     69.205     6.7393  70.612981     4.7158     94.591  0.000e+00
     93.699     6.7553    34.4372    27.0089 1.5873e-01     0.1261      0.136    1478.55     69.194     6.7383  70.612981     4.7151     94.609  0.000e+00
     93.741     6.7554    34.4368    27.0086 1.7094e-01     0.1261      0.136    1478.56     69.253     6.7441  70.612982     4.7191     94.652  0.000e+00
     93.766     6.7553    34.4367    27.0085 1.5873e-01     0.1273      0.136    1478.56     69.258     6.7446  70.612982     4.7195     94.677  0.000e+00
     93.802     6.7550    34.4370    27.0088 1.7094e-01     0.1273      0.136    1478.56     69.192     6.7382  70.612983     4.7150     94.713  0.000e+00
     93.826     6.7552    34.4369    27.0087 2.1978e-01     0.1261      0.136    1478.56     69.244     6.7432  70.612983     4.7185     94.738  0.000e+00
     93.862     6.7551    34.4372    27.0089 2.1978e-01     0.1273      0.139    1478.56     69.178     6.7368  70.612984     4.7140     94.774  0.000e+00
     93.875     6.7555    34.4371    27.0088 2.0757e-01     0.1261      0.136    1478.56     69.237     6.7425  70.612984     4.7180     94.787  0.000e+00
     93.911     6.7556    34.4368    27.0086 2.1978e-01     0.1261      0.139    1478.56     69.233     6.7421  70.612985     4.7177     94.824  0.000e+00
     93.953     6.7555    34.4371    27.0087 2.1978e-01     0.1261      0.136    1478.56     69.238     6.7425  70.612985     4.7180     94.866  0.000e+00
     93.984     6.7556    34.4365    27.0083 1.9536e-01     0.1261      0.136    1478.56     69.171     6.7361  70.612986     4.7135     94.898  0.000e+00
     94.020     6.7555    34.4365    27.0083 1.8315e-01     0.1261      0.136    1478.56     69.230     6.7418  70.612986     4.7175     94.934  0.000e+00
     94.056     6.7553    34.4367    27.0085 1.7094e-01     0.1261      0.136    1478.56     69.234     6.7423  70.612987     4.7178     94.970  0.000e+00
     94.056     6.7552    34.4369    27.0087 1.7094e-01     0.1261      0.136    1478.56     69.238     6.7427  70.612987     4.7181     94.970  0.000e+00
     94.105     6.7549    34.4368    27.0087 1.7094e-01     0.1261      0.136    1478.56     69.243     6.7431  70.612988     4.7184     95.020  0.000e+00
     94.130     6.7548    34.4365    27.0084 1.5873e-01     0.1261      0.136    1478.56     69.239     6.7428  70.612988     4.7182     95.044  0.000e+00
     94.159     6.7547    34.4370    27.0088 1.5873e-01     0.1261      0.136    1478.56     69.242     6.7431  70.612989     4.7184     95.074  0.000e+00
     94.201     6.7545    34.4369    27.0087 1.7094e-01     0.1261      0.136    1478.56     69.246     6.7436  70.612989     4.7187     95.117  0.000e+00
     94.226     6.7537    34.4375    27.0093 1.7094e-01     0.1261      0.136    1478.56     69.250     6.7440  70.612989     4.7191     95.142  0.000e+00
     94.250     6.7538    34.4371    27.0090 1.7094e-01     0.1273      0.136    1478.56     69.254     6.7444  70.612990     4.7193     95.166  0.000e+00
     94.299     6.7534    34.4379    27.0097 1.7094e-01     0.1261      0.136    1478.56     69.258     6.7448  70.612990     4.7196     95.216  0.000e+00
     94.317     6.7533    34.4377    27.0096 1.5873e-01     0.1273      0.136    1478.56     69.254     6.7444  70.612991     4.7194     95.234  0.000e+00
     94.360     6.7531    34.4378    27.0096 1.7094e-01     0.1273      0.136    1478.56     69.257     6.7448  70.612991     4.7196     95.277  0.000e+00
     94.384     6.7533    34.4371    27.0091 1.8315e-01     0.1261      0.136    1478.56     69.261     6.7451  70.612992     4.7199     95.301  0.000e+00
     94.420     6.7532    34.4374    27.0093 1.8315e-01     0.1273      0.136    1478.56     69.264     6.7455  70.612992     4.7201     95.338  0.000e+00
     94.431     6.7531    34.4377    27.0095 1.8315e-01     0.1273      0.136    1478.56     69.268     6.7458  70.612993     4.7203     95.349  0.000e+00
     94.480     6.7534    34.4371    27.0090 1.7094e-01     0.1261      0.136    1478.56     69.271     6.7462  70.612993     4.7206     95.399  0.000e+00
     94.498     6.7531    34.4375    27.0094 1.7094e-01     0.1273      0.136    1478.56     69.275     6.7465  70.612994     4.7208     95.417  0.000e+00
     94.541     6.7528    34.4376    27.0096 1.7094e-01     0.1261      0.136    1478.56     69.278     6.7469  70.612994     4.7211     95.459  0.000e+00
     94.565     6.7529    34.4377    27.0096 1.5873e-01     0.1261      0.136    1478.56     69.282     6.7472  70.612995     4.7213     95.484  0.000e+00
     94.601     6.7526    34.4378    27.0097 1.5873e-01     0.1273      0.136    1478.56     69.286     6.7476  70.612995     4.7216     95.520  0.000e+00
     94.625     6.7531    34.4378    27.0096 1.5873e-01     0.1261      0.136    1478.56     69.289     6.7479  70.612996     4.7218     95.545  0.000e+00
     94.655     6.7531    34.4376    27.0095 1.7094e-01     0.1261      0.136    1478.56     69.292     6.7482  70.612996     4.7220     95.575  0.000e+00
     94.674     6.7531    34.4377    27.0096 1.5873e-01     0.1261      0.136    1478.56     69.296     6.7486  70.612997     4.7223     95.595  0.000e+00
     94.723     6.7531    34.4373    27.0092 1.7094e-01     0.1261      0.136    1478.56     69.300     6.7489  70.612997     4.7225     95.644  0.000e+00
     94.746     6.7526    34.4379    27.0098 1.7094e-01     0.1261      0.136    1478.56     69.303     6.7493  70.612998     4.7228     95.667  0.000e+00
     94.777     6.7530    34.4373    27.0093 1.7094e-01     0.1273      0.136    1478.56     69.307     6.7496  70.612998     4.7230     95.698  0.000e+00
     94.795     6.7528    34.4377    27.0096 1.7094e-01     0.1261      0.136    1478.56     69.310     6.7500  70.612999     4.7232     95.716  0.000e+00
     94.831     6.7529    34.4377    27.0096 1.7094e-01     0.1261      0.136    1478.56     69.305     6.7495  70.612999     4.7229     95.753  0.000e+00
     94.869     6.7531    34.4375    27.0094 1.7094e-01     0.1273      0.139    1478.57     69.309     6.7498  70.613000     4.7231     95.791  0.000e+00
     94.880     6.7529    34.4379    27.0097 1.7094e-01     0.1261      0.136    1478.57     69.312     6.7501  70.613000     4.7233     95.802  0.000e+00
     94.909     6.7533    34.4373    27.0093 1.5873e-01     0.1261      0.136    1478.57     69.315     6.7504  70.613001     4.7235     95.832  0.000e+00
     94.940     6.7534    34.4372    27.0091 1.5873e-01     0.1273      0.139    1478.57     69.310     6.7499  70.613001     4.7232     95.863  0.000e+00
     94.965     6.7531    34.4372    27.0092 1.5873e-01     0.1261      0.136    1478.57     69.305     6.7494  70.613002     4.7229     95.888  0.000e+00
     95.001     6.7531    34.4373    27.0093 1.5873e-01     0.1261      0.136    1478.57     69.307     6.7497  70.613002     4.7230     95.924  0.000e+00
     95.019     6.7528    34.4374    27.0094 1.5873e-01     0.1273      0.139    1478.57     69.302     6.7492  70.613003     4.7227     95.942  0.000e+00
     95.050     6.7528    34.4373    27.0093 1.5873e-01     0.1273      0.136    1478.57     69.296     6.7486  70.613003     4.7223     95.974  0.000e+00
     95.061     6.7524    34.4377    27.0096 1.5873e-01     0.1261      0.139    1478.57     69.297     6.7488  70.613003     4.7224     95.985  0.000e+00
     95.099     6.7525    34.4376    27.0096 1.5873e-01     0.1261      0.136    1478.57     69.299     6.7490  70.613004     4.7226     96.023  0.000e+00
     95.128     6.7523    34.4378    27.0098 1.7094e-01     0.1261      0.136    1478.57     69.293     6.7484  70.613004     4.7222     96.053  0.000e+00
     95.146     6.7522    34.4379    27.0098 1.7094e-01     0.1261      0.136    1478.57     69.287     6.7478  70.613005     4.7217     96.071  0.000e+00
     95.159     6.7520    34.4380    27.0100 1.7094e-01     0.1273      0.136    1478.57     69.288     6.7479  70.613005     4.7218     96.084  0.000e+00
     95.219     6.7518    34.4379    27.0099 1.5873e-01     0.1261      0.136    1478.57     69.352     6.7542  70.613006     4.7262     96.145  0.000e+00
     95.224     6.7515    34.4380    27.0101 1.5873e-01     0.1261      0.136    1478.57     69.290     6.7482  70.613006     4.7220     96.150  0.000e+00
     95.244     6.7510    34.4381    27.0102 1.5873e-01     0.1273      0.136    1478.56     69.290     6.7483  70.613007     4.7221     96.170  0.000e+00
     95.268     6.7506    34.4381    27.0102 1.7094e-01     0.1273      0.136    1478.56     69.283     6.7477  70.613007     4.7216     96.194  0.000e+00
     95.284     6.7501    34.4375    27.0099 1.8315e-01     0.1261      0.136    1478.56     69.283     6.7478  70.613008     4.7217     96.211  0.000e+00
     95.315     6.7482    34.4383    27.0107 1.7094e-01     0.1273      0.136    1478.56     69.283     6.7481  70.613008     4.7219     96.242  0.000e+00
     95.340     6.7471    34.4396    27.0119 1.5873e-01     0.1261      0.136    1478.55     69.284     6.7482  70.613009     4.7220     96.267  0.000e+00
     95.353     6.7475    34.4394    27.0117 1.7094e-01     0.1261      0.136    1478.55     69.276     6.7474  70.613009     4.7214     96.280  0.000e+00
     95.382     6.7475    34.4398    27.0120 1.7094e-01     0.1261      0.136    1478.56     69.276     6.7474  70.613010     4.7214     96.310  0.000e+00
     95.400     6.7475    34.4395    27.0117 1.7094e-01     0.1261      0.136    1478.56     69.275     6.7474  70.613010     4.7214     96.328  0.000e+00
     95.438     6.7469    34.4386    27.0112 1.9536e-01     0.1261      0.136    1478.55     69.275     6.7475  70.613011     4.7215     96.366  0.000e+00
     95.443     6.7453    34.4396    27.0121 1.9536e-01     0.1261      0.136    1478.55     69.275     6.7477  70.613011     4.7216     96.371  0.000e+00
     95.462     6.7447    34.4398    27.0124 1.8315e-01     0.1273      0.136    1478.55     69.275     6.7478  70.613012     4.7217     96.390  0.000e+00
     95.474     6.7445    34.4401    27.0126 1.7094e-01     0.1261      0.136    1478.55     69.275     6.7478  70.613012     4.7217     96.402  0.000e+00
     95.510     6.7442    34.4402    27.0127 1.7094e-01     0.1261      0.136    1478.55     69.275     6.7478  70.613013     4.7217     96.438  0.000e+00
     95.514     6.7440    34.4399    27.0125 1.7094e-01     0.1273      0.136    1478.54     69.275     6.7478  70.613013     4.7217     96.443  0.000e+00
     95.547     6.7432    34.4402    27.0129 1.7094e-01     0.1261      0.136    1478.54     69.275     6.7479  70.613014     4.7218     96.476  0.000e+00
     95.559     6.7421    34.4407    27.0134 1.7094e-01     0.1261      0.136    1478.54     69.275     6.7481  70.613014     4.7219     96.488  0.000e+00
     95.588     6.7413    34.4413    27.0140 1.7094e-01     0.1273      0.136    1478.54     69.275     6.7482  70.613015     4.7220     96.517  0.000e+00
     95.607     6.7410    34.4413    27.0141 1.7094e-01     0.1261      0.136    1478.54     69.275     6.7482  70.613015     4.7220     96.537  0.000e+00
     95.619     6.7413    34.4418    27.0144 1.7094e-01     0.1261      0.136    1478.54     69.274     6.7481  70.613016     4.7219     96.548  0.000e+00
     95.648     6.7415    34.4415    27.0141 1.7094e-01     0.1261      0.136    1478.54     69.274     6.7481  70.613016     4.7219     96.578  0.000e+00
     95.668     6.7413    34.4411    27.0138 1.7094e-01     0.1261      0.136    1478.54     69.274     6.7481  70.613016     4.7220     96.598  0.000e+00
     95.668     6.7406    34.4413    27.0141 1.7094e-01     0.1261      0.136    1478.54     69.274     6.7482  70.613017     4.7220     96.598  0.000e+00
     95.704     6.7404    34.4412    27.0141 1.7094e-01     0.1273      0.136    1478.53     69.274     6.7483  70.613017     4.7220     96.634  0.000e+00
     95.733     6.7403    34.4416    27.0144 1.7094e-01     0.1261      0.136    1478.54     69.274     6.7482  70.613018     4.7220     96.664  0.000e+00
     95.740     6.7397    34.4414    27.0143 1.9536e-01     0.1261      0.136    1478.53     69.274     6.7483  70.613018     4.7221     96.670  0.000e+00
     95.764     6.7391    34.4412    27.0143 1.8315e-01     0.1273      0.136    1478.53     69.274     6.7484  70.613019     4.7222     96.695  0.000e+00
     95.782     6.7382    34.4416    27.0146 1.7094e-01     0.1261      0.136    1478.53     69.274     6.7485  70.613019     4.7222     96.713  0.000e+00
     95.802     6.7377    34.4418    27.0149 1.7094e-01     0.1261      0.136    1478.53     69.274     6.7486  70.613020     4.7223     96.733  0.000e+00
     95.824     6.7375    34.4427    27.0156 1.5873e-01     0.1273      0.136    1478.53     69.273     6.7486  70.613020     4.7223     96.756  0.000e+00
     95.854     6.7375    34.4427    27.0156 1.7094e-01     0.1261      0.136    1478.53     69.273     6.7486  70.613021     4.7223     96.786  0.000e+00
     95.849     6.7375    34.4428    27.0157 1.8315e-01     0.1273      0.139    1478.53     69.273     6.7485  70.613021     4.7222     96.781  0.000e+00
     95.873     6.7375    34.4424    27.0154 1.7094e-01     0.1261      0.136    1478.53     69.273     6.7485  70.613022     4.7222     96.806  0.000e+00
     95.890     6.7372    34.4427    27.0157 1.7094e-01     0.1261      0.136    1478.53     69.273     6.7486  70.613022     4.7222     96.822  0.000e+00
     95.934     6.7365    34.4428    27.0158 1.7094e-01     0.1273      0.136    1478.53     69.273     6.7487  70.613023     4.7223     96.866  0.000e+00
     95.934     6.7362    34.4425    27.0157 1.5873e-01     0.1261      0.136    1478.52     69.273     6.7487  70.613023     4.7223     96.866  0.000e+00
     95.963     6.7359    34.4427    27.0158 1.5873e-01     0.1273      0.136    1478.52     69.273     6.7487  70.613024     4.7224     96.896  0.000e+00
     95.994     6.7357    34.4428    27.0160 1.7094e-01     0.1261      0.136    1478.52     69.273     6.7488  70.613024     4.7224     96.927  0.000e+00
     96.007     6.7351    34.4430    27.0161 1.5873e-01     0.1261      0.136    1478.52     69.272     6.7488  70.613025     4.7224     96.941  0.000e+00
     96.012     6.7347    34.4430    27.0162 1.7094e-01     0.1261      0.136    1478.52     69.272     6.7489  70.613025     4.7225     96.946  0.000e+00
     96.043     6.7344    34.4429    27.0162 1.7094e-01     0.1261      0.136    1478.52     69.272     6.7489  70.613026     4.7225     96.977  0.000e+00
     96.068     6.7342    34.4432    27.0165 1.7094e-01     0.1273      0.136    1478.52     69.272     6.7489  70.613026     4.7225     97.002  0.000e+00
     96.084     6.7343    34.4433    27.0165 1.7094e-01     0.1261      0.136    1478.52     69.272     6.7489  70.613027     4.7225     97.018  0.000e+00
     96.103     6.7343    34.4435    27.0167 1.5873e-01     0.1261      0.136    1478.52     69.334     6.7550  70.613027     4.7267     97.038  0.000e+00
     96.133     6.7344    34.4433    27.0165 1.5873e-01     0.1273      0.136    1478.52     69.342     6.7557  70.613028     4.7272     97.067  0.000e+00
     96.139     6.7343    34.4430    27.0163 1.5873e-01     0.1261      0.136    1478.52     69.286     6.7503  70.613028     4.7235     97.074  0.000e+00
     96.164     6.7337    34.4430    27.0163 1.5873e-01     0.1261      0.136    1478.52     69.285     6.7503  70.613029     4.7235     97.099  0.000e+00
     96.193     6.7327    34.4432    27.0167 1.5873e-01     0.1273      0.136    1478.52     69.285     6.7504  70.613029     4.7235     97.128  0.000e+00
