RAWDATA/20190311/VT3_20190311_down.cnv
* Sea-Bird SBE 9 Data File:
* FileName = C:\CTD Brukere\NIVA\OKOKYST2019\20190311\VT3_20190311.hex
* Software Version Seasave V 7.23.2
* Temperature SN = 5352
* Conductivity SN = 3840
* Number of Bytes Per Scan = 28
* Number of Voltage Words = 4
* Number of Scans Averaged by the Deck Unit = 1
* NMEA baud rate = 4800
** Ship: R/V Trygve Braarud
** Cruise:
** Station:
** Operator:
# nquan = 14
# nvalues = 20422                                 
# units = specified
# name 0 = depSM: Depth [salt water, m], lat = 59.60
# name 1 = t090C: Temperature [ITS-90, deg C]
# name 2 = sal00: Salinity, Practical [PSU]
# name 3 = sigma-t00: Density [sigma-t, kg/m^3 ]
# name 4 = flSP: Fluorescence, Seapoint
# name 5 = wetStar: Fluorescence, WET Labs WETstar [mg/m^3]
# name 6 = seaTurbMtr: Turbidity, Seapoint [FTU]
# name 7 = svCM: Sound Velocity [Chen-Millero, m/s]
# name 8 = sbeox0PS: Oxygen, SBE 43 [% saturation]
# name 9 = sbeox0Mg/L: Oxygen, SBE 43 [mg/l]
# name 10 = timeJ: Julian Days
# name 11 = sbeox0ML/L: Oxygen, SBE 43 [ml/l]
# name 12 = prDM: Pressure, Digiquartz [db]
# name 13 = flag:  0.000e+00
# span 0 =     -0.143,    442.640                 
# span 1 =     3.8923,     6.8509                 
# span 2 =    26.9361,    35.1038                 
# span 3 =    21.3821,    27.5448                 
# span 4 = 1.3431e-01, 1.0427e+01                 
# span 5 =     0.1237,     0.1273                 
# span 6 =      0.007,      0.227                 
# span 7 =    1455.85,    1484.90                 
# span 8 =     31.554,     76.552                 
# span 9 =     3.4507,     8.1177                 
# span 10 =  70.610590,  70.620438                
# span 11 =     2.4146,     5.6803                
# span 12 =     -0.145,    447.322                
# span 13 = 0.0000e+00, 0.0000e+00                
# interval = seconds: 0.0416667
# start_time = Mar 11 2019 14:39:15 [System UpLoad Time]
# bad_flag = -9.990e-29
*END*
[from data line 16207]
    353.992     6.6023    35.0551    27.5169 1.5873e-01     0.1273      0.187    1483.06     59.105     5.7526  70.618406     4.0254    357.659  0.000e+00
    354.017     6.6022    35.0554    27.5172 1.4652e-01     0.1261      0.187    1483.06     59.109     5.7530  70.618407     4.0256    357.684  0.000e+00
    354.062     6.6023    35.0554    27.5171 1.4652e-01     0.1261      0.187    1483.06     59.048     5.7471  70.618407     4.0215    357.730  0.000e+00
    354.093     6.6025    35.0551    27.5169 1.4652e-01     0.1261      0.190    1483.06     59.045     5.7468  70.618408     4.0213    357.762  0.000e+00
    354.130     6.6027    35.0550    27.5167 1.4652e-01     0.1261      0.190    1483.06     59.043     5.7466  70.618408     4.0211    357.799  0.000e+00
    354.143     6.6025    35.0551    27.5169 1.4652e-01     0.1261      0.187    1483.06     59.042     5.7465  70.618409     4.0211    357.812  0.000e+00
    354.193     6.6027    35.0555    27.5172 1.4652e-01     0.1273      0.187    1483.06     59.043     5.7465  70.618409     4.0211    357.863  0.000e+00
    354.193     6.6027    35.0551    27.5168 1.4652e-01     0.1273      0.190    1483.06     59.044     5.7466  70.618410     4.0211    357.863  0.000e+00
    354.250     6.6028    35.0550    27.5168 1.4652e-01     0.1261      0.187    1483.06     59.046     5.7468  70.618410     4.0213    357.920  0.000e+00
    354.295     6.6028    35.0550    27.5168 1.4652e-01     0.1261      0.190    1483.06     59.041     5.7463  70.618410     4.0209    357.966  0.000e+00
    354.307     6.6028    35.0553    27.5170 1.4652e-01     0.1261      0.187    1483.07     59.045     5.7467  70.618411     4.0212    357.977  0.000e+00
    354.345     6.6028    35.0557    27.5173 1.4652e-01     0.1261      0.187    1483.07     59.050     5.7472  70.618411     4.0216    358.016  0.000e+00
    354.382     6.6028    35.0558    27.5174 1.4652e-01     0.1261      0.187    1483.07     59.056     5.7478  70.618412     4.0220    358.053  0.000e+00
    354.433     6.6030    35.0552    27.5169 1.4652e-01     0.1261      0.187    1483.07     59.055     5.7477  70.618412     4.0219    358.105  0.000e+00
    354.458     6.6032    35.0550    27.5167 1.4652e-01     0.1261      0.187    1483.07     59.054     5.7476  70.618413     4.0218    358.131  0.000e+00
    354.502     6.6028    35.0556    27.5173 1.4652e-01     0.1261      0.187    1483.07     59.054     5.7476  70.618413     4.0218    358.175  0.000e+00
    354.533     6.6032    35.0553    27.5170 1.4652e-01     0.1261      0.190    1483.07     59.055     5.7476  70.618414     4.0219    358.207  0.000e+00
    354.558     6.6032    35.0554    27.5170 1.5873e-01     0.1261      0.190    1483.07     59.056     5.7478  70.618414     4.0219    358.232  0.000e+00
    354.610     6.6030    35.0557    27.5173 1.5873e-01     0.1261      0.187    1483.07     59.058     5.7480  70.618415     4.0221    358.284  0.000e+00
    354.635     6.6033    35.0552    27.5169 1.4652e-01     0.1261      0.190    1483.07     59.061     5.7482  70.618415     4.0223    358.309  0.000e+00
    354.697     6.6033    35.0551    27.5168 1.5873e-01     0.1273      0.190    1483.07     58.990     5.7413  70.618416     4.0174    358.372  0.000e+00
    354.710     6.6032    35.0556    27.5172 1.5873e-01     0.1273      0.190    1483.07     58.986     5.7409  70.618416     4.0171    358.385  0.000e+00
    354.717     6.6032    35.0553    27.5169 1.5873e-01     0.1273      0.187    1483.07     58.982     5.7406  70.618417     4.0169    358.392  0.000e+00
    354.848     6.6033    35.0553    27.5170 1.4652e-01     0.1273      0.190    1483.08     58.981     5.7404  70.618417     4.0168    358.525  0.000e+00
    354.837     6.6032    35.0555    27.5171 1.4652e-01     0.1273      0.187    1483.08     58.979     5.7403  70.618418     4.0167    358.513  0.000e+00
    354.873     6.6035    35.0550    27.5167 1.5873e-01     0.1273      0.187    1483.08     58.979     5.7402  70.618418     4.0167    358.550  0.000e+00
    354.912     6.6033    35.0555    27.5171 1.4652e-01     0.1273      0.187    1483.08     58.980     5.7403  70.618419     4.0167    358.589  0.000e+00
    354.962     6.6035    35.0553    27.5169 1.4652e-01     0.1273      0.187    1483.08     58.982     5.7405  70.618419     4.0169    358.640  0.000e+00
    354.987     6.6033    35.0558    27.5173 1.5873e-01     0.1261      0.190    1483.08     58.985     5.7408  70.618420     4.0171    358.665  0.000e+00
    355.025     6.6030    35.0556    27.5172 1.5873e-01     0.1261      0.190    1483.08     58.981     5.7404  70.618420     4.0168    358.704  0.000e+00
    355.050     6.6033    35.0557    27.5172 1.4652e-01     0.1273      0.187    1483.08     58.985     5.7409  70.618421     4.0171    358.729  0.000e+00
    355.127     6.6033    35.0555    27.5171 1.4652e-01     0.1261      0.190    1483.08     58.983     5.7406  70.618421     4.0169    358.807  0.000e+00
    355.127     6.6033    35.0552    27.5169 1.4652e-01     0.1273      0.187    1483.08     58.989     5.7412  70.618422     4.0174    358.807  0.000e+00
    355.188     6.6033    35.0552    27.5169 1.4652e-01     0.1261      0.187    1483.08     58.988     5.7411  70.618422     4.0173    358.869  0.000e+00
    355.222     6.6035    35.0553    27.5169 1.4652e-01     0.1261      0.187    1483.08     58.988     5.7411  70.618423     4.0173    358.903  0.000e+00
    355.252     6.6036    35.0555    27.5171 1.4652e-01     0.1261      0.190    1483.08     58.997     5.7419  70.618423     4.0179    358.933  0.000e+00
    355.302     6.6036    35.0552    27.5168 1.4652e-01     0.1261      0.187    1483.08     58.998     5.7421  70.618424     4.0180    358.983  0.000e+00
    355.328     6.6033    35.0558    27.5173 1.4652e-01     0.1261      0.187    1483.08     59.000     5.7423  70.618424     4.0181    359.010  0.000e+00
    355.378     6.6035    35.0557    27.5173 1.4652e-01     0.1261      0.190    1483.09     59.003     5.7426  70.618424     4.0183    359.061  0.000e+00
    355.403     6.6033    35.0557    27.5173 1.4652e-01     0.1261      0.187    1483.09     59.007     5.7429  70.618425     4.0186    359.086  0.000e+00
    355.442     6.6035    35.0554    27.5170 1.4652e-01     0.1261      0.187    1483.09     59.011     5.7433  70.618425     4.0188    359.125  0.000e+00
    355.467     6.6033    35.0561    27.5176 1.4652e-01     0.1261      0.190    1483.09     59.016     5.7438  70.618426     4.0192    359.150  0.000e+00
    355.503     6.6033    35.0562    27.5176 1.4652e-01     0.1273      0.190    1483.09     59.021     5.7443  70.618426     4.0195    359.187  0.000e+00
    355.517     6.6036    35.0557    27.5172 1.4652e-01     0.1261      0.190    1483.09     58.953     5.7377  70.618427     4.0149    359.201  0.000e+00
    355.580     6.6035    35.0559    27.5174 1.4652e-01     0.1273      0.190    1483.09     58.952     5.7376  70.618427     4.0148    359.265  0.000e+00
    355.605     6.6033    35.0563    27.5177 1.4652e-01     0.1261      0.187    1483.09     58.951     5.7375  70.618428     4.0148    359.290  0.000e+00
    355.630     6.6036    35.0561    27.5175 1.4652e-01     0.1261      0.187    1483.09     59.017     5.7439  70.618428     4.0192    359.315  0.000e+00
    355.655     6.6033    35.0560    27.5175 1.4652e-01     0.1273      0.190    1483.09     59.027     5.7449  70.618429     4.0199    359.341  0.000e+00
    355.680     6.6038    35.0555    27.5171 1.4652e-01     0.1261      0.190    1483.09     58.972     5.7395  70.618429     4.0162    359.366  0.000e+00
    355.705     6.6035    35.0558    27.5173 1.4652e-01     0.1261      0.187    1483.09     58.975     5.7398  70.618430     4.0164    359.391  0.000e+00
    355.757     6.6035    35.0558    27.5173 1.4652e-01     0.1273      0.187    1483.09     58.980     5.7403  70.618430     4.0167    359.444  0.000e+00
    355.768     6.6033    35.0559    27.5174 1.4652e-01     0.1261      0.190    1483.09     59.041     5.7463  70.618431     4.0209    359.455  0.000e+00
    355.793     6.6036    35.0559    27.5174 1.4652e-01     0.1273      0.190    1483.09     58.981     5.7404  70.618431     4.0168    359.481  0.000e+00
    355.818     6.6036    35.0556    27.5172 1.4652e-01     0.1261      0.190    1483.09     58.978     5.7401  70.618432     4.0166    359.506  0.000e+00
    355.832     6.6036    35.0559    27.5174 1.4652e-01     0.1261      0.190    1483.09     58.976     5.7399  70.618432     4.0165    359.519  0.000e+00
    355.870     6.6035    35.0560    27.5175 1.4652e-01     0.1273      0.190    1483.09     58.975     5.7398  70.618433     4.0164    359.558  0.000e+00
    355.870     6.6036    35.0562    27.5176 1.4652e-01     0.1261      0.187    1483.10     58.974     5.7397  70.618433     4.0163    359.558  0.000e+00
    355.907     6.6033    35.0564    27.5178 1.4652e-01     0.1261      0.187    1483.09     58.975     5.7398  70.618434     4.0164    359.595  0.000e+00
    355.907     6.6038    35.0557    27.5172 1.4652e-01     0.1261      0.190    1483.10     58.975     5.7398  70.618434     4.0164    359.595  0.000e+00
    355.945     6.6035    35.0561    27.5175 1.4652e-01     0.1273      0.190    1483.10     58.977     5.7400  70.618435     4.0165    359.634  0.000e+00
    355.958     6.6036    35.0558    27.5173 1.4652e-01     0.1273      0.190    1483.10     58.979     5.7402  70.618435     4.0167    359.647  0.000e+00
    355.958     6.6035    35.0563    27.5177 1.4652e-01     0.1261      0.190    1483.10     58.982     5.7405  70.618436     4.0169    359.647  0.000e+00
    355.995     6.6035    35.0560    27.5175 1.4652e-01     0.1273      0.190    1483.10     58.986     5.7409  70.618436     4.0171    359.685  0.000e+00
    355.995     6.6035    35.0563    27.5177 1.4652e-01     0.1261      0.190    1483.10     58.990     5.7413  70.618437     4.0174    359.685  0.000e+00
    356.022     6.6038    35.0560    27.5174 1.5873e-01     0.1261      0.190    1483.10     58.996     5.7418  70.618437     4.0177    359.712  0.000e+00
    356.033     6.6036    35.0559    27.5174 1.5873e-01     0.1261      0.190    1483.10     59.001     5.7424  70.618437     4.0182    359.723  0.000e+00
    356.047     6.6038    35.0559    27.5174 1.5873e-01     0.1273      0.190    1483.10     59.008     5.7430  70.618438     4.0186    359.737  0.000e+00
    356.058     6.6036    35.0562    27.5176 1.5873e-01     0.1261      0.190    1483.10     59.015     5.7437  70.618438     4.0191    359.749  0.000e+00
    356.072     6.6038    35.0560    27.5174 1.5873e-01     0.1261      0.190    1483.10     59.023     5.7444  70.618439     4.0196    359.762  0.000e+00
    356.072     6.6038    35.0563    27.5177 1.5873e-01     0.1273      0.190    1483.10     59.023     5.7444  70.618439     4.0196    359.762  0.000e+00
    356.097     6.6039    35.0557    27.5171 1.5873e-01     0.1261      0.190    1483.10     59.023     5.7444  70.618440     4.0196    359.787  0.000e+00
    356.108     6.6036    35.0564    27.5177 1.5873e-01     0.1261      0.190    1483.10     59.023     5.7445  70.618440     4.0196    359.799  0.000e+00
    356.108     6.6038    35.0558    27.5173 1.5873e-01     0.1261      0.190    1483.10     59.024     5.7445  70.618441     4.0197    359.799  0.000e+00
    356.122     6.6039    35.0555    27.5170 1.5873e-01     0.1261      0.190    1483.10     59.025     5.7446  70.618441     4.0198    359.813  0.000e+00
    356.122     6.6036    35.0560    27.5175 1.7094e-01     0.1273      0.187    1483.10     59.027     5.7448  70.618442     4.0199    359.813  0.000e+00
    356.147     6.6035    35.0560    27.5175 1.5873e-01     0.1261      0.190    1483.10     59.029     5.7450  70.618442     4.0200    359.838  0.000e+00
    356.147     6.6035    35.0558    27.5173 1.4652e-01     0.1273      0.190    1483.10     59.031     5.7452  70.618443     4.0202    359.838  0.000e+00
    356.160     6.6033    35.0557    27.5173 1.4652e-01     0.1273      0.190    1483.10     59.033     5.7455  70.618443     4.0204    359.851  0.000e+00
    356.160     6.6035    35.0559    27.5174 1.4652e-01     0.1261      0.190    1483.10     59.036     5.7458  70.618444     4.0206    359.851  0.000e+00
    356.172     6.6033    35.0560    27.5175 1.4652e-01     0.1273      0.187    1483.10     58.974     5.7397  70.618444     4.0163    359.863  0.000e+00
    356.185     6.6036    35.0558    27.5173 1.4652e-01     0.1261      0.190    1483.10     59.035     5.7456  70.618445     4.0205    359.877  0.000e+00
    356.185     6.6038    35.0558    27.5173 1.5873e-01     0.1273      0.190    1483.10     59.039     5.7460  70.618445     4.0207    359.877  0.000e+00
    356.172     6.6036    35.0561    27.5176 1.7094e-01     0.1261      0.190    1483.10     59.044     5.7465  70.618446     4.0210    359.863  0.000e+00
    356.210     6.6036    35.0558    27.5173 1.8315e-01     0.1261      0.190    1483.10     59.049     5.7470  70.618446     4.0214    359.902  0.000e+00
    356.210     6.6038    35.0559    27.5173 1.8315e-01     0.1273      0.190    1483.10     59.054     5.7475  70.618447     4.0218    359.902  0.000e+00
    356.210     6.6039    35.0563    27.5176 1.7094e-01     0.1261      0.190    1483.10     58.995     5.7416  70.618447     4.0177    359.902  0.000e+00
    356.223     6.6043    35.0562    27.5175 1.5873e-01     0.1261      0.190    1483.10     59.058     5.7478  70.618448     4.0220    359.915  0.000e+00
    356.223     6.6039    35.0565    27.5178 1.5873e-01     0.1261      0.190    1483.10     58.999     5.7421  70.618448     4.0180    359.915  0.000e+00
    356.235     6.6041    35.0563    27.5176 1.5873e-01     0.1261      0.190    1483.10     59.064     5.7484  70.618449     4.0224    359.927  0.000e+00
    356.248     6.6039    35.0568    27.5180 1.5873e-01     0.1273      0.190    1483.10     59.006     5.7428  70.618449     4.0185    359.941  0.000e+00
    356.248     6.6039    35.0569    27.5181 1.5873e-01     0.1261      0.190    1483.10     59.072     5.7491  70.618450     4.0229    359.941  0.000e+00
    356.248     6.6041    35.0566    27.5179 1.5873e-01     0.1261      0.187    1483.10     59.015     5.7436  70.618450     4.0190    359.941  0.000e+00
    356.260     6.6043    35.0560    27.5173 1.4652e-01     0.1261      0.190    1483.10     59.008     5.7429  70.618451     4.0185    359.953  0.000e+00
    356.273     6.6041    35.0563    27.5176 1.5873e-01     0.1261      0.190    1483.10     59.066     5.7485  70.618451     4.0225    359.966  0.000e+00
    356.248     6.6041    35.0568    27.5180 1.5873e-01     0.1273      0.190    1483.10     59.001     5.7422  70.618451     4.0181    359.941  0.000e+00
    356.328     6.6043    35.0566    27.5178 1.5873e-01     0.1261      0.190    1483.11     59.003     5.7424  70.618452     4.0182    360.022  0.000e+00
    356.298     6.6044    35.0563    27.5176 1.5873e-01     0.1261      0.190    1483.11     59.006     5.7427  70.618452     4.0184    359.991  0.000e+00
    356.310     6.6043    35.0565    27.5177 1.5873e-01     0.1261      0.190    1483.11     59.000     5.7421  70.618453     4.0180    360.003  0.000e+00
    356.310     6.6043    35.0564    27.5177 1.5873e-01     0.1261      0.190    1483.11     58.995     5.7416  70.618453     4.0176    360.003  0.000e+00
    356.337     6.6043    35.0568    27.5180 1.5873e-01     0.1261      0.190    1483.11     58.990     5.7411  70.618454     4.0173    360.030  0.000e+00
    356.337     6.6044    35.0563    27.5176 1.5873e-01     0.1261      0.190    1483.11     58.994     5.7415  70.618454     4.0176    360.030  0.000e+00
    356.337     6.6041    35.0569    27.5181 1.5873e-01     0.1273      0.190    1483.11     58.990     5.7412  70.618455     4.0173    360.030  0.000e+00
