RAWDATA/20190311/VT67_20190312_down.cnv
* Sea-Bird SBE 9 Data File:
* FileName = C:\CTD Brukere\NIVA\OKOKYST2019\20190311\VT67_20190312.hex
* Software Version Seasave V 7.23.2
* Temperature SN = 5352
* Conductivity SN = 3840
* Number of Bytes Per Scan = 28
* Number of Voltage Words = 4
* Number of Scans Averaged by the Deck Unit = 1
* NMEA baud rate = 4800
** Ship: R/V Trygve Braarud
** Cruise:
** Station:
** Operator:
# nquan = 14
# nvalues = 6511                                  
# units = specified
# name 0 = depSM: Depth [salt water, m], lat = 59.60
# name 1 = t090C: Temperature [ITS-90, deg C]
# name 2 = sal00: Salinity, Practical [PSU]
# name 3 = sigma-t00: Density [sigma-t, kg/m^3 ]
# name 4 = flSP: Fluorescence, Seapoint
# name 5 = wetStar: Fluorescence, WET Labs WETstar [mg/m^3]
# name 6 = seaTurbMtr: Turbidity, Seapoint [FTU]
# name 7 = svCM: Sound Velocity [Chen-Millero, m/s]
# name 8 = sbeox0PS: Oxygen, SBE 43 [% saturation]
# name 9 = sbeox0Mg/L: Oxygen, SBE 43 [mg/l]
# name 10 = timeJ: Julian Days
# name 11 = sbeox0ML/L: Oxygen, SBE 43 [ml/l]
# name 12 = prDM: Pressure, Digiquartz [db]
# name 13 = flag:  0.000e+00
# span 0 =     -0.119,    103.122                 
# span 1 =     2.4742,     7.8785                 
# span 2 =     9.4036,    34.4475                 
# span 3 =     7.5034,    26.9555                 
# span 4 = 1.3431e-01, 2.2222e+00                 
# span 5 =     0.1273,     0.1310                 
# span 6 =      0.011,      0.018                 
# span 7 =    1426.88,    1482.59                 
# span 8 =     65.531,     77.808                 
# span 9 =     6.2259,     9.4411                 
# span 10 =  71.493380,  71.496519                
# span 11 =     4.3565,     6.6063                
# span 12 =     -0.120,    104.127                
# span 13 = 0.0000e+00, 0.0000e+00                
# interval = seconds: 0.0416667
# start_time = Mar 12 2019 11:50:28 [System UpLoad Time]
# bad_flag = -9.990e-29
*END*
[from data line 4955]
     80.072     7.8237    34.4426    26.8621 1.3431e-01     0.1298      0.015    1482.44     65.567     6.2312  71.495769     4.3603     80.847  0.000e+00
     80.116     7.8271    34.4440    26.8627 1.3431e-01     0.1298      0.015    1482.46     65.564     6.2305  71.495770     4.3597     80.891  0.000e+00
     80.132     7.8302    34.4433    26.8617 1.4652e-01     0.1298      0.018    1482.47     65.570     6.2306  71.495770     4.3598     80.908  0.000e+00
     80.156     7.8326    34.4427    26.8609 1.4652e-01     0.1298      0.018    1482.48     65.569     6.2302  71.495771     4.3596     80.933  0.000e+00
     80.181     7.8338    34.4424    26.8606 1.4652e-01     0.1298      0.018    1482.48     65.577     6.2308  71.495771     4.3600     80.957  0.000e+00
     80.213     7.8346    34.4416    26.8598 1.4652e-01     0.1298      0.018    1482.49     65.587     6.2317  71.495772     4.3606     80.990  0.000e+00
     80.241     7.8353    34.4432    26.8609 1.4652e-01     0.1298      0.018    1482.49     65.590     6.2318  71.495772     4.3606     81.018  0.000e+00
     80.252     7.8374    34.4434    26.8608 1.4652e-01     0.1298      0.018    1482.50     65.531     6.2259  71.495773     4.3565     81.030  0.000e+00
     80.277     7.8375    34.4421    26.8597 1.4652e-01     0.1298      0.018    1482.50     65.537     6.2265  71.495773     4.3569     81.054  0.000e+00
     80.301     7.8366    34.4413    26.8592 1.4652e-01     0.1298      0.015    1482.50     65.598     6.2325  71.495774     4.3611     81.079  0.000e+00
     80.334     7.8370    34.4433    26.8607 1.4652e-01     0.1298      0.018    1482.50     65.544     6.2272  71.495774     4.3574     81.112  0.000e+00
     80.362     7.8393    34.4440    26.8610 1.4652e-01     0.1298      0.018    1482.51     65.607     6.2328  71.495774     4.3614     81.140  0.000e+00
     80.373     7.8409    34.4438    26.8606 1.4652e-01     0.1298      0.015    1482.52     65.617     6.2335  71.495775     4.3619     81.151  0.000e+00
     80.410     7.8418    34.4429    26.8597 1.3431e-01     0.1298      0.018    1482.52     65.627     6.2344  71.495775     4.3625     81.189  0.000e+00
     80.433     7.8425    34.4438    26.8603 1.4652e-01     0.1298      0.015    1482.52     65.631     6.2347  71.495776     4.3627     81.212  0.000e+00
     80.454     7.8438    34.4455    26.8615 1.3431e-01     0.1298      0.018    1482.53     65.635     6.2348  71.495776     4.3628     81.234  0.000e+00
     80.482     7.8458    34.4458    26.8614 1.4652e-01     0.1298      0.018    1482.54     65.640     6.2350  71.495777     4.3629     81.262  0.000e+00
     80.507     7.8474    34.4468    26.8620 1.4652e-01     0.1298      0.015    1482.55     65.646     6.2353  71.495777     4.3631     81.286  0.000e+00
     80.531     7.8495    34.4465    26.8614 1.4652e-01     0.1298      0.018    1482.55     65.590     6.2297  71.495778     4.3592     81.311  0.000e+00
     80.542     7.8508    34.4450    26.8601 1.4652e-01     0.1298      0.018    1482.56     65.652     6.2354  71.495778     4.3632     81.322  0.000e+00
     80.575     7.8513    34.4451    26.8601 1.4652e-01     0.1298      0.018    1482.56     65.660     6.2361  71.495779     4.3637     81.355  0.000e+00
     80.591     7.8521    34.4462    26.8608 1.4652e-01     0.1298      0.018    1482.57     65.668     6.2368  71.495779     4.3641     81.372  0.000e+00
     80.627     7.8539    34.4463    26.8606 1.4652e-01     0.1298      0.015    1482.57     65.677     6.2374  71.495780     4.3645     81.408  0.000e+00
     80.652     7.8548    34.4462    26.8604 1.4652e-01     0.1298      0.018    1482.58     65.687     6.2382  71.495780     4.3651     81.433  0.000e+00
     80.676     7.8553    34.4461    26.8603 1.4652e-01     0.1298      0.018    1482.58     65.697     6.2391  71.495781     4.3657     81.457  0.000e+00
     80.684     7.8561    34.4470    26.8609 1.4652e-01     0.1285      0.018    1482.58     65.708     6.2399  71.495781     4.3663     81.466  0.000e+00
     80.723     7.8574    34.4470    26.8607 1.4652e-01     0.1298      0.018    1482.59     65.720     6.2409  71.495782     4.3670     81.505  0.000e+00
     80.736     7.8574    34.4460    26.8598 1.3431e-01     0.1298      0.018    1482.59     65.724     6.2413  71.495782     4.3673     81.518  0.000e+00
     80.772     7.8577    34.4456    26.8595 1.4652e-01     0.1298      0.018    1482.59     65.729     6.2418  71.495783     4.3676     81.554  0.000e+00
     80.797     7.8580    34.4461    26.8599 1.4652e-01     0.1298      0.018    1482.59     65.742     6.2429  71.495783     4.3684     81.579  0.000e+00
     80.808     7.8580    34.4468    26.8604 1.4652e-01     0.1285      0.015    1482.59     65.747     6.2434  71.495784     4.3688     81.591  0.000e+00
     80.829     7.8585    34.4467    26.8603 1.5873e-01     0.1298      0.015    1482.59     65.753     6.2439  71.495784     4.3691     81.612  0.000e+00
     80.868     7.8582    34.4465    26.8601 1.5873e-01     0.1298      0.018    1482.59     65.760     6.2446  71.495785     4.3696     81.652  0.000e+00
     80.881     7.8579    34.4467    26.8604 1.4652e-01     0.1298      0.018    1482.59     65.766     6.2452  71.495785     4.3701     81.665  0.000e+00
     80.917     7.8577    34.4466    26.8603 1.4652e-01     0.1298      0.018    1482.59     65.835     6.2518  71.495786     4.3747     81.701  0.000e+00
     80.930     7.8569    34.4468    26.8605 1.4652e-01     0.1298      0.015    1482.59     65.850     6.2533  71.495786     4.3757     81.714  0.000e+00
     80.966     7.8564    34.4470    26.8608 1.4652e-01     0.1298      0.018    1482.59     65.802     6.2488  71.495787     4.3726     81.750  0.000e+00
     80.963     7.8561    34.4466    26.8605 1.4652e-01     0.1298      0.015    1482.59     65.871     6.2555  71.495787     4.3772     81.747  0.000e+00
     81.026     7.8560    34.4465    26.8605 1.4652e-01     0.1285      0.018    1482.59     65.824     6.2510  71.495788     4.3741     81.811  0.000e+00
     81.051     7.8550    34.4461    26.8603 1.3431e-01     0.1298      0.018    1482.58     65.894     6.2578  71.495788     4.3788     81.836  0.000e+00
     81.051     7.8537    34.4456    26.8601 1.3431e-01     0.1298      0.018    1482.58     65.909     6.2594  71.495788     4.3800     81.836  0.000e+00
     81.087     7.8520    34.4445    26.8595 1.4652e-01     0.1298      0.018    1482.57     65.916     6.2604  71.495789     4.3806     81.872  0.000e+00
     81.098     7.8500    34.4440    26.8594 1.3431e-01     0.1298      0.018    1482.56     65.923     6.2614  71.495789     4.3813     81.884  0.000e+00
     81.135     7.8470    34.4445    26.8602 1.4652e-01     0.1298      0.018    1482.55     65.930     6.2624  71.495790     4.3821     81.921  0.000e+00
     81.147     7.8442    34.4453    26.8613 1.4652e-01     0.1298      0.018    1482.54     65.937     6.2634  71.495790     4.3828     81.933  0.000e+00
     81.179     7.8431    34.4462    26.8622 1.3431e-01     0.1298      0.018    1482.54     65.943     6.2641  71.495791     4.3832     81.966  0.000e+00
     81.207     7.8431    34.4473    26.8630 1.3431e-01     0.1298      0.018    1482.54     65.948     6.2646  71.495791     4.3836     81.994  0.000e+00
     81.220     7.8431    34.4475    26.8631 1.3431e-01     0.1298      0.018    1482.54     65.954     6.2651  71.495792     4.3839     82.007  0.000e+00
     81.243     7.8430    34.4466    26.8625 1.4652e-01     0.1298      0.018    1482.54     65.959     6.2656  71.495792     4.3843     82.030  0.000e+00
     81.267     7.8425    34.4466    26.8626 1.4652e-01     0.1298      0.015    1482.54     66.026     6.2721  71.495793     4.3888     82.055  0.000e+00
     81.292     7.8418    34.4465    26.8625 1.4652e-01     0.1298      0.015    1482.54     65.975     6.2674  71.495793     4.3855     82.079  0.000e+00
     81.316     7.8414    34.4472    26.8631 1.4652e-01     0.1298      0.015    1482.54     66.041     6.2737  71.495794     4.3900     82.104  0.000e+00
     81.341     7.8410    34.4465    26.8627 1.4652e-01     0.1285      0.015    1482.54     66.052     6.2748  71.495794     4.3907     82.129  0.000e+00
     81.362     7.8404    34.4466    26.8628 1.4652e-01     0.1298      0.018    1482.53     66.062     6.2758  71.495795     4.3914     82.150  0.000e+00
     81.388     7.8399    34.4472    26.8634 1.4652e-01     0.1298      0.015    1482.53     66.072     6.2767  71.495795     4.3921     82.176  0.000e+00
     81.401     7.8399    34.4472    26.8634 1.3431e-01     0.1298      0.018    1482.53     66.080     6.2776  71.495796     4.3927     82.190  0.000e+00
     81.437     7.8398    34.4469    26.8632 1.4652e-01     0.1298      0.018    1482.53     66.081     6.2777  71.495796     4.3927     82.226  0.000e+00
     81.448     7.8396    34.4467    26.8630 1.3431e-01     0.1285      0.018    1482.53     66.080     6.2777  71.495797     4.3927     82.237  0.000e+00
     81.473     7.8385    34.4469    26.8634 1.4652e-01     0.1298      0.018    1482.53     66.087     6.2784  71.495797     4.3933     82.262  0.000e+00
     81.510     7.8375    34.4462    26.8630 1.4652e-01     0.1298      0.018    1482.52     66.085     6.2784  71.495798     4.3933     82.300  0.000e+00
     81.522     7.8361    34.4458    26.8628 1.4652e-01     0.1298      0.018    1482.52     66.090     6.2791  71.495798     4.3937     82.311  0.000e+00
     81.546     7.8346    34.4448    26.8623 1.4652e-01     0.1298      0.018    1482.51     66.094     6.2798  71.495799     4.3942     82.336  0.000e+00
     81.571     7.8329    34.4456    26.8632 1.4652e-01     0.1298      0.018    1482.51     66.098     6.2803  71.495799     4.3946     82.361  0.000e+00
     81.592     7.8319    34.4452    26.8630 1.4652e-01     0.1298      0.018    1482.50     66.163     6.2867  71.495800     4.3990     82.382  0.000e+00
     81.618     7.8311    34.4461    26.8639 1.4652e-01     0.1285      0.018    1482.50     66.110     6.2817  71.495800     4.3956     82.408  0.000e+00
     81.655     7.8311    34.4468    26.8644 1.4652e-01     0.1298      0.018    1482.50     66.174     6.2878  71.495801     4.3998     82.446  0.000e+00
     81.667     7.8305    34.4456    26.8636 1.4652e-01     0.1298      0.018    1482.50     66.182     6.2886  71.495801     4.4004     82.458  0.000e+00
     81.691     7.8282    34.4435    26.8622 1.3431e-01     0.1298      0.018    1482.49     66.181     6.2890  71.495802     4.4007     82.482  0.000e+00
     81.716     7.8247    34.4429    26.8622 1.4652e-01     0.1298      0.018    1482.48     66.187     6.2901  71.495802     4.4014     82.507  0.000e+00
     81.727     7.8212    34.4436    26.8633 1.4652e-01     0.1285      0.018    1482.46     66.192     6.2910  71.495802     4.4021     82.519  0.000e+00
     81.751     7.8186    34.4416    26.8622 1.4652e-01     0.1298      0.015    1482.45     66.197     6.2919  71.495803     4.4027     82.543  0.000e+00
     81.787     7.8122    34.4374    26.8597 1.3431e-01     0.1298      0.015    1482.42     66.262     6.2992  71.495803     4.4078     82.580  0.000e+00
     81.812     7.8040    34.4372    26.8608 1.3431e-01     0.1298      0.015    1482.39     66.210     6.2954  71.495804     4.4052     82.604  0.000e+00
     81.823     7.7985    34.4412    26.8648 1.3431e-01     0.1298      0.018    1482.38     66.211     6.2961  71.495804     4.4057     82.616  0.000e+00
     81.848     7.7962    34.4430    26.8666 1.3431e-01     0.1285      0.018    1482.37     66.273     6.3023  71.495805     4.4100     82.640  0.000e+00
     81.885     7.7937    34.4417    26.8659 1.4652e-01     0.1298      0.018    1482.36     66.280     6.3033  71.495805     4.4107     82.678  0.000e+00
     81.896     7.7901    34.4414    26.8662 1.4652e-01     0.1298      0.018    1482.35     66.223     6.2984  71.495806     4.4073     82.690  0.000e+00
     81.918     7.7864    34.4414    26.8667 1.3431e-01     0.1298      0.015    1482.33     66.282     6.3046  71.495806     4.4116     82.711  0.000e+00
     81.945     7.7832    34.4413    26.8671 1.4652e-01     0.1298      0.015    1482.32     66.347     6.3112  71.495807     4.4162     82.739  0.000e+00
     81.981     7.7802    34.4417    26.8678 1.4652e-01     0.1285      0.018    1482.31     66.356     6.3125  71.495807     4.4171     82.775  0.000e+00
     81.993     7.7773    34.4416    26.8682 1.4652e-01     0.1298      0.018    1482.30     66.301     6.3076  71.495808     4.4137     82.787  0.000e+00
     82.017     7.7752    34.4418    26.8686 1.4652e-01     0.1298      0.015    1482.29     66.237     6.3019  71.495808     4.4097     82.812  0.000e+00
     82.041     7.7728    34.4417    26.8690 1.4652e-01     0.1298      0.018    1482.28     66.289     6.3072  71.495809     4.4134     82.836  0.000e+00
     82.066     7.7705    34.4416    26.8692 1.4652e-01     0.1298      0.018    1482.27     66.356     6.3139  71.495809     4.4181     82.861  0.000e+00
     82.090     7.7673    34.4407    26.8690 1.4652e-01     0.1285      0.018    1482.26     66.304     6.3094  71.495810     4.4150     82.886  0.000e+00
     82.113     7.7641    34.4408    26.8695 1.4652e-01     0.1298      0.015    1482.25     66.236     6.3034  71.495810     4.4108     82.909  0.000e+00
     82.138     7.7610    34.4405    26.8697 1.4652e-01     0.1298      0.015    1482.24     66.292     6.3092  71.495811     4.4148     82.933  0.000e+00
     82.151     7.7575    34.4403    26.8701 1.4652e-01     0.1298      0.018    1482.22     66.346     6.3149  71.495811     4.4188     82.947  0.000e+00
     82.198     7.7543    34.4402    26.8705 1.4652e-01     0.1285      0.018    1482.21     66.353     6.3159  71.495812     4.4195     82.994  0.000e+00
     82.211     7.7507    34.4373    26.8687 1.4652e-01     0.1298      0.018    1482.20     66.233     6.3052  71.495812     4.4120     83.007  0.000e+00
     82.235     7.7445    34.4369    26.8693 1.4652e-01     0.1298      0.018    1482.17     66.223     6.3051  71.495813     4.4119     83.032  0.000e+00
     82.247     7.7390    34.4388    26.8716 1.4652e-01     0.1298      0.018    1482.15     66.336     6.3166  71.495813     4.4200     83.044  0.000e+00
     82.283     7.7367    34.4404    26.8732 1.4652e-01     0.1298      0.018    1482.15     66.338     6.3171  71.495814     4.4203     83.080  0.000e+00
     82.307     7.7359    34.4414    26.8741 1.4652e-01     0.1298      0.015    1482.15     66.339     6.3172  71.495814     4.4204     83.105  0.000e+00
     82.331     7.7354    34.4412    26.8740 1.4652e-01     0.1285      0.018    1482.14     66.277     6.3114  71.495815     4.4163     83.129  0.000e+00
     82.343     7.7344    34.4412    26.8742 1.4652e-01     0.1298      0.018    1482.14     66.206     6.3048  71.495815     4.4117     83.141  0.000e+00
     82.380     7.7332    34.4418    26.8748 1.4652e-01     0.1298      0.018    1482.14     66.251     6.3092  71.495815     4.4148     83.179  0.000e+00
     82.392     7.7327    34.4422    26.8752 1.4652e-01     0.1298      0.015    1482.14     66.303     6.3142  71.495816     4.4183     83.190  0.000e+00
     82.416     7.7326    34.4428    26.8757 1.4652e-01     0.1298      0.018    1482.14     66.307     6.3146  71.495816     4.4186     83.215  0.000e+00
     82.441     7.7327    34.4429    26.8757 1.4652e-01     0.1298      0.015    1482.14     66.177     6.3022  71.495817     4.4099     83.239  0.000e+00
     82.465     7.7326    34.4424    26.8754 1.4652e-01     0.1298      0.018    1482.14     66.165     6.3010  71.495817     4.4091     83.264  0.000e+00
     82.488     7.7326    34.4428    26.8757 1.4652e-01     0.1298      0.018    1482.14     66.276     6.3116  71.495818     4.4165     83.287  0.000e+00
     82.525     7.7328    34.4430    26.8758 1.4652e-01     0.1298      0.018    1482.14     66.277     6.3117  71.495818     4.4165     83.325  0.000e+00
