RAWDATA/20190311/VT67_20190312_down.cnv
* Sea-Bird SBE 9 Data File:
* FileName = C:\CTD Brukere\NIVA\OKOKYST2019\20190311\VT67_20190312.hex
* Software Version Seasave V 7.23.2
* Temperature SN = 5352
* Conductivity SN = 3840
* Number of Bytes Per Scan = 28
* Number of Voltage Words = 4
* Number of Scans Averaged by the Deck Unit = 1
* NMEA baud rate = 4800
** Ship: R/V Trygve Braarud
** Cruise:
** Station:
** Operator:
# nquan = 14
# nvalues = 6511                                  
# units = specified
# name 0 = depSM: Depth [salt water, m], lat = 59.60
# name 1 = t090C: Temperature [ITS-90, deg C]
# name 2 = sal00: Salinity, Practical [PSU]
# name 3 = sigma-t00: Density [sigma-t, kg/m^3 ]
# name 4 = flSP: Fluorescence, Seapoint
# name 5 = wetStar: Fluorescence, WET Labs WETstar [mg/m^3]
# name 6 = seaTurbMtr: Turbidity, Seapoint [FTU]
# name 7 = svCM: Sound Velocity [Chen-Millero, m/s]
# name 8 = sbeox0PS: Oxygen, SBE 43 [% saturation]
# name 9 = sbeox0Mg/L: Oxygen, SBE 43 [mg/l]
# name 10 = timeJ: Julian Days
# name 11 = sbeox0ML/L: Oxygen, SBE 43 [ml/l]
# name 12 = prDM: Pressure, Digiquartz [db]
# name 13 = flag:  0.000e+00
# span 0 =     -0.119,    103.122                 
# span 1 =     2.4742,     7.8785                 
# span 2 =     9.4036,    34.4475                 
# span 3 =     7.5034,    26.9555                 
# span 4 = 1.3431e-01, 2.2222e+00                 
# span 5 =     0.1273,     0.1310                 
# span 6 =      0.011,      0.018                 
# span 7 =    1426.88,    1482.59                 
# span 8 =     65.531,     77.808                 
# span 9 =     6.2259,     9.4411                 
# span 10 =  71.493380,  71.496519                
# span 11 =     4.3565,     6.6063                
# span 12 =     -0.120,    104.127                
# span 13 = 0.0000e+00, 0.0000e+00                
# interval = seconds: 0.0416667
# start_time = Mar 12 2019 11:50:28 [System UpLoad Time]
# bad_flag = -9.990e-29
*END*
[from data line 3613]
     49.013     6.3976    33.7277    26.4966 1.8315e-01     0.1285      0.018    1475.52     69.344     6.8409  71.495122     4.7869     49.484  0.000e+00
     49.063     6.3970    33.7275    26.4966 1.8315e-01     0.1298      0.015    1475.52     69.348     6.8415  71.495122     4.7873     49.534  0.000e+00
     49.052     6.3965    33.7284    26.4974 1.8315e-01     0.1298      0.015    1475.52     69.347     6.8414  71.495123     4.7872     49.523  0.000e+00
     49.097     6.3962    33.7299    26.4986 1.8315e-01     0.1285      0.018    1475.52     69.350     6.8417  71.495123     4.7874     49.569  0.000e+00
     49.123     6.3960    33.7307    26.4992 1.8315e-01     0.1298      0.018    1475.52     69.365     6.8431  71.495124     4.7884     49.595  0.000e+00
     49.148     6.3955    33.7312    26.4997 1.8315e-01     0.1298      0.018    1475.52     69.366     6.8433  71.495124     4.7886     49.620  0.000e+00
     49.169     6.3949    33.7318    26.5003 1.8315e-01     0.1298      0.018    1475.52     69.316     6.8385  71.495125     4.7852     49.641  0.000e+00
     49.183     6.3948    33.7328    26.5010 1.8315e-01     0.1285      0.018    1475.52     69.317     6.8385  71.495125     4.7852     49.656  0.000e+00
     49.232     6.3949    33.7341    26.5021 1.8315e-01     0.1298      0.015    1475.52     69.320     6.8388  71.495126     4.7854     49.705  0.000e+00
     49.242     6.3949    33.7356    26.5032 1.8315e-01     0.1285      0.018    1475.52     69.327     6.8393  71.495126     4.7858     49.715  0.000e+00
     49.279     6.3952    33.7369    26.5042 1.8315e-01     0.1298      0.018    1475.53     69.329     6.8394  71.495127     4.7858     49.753  0.000e+00
     49.292     6.3960    33.7375    26.5046 1.8315e-01     0.1298      0.018    1475.53     69.333     6.8397  71.495127     4.7860     49.766  0.000e+00
     49.328     6.3973    33.7387    26.5053 1.8315e-01     0.1298      0.015    1475.54     69.341     6.8402  71.495128     4.7864     49.802  0.000e+00
     49.351     6.3997    33.7430    26.5085 1.8315e-01     0.1285      0.018    1475.55     69.360     6.8415  71.495128     4.7873     49.825  0.000e+00
     49.364     6.4043    33.7478    26.5117 1.9536e-01     0.1298      0.018    1475.58     69.373     6.8419  71.495129     4.7875     49.838  0.000e+00
     49.399     6.4091    33.7496    26.5124 2.4420e-01     0.1298      0.018    1475.60     69.390     6.8426  71.495129     4.7881     49.874  0.000e+00
     49.422     6.4106    33.7469    26.5101 2.4420e-01     0.1285      0.018    1475.60     69.401     6.8437  71.495130     4.7888     49.897  0.000e+00
     49.448     6.4105    33.7448    26.5085 2.3199e-01     0.1285      0.018    1475.60     69.353     6.8390  71.495130     4.7855     49.923  0.000e+00
     49.473     6.4110    33.7513    26.5136 2.0757e-01     0.1285      0.018    1475.61     69.354     6.8387  71.495131     4.7854     49.948  0.000e+00
     49.507     6.4158    33.7615    26.5210 1.9536e-01     0.1298      0.018    1475.64     69.357     6.8379  71.495131     4.7847     49.982  0.000e+00
     49.520     6.4224    33.7706    26.5273 1.9536e-01     0.1298      0.018    1475.68     69.371     6.8378  71.495132     4.7847     49.995  0.000e+00
     49.544     6.4304    33.7770    26.5313 1.8315e-01     0.1285      0.015    1475.72     69.380     6.8371  71.495132     4.7842     50.020  0.000e+00
     49.567     6.4368    33.7811    26.5337 1.8315e-01     0.1285      0.015    1475.75     69.391     6.8370  71.495133     4.7841     50.043  0.000e+00
     49.604     6.4424    33.7827    26.5343 1.8315e-01     0.1285      0.018    1475.78     69.406     6.8374  71.495133     4.7844     50.081  0.000e+00
     49.604     6.4468    33.7840    26.5347 2.1978e-01     0.1298      0.015    1475.80     69.422     6.8383  71.495134     4.7850     50.081  0.000e+00
     49.653     6.4497    33.7856    26.5355 2.3199e-01     0.1298      0.015    1475.81     69.434     6.8389  71.495134     4.7855     50.130  0.000e+00
     49.663     6.4521    33.7864    26.5359 2.0757e-01     0.1298      0.018    1475.82     69.447     6.8398  71.495135     4.7861     50.140  0.000e+00
     49.689     6.4545    33.7879    26.5367 2.0757e-01     0.1285      0.015    1475.83     69.463     6.8410  71.495135     4.7869     50.166  0.000e+00
     49.713     6.4573    33.7913    26.5391 2.0757e-01     0.1298      0.015    1475.85     69.481     6.8421  71.495136     4.7877     50.191  0.000e+00
     49.737     6.4602    33.7939    26.5408 1.9536e-01     0.1298      0.018    1475.86     69.502     6.8436  71.495136     4.7887     50.215  0.000e+00
     49.759     6.4627    33.7956    26.5417 1.9536e-01     0.1298      0.018    1475.88     69.524     6.8453  71.495136     4.7900     50.237  0.000e+00
     49.773     6.4645    33.7956    26.5416 1.8315e-01     0.1298      0.018    1475.88     69.541     6.8467  71.495137     4.7909     50.251  0.000e+00
     49.809     6.4666    33.7969    26.5423 1.8315e-01     0.1298      0.018    1475.89     69.560     6.8482  71.495137     4.7919     50.288  0.000e+00
     49.832     6.4685    33.7981    26.5430 1.8315e-01     0.1298      0.018    1475.90     69.510     6.8429  71.495138     4.7883     50.311  0.000e+00
     49.845     6.4700    33.7989    26.5435 1.8315e-01     0.1285      0.018    1475.91     69.517     6.8433  71.495138     4.7886     50.324  0.000e+00
     49.858     6.4708    33.7991    26.5435 1.9536e-01     0.1298      0.015    1475.91     69.526     6.8441  71.495139     4.7891     50.337  0.000e+00
     49.893     6.4710    33.7993    26.5436 1.8315e-01     0.1298      0.018    1475.92     69.537     6.8451  71.495139     4.7898     50.373  0.000e+00
     49.916     6.4709    33.7987    26.5431 1.9536e-01     0.1298      0.018    1475.91     69.550     6.8464  71.495140     4.7907     50.396  0.000e+00
     49.929     6.4697    33.7981    26.5428 1.9536e-01     0.1285      0.015    1475.91     69.494     6.8411  71.495140     4.7870     50.409  0.000e+00
     49.954     6.4668    33.7989    26.5439 1.8315e-01     0.1298      0.018    1475.90     69.495     6.8417  71.495141     4.7874     50.434  0.000e+00
     49.978     6.4651    33.8004    26.5452 1.8315e-01     0.1298      0.018    1475.89     69.498     6.8422  71.495141     4.7878     50.458  0.000e+00
     49.999     6.4639    33.8018    26.5465 1.8315e-01     0.1298      0.018    1475.89     69.503     6.8428  71.495142     4.7882     50.480  0.000e+00
     50.014     6.4625    33.8028    26.5475 1.9536e-01     0.1298      0.018    1475.89     69.510     6.8436  71.495142     4.7888     50.494  0.000e+00
     50.038     6.4611    33.8035    26.5482 1.8315e-01     0.1285      0.015    1475.88     69.510     6.8439  71.495143     4.7889     50.519  0.000e+00
     50.061     6.4604    33.8045    26.5491 1.9536e-01     0.1285      0.018    1475.88     69.513     6.8442  71.495143     4.7891     50.542  0.000e+00
     50.084     6.4603    33.8056    26.5499 1.9536e-01     0.1298      0.018    1475.88     69.516     6.8445  71.495144     4.7894     50.565  0.000e+00
     50.098     6.4601    33.8055    26.5499 2.0757e-01     0.1298      0.015    1475.88     69.459     6.8389  71.495144     4.7855     50.580  0.000e+00
     50.121     6.4598    33.8048    26.5494 2.0757e-01     0.1285      0.018    1475.88     69.459     6.8389  71.495145     4.7855     50.603  0.000e+00
     50.145     6.4590    33.8044    26.5492 1.9536e-01     0.1298      0.018    1475.88     69.461     6.8393  71.495145     4.7857     50.627  0.000e+00
     50.168     6.4586    33.8037    26.5487 1.9536e-01     0.1298      0.018    1475.88     69.456     6.8389  71.495146     4.7855     50.650  0.000e+00
     50.181     6.4580    33.8032    26.5484 1.9536e-01     0.1298      0.015    1475.87     69.453     6.8387  71.495146     4.7853     50.663  0.000e+00
     50.194     6.4578    33.8034    26.5486 1.8315e-01     0.1285      0.018    1475.87     69.451     6.8386  71.495147     4.7852     50.676  0.000e+00
     50.230     6.4574    33.8037    26.5488 1.8315e-01     0.1285      0.015    1475.87     69.452     6.8387  71.495147     4.7853     50.713  0.000e+00
     50.241     6.4571    33.8038    26.5489 1.7094e-01     0.1285      0.018    1475.87     69.454     6.8389  71.495148     4.7854     50.724  0.000e+00
     50.264     6.4571    33.8041    26.5492 1.8315e-01     0.1285      0.018    1475.87     69.457     6.8392  71.495148     4.7857     50.747  0.000e+00
     50.290     6.4572    33.8043    26.5493 1.8315e-01     0.1298      0.015    1475.87     69.454     6.8389  71.495149     4.7854     50.773  0.000e+00
     50.301     6.4570    33.8041    26.5492 1.7094e-01     0.1298      0.018    1475.87     69.390     6.8326  71.495149     4.7811     50.785  0.000e+00
     50.339     6.4559    33.8003    26.5464 1.7094e-01     0.1298      0.018    1475.86     69.382     6.8322  71.495149     4.7808     50.822  0.000e+00
     50.337     6.4490    33.7943    26.5425 1.7094e-01     0.1285      0.018    1475.83     69.376     6.8330  71.495150     4.7813     50.821  0.000e+00
     50.361     6.4387    33.7923    26.5423 1.7094e-01     0.1285      0.018    1475.79     69.372     6.8343  71.495150     4.7823     50.845  0.000e+00
     50.399     6.4259    33.7930    26.5445 1.9536e-01     0.1298      0.015    1475.74     69.371     6.8361  71.495151     4.7835     50.883  0.000e+00
     50.410     6.4108    33.7942    26.5474 1.9536e-01     0.1285      0.018    1475.68     69.370     6.8385  71.495151     4.7852     50.895  0.000e+00
     50.422     6.3955    33.7919    26.5476 2.0757e-01     0.1298      0.015    1475.62     69.372     6.8411  71.495152     4.7870     50.906  0.000e+00
     50.457     6.3752    33.7922    26.5504 1.9536e-01     0.1285      0.015    1475.54     69.376     6.8447  71.495152     4.7895     50.942  0.000e+00
     50.482     6.3575    33.8010    26.5597 1.9536e-01     0.1298      0.018    1475.48     69.381     6.8477  71.495153     4.7916     50.967  0.000e+00
     50.495     6.3507    33.8072    26.5655 2.0757e-01     0.1285      0.018    1475.46     69.386     6.8490  71.495153     4.7925     50.980  0.000e+00
     50.506     6.3457    33.8078    26.5666 2.0757e-01     0.1285      0.015    1475.44     69.323     6.8435  71.495154     4.7887     50.991  0.000e+00
     50.530     6.3405    33.8070    26.5666 1.9536e-01     0.1298      0.015    1475.42     69.316     6.8437  71.495154     4.7888     51.016  0.000e+00
     50.553     6.3367    33.8086    26.5684 1.9536e-01     0.1285      0.018    1475.41     69.373     6.8498  71.495155     4.7931     51.039  0.000e+00
     50.566     6.3346    33.8097    26.5695 1.8315e-01     0.1298      0.018    1475.40     69.376     6.8504  71.495155     4.7935     51.052  0.000e+00
     50.602     6.3327    33.8097    26.5698 1.8315e-01     0.1298      0.018    1475.40     69.318     6.8450  71.495156     4.7897     51.088  0.000e+00
     50.602     6.3295    33.8101    26.5705 1.8315e-01     0.1298      0.018    1475.38     69.316     6.8453  71.495156     4.7900     51.088  0.000e+00
     50.639     6.3265    33.8099    26.5707 1.8315e-01     0.1285      0.018    1475.37     69.317     6.8459  71.495157     4.7903     51.126  0.000e+00
     50.651     6.3217    33.8114    26.5725 1.8315e-01     0.1285      0.018    1475.35     69.319     6.8467  71.495157     4.7909     51.138  0.000e+00
     50.686     6.3189    33.8136    26.5746 1.8315e-01     0.1285      0.018    1475.35     69.322     6.8474  71.495158     4.7914     51.174  0.000e+00
     50.699     6.3186    33.8146    26.5754 1.9536e-01     0.1285      0.018    1475.35     69.327     6.8479  71.495158     4.7918     51.187  0.000e+00
     50.722     6.3186    33.8146    26.5755 1.9536e-01     0.1298      0.018    1475.35     69.333     6.8485  71.495159     4.7922     51.210  0.000e+00
     50.735     6.3181    33.8143    26.5753 2.0757e-01     0.1285      0.015    1475.35     69.341     6.8494  71.495159     4.7928     51.223  0.000e+00
     50.760     6.3173    33.8141    26.5752 2.0757e-01     0.1298      0.015    1475.34     69.351     6.8505  71.495160     4.7936     51.247  0.000e+00
     50.782     6.3156    33.8122    26.5740 2.1978e-01     0.1298      0.018    1475.33     69.363     6.8520  71.495160     4.7946     51.270  0.000e+00
     50.795     6.3124    33.8122    26.5744 2.1978e-01     0.1298      0.015    1475.32     69.376     6.8538  71.495161     4.7959     51.284  0.000e+00
     50.831     6.3095    33.8133    26.5756 2.0757e-01     0.1298      0.018    1475.31     69.328     6.8495  71.495161     4.7929     51.320  0.000e+00
     50.856     6.3084    33.8128    26.5754 1.9536e-01     0.1285      0.018    1475.31     69.391     6.8560  71.495162     4.7974     51.344  0.000e+00
     50.867     6.3054    33.8113    26.5746 1.9536e-01     0.1298      0.018    1475.29     69.401     6.8575  71.495162     4.7985     51.356  0.000e+00
     50.891     6.3005    33.8069    26.5717 1.9536e-01     0.1298      0.018    1475.27     69.413     6.8596  71.495163     4.8000     51.380  0.000e+00
     50.903     6.2916    33.8098    26.5751 1.9536e-01     0.1298      0.018    1475.24     69.363     6.8560  71.495163     4.7974     51.392  0.000e+00
     50.940     6.2879    33.8141    26.5790 1.9536e-01     0.1298      0.018    1475.23     69.432     6.8632  71.495163     4.8025     51.430  0.000e+00
     50.963     6.2879    33.8161    26.5806 1.9536e-01     0.1298      0.018    1475.23     69.439     6.8638  71.495164     4.8029     51.453  0.000e+00
     50.987     6.2893    33.8160    26.5803 1.8315e-01     0.1285      0.018    1475.24     69.447     6.8644  71.495164     4.8033     51.477  0.000e+00
     51.000     6.2895    33.8138    26.5786 1.9536e-01     0.1285      0.018    1475.24     69.456     6.8654  71.495165     4.8040     51.490  0.000e+00
     51.036     6.2879    33.8125    26.5778 1.8315e-01     0.1298      0.018    1475.23     69.467     6.8667  71.495165     4.8049     51.526  0.000e+00
     51.036     6.2854    33.8120    26.5777 1.9536e-01     0.1298      0.018    1475.22     69.415     6.8620  71.495166     4.8016     51.526  0.000e+00
     51.072     6.2817    33.8108    26.5772 1.9536e-01     0.1298      0.018    1475.20     69.420     6.8631  71.495166     4.8024     51.563  0.000e+00
     51.096     6.2765    33.8072    26.5750 1.9536e-01     0.1285      0.015    1475.18     69.426     6.8648  71.495167     4.8036     51.587  0.000e+00
     51.120     6.2686    33.8065    26.5755 1.9536e-01     0.1285      0.015    1475.15     69.434     6.8669  71.495167     4.8050     51.612  0.000e+00
     51.132     6.2635    33.8089    26.5780 1.9536e-01     0.1298      0.018    1475.13     69.435     6.8676  71.495168     4.8055     51.623  0.000e+00
     51.156     6.2625    33.8109    26.5797 2.0757e-01     0.1298      0.018    1475.13     69.436     6.8678  71.495168     4.8057     51.648  0.000e+00
     51.192     6.2621    33.8112    26.5800 2.3199e-01     0.1285      0.015    1475.13     69.438     6.8681  71.495169     4.8059     51.684  0.000e+00
     51.203     6.2609    33.8098    26.5791 2.4420e-01     0.1285      0.018    1475.12     69.442     6.8686  71.495169     4.8063     51.695  0.000e+00
     51.228     6.2587    33.8095    26.5791 2.3199e-01     0.1298      0.018    1475.11     69.446     6.8694  71.495170     4.8068     51.720  0.000e+00
     51.263     6.2565    33.8102    26.5800 2.0757e-01     0.1298      0.015    1475.11     69.451     6.8703  71.495170     4.8074     51.756  0.000e+00
     51.276     6.2540    33.8088    26.5792 1.9536e-01     0.1298      0.018    1475.09     69.458     6.8714  71.495171     4.8082     51.769  0.000e+00
     51.312     6.2496    33.8082    26.5793 1.9536e-01     0.1298      0.018    1475.08     69.465     6.8729  71.495171     4.8092     51.805  0.000e+00
