RAWDATA/20190311/VT67_20190312_down.cnv
* Sea-Bird SBE 9 Data File:
* FileName = C:\CTD Brukere\NIVA\OKOKYST2019\20190311\VT67_20190312.hex
* Software Version Seasave V 7.23.2
* Temperature SN = 5352
* Conductivity SN = 3840
* Number of Bytes Per Scan = 28
* Number of Voltage Words = 4
* Number of Scans Averaged by the Deck Unit = 1
* NMEA baud rate = 4800
** Ship: R/V Trygve Braarud
** Cruise:
** Station:
** Operator:
# nquan = 14
# nvalues = 6511                                  
# units = specified
# name 0 = depSM: Depth [salt water, m], lat = 59.60
# name 1 = t090C: Temperature [ITS-90, deg C]
# name 2 = sal00: Salinity, Practical [PSU]
# name 3 = sigma-t00: Density [sigma-t, kg/m^3 ]
# name 4 = flSP: Fluorescence, Seapoint
# name 5 = wetStar: Fluorescence, WET Labs WETstar [mg/m^3]
# name 6 = seaTurbMtr: Turbidity, Seapoint [FTU]
# name 7 = svCM: Sound Velocity [Chen-Millero, m/s]
# name 8 = sbeox0PS: Oxygen, SBE 43 [% saturation]
# name 9 = sbeox0Mg/L: Oxygen, SBE 43 [mg/l]
# name 10 = timeJ: Julian Days
# name 11 = sbeox0ML/L: Oxygen, SBE 43 [ml/l]
# name 12 = prDM: Pressure, Digiquartz [db]
# name 13 = flag:  0.000e+00
# span 0 =     -0.119,    103.122                 
# span 1 =     2.4742,     7.8785                 
# span 2 =     9.4036,    34.4475                 
# span 3 =     7.5034,    26.9555                 
# span 4 = 1.3431e-01, 2.2222e+00                 
# span 5 =     0.1273,     0.1310                 
# span 6 =      0.011,      0.018                 
# span 7 =    1426.88,    1482.59                 
# span 8 =     65.531,     77.808                 
# span 9 =     6.2259,     9.4411                 
# span 10 =  71.493380,  71.496519                
# span 11 =     4.3565,     6.6063                
# span 12 =     -0.120,    104.127                
# span 13 = 0.0000e+00, 0.0000e+00                
# interval = seconds: 0.0416667
# start_time = Mar 12 2019 11:50:28 [System UpLoad Time]
# bad_flag = -9.990e-29
*END*
[from data line 620]
      1.625     3.4850    17.6600    14.0483 5.0061e-01     0.1285      0.011    1442.15     74.583     8.7946  71.493679     6.1540      1.641  0.000e+00
      1.625     3.4911    17.7064    14.0849 4.8840e-01     0.1273      0.015    1442.24     74.612     8.7939  71.493679     6.1534      1.641  0.000e+00
      1.637     3.4954    17.7739    14.1383 4.8840e-01     0.1273      0.011    1442.34     74.630     8.7910  71.493680     6.1514      1.652  0.000e+00
      1.661     3.4994    17.8280    14.1811 4.8840e-01     0.1273      0.015    1442.43     74.654     8.7897  71.493680     6.1505      1.677  0.000e+00
      1.661     3.5032    17.8586    14.2052 4.8840e-01     0.1273      0.015    1442.49     74.666     8.7885  71.493681     6.1496      1.677  0.000e+00
      1.672     3.5060    17.8771    14.2197 5.1282e-01     0.1273      0.011    1442.52     74.739     8.7953  71.493681     6.1544      1.688  0.000e+00
      1.696     3.5068    17.8909    14.2306 5.3724e-01     0.1273      0.011    1442.55     74.764     8.7972  71.493682     6.1558      1.713  0.000e+00
      1.721     3.5060    17.8927    14.2321 6.2271e-01     0.1285      0.015    1442.54     74.776     8.7988  71.493682     6.1569      1.737  0.000e+00
      1.721     3.5046    17.8912    14.2310 6.2271e-01     0.1285      0.015    1442.54     74.786     8.8003  71.493682     6.1580      1.737  0.000e+00
      1.732     3.5031    17.8879    14.2285 5.9829e-01     0.1273      0.015    1442.53     74.802     8.8027  71.493683     6.1596      1.749  0.000e+00
      1.743     3.5032    17.8773    14.2201 5.6166e-01     0.1273      0.011    1442.51     74.814     8.8047  71.493683     6.1610      1.760  0.000e+00
      1.756     3.5028    17.8716    14.2156 5.4945e-01     0.1285      0.011    1442.50     74.814     8.8052  71.493684     6.1613      1.773  0.000e+00
      1.768     3.5033    17.8752    14.2184 5.2503e-01     0.1285      0.015    1442.51     74.820     8.8056  71.493684     6.1616      1.784  0.000e+00
      1.792     3.5043    17.8843    14.2255 5.2503e-01     0.1285      0.011    1442.53     74.886     8.8126  71.493685     6.1665      1.809  0.000e+00
      1.803     3.5060    17.9028    14.2401 5.2503e-01     0.1273      0.015    1442.56     74.831     8.8046  71.493685     6.1610      1.820  0.000e+00
      1.816     3.5065    17.9255    14.2582 5.4945e-01     0.1285      0.015    1442.59     74.891     8.8102  71.493686     6.1649      1.833  0.000e+00
      1.803     3.5068    17.9396    14.2694 5.9829e-01     0.1285      0.015    1442.61     74.893     8.8096  71.493686     6.1644      1.820  0.000e+00
      1.839     3.5054    17.9430    14.2721 6.3492e-01     0.1273      0.011    1442.61     74.893     8.8096  71.493687     6.1645      1.856  0.000e+00
      1.839     3.5053    17.9459    14.2744 6.8376e-01     0.1273      0.011    1442.61     74.888     8.8090  71.493687     6.1640      1.856  0.000e+00
      1.852     3.5093    17.9559    14.2821 6.8376e-01     0.1273      0.015    1442.64     74.880     8.8065  71.493688     6.1622      1.869  0.000e+00
      1.863     3.5116    17.9795    14.3008 7.0818e-01     0.1273      0.011    1442.68     74.868     8.8032  71.493688     6.1599      1.881  0.000e+00
      1.876     3.5129    18.0158    14.3295 6.4713e-01     0.1273      0.011    1442.74     74.854     8.7990  71.493689     6.1570      1.894  0.000e+00
      1.876     3.5146    18.0527    14.3587 6.2271e-01     0.1273      0.015    1442.79     74.836     8.7943  71.493689     6.1538      1.894  0.000e+00
      1.899     3.5134    18.0820    14.3821 5.9829e-01     0.1273      0.015    1442.82     74.752     8.7830  71.493690     6.1458      1.917  0.000e+00
      1.912     3.5096    18.0980    14.3950 5.8608e-01     0.1285      0.015    1442.83     74.783     8.7866  71.493690     6.1483      1.930  0.000e+00
      1.912     3.5072    18.0957    14.3933 6.5934e-01     0.1273      0.011    1442.81     74.766     8.7852  71.493691     6.1474      1.930  0.000e+00
      1.912     3.5105    18.0824    14.3826 6.4713e-01     0.1285      0.011    1442.81     74.735     8.7816  71.493691     6.1449      1.930  0.000e+00
      1.934     3.5132    18.0758    14.3772 6.1050e-01     0.1285      0.011    1442.82     74.710     8.7785  71.493692     6.1427      1.953  0.000e+00
      1.934     3.5127    18.0779    14.3789 5.6166e-01     0.1273      0.015    1442.82     74.683     8.7753  71.493692     6.1405      1.953  0.000e+00
      1.923     3.5142    18.0791    14.3797 5.3724e-01     0.1273      0.015    1442.82     74.653     8.7713  71.493693     6.1377      1.941  0.000e+00
      1.947     3.5160    18.0762    14.3773 5.2503e-01     0.1273      0.015    1442.83     74.629     8.7683  71.493693     6.1355      1.966  0.000e+00
      1.959     3.5180    18.0650    14.3683 5.1282e-01     0.1273      0.015    1442.82     74.602     8.7653  71.493694     6.1335      1.977  0.000e+00
      1.972     3.5193    18.0463    14.3534 5.1282e-01     0.1285      0.015    1442.81     74.572     8.7627  71.493694     6.1316      1.990  0.000e+00
      1.972     3.5199    18.0089    14.3237 5.0061e-01     0.1285      0.015    1442.76     74.541     8.7611  71.493695     6.1305      1.990  0.000e+00
      1.983     3.5135    17.9473    14.2751 5.0061e-01     0.1285      0.015    1442.65     74.517     8.7634  71.493695     6.1321      2.002  0.000e+00
      1.983     3.5069    17.8900    14.2299 5.4945e-01     0.1273      0.015    1442.55     74.491     8.7652  71.493696     6.1334      2.002  0.000e+00
      1.983     3.4999    17.8592    14.2058 5.4945e-01     0.1273      0.015    1442.48     74.472     8.7664  71.493696     6.1342      2.002  0.000e+00
      1.994     3.4935    17.8416    14.1922 5.1282e-01     0.1273      0.015    1442.43     74.452     8.7664  71.493696     6.1342      2.013  0.000e+00
      2.007     3.4909    17.8278    14.1813 5.0061e-01     0.1273      0.011    1442.40     74.428     8.7651  71.493697     6.1333      2.026  0.000e+00
      2.007     3.4902    17.8226    14.1772 5.2503e-01     0.1285      0.015    1442.39     74.403     8.7625  71.493697     6.1315      2.026  0.000e+00
      2.019     3.4875    17.8232    14.1779 5.2503e-01     0.1285      0.015    1442.38     74.385     8.7610  71.493698     6.1304      2.038  0.000e+00
      2.019     3.4858    17.8207    14.1759 5.0061e-01     0.1285      0.015    1442.37     74.356     8.7581  71.493698     6.1284      2.038  0.000e+00
      2.019     3.4842    17.8125    14.1695 4.8840e-01     0.1273      0.015    1442.35     74.335     8.7564  71.493699     6.1272      2.038  0.000e+00
      2.030     3.4807    17.7983    14.1584 5.0061e-01     0.1285      0.015    1442.32     74.312     8.7554  71.493699     6.1265      2.049  0.000e+00
      2.043     3.4747    17.7722    14.1380 5.0061e-01     0.1273      0.015    1442.26     74.298     8.7566  71.493700     6.1274      2.062  0.000e+00
      2.043     3.4705    17.7264    14.1018 5.1282e-01     0.1285      0.011    1442.18     74.282     8.7584  71.493700     6.1286      2.062  0.000e+00
      2.043     3.4667    17.6763    14.0622 5.1282e-01     0.1285      0.015    1442.10     74.329     8.7677  71.493701     6.1352      2.062  0.000e+00
      2.054     3.4639    17.6402    14.0336 5.2503e-01     0.1273      0.011    1442.04     74.265     8.7630  71.493701     6.1318      2.074  0.000e+00
      2.067     3.4625    17.6247    14.0214 5.2503e-01     0.1285      0.015    1442.01     74.318     8.7705  71.493702     6.1371      2.087  0.000e+00
      2.067     3.4606    17.6178    14.0160 5.2503e-01     0.1273      0.015    1442.00     74.315     8.7710  71.493702     6.1374      2.087  0.000e+00
      2.078     3.4602    17.6092    14.0092 5.2503e-01     0.1273      0.015    1441.98     74.312     8.7711  71.493703     6.1375      2.098  0.000e+00
      2.078     3.4618    17.5993    14.0012 5.9829e-01     0.1285      0.015    1441.98     74.306     8.7707  71.493703     6.1372      2.098  0.000e+00
      2.078     3.4602    17.5923    13.9958 6.1050e-01     0.1273      0.011    1441.96     74.300     8.7708  71.493704     6.1373      2.098  0.000e+00
      2.090     3.4575    17.5805    13.9866 6.1050e-01     0.1273      0.015    1441.93     74.293     8.7713  71.493704     6.1376      2.110  0.000e+00
      2.090     3.4561    17.5610    13.9711 7.0818e-01     0.1285      0.011    1441.90     74.294     8.7729  71.493705     6.1387      2.110  0.000e+00
      2.103     3.4538    17.5466    13.9598 8.1807e-01     0.1273      0.011    1441.87     74.358     8.7818  71.493705     6.1450      2.123  0.000e+00
      2.114     3.4544    17.5421    13.9562 8.9133e-01     0.1273      0.015    1441.87     74.303     8.7754  71.493706     6.1405      2.134  0.000e+00
      2.114     3.4550    17.5607    13.9709 8.3028e-01     0.1273      0.011    1441.90     74.301     8.7739  71.493706     6.1395      2.134  0.000e+00
      2.125     3.4664    17.6231    14.0200 6.9597e-01     0.1285      0.015    1442.03     74.360     8.7746  71.493707     6.1399      2.146  0.000e+00
      2.138     3.4800    17.7408    14.1127 6.3492e-01     0.1285      0.015    1442.24     74.362     8.7649  71.493707     6.1331      2.159  0.000e+00
      2.138     3.4849    17.8960    14.2358 6.1050e-01     0.1273      0.015    1442.46     74.365     8.7549  71.493708     6.1262      2.159  0.000e+00
      2.150     3.4878    18.0410    14.3508 6.5934e-01     0.1273      0.015    1442.66     74.368     8.7460  71.493708     6.1199      2.170  0.000e+00
      2.150     3.4885    18.1293    14.4209 6.4713e-01     0.1273      0.015    1442.78     74.442     8.7493  71.493709     6.1223      2.170  0.000e+00
      2.174     3.4799    18.1413    14.4308 5.9829e-01     0.1273      0.015    1442.76     74.454     8.7519  71.493709     6.1241      2.195  0.000e+00
      2.163     3.4863    18.1213    14.4147 5.8608e-01     0.1273      0.015    1442.76     74.470     8.7535  71.493709     6.1252      2.183  0.000e+00
      2.185     3.5016    18.1862    14.4654 5.8608e-01     0.1273      0.015    1442.91     74.483     8.7479  71.493710     6.1212      2.206  0.000e+00
      2.198     3.5185    18.3501    14.5948 5.9829e-01     0.1285      0.015    1443.20     74.495     8.7358  71.493710     6.1128      2.219  0.000e+00
      2.198     3.5324    18.5192    14.7283 6.5934e-01     0.1285      0.015    1443.47     74.506     8.7240  71.493711     6.1046      2.219  0.000e+00
      2.210     3.5674    18.6995    14.8697 6.8376e-01     0.1285      0.015    1443.86     74.512     8.7064  71.493711     6.0922      2.230  0.000e+00
      2.221     3.5930    18.9826    15.0931 6.7155e-01     0.1285      0.015    1444.34     74.519     8.6848  71.493712     6.0771      2.242  0.000e+00
      2.234     3.6235    19.3272    15.3650 6.5934e-01     0.1273      0.015    1444.91     74.524     8.6585  71.493712     6.0587      2.255  0.000e+00
      2.234     3.6485    19.6111    15.5889 6.4713e-01     0.1285      0.015    1445.39     74.528     8.6369  71.493713     6.0436      2.255  0.000e+00
      2.258     3.6529    19.7442    15.6944 6.2271e-01     0.1273      0.015    1445.58     74.527     8.6280  71.493713     6.0374      2.280  0.000e+00
      2.269     3.6632    19.8237    15.7569 5.9829e-01     0.1285      0.015    1445.72     74.595     8.6291  71.493714     6.0381      2.291  0.000e+00
      2.269     3.6831    20.0542    15.9386 6.3492e-01     0.1285      0.015    1446.11     74.606     8.6125  71.493714     6.0265      2.291  0.000e+00
      2.281     3.7133    20.4199    16.2271 6.4713e-01     0.1285      0.015    1446.71     74.613     8.5855  71.493715     6.0076      2.302  0.000e+00
      2.294     3.7302    20.7299    16.4721 6.4713e-01     0.1273      0.015    1447.18     74.621     8.5648  71.493715     5.9931      2.315  0.000e+00
      2.305     3.7472    20.8546    16.5700 6.9597e-01     0.1285      0.015    1447.41     74.627     8.5547  71.493716     5.9861      2.327  0.000e+00
      2.305     3.7675    20.9220    16.6223 6.9597e-01     0.1273      0.015    1447.59     74.632     8.5469  71.493716     5.9806      2.327  0.000e+00
      2.341     3.7843    21.0114    16.6922 6.7155e-01     0.1285      0.015    1447.78     74.699     8.5458  71.493717     5.9799      2.363  0.000e+00
      2.341     3.8004    21.1184    16.7761 6.5934e-01     0.1273      0.015    1447.99     74.709     8.5374  71.493717     5.9740      2.363  0.000e+00
      2.341     3.8164    21.2476    16.8776 6.4713e-01     0.1285      0.015    1448.22     74.718     8.5275  71.493718     5.9671      2.363  0.000e+00
      2.354     3.8265    21.3924    16.9918 6.8376e-01     0.1273      0.015    1448.45     74.726     8.5180  71.493718     5.9604      2.376  0.000e+00
      2.376     3.8330    21.4970    17.0743 6.9597e-01     0.1273      0.015    1448.61     74.734     8.5114  71.493719     5.9558      2.399  0.000e+00
      2.376     3.8368    21.5604    17.1244 6.8376e-01     0.1273      0.015    1448.71     74.740     8.5076  71.493719     5.9531      2.399  0.000e+00
      2.389     3.8402    21.5969    17.1532 6.8376e-01     0.1273      0.015    1448.77     74.744     8.5053  71.493720     5.9515      2.412  0.000e+00
      2.412     3.8441    21.6296    17.1788 6.8376e-01     0.1273      0.015    1448.83     74.746     8.5028  71.493720     5.9498      2.435  0.000e+00
      2.412     3.8468    21.6713    17.2118 7.2039e-01     0.1285      0.015    1448.90     74.747     8.4999  71.493721     5.9477      2.435  0.000e+00
      2.412     3.8485    21.7126    17.2444 7.3260e-01     0.1285      0.015    1448.96     74.809     8.5043  71.493721     5.9508      2.435  0.000e+00
      2.449     3.8486    21.7366    17.2634 7.0818e-01     0.1273      0.015    1448.99     74.815     8.5036  71.493722     5.9503      2.472  0.000e+00
      2.449     3.8479    21.7383    17.2648 6.7155e-01     0.1273      0.015    1448.99     74.819     8.5040  71.493722     5.9506      2.472  0.000e+00
      2.460     3.8489    21.7316    17.2594 6.3492e-01     0.1285      0.015    1448.98     74.820     8.5044  71.493723     5.9508      2.484  0.000e+00
      2.472     3.8508    21.7446    17.2696 5.9829e-01     0.1285      0.015    1449.01     74.819     8.5031  71.493723     5.9500      2.495  0.000e+00
      2.485     3.8555    21.7804    17.2977 5.8608e-01     0.1285      0.015    1449.08     74.815     8.4996  71.493723     5.9475      2.508  0.000e+00
      2.496     3.8605    21.8356    17.3412 5.8608e-01     0.1285      0.015    1449.17     74.809     8.4947  71.493724     5.9441      2.520  0.000e+00
      2.507     3.8636    21.9025    17.3941 5.7387e-01     0.1285      0.015    1449.27     74.811     8.4904  71.493724     5.9411      2.531  0.000e+00
      2.520     3.8675    21.9729    17.4497 5.7387e-01     0.1273      0.015    1449.37     74.801     8.4844  71.493725     5.9369      2.544  0.000e+00
      2.532     3.8719    22.0543    17.5140 5.8608e-01     0.1273      0.015    1449.50     74.798     8.4785  71.493725     5.9327      2.556  0.000e+00
      2.545     3.8764    22.1321    17.5753 5.8608e-01     0.1285      0.015    1449.62     74.793     8.4725  71.493726     5.9286      2.569  0.000e+00
      2.556     3.8779    22.1831    17.6157 6.2271e-01     0.1285      0.015    1449.69     74.851     8.4758  71.493726     5.9308      2.580  0.000e+00
      2.580     3.8756    22.1567    17.5950 7.6923e-01     0.1285      0.015    1449.65     74.852     8.4779  71.493727     5.9324      2.605  0.000e+00
      2.580     3.8698    22.0512    17.5117 8.7912e-01     0.1285      0.015    1449.49     74.852     8.4852  71.493727     5.9374      2.605  0.000e+00
