RAWDATA/20190311/VT67_20190312_down.cnv
* Sea-Bird SBE 9 Data File:
* FileName = C:\CTD Brukere\NIVA\OKOKYST2019\20190311\VT67_20190312.hex
* Software Version Seasave V 7.23.2
* Temperature SN = 5352
* Conductivity SN = 3840
* Number of Bytes Per Scan = 28
* Number of Voltage Words = 4
* Number of Scans Averaged by the Deck Unit = 1
* NMEA baud rate = 4800
** Ship: R/V Trygve Braarud
** Cruise:
** Station:
** Operator:
# nquan = 14
# nvalues = 6511                                  
# units = specified
# name 0 = depSM: Depth [salt water, m], lat = 59.60
# name 1 = t090C: Temperature [ITS-90, deg C]
# name 2 = sal00: Salinity, Practical [PSU]
# name 3 = sigma-t00: Density [sigma-t, kg/m^3 ]
# name 4 = flSP: Fluorescence, Seapoint
# name 5 = wetStar: Fluorescence, WET Labs WETstar [mg/m^3]
# name 6 = seaTurbMtr: Turbidity, Seapoint [FTU]
# name 7 = svCM: Sound Velocity [Chen-Millero, m/s]
# name 8 = sbeox0PS: Oxygen, SBE 43 [% saturation]
# name 9 = sbeox0Mg/L: Oxygen, SBE 43 [mg/l]
# name 10 = timeJ: Julian Days
# name 11 = sbeox0ML/L: Oxygen, SBE 43 [ml/l]
# name 12 = prDM: Pressure, Digiquartz [db]
# name 13 = flag:  0.000e+00
# span 0 =     -0.119,    103.122                 
# span 1 =     2.4742,     7.8785                 
# span 2 =     9.4036,    34.4475                 
# span 3 =     7.5034,    26.9555                 
# span 4 = 1.3431e-01, 2.2222e+00                 
# span 5 =     0.1273,     0.1310                 
# span 6 =      0.011,      0.018                 
# span 7 =    1426.88,    1482.59                 
# span 8 =     65.531,     77.808                 
# span 9 =     6.2259,     9.4411                 
# span 10 =  71.493380,  71.496519                
# span 11 =     4.3565,     6.6063                
# span 12 =     -0.120,    104.127                
# span 13 = 0.0000e+00, 0.0000e+00                
# interval = seconds: 0.0416667
# start_time = Mar 12 2019 11:50:28 [System UpLoad Time]
# bad_flag = -9.990e-29
*END*
[from data line 1136]
      6.805     4.1313    28.1604    22.3386 6.3492e-01     0.1285      0.015    1458.50     77.693     8.3970  71.493927     5.8757      6.870  0.000e+00
      6.809     4.1304    28.1635    22.3412 6.4713e-01     0.1285      0.015    1458.50     77.685     8.3962  71.493928     5.8752      6.873  0.000e+00
      6.831     4.1300    28.1656    22.3429 7.4481e-01     0.1285      0.015    1458.50     77.677     8.3953  71.493928     5.8745      6.896  0.000e+00
      6.828     4.1295    28.1691    22.3457 7.9365e-01     0.1285      0.015    1458.50     77.668     8.3941  71.493929     5.8737      6.893  0.000e+00
      6.844     4.1295    28.1740    22.3496 7.0818e-01     0.1298      0.015    1458.51     77.657     8.3927  71.493929     5.8727      6.909  0.000e+00
      6.864     4.1298    28.1834    22.3571 6.2271e-01     0.1285      0.015    1458.52     77.645     8.3909  71.493930     5.8714      6.929  0.000e+00
      6.869     4.1300    28.1996    22.3699 5.6166e-01     0.1285      0.015    1458.55     77.632     8.3885  71.493930     5.8698      6.934  0.000e+00
      6.877     4.1305    28.2176    22.3841 5.6166e-01     0.1285      0.015    1458.57     77.627     8.3869  71.493931     5.8686      6.942  0.000e+00
      6.891     4.1311    28.2363    22.3989 6.8376e-01     0.1285      0.015    1458.60     77.622     8.3851  71.493931     5.8674      6.957  0.000e+00
      6.904     4.1324    28.2560    22.4144 7.3260e-01     0.1273      0.015    1458.63     77.615     8.3830  71.493932     5.8659      6.970  0.000e+00
      6.912     4.1332    28.2731    22.4280 6.7155e-01     0.1285      0.015    1458.65     77.608     8.3811  71.493932     5.8646      6.978  0.000e+00
      6.927     4.1344    28.2938    22.4442 6.1050e-01     0.1285      0.015    1458.69     77.537     8.3720  71.493933     5.8582      6.993  0.000e+00
      6.937     4.1377    28.3215    22.4660 6.3492e-01     0.1285      0.015    1458.74     77.583     8.3747  71.493933     5.8601      7.002  0.000e+00
      6.940     4.1405    28.3489    22.4874 6.8376e-01     0.1285      0.018    1458.78     77.582     8.3725  71.493934     5.8586      7.006  0.000e+00
      6.948     4.1438    28.3663    22.5010 6.7155e-01     0.1285      0.015    1458.82     77.572     8.3698  71.493934     5.8567      7.014  0.000e+00
      6.975     4.1473    28.3800    22.5116 6.5934e-01     0.1285      0.015    1458.85     77.508     8.3613  71.493935     5.8508      7.042  0.000e+00
      6.975     4.1509    28.4007    22.5277 7.0818e-01     0.1285      0.015    1458.89     77.498     8.3583  71.493935     5.8487      7.042  0.000e+00
      6.984     4.1543    28.4231    22.5451 7.4481e-01     0.1285      0.015    1458.94     77.487     8.3553  71.493936     5.8465      7.050  0.000e+00
      6.987     4.1567    28.4413    22.5593 7.2039e-01     0.1285      0.015    1458.97     77.531     8.3585  71.493936     5.8488      7.053  0.000e+00
      7.008     4.1586    28.4556    22.5705 6.7155e-01     0.1285      0.015    1459.00     77.466     8.3503  71.493937     5.8430      7.074  0.000e+00
      7.011     4.1608    28.4633    22.5764 6.5934e-01     0.1285      0.015    1459.02     77.519     8.3551  71.493937     5.8464      7.078  0.000e+00
      7.019     4.1629    28.4715    22.5828 6.1050e-01     0.1298      0.015    1459.04     77.453     8.3471  71.493938     5.8408      7.086  0.000e+00
      7.035     4.1642    28.4808    22.5900 6.3492e-01     0.1285      0.015    1459.05     77.443     8.3451  71.493938     5.8394      7.102  0.000e+00
      7.011     4.1647    28.4886    22.5962 6.8376e-01     0.1285      0.015    1459.07     77.431     8.3434  71.493939     5.8382      7.078  0.000e+00
      7.079     4.1657    28.4931    22.5996 8.0586e-01     0.1298      0.015    1459.08     77.421     8.3419  71.493939     5.8371      7.146  0.000e+00
      7.060     4.1674    28.4986    22.6038 9.7680e-01     0.1285      0.015    1459.09     77.410     8.3400  71.493940     5.8358      7.127  0.000e+00
      7.068     4.1692    28.5058    22.6094 9.1575e-01     0.1285      0.015    1459.11     77.399     8.3380  71.493940     5.8345      7.135  0.000e+00
      7.082     4.1706    28.5163    22.6177 7.9365e-01     0.1285      0.015    1459.13     77.388     8.3360  71.493940     5.8330      7.150  0.000e+00
      7.092     4.1715    28.5311    22.6293 7.3260e-01     0.1285      0.015    1459.15     77.378     8.3338  71.493941     5.8315      7.159  0.000e+00
      7.095     4.1732    28.5517    22.6455 7.2039e-01     0.1285      0.018    1459.18     77.367     8.3312  71.493941     5.8297      7.163  0.000e+00
      7.103     4.1746    28.5790    22.6670 7.6923e-01     0.1285      0.015    1459.22     77.365     8.3291  71.493942     5.8282      7.171  0.000e+00
      7.107     4.1748    28.5915    22.6769 8.3028e-01     0.1285      0.015    1459.24     77.354     8.3273  71.493942     5.8269      7.174  0.000e+00
      7.128     4.1750    28.5946    22.6794 8.5470e-01     0.1285      0.015    1459.25     77.353     8.3269  71.493943     5.8267      7.195  0.000e+00
      7.131     4.1760    28.6146    22.6951 7.4481e-01     0.1285      0.018    1459.28     77.343     8.3245  71.493943     5.8250      7.199  0.000e+00
      7.142     4.1811    28.6541    22.7260 6.2271e-01     0.1273      0.015    1459.35     77.341     8.3210  71.493944     5.8226      7.210  0.000e+00
      7.163     4.1860    28.7142    22.7733 6.1050e-01     0.1285      0.015    1459.45     77.340     8.3165  71.493944     5.8194      7.231  0.000e+00
      7.155     4.1894    28.7753    22.8215 7.0818e-01     0.1285      0.015    1459.54     77.330     8.3113  71.493945     5.8158      7.223  0.000e+00
      7.163     4.1943    28.8268    22.8619 7.0818e-01     0.1285      0.018    1459.63     77.320     8.3064  71.493945     5.8123      7.231  0.000e+00
      7.178     4.2000    28.8721    22.8974 7.0818e-01     0.1285      0.015    1459.71     77.318     8.3026  71.493946     5.8096      7.246  0.000e+00
      7.199     4.2033    28.9027    22.9213 6.8376e-01     0.1285      0.018    1459.76     77.318     8.3001  71.493946     5.8080      7.267  0.000e+00
      7.191     4.2036    28.8994    22.9187 6.4713e-01     0.1285      0.015    1459.76     77.318     8.3003  71.493947     5.8081      7.259  0.000e+00
      7.210     4.2025    28.8920    22.9129 6.5934e-01     0.1298      0.015    1459.74     77.256     8.2943  71.493947     5.8039      7.279  0.000e+00
      7.215     4.2031    28.9080    22.9256 6.5934e-01     0.1285      0.015    1459.77     77.312     8.2993  71.493948     5.8073      7.284  0.000e+00
      7.235     4.2053    28.9465    22.9559 6.2271e-01     0.1285      0.015    1459.83     77.314     8.2968  71.493948     5.8056      7.303  0.000e+00
      7.238     4.2077    28.9820    22.9839 5.6166e-01     0.1285      0.015    1459.88     77.307     8.2936  71.493949     5.8034      7.307  0.000e+00
      7.251     4.2073    28.9968    22.9956 5.4945e-01     0.1285      0.015    1459.90     77.309     8.2931  71.493949     5.8030      7.320  0.000e+00
      7.270     4.2058    29.0101    23.0063 6.2271e-01     0.1298      0.015    1459.91     77.312     8.2930  71.493950     5.8029      7.339  0.000e+00
      7.262     4.2041    29.0391    23.0295 6.5934e-01     0.1285      0.015    1459.94     77.315     8.2920  71.493950     5.8023      7.331  0.000e+00
      7.283     4.2023    29.0771    23.0598 7.4481e-01     0.1285      0.015    1459.98     77.319     8.2907  71.493951     5.8013      7.352  0.000e+00
      7.298     4.2001    29.1060    23.0829 7.8144e-01     0.1273      0.015    1460.01     77.323     8.2899  71.493951     5.8008      7.367  0.000e+00
      7.294     4.1967    29.1286    23.1012 7.5702e-01     0.1285      0.015    1460.02     77.327     8.2898  71.493952     5.8007      7.364  0.000e+00
      7.311     4.1929    29.1546    23.1222 6.8376e-01     0.1285      0.015    1460.04     77.332     8.2897  71.493952     5.8007      7.380  0.000e+00
      7.330     4.1900    29.1746    23.1383 6.1050e-01     0.1285      0.015    1460.06     77.338     8.2898  71.493953     5.8007      7.400  0.000e+00
      7.333     4.1863    29.1934    23.1536 5.6166e-01     0.1285      0.015    1460.06     77.280     8.2833  71.493953     5.7962      7.403  0.000e+00
      7.341     4.1830    29.2213    23.1760 5.3724e-01     0.1285      0.015    1460.09     77.341     8.2889  71.493954     5.8001      7.411  0.000e+00
      7.358     4.1820    29.2509    23.1996 5.4945e-01     0.1285      0.015    1460.12     77.348     8.2882  71.493954     5.7996      7.427  0.000e+00
      7.379     4.1837    29.2761    23.2195 5.4945e-01     0.1285      0.015    1460.16     77.354     8.2871  71.493954     5.7988      7.449  0.000e+00
      7.382     4.1873    29.3010    23.2389 5.0061e-01     0.1285      0.015    1460.21     77.360     8.2856  71.493955     5.7978      7.452  0.000e+00
      7.379     4.1933    29.3278    23.2596 4.8840e-01     0.1285      0.015    1460.27     77.366     8.2836  71.493955     5.7964      7.449  0.000e+00
      7.429     4.2031    29.3479    23.2747 4.7619e-01     0.1285      0.018    1460.33     77.309     8.2744  71.493956     5.7899      7.499  0.000e+00
      7.414     4.2100    29.3607    23.2842 4.7619e-01     0.1285      0.015    1460.38     77.299     8.2712  71.493956     5.7877      7.485  0.000e+00
      7.429     4.2198    29.3693    23.2901 4.8840e-01     0.1285      0.015    1460.43     77.297     8.2685  71.493957     5.7858      7.499  0.000e+00
      7.429     4.2279    29.3824    23.2997 4.8840e-01     0.1285      0.015    1460.48     77.297     8.2661  71.493957     5.7841      7.499  0.000e+00
      7.461     4.2355    29.3908    23.3058 5.1282e-01     0.1285      0.015    1460.53     77.297     8.2641  71.493958     5.7827      7.532  0.000e+00
      7.466     4.2400    29.3971    23.3103 5.1282e-01     0.1285      0.018    1460.55     77.290     8.2621  71.493958     5.7813      7.537  0.000e+00
      7.461     4.2436    29.4028    23.3145 5.1282e-01     0.1285      0.015    1460.58     77.283     8.2603  71.493959     5.7801      7.532  0.000e+00
      7.489     4.2456    29.4051    23.3161 4.7619e-01     0.1298      0.015    1460.59     77.276     8.2591  71.493959     5.7792      7.560  0.000e+00
      7.497     4.2479    29.4076    23.3179 4.5177e-01     0.1285      0.015    1460.60     77.279     8.2588  71.493960     5.7790      7.568  0.000e+00
      7.489     4.2528    29.4153    23.3235 5.2503e-01     0.1285      0.018    1460.63     77.273     8.2568  71.493960     5.7776      7.560  0.000e+00
      7.521     4.2595    29.4253    23.3308 6.1050e-01     0.1285      0.015    1460.67     77.277     8.2552  71.493961     5.7765      7.593  0.000e+00
      7.537     4.2670    29.4353    23.3381 6.2271e-01     0.1285      0.015    1460.72     77.272     8.2526  71.493961     5.7747      7.609  0.000e+00
      7.532     4.2734    29.4453    23.3454 6.8376e-01     0.1285      0.015    1460.76     77.267     8.2503  71.493962     5.7730      7.604  0.000e+00
      7.549     4.2785    29.4527    23.3509 8.1807e-01     0.1285      0.015    1460.79     77.263     8.2484  71.493962     5.7718      7.620  0.000e+00
      7.557     4.2811    29.4568    23.3538 8.0586e-01     0.1285      0.015    1460.80     77.260     8.2473  71.493963     5.7710      7.629  0.000e+00
      7.573     4.2823    29.4596    23.3560 6.8376e-01     0.1285      0.018    1460.81     77.195     8.2399  71.493963     5.7658      7.645  0.000e+00
      7.570     4.2830    29.4637    23.3592 5.9829e-01     0.1285      0.015    1460.82     77.247     8.2452  71.493964     5.7695      7.642  0.000e+00
      7.597     4.2863    29.4702    23.3640 5.3724e-01     0.1285      0.015    1460.84     77.245     8.2440  71.493964     5.7686      7.669  0.000e+00
      7.592     4.2913    29.4820    23.3729 6.2271e-01     0.1285      0.015    1460.88     77.243     8.2421  71.493965     5.7673      7.665  0.000e+00
      7.622     4.2970    29.4976    23.3848 6.2271e-01     0.1298      0.015    1460.92     77.179     8.2332  71.493965     5.7611      7.694  0.000e+00
      7.617     4.3016    29.5078    23.3924 5.6166e-01     0.1285      0.015    1460.96     77.233     8.2374  71.493966     5.7641      7.689  0.000e+00
      7.622     4.3040    29.5126    23.3960 5.0061e-01     0.1285      0.015    1460.97     77.170     8.2300  71.493966     5.7589      7.694  0.000e+00
      7.641     4.3058    29.5167    23.3991 4.5177e-01     0.1285      0.015    1460.99     77.162     8.2286  71.493967     5.7579      7.714  0.000e+00
      7.644     4.3072    29.5197    23.4013 4.3956e-01     0.1285      0.015    1461.00     77.155     8.2274  71.493967     5.7571      7.717  0.000e+00
      7.652     4.3080    29.5230    23.4039 4.5177e-01     0.1285      0.015    1461.00     77.149     8.2264  71.493967     5.7563      7.725  0.000e+00
      7.668     4.3104    29.5284    23.4079 4.7619e-01     0.1298      0.018    1461.02     77.144     8.2250  71.493968     5.7554      7.741  0.000e+00
      7.677     4.3128    29.5349    23.4129 4.7619e-01     0.1285      0.015    1461.04     77.139     8.2237  71.493968     5.7544      7.750  0.000e+00
      7.680     4.3145    29.5396    23.4165 4.7619e-01     0.1285      0.015    1461.05     77.134     8.2226  71.493969     5.7537      7.753  0.000e+00
      7.677     4.3159    29.5437    23.4196 4.7619e-01     0.1285      0.015    1461.06     77.131     8.2217  71.493969     5.7531      7.750  0.000e+00
      7.704     4.3166    29.5469    23.4221 5.0061e-01     0.1285      0.015    1461.07     77.129     8.2212  71.493970     5.7527      7.777  0.000e+00
      7.712     4.3173    29.5491    23.4237 5.2503e-01     0.1285      0.015    1461.08     77.127     8.2207  71.493970     5.7524      7.785  0.000e+00
      7.717     4.3169    29.5497    23.4242 5.1282e-01     0.1285      0.015    1461.08     77.117     8.2197  71.493971     5.7517      7.790  0.000e+00
      7.712     4.3166    29.5513    23.4255 5.0061e-01     0.1285      0.015    1461.08     77.053     8.2129  71.493971     5.7469      7.785  0.000e+00
      7.740     4.3162    29.5564    23.4296 6.2271e-01     0.1285      0.015    1461.08     77.046     8.2119  71.493972     5.7462      7.813  0.000e+00
      7.736     4.3160    29.5630    23.4348 6.3492e-01     0.1298      0.015    1461.09     77.038     8.2108  71.493972     5.7454      7.810  0.000e+00
      7.753     4.3160    29.5748    23.4442 5.7387e-01     0.1285      0.015    1461.11     77.033     8.2095  71.493973     5.7445      7.826  0.000e+00
      7.761     4.3165    29.5885    23.4551 5.2503e-01     0.1285      0.015    1461.12     77.028     8.2081  71.493973     5.7436      7.835  0.000e+00
      7.764     4.3169    29.5984    23.4629 4.7619e-01     0.1285      0.015    1461.14     77.024     8.2071  71.493974     5.7428      7.838  0.000e+00
      7.772     4.3178    29.6066    23.4693 4.5177e-01     0.1285      0.015    1461.15     77.021     8.2061  71.493974     5.7422      7.846  0.000e+00
      7.788     4.3195    29.6159    23.4765 4.3956e-01     0.1285      0.015    1461.17     77.019     8.2051  71.493975     5.7414      7.862  0.000e+00
      7.796     4.3212    29.6253    23.4838 4.2735e-01     0.1285      0.015    1461.19     77.018     8.2041  71.493975     5.7408      7.871  0.000e+00
      7.808     4.3226    29.6360    23.4922 4.1514e-01     0.1285      0.015    1461.21     77.018     8.2033  71.493976     5.7402      7.882  0.000e+00
      7.800     4.3241    29.6452    23.4993 4.1514e-01     0.1285      0.015    1461.23     77.019     8.2026  71.493976     5.7397      7.874  0.000e+00
