RAWDATA/20190311/VT67_20190312_down_bin.cnv
* Sea-Bird SBE 9 Data File:
* FileName = C:\CTD Brukere\NIVA\OKOKYST2019\20190311\VT67_20190312.hex
* Software Version Seasave V 7.23.2
* Temperature SN = 5352
* Conductivity SN = 3840
* Number of Bytes Per Scan = 28
* Number of Voltage Words = 4
* Number of Scans Averaged by the Deck Unit = 1
* NMEA baud rate = 4800
** Ship: R/V Trygve Braarud
** Cruise:
** Station:
** Operator:
# nquan = 14
# nvalues = 104                         
# units = specified
# name 0 = depSM: Depth [salt water, m], lat = 59.60
# name 1 = t090C: Temperature [ITS-90, deg C]
# name 2 = sal00: Salinity, Practical [PSU]
# name 3 = sigma-t00: Density [sigma-t, kg/m^3 ]
# name 4 = flSP: Fluorescence, Seapoint
# name 5 = wetStar: Fluorescence, WET Labs WETstar [mg/m^3]
# name 6 = seaTurbMtr: Turbidity, Seapoint [FTU]
# name 7 = svCM: Sound Velocity [Chen-Millero, m/s]
# name 8 = sbeox0PS: Oxygen, SBE 43 [% saturation]
# name 9 = sbeox0Mg/L: Oxygen, SBE 43 [mg/l]
# name 10 = timeJ: Julian Days
# name 11 = sbeox0ML/L: Oxygen, SBE 43 [ml/l]
# name 12 = prDM: Pressure, Digiquartz [db]
# name 13 = flag: flag
# span 0 =      0.000,    103.000       
# span 1 =     2.4601,     7.8502       
# span 2 =     9.1309,    34.4464       
# span 3 =     7.2868,    26.9517       
# span 4 = 1.4438e-01, 1.1090e+00       
# span 5 =     0.1279,     0.1298       
# span 6 =      0.014,      0.018       
# span 7 =    1426.45,    1482.56       
# span 8 =     65.601,     77.560       
# span 9 =     6.2365,     9.4076       
# span 10 =  71.493494,  71.496402      
# span 11 =     4.3640,     6.5829      
# span 12 =      0.000,    104.003      
# span 13 = 0.0000e+00, 0.0000e+00      
# interval = meters: 1                  
# start_time = Mar 12 2019 11:50:28 [System UpLoad Time]
# bad_flag = -9.990e-29
*END*
      0.000     2.4601     9.1309     7.2868 4.1686e-01     0.1280      0.015    1426.45     73.313     9.4076  71.493494     6.5829      0.000 0.0000e+00
      1.000     2.9881    13.5671    10.8112 5.3850e-01     0.1282      0.015    1434.63     73.816     9.0666  71.493651     6.3442      1.009 0.0000e+00
      2.000     3.5509    18.5267    14.7324 5.9992e-01     0.1279      0.014    1443.56     74.568     8.7276  71.493698     6.1071      2.019 0.0000e+00
      3.000     3.9039    22.7137    18.0347 6.7648e-01     0.1282      0.015    1450.49     75.109     8.4692  71.493746     5.9263      3.029 0.0000e+00
      4.000     4.0963    25.9810    20.6123 7.6852e-01     0.1284      0.015    1455.51     75.957     8.3383  71.493796     5.8346      4.038 0.0000e+00
      5.000     4.1034    27.1405    21.5317 1.0412e+00     0.1285      0.015    1457.05     77.075     8.3934  71.493844     5.8732      5.047 0.0000e+00
      6.000     4.0922    27.5874    21.8873 1.1090e+00     0.1284      0.015    1457.59     77.560     8.4232  71.493890     5.8940      6.057 0.0000e+00
      7.000     4.1671    28.5663    22.6576 6.6034e-01     0.1285      0.015    1459.17     77.495     8.3456  71.493937     5.8397      7.066 0.0000e+00
      8.000     4.3509    29.7563    23.5849 5.2748e-01     0.1287      0.015    1461.49     76.826     8.1706  71.493984     5.7173      8.076 0.0000e+00
      9.000     4.4811    30.0149    23.7775 5.4782e-01     0.1288      0.016    1462.38     75.276     7.9666  71.494026     5.5746      9.085 0.0000e+00
     10.000     4.5789    30.3985    24.0722 5.1380e-01     0.1288      0.016    1463.29     74.115     7.8050  71.494068     5.4615     10.095 0.0000e+00
     11.000     4.6076    30.4882    24.1403 4.5344e-01     0.1288      0.016    1463.54     73.312     7.7104  71.494110     5.3953     11.105 0.0000e+00
     12.000     4.7098    30.7989    24.3763 4.3320e-01     0.1288      0.016    1464.38     73.302     7.6743  71.494152     5.3700     12.114 0.0000e+00
     13.000     4.6898    30.9799    24.5219 4.9928e-01     0.1289      0.016    1464.55     72.561     7.5913  71.494196     5.3119     13.124 0.0000e+00
     14.000     4.8438    31.1931    24.6749 4.1299e-01     0.1287      0.016    1465.47     72.926     7.5902  71.494238     5.3112     14.133 0.0000e+00
     15.000     4.9542    31.3761    24.8082 3.6853e-01     0.1289      0.016    1466.17     72.454     7.5120  71.494283     5.2565     15.143 0.0000e+00
     16.000     5.0271    31.5002    24.8987 3.3091e-01     0.1288      0.016    1466.65     71.500     7.3940  71.494325     5.1739     16.152 0.0000e+00
     17.000     5.0652    31.6800    25.0369 3.3250e-01     0.1289      0.016    1467.05     71.266     7.3543  71.494370     5.1461     17.162 0.0000e+00
     18.000     5.1261    31.7596    25.0933 3.1756e-01     0.1290      0.016    1467.42     71.400     7.3534  71.494415     5.1455     18.172 0.0000e+00
     19.000     5.1270    31.8557    25.1694 3.1377e-01     0.1290      0.017    1467.56     70.810     7.2879  71.494459     5.0996     19.181 0.0000e+00
     20.000     5.1285    31.9493    25.2433 2.8030e-01     0.1290      0.017    1467.70     70.852     7.2873  71.494502     5.0992     20.191 0.0000e+00
     21.000     5.1449    31.9998    25.2815 3.0407e-01     0.1288      0.016    1467.85     70.923     7.2893  71.494543     5.1006     21.200 0.0000e+00
     22.000     5.2105    32.1444    25.3886 2.6943e-01     0.1289      0.017    1468.32     71.116     7.2907  71.494569     5.1016     22.210 0.0000e+00
     23.000     5.1909    32.2942    25.5094 2.6579e-01     0.1290      0.017    1468.44     71.241     7.2996  71.494594     5.1078     23.219 0.0000e+00
     24.000     5.2114    32.4754    25.6506 2.5563e-01     0.1290      0.017    1468.77     70.854     7.2476  71.494615     5.0714     24.229 0.0000e+00
     25.000     5.2753    32.5816    25.7274 2.4556e-01     0.1289      0.017    1469.18     71.075     7.2540  71.494635     5.0759     25.239 0.0000e+00
     26.000     5.2623    32.6964    25.8198 2.6852e-01     0.1290      0.016    1469.29     71.366     7.2804  71.494657     5.0944     26.248 0.0000e+00
     27.000     5.2513    32.7759    25.8840 2.4855e-01     0.1288      0.016    1469.37     71.534     7.2956  71.494677     5.1050     27.258 0.0000e+00
     28.000     5.2630    32.7997    25.9015 2.6741e-01     0.1289      0.017    1469.46     71.435     7.2823  71.494700     5.0957     28.267 0.0000e+00
     29.000     5.3073    32.8719    25.9536 2.4639e-01     0.1291      0.017    1469.75     71.749     7.3031  71.494722     5.1103     29.277 0.0000e+00
     30.000     5.4575    33.0297    26.0610 2.2476e-01     0.1290      0.017    1470.58     71.897     7.2845  71.494742     5.0972     30.287 0.0000e+00
     31.000     5.4734    33.0850    26.1030 2.2863e-01     0.1292      0.017    1470.73     72.104     7.3000  71.494760     5.1081     31.296 0.0000e+00
     32.000     5.4658    33.0937    26.1107 2.2293e-01     0.1290      0.017    1470.72     72.107     7.3012  71.494781     5.1090     32.306 0.0000e+00
     33.000     5.4520    33.0980    26.1157 2.2654e-01     0.1290      0.017    1470.69     71.669     7.2590  71.494798     5.0794     33.316 0.0000e+00
     34.000     5.4331    33.1061    26.1244 2.3319e-01     0.1291      0.017    1470.64     71.430     7.2376  71.494817     5.0645     34.325 0.0000e+00
     35.000     5.4268    33.1239    26.1392 2.3165e-01     0.1290      0.017    1470.65     71.359     7.2307  71.494836     5.0596     35.335 0.0000e+00
     36.000     5.4312    33.1658    26.1719 2.4380e-01     0.1290      0.017    1470.74     71.503     7.2425  71.494855     5.0679     36.345 0.0000e+00
     37.000     5.4459    33.1944    26.1927 2.3335e-01     0.1293      0.017    1470.85     71.578     7.2462  71.494873     5.0705     37.354 0.0000e+00
     38.000     5.4747    33.2154    26.2060 2.2857e-01     0.1290      0.017    1471.01     71.749     7.2575  71.494895     5.0784     38.364 0.0000e+00
     39.000     5.5495    33.2680    26.2387 2.2072e-01     0.1292      0.017    1471.40     71.879     7.2553  71.494915     5.0768     39.374 0.0000e+00
     40.000     5.6531    33.3034    26.2544 2.1364e-01     0.1292      0.017    1471.87     71.956     7.2437  71.494935     5.0687     40.383 0.0000e+00
     41.000     5.7091    33.3360    26.2734 2.2329e-01     0.1292      0.017    1472.16     71.992     7.2361  71.494956     5.0634     41.393 0.0000e+00
     42.000     5.7899    33.3907    26.3069 2.0413e-01     0.1292      0.017    1472.57     71.712     7.1917  71.494977     5.0323     42.403 0.0000e+00
     43.000     5.9158    33.4490    26.3375 1.9740e-01     0.1293      0.017    1473.16     71.397     7.1363  71.494997     4.9936     43.412 0.0000e+00
     44.000     6.0583    33.5201    26.3760 1.9278e-01     0.1290      0.017    1473.83     71.300     7.0994  71.495018     4.9678     44.422 0.0000e+00
     45.000     6.2596    33.6334    26.4400 1.9309e-01     0.1291      0.017    1474.79     71.143     7.0454  71.495039     4.9300     45.432 0.0000e+00
     46.000     6.3602    33.6626    26.4501 1.8999e-01     0.1293      0.017    1475.24     70.970     7.0104  71.495059     4.9055     46.442 0.0000e+00
     47.000     6.3841    33.6688    26.4520 1.8511e-01     0.1291      0.017    1475.36     70.639     6.9736  71.495079     4.8797     47.451 0.0000e+00
     48.000     6.4185    33.6851    26.4604 1.8231e-01     0.1293      0.017    1475.53     70.013     6.9055  71.495101     4.8321     48.461 0.0000e+00
     49.000     6.4113    33.7227    26.4910 1.8905e-01     0.1292      0.017    1475.57     69.415     6.8460  71.495122     4.7904     49.471 0.0000e+00
     50.000     6.4469    33.7953    26.5435 1.9170e-01     0.1293      0.017    1475.82     69.453     6.8408  71.495142     4.7868     50.480 0.0000e+00
     51.000     6.2857    33.8112    26.5770 1.9914e-01     0.1293      0.017    1475.22     69.405     6.8611  71.495165     4.8010     51.490 0.0000e+00
     52.000     6.2207    33.8096    26.5841 1.9596e-01     0.1292      0.017    1474.98     69.368     6.8678  71.495185     4.8057     52.500 0.0000e+00
     53.000     6.1587    33.8163    26.5973 2.0458e-01     0.1293      0.017    1474.76     69.481     6.8886  71.495205     4.8202     53.510 0.0000e+00
     54.000     6.1422    33.8268    26.6077 1.9700e-01     0.1294      0.017    1474.72     69.927     6.9350  71.495226     4.8527     54.519 0.0000e+00
     55.000     6.2297    33.8586    26.6216 1.9962e-01     0.1293      0.017    1475.12     70.226     6.9490  71.495246     4.8625     55.529 0.0000e+00
     56.000     6.5321    33.9243    26.6340 1.8566e-01     0.1295      0.017    1476.41     70.634     6.9376  71.495267     4.8545     56.539 0.0000e+00
     57.000     6.8198    33.9781    26.6383 1.8319e-01     0.1295      0.017    1477.62     70.942     6.9192  71.495288     4.8417     57.549 0.0000e+00
     58.000     6.7709    34.0003    26.6624 1.7285e-01     0.1295      0.017    1477.48     71.024     6.9340  71.495311     4.8520     58.558 0.0000e+00
     59.000     6.7981    34.0148    26.6701 1.9720e-01     0.1294      0.017    1477.62     69.542     6.7844  71.495330     4.7473     59.568 0.0000e+00
     60.000     6.8233    34.0196    26.6706 1.7424e-01     0.1295      0.017    1477.74     68.757     6.7038  71.495352     4.6909     60.578 0.0000e+00
     61.000     6.7279    34.0206    26.6841 1.7972e-01     0.1295      0.017    1477.38     68.881     6.7306  71.495373     4.7097     61.588 0.0000e+00
     62.000     6.8116    34.0529    26.6983 1.7294e-01     0.1294      0.017    1477.77     68.604     6.6892  71.495394     4.6807     62.598 0.0000e+00
     63.000     7.0120    34.1247    26.7274 1.7118e-01     0.1293      0.018    1478.65     68.677     6.6624  71.495415     4.6620     63.607 0.0000e+00
     64.000     7.1905    34.1568    26.7282 1.6320e-01     0.1296      0.017    1479.40     68.992     6.6642  71.495435     4.6632     64.617 0.0000e+00
     65.000     7.2269    34.1737    26.7363 1.6747e-01     0.1295      0.017    1479.58     69.269     6.6846  71.495456     4.6775     65.627 0.0000e+00
     66.000     7.1296    34.1602    26.7393 1.6469e-01     0.1295      0.017    1479.20     68.089     6.5860  71.495477     4.6085     66.637 0.0000e+00
     67.000     7.0469    34.1667    26.7559 1.6978e-01     0.1295      0.017    1478.91     67.576     6.5485  71.495498     4.5823     67.647 0.0000e+00
     68.000     7.1362    34.1886    26.7608 1.7005e-01     0.1296      0.017    1479.29     67.103     6.4885  71.495518     4.5403     68.656 0.0000e+00
     69.000     7.2564    34.2249    26.7725 1.6617e-01     0.1296      0.017    1479.82     67.740     6.5305  71.495539     4.5697     69.666 0.0000e+00
     70.000     7.4575    34.2716    26.7808 1.6000e-01     0.1295      0.017    1480.67     67.897     6.5138  71.495561     4.5580     70.676 0.0000e+00
     71.000     7.5467    34.3011    26.7912 1.6204e-01     0.1295      0.017    1481.06     68.038     6.5128  71.495582     4.5573     71.686 0.0000e+00
     72.000     7.5942    34.3139    26.7945 1.6172e-01     0.1296      0.017    1481.28     67.458     6.4498  71.495603     4.5131     72.696 0.0000e+00
     73.000     7.7002    34.3476    26.8055 1.5509e-01     0.1297      0.017    1481.74     66.809     6.3710  71.495625     4.4581     73.706 0.0000e+00
     74.000     7.7017    34.3505    26.8076 1.5532e-01     0.1296      0.017    1481.77     66.324     6.3245  71.495646     4.4255     74.715 0.0000e+00
     75.000     7.6797    34.3549    26.8143 1.5951e-01     0.1296      0.017    1481.70     66.143     6.3102  71.495667     4.4155     75.725 0.0000e+00
     76.000     7.7389    34.3843    26.8287 1.7893e-01     0.1297      0.017    1481.98     65.664     6.2549  71.495688     4.3768     76.735 0.0000e+00
     77.000     7.8217    34.4123    26.8387 1.4758e-01     0.1296      0.017    1482.35     65.806     6.2555  71.495708     4.3773     77.745 0.0000e+00
     78.000     7.8280    34.4255    26.8481 1.4714e-01     0.1297      0.017    1482.41     66.017     6.2741  71.495727     4.3902     78.755 0.0000e+00
     79.000     7.7781    34.4281    26.8575 1.4652e-01     0.1297      0.017    1482.23     65.932     6.2730  71.495748     4.3895     79.765 0.0000e+00
     80.000     7.8103    34.4387    26.8611 1.4499e-01     0.1298      0.017    1482.39     65.601     6.2365  71.495767     4.3640     80.775 0.0000e+00
     81.000     7.8502    34.4464    26.8612 1.4448e-01     0.1296      0.017    1482.56     65.858     6.2551  71.495787     4.3769     81.785 0.0000e+00
     82.000     7.7805    34.4420    26.8680 1.4482e-01     0.1296      0.017    1482.31     66.242     6.3016  71.495808     4.4095     82.794 0.0000e+00
     83.000     7.6983    34.4382    26.8770 1.5492e-01     0.1296      0.017    1482.01     66.027     6.2930  71.495828     4.4035     83.804 0.0000e+00
     84.000     7.6299    34.4320    26.8822 1.4508e-01     0.1296      0.018    1481.76     65.886     6.2895  71.495848     4.4011     84.814 0.0000e+00
     85.000     7.5263    34.4235    26.8904 1.4621e-01     0.1297      0.017    1481.37     66.374     6.3514  71.495868     4.4443     85.824 0.0000e+00
     86.000     7.4715    34.4197    26.8953 1.4438e-01     0.1296      0.018    1481.17     66.827     6.4029  71.495889     4.4804     86.834 0.0000e+00
     87.000     7.4209    34.4132    26.8974 1.4565e-01     0.1296      0.017    1480.99     67.115     6.4381  71.495908     4.5050     87.844 0.0000e+00
     88.000     7.3731    34.4112    26.9027 1.4565e-01     0.1296      0.017    1480.82     67.336     6.4664  71.495929     4.5248     88.854 0.0000e+00
     89.000     7.3732    34.4158    26.9063 1.5097e-01     0.1296      0.017    1480.84     67.492     6.4812  71.495950     4.5352     89.864 0.0000e+00
     90.000     7.3659    34.4166    26.9079 1.4593e-01     0.1296      0.018    1480.83     67.846     6.5162  71.495970     4.5597     90.874 0.0000e+00
     91.000     7.3680    34.4186    26.9092 1.4510e-01     0.1296      0.017    1480.86     68.001     6.5307  71.495991     4.5698     91.884 0.0000e+00
     92.000     7.3649    34.4195    26.9103 1.4623e-01     0.1297      0.017    1480.86     68.132     6.5437  71.496011     4.5789     92.894 0.0000e+00
     93.000     7.3518    34.4192    26.9120 1.4624e-01     0.1296      0.017    1480.83     68.073     6.5400  71.496031     4.5763     93.903 0.0000e+00
     94.000     7.3428    34.4233    26.9165 1.4593e-01     0.1295      0.017    1480.82     68.002     6.5344  71.496052     4.5724     94.913 0.0000e+00
     95.000     7.3322    34.4243    26.9188 1.4681e-01     0.1298      0.017    1480.79     67.970     6.5328  71.496072     4.5713     95.923 0.0000e+00
     96.000     7.2834    34.4214    26.9234 1.4624e-01     0.1296      0.017    1480.62     67.861     6.5297  71.496093     4.5691     96.933 0.0000e+00
     97.000     7.2210    34.4176    26.9292 1.4710e-01     0.1296      0.017    1480.39     67.734     6.5270  71.496113     4.5672     97.943 0.0000e+00
     98.000     7.1416    34.4118    26.9358 1.4652e-01     0.1296      0.017    1480.09     67.723     6.5380  71.496134     4.5749     98.953 0.0000e+00
     99.000     7.0550    34.4059    26.9431 1.5260e-01     0.1297      0.017    1479.77     67.768     6.5556  71.496154     4.5872     99.963 0.0000e+00
    100.000     6.9848    34.4021    26.9499 1.4868e-01     0.1296      0.017    1479.51     67.820     6.5713  71.496174     4.5982    100.973 0.0000e+00
    101.000     6.9742    34.4004    26.9500 1.5524e-01     0.1296      0.018    1479.48     67.805     6.5715  71.496194     4.5983    101.983 0.0000e+00
    102.000     6.9434    34.3972    26.9517 1.5956e-01     0.1295      0.017    1479.37     68.005     6.5957  71.496216     4.6153    102.993 0.0000e+00
