RAWDATA/20190107/backup1/DK 1 07012019.cnv
* Sea-Bird SBE 9 Data File:
* FileName = C:\CTD Brukere\NIVA\2019\DK 1 07012019.hex
* Software Version Seasave V 7.23.2
* Temperature SN = 5352
* Conductivity SN = 3840
* Number of Bytes Per Scan = 28
* Number of Voltage Words = 4
* Number of Scans Averaged by the Deck Unit = 1
* NMEA baud rate = 4800
** Ship: R/V Trygve Braarud
** Cruise:
** Station:
** Operator:
# nquan = 9
# nvalues = 99                          
# units = specified
# name 0 = timeJ: Julian Days
# name 1 = t090C: Temperature [ITS-90, deg C]
# name 2 = c0S/m: Conductivity [S/m]
# name 3 = depSM: Depth [salt water, m], lat = 58.00
# name 4 = prDM: Pressure, Digiquartz [db]
# name 5 = sbeox0V: Oxygen raw, SBE 43 [V]
# name 6 = seaTurbMtr: Turbidity, Seapoint [FTU]
# name 7 = dz/dtM: Descent Rate [m/s]
# name 8 = flag: flag
# span 0 =   7.346809,   7.349401       
# span 1 =     5.0648,     9.4363       
# span 2 =   2.899458,   3.569817       
# span 3 =      1.000,     99.000       
# span 4 =      1.009,     99.950       
# span 5 =     1.5831,     2.2286       
# span 6 =      0.523,      0.655       
# span 7 =      0.041,      0.559       
# span 8 = 0.0000e+00, 0.0000e+00       
# interval = meters: 1                  
# start_time = Jan 07 2019 08:19:07 [System UpLoad Time]
# bad_flag = -9.990e-29
*END*
   7.346809     5.0648   2.899458      1.000      1.009     2.2283      0.655      0.299 0.0000e+00
   7.346842     5.0952   2.905835      2.000      2.019     2.2286      0.580      0.374 0.0000e+00
   7.346870     5.1375   2.909720      3.000      3.028     2.2249      0.567      0.411 0.0000e+00
   7.346899     5.2979   2.926039      4.000      4.037     2.2222      0.570      0.415 0.0000e+00
   7.346924     5.3125   2.927904      5.000      5.047     2.2225      0.555      0.462 0.0000e+00
   7.346947     5.6840   2.965361      6.000      6.056     2.2230      0.562      0.509 0.0000e+00
   7.346968     5.7912   2.977328      7.000      7.066     2.2233      0.555      0.559 0.0000e+00
   7.346989     6.0036   3.001664      8.000      8.075     2.2240      0.549      0.550 0.0000e+00
   7.347013     6.7219   3.093005      9.000      9.084     2.2126      0.542      0.480 0.0000e+00
   7.347035     7.5419   3.196415     10.000     10.094     2.1994      0.536      0.531 0.0000e+00
   7.347059     8.0000   3.257091     11.000     11.103     2.1736      0.547      0.496 0.0000e+00
   7.347083     8.4347   3.311508     12.000     12.112     2.0879      0.540      0.482 0.0000e+00
   7.347104     8.4822   3.320065     13.000     13.122     2.0006      0.556      0.545 0.0000e+00
   7.347129     8.8282   3.368376     14.000     14.131     1.9053      0.544      0.478 0.0000e+00
   7.347151     9.1726   3.416814     15.000     15.141     1.8563      0.523      0.518 0.0000e+00
   7.347174     9.2178   3.428085     16.000     16.150     1.7990      0.525      0.517 0.0000e+00
   7.347198     9.4363   3.466400     17.000     17.160     1.7139      0.545      0.478 0.0000e+00
   7.347220     9.3543   3.461114     18.000     18.169     1.6679      0.544      0.541 0.0000e+00
   7.347243     9.3503   3.469174     19.000     19.179     1.6299      0.541      0.491 0.0000e+00
   7.347268     9.2660   3.472188     20.000     20.188     1.6045      0.528      0.476 0.0000e+00
   7.347290     9.2961   3.477057     21.000     21.197     1.5991      0.532      0.524 0.0000e+00
   7.347314     9.2911   3.481368     22.000     22.207     1.6049      0.532      0.492 0.0000e+00
   7.347338     9.3082   3.490210     23.000     23.216     1.6060      0.546      0.485 0.0000e+00
   7.347361     9.2871   3.492121     24.000     24.226     1.6064      0.554      0.504 0.0000e+00
   7.347385     9.2705   3.493722     25.000     25.235     1.5975      0.559      0.481 0.0000e+00
   7.347409     9.2424   3.495308     26.000     26.245     1.5867      0.551      0.492 0.0000e+00
   7.347433     9.1835   3.495416     27.000     27.254     1.5831      0.546      0.488 0.0000e+00
   7.347457     9.1281   3.494409     28.000     28.264     1.5868      0.562      0.481 0.0000e+00
   7.347481     9.0639   3.492524     29.000     29.273     1.5939      0.542      0.498 0.0000e+00
   7.347506     9.0157   3.491378     30.000     30.283     1.6042      0.529      0.459 0.0000e+00
   7.347530     8.9915   3.492101     31.000     31.292     1.6142      0.540      0.497 0.0000e+00
   7.347555     8.9607   3.492347     32.000     32.302     1.6323      0.538      0.455 0.0000e+00
   7.347580     8.9409   3.493015     33.000     33.311     1.6653      0.525      0.472 0.0000e+00
   7.347603     8.9343   3.494505     34.000     34.321     1.6871      0.530      0.519 0.0000e+00
   7.347628     8.9317   3.496557     35.000     35.330     1.7106      0.532      0.458 0.0000e+00
   7.347651     8.9299   3.499603     36.000     36.340     1.7412      0.560      0.504 0.0000e+00
   7.347675     8.9235   3.501241     37.000     37.349     1.7758      0.575      0.484 0.0000e+00
   7.347700     8.9225   3.503246     38.000     38.359     1.8088      0.538      0.460 0.0000e+00
   7.347725     8.9389   3.508516     39.000     39.369     1.8163      0.543      0.479 0.0000e+00
   7.347749     8.9498   3.512181     40.000     40.378     1.8231      0.562      0.480 0.0000e+00
   7.347773     8.9512   3.513477     41.000     41.388     1.8527      0.574      0.492 0.0000e+00
   7.347798     8.9724   3.520792     42.000     42.397     1.8798      0.561      0.464 0.0000e+00
   7.347821     8.9886   3.526055     43.000     43.407     1.8914      0.570      0.498 0.0000e+00
   7.347845     8.9984   3.529815     44.000     44.416     1.9167      0.567      0.488 0.0000e+00
   7.347870     9.0053   3.532094     45.000     45.426     1.9512      0.585      0.475 0.0000e+00
   7.347892     9.0144   3.535395     46.000     46.435     1.9769      0.580      0.536 0.0000e+00
   7.347916     9.0234   3.538493     47.000     47.445     1.9916      0.569      0.482 0.0000e+00
   7.347939     9.0360   3.542974     48.000     48.455     2.0081      0.566      0.497 0.0000e+00
   7.347962     9.0436   3.545918     49.000     49.464     2.0247      0.560      0.512 0.0000e+00
   7.347987     9.0496   3.548582     50.000     50.474     2.0407      0.574      0.476 0.0000e+00
   7.348009     9.0533   3.550822     51.000     51.484     2.0543      0.559      0.521 0.0000e+00
   7.348031     9.0553   3.553415     52.000     52.493     2.0640      0.560      0.529 0.0000e+00
   7.348054     9.0530   3.554575     53.000     53.503     2.0733      0.555      0.502 0.0000e+00
   7.348076     9.0431   3.554535     54.000     54.512     2.0832      0.545      0.539 0.0000e+00
   7.348099     9.0143   3.553818     55.000     55.522     2.0925      0.544      0.520 0.0000e+00
   7.348122     8.9878   3.552458     56.000     56.532     2.1005      0.549      0.499 0.0000e+00
   7.348144     8.9759   3.551765     57.000     57.541     2.1171      0.541      0.530 0.0000e+00
   7.348167     8.9652   3.551161     58.000     58.551     2.1336      0.535      0.512 0.0000e+00
   7.348190     8.9615   3.551020     59.000     59.561     2.1431      0.541      0.512 0.0000e+00
   7.348212     8.9582   3.550969     60.000     60.570     2.1507      0.556      0.520 0.0000e+00
   7.348236     8.9583   3.551121     61.000     61.580     2.1568      0.553      0.495 0.0000e+00
   7.348259     8.9589   3.551383     62.000     62.589     2.1613      0.541      0.514 0.0000e+00
   7.348282     8.9626   3.552677     63.000     63.599     2.1629      0.546      0.509 0.0000e+00
   7.348304     8.9653   3.553453     64.000     64.609     2.1647      0.543      0.510 0.0000e+00
   7.348327     8.9664   3.553995     65.000     65.618     2.1670      0.547      0.529 0.0000e+00
   7.348350     8.9652   3.554330     66.000     66.628     2.1637      0.540      0.498 0.0000e+00
   7.348373     8.9641   3.554556     67.000     67.638     2.1604      0.546      0.507 0.0000e+00
   7.348396     8.9622   3.554670     68.000     68.647     2.1608      0.582      0.514 0.0000e+00
   7.348419     8.9589   3.554742     69.000     69.657     2.1646      0.538      0.503 0.0000e+00
   7.348442     8.9572   3.555166     70.000     70.667     2.1663      0.532      0.502 0.0000e+00
   7.348464     8.9548   3.555257     71.000     71.677     2.1694      0.548      0.539 0.0000e+00
   7.348486     8.9516   3.555373     72.000     72.686     2.1706      0.544      0.524 0.0000e+00
   7.348509     8.9490   3.555756     73.000     73.696     2.1705      0.550      0.520 0.0000e+00
   7.348531     8.9491   3.556661     74.000     74.706     2.1720      0.568      0.531 0.0000e+00
   7.348554     8.9503   3.557547     75.000     75.715     2.1749      0.555      0.502 0.0000e+00
   7.348576     8.9511   3.558004     76.000     76.725     2.1762      0.557      0.520 0.0000e+00
   7.348600     8.9520   3.558382     77.000     77.735     2.1739      0.563      0.501 0.0000e+00
   7.348623     8.9514   3.558677     78.000     78.744     2.1743      0.566      0.496 0.0000e+00
   7.348645     8.9513   3.559068     79.000     79.754     2.1789      0.561      0.538 0.0000e+00
   7.348668     8.9516   3.559856     80.000     80.764     2.1784      0.536      0.503 0.0000e+00
   7.348691     8.9511   3.560020     81.000     81.774     2.1786      0.555      0.513 0.0000e+00
   7.348713     8.9518   3.560423     82.000     82.783     2.1790      0.562      0.537 0.0000e+00
   7.348736     8.9519   3.560630     83.000     83.793     2.1811      0.552      0.500 0.0000e+00
   7.348759     8.9550   3.561222     84.000     84.803     2.1809      0.564      0.513 0.0000e+00
   7.348781     8.9561   3.561466     85.000     85.813     2.1785      0.545      0.518 0.0000e+00
   7.348804     8.9624   3.562649     86.000     86.823     2.1794      0.567      0.518 0.0000e+00
   7.348825     8.9676   3.563611     87.000     87.832     2.1787      0.548      0.543 0.0000e+00
   7.348848     8.9695   3.564025     88.000     88.842     2.1778      0.545      0.520 0.0000e+00
   7.348871     8.9711   3.564434     89.000     89.852     2.1753      0.554      0.514 0.0000e+00
   7.348893     8.9739   3.564958     90.000     90.862     2.1737      0.564      0.529 0.0000e+00
   7.348916     8.9774   3.565707     91.000     91.872     2.1719      0.552      0.514 0.0000e+00
   7.348939     8.9786   3.565978     92.000     92.882     2.1718      0.567      0.494 0.0000e+00
   7.348962     8.9816   3.566672     93.000     93.891     2.1732      0.568      0.502 0.0000e+00
   7.348987     8.9828   3.567045     94.000     94.901     2.1725      0.550      0.467 0.0000e+00
   7.349012     8.9844   3.567427     95.000     95.911     2.1707      0.577      0.473 0.0000e+00
   7.349149     8.9869   3.568058     96.000     96.921     2.1674      0.579      0.041 0.0000e+00
   7.349287     8.9888   3.568463     97.000     97.931     2.1702      0.557      0.268 0.0000e+00
   7.349329     8.9920   3.569019     98.000     98.940     2.1678      0.578      0.265 0.0000e+00
   7.349401     8.9958   3.569817     99.000     99.950     2.1666      0.579      0.066 0.0000e+00
