RAWDATA/20190107/backup1/MO2_20190107.cnv
* Sea-Bird SBE 9 Data File:
* FileName = C:\CTD Brukere\NIVA\OKOKYST2019\20190107\MO2_20190107.hex
* Software Version Seasave V 7.23.2
* Temperature SN = 5352
* Conductivity SN = 3840
* Number of Bytes Per Scan = 28
* Number of Voltage Words = 4
* Number of Scans Averaged by the Deck Unit = 1
* NMEA baud rate = 4800
** Ship: R/V Trygve Braarud
** Cruise:
** Station:
** Operator:
# nquan = 9
# nvalues = 5198                                  
# units = specified
# name 0 = timeJ: Julian Days
# name 1 = t090C: Temperature [ITS-90, deg C]
# name 2 = c0S/m: Conductivity [S/m]
# name 3 = depSM: Depth [salt water, m], lat = 58.00
# name 4 = prDM: Pressure, Digiquartz [db]
# name 5 = sbeox0V: Oxygen raw, SBE 43 [V]
# name 6 = seaTurbMtr: Turbidity, Seapoint [FTU]
# name 7 = dz/dtM: Descent Rate [m/s]
# name 8 = flag:  0.000e+00
# span 0 =   7.478970,   7.481476                 
# span 1 =     3.4799,     9.4101                 
# span 2 =   2.345292,   3.710007                 
# span 3 =      0.081,     95.293                 
# span 4 =      0.081,     96.206                 
# span 5 =     2.1209,     2.4640                 
# span 6 =      0.531,      1.282                 
# span 7 =     -0.032,      0.627                 
# span 8 = 0.0000e+00, 0.0000e+00                 
# interval = seconds: 0.0416667
# start_time = Jan 07 2019 11:29:43 [System UpLoad Time]
# bad_flag = -9.990e-29
*END*
[from data line 2241]
   7.480051     9.4091   3.709957     41.024     41.412     2.2381      0.553      0.523  0.000e+00
   7.480051     9.4089   3.709831     41.048     41.436     2.2381      0.557      0.524  0.000e+00
   7.480052     9.4071   3.709497     41.060     41.448     2.2381      0.557      0.523  0.000e+00
   7.480052     9.4050   3.709315     41.089     41.477     2.2381      0.549      0.523  0.000e+00
   7.480053     9.4034   3.709214     41.108     41.497     2.2381      0.546      0.524  0.000e+00
   7.480053     9.4023   3.709208     41.144     41.533     2.2381      0.546      0.525  0.000e+00
   7.480054     9.4015   3.709170     41.144     41.533     2.2381      0.549      0.524  0.000e+00
   7.480054     9.4010   3.709107     41.180     41.569     2.2381      0.553      0.524  0.000e+00
   7.480054     9.4003   3.709082     41.193     41.582     2.2393      0.557      0.524  0.000e+00
   7.480055     9.4003   3.709088     41.229     41.618     2.2381      0.568      0.524  0.000e+00
   7.480055     9.3996   3.709069     41.240     41.630     2.2393      0.571      0.524  0.000e+00
   7.480056     9.3996   3.709101     41.269     41.659     2.2381      0.571      0.525  0.000e+00
   7.480056     9.3994   3.709094     41.276     41.666     2.2393      0.568      0.525  0.000e+00
   7.480057     9.3997   3.709094     41.313     41.704     2.2393      0.564      0.525  0.000e+00
   7.480057     9.3996   3.709107     41.324     41.715     2.2381      0.564      0.525  0.000e+00
   7.480058     9.3996   3.709044     41.349     41.740     2.2393      0.560      0.525  0.000e+00
   7.480058     9.3991   3.709038     41.360     41.751     2.2393      0.560      0.525  0.000e+00
   7.480059     9.3989   3.709006     41.384     41.776     2.2393      0.557      0.524  0.000e+00
   7.480059     9.3986   3.708994     41.420     41.812     2.2393      0.557      0.525  0.000e+00
   7.480060     9.3987   3.709006     41.436     41.828     2.2393      0.557      0.525  0.000e+00
   7.480060     9.3986   3.708949     41.445     41.836     2.2393      0.560      0.524  0.000e+00
   7.480061     9.3982   3.708899     41.480     41.872     2.2393      0.568      0.525  0.000e+00
   7.480061     9.3976   3.708880     41.492     41.884     2.2393      0.568      0.525  0.000e+00
   7.480062     9.3976   3.708861     41.505     41.897     2.2393      0.564      0.524  0.000e+00
   7.480062     9.3971   3.708786     41.540     41.933     2.2393      0.564      0.524  0.000e+00
   7.480063     9.3966   3.708805     41.565     41.958     2.2393      0.568      0.524  0.000e+00
   7.480063     9.3966   3.708723     41.576     41.969     2.2393      0.575      0.524  0.000e+00
   7.480064     9.3958   3.708672     41.589     41.982     2.2393      0.579      0.523  0.000e+00
   7.480064     9.3958   3.708647     41.625     42.018     2.2393      0.586      0.523  0.000e+00
   7.480065     9.3955   3.708660     41.641     42.035     2.2393      0.597      0.522  0.000e+00
   7.480065     9.3950   3.708572     41.661     42.055     2.2393      0.615      0.522  0.000e+00
   7.480066     9.3947   3.708559     41.685     42.079     2.2393      0.634      0.521  0.000e+00
   7.480066     9.3944   3.708540     41.696     42.091     2.2393      0.634      0.520  0.000e+00
   7.480067     9.3944   3.708572     41.721     42.115     2.2406      0.619      0.520  0.000e+00
   7.480067     9.3944   3.708641     41.732     42.127     2.2406      0.601      0.518  0.000e+00
   7.480068     9.3947   3.708641     41.769     42.164     2.2393      0.586      0.518  0.000e+00
   7.480068     9.3949   3.708616     41.781     42.176     2.2393      0.575      0.517  0.000e+00
   7.480068     9.3950   3.708628     41.805     42.200     2.2406      0.571      0.517  0.000e+00
   7.480069     9.3952   3.708691     41.829     42.225     2.2406      0.568      0.516  0.000e+00
   7.480069     9.3952   3.708698     41.841     42.237     2.2406      0.568      0.515  0.000e+00
   7.480070     9.3955   3.708672     41.865     42.261     2.2406      0.571      0.514  0.000e+00
   7.480070     9.3950   3.708647     41.901     42.297     2.2418      0.582      0.514  0.000e+00
   7.480071     9.3949   3.708584     41.917     42.314     2.2406      0.590      0.514  0.000e+00
   7.480071     9.3949   3.708584     41.937     42.333     2.2406      0.593      0.512  0.000e+00
   7.480072     9.3945   3.708584     41.937     42.333     2.2418      0.601      0.511  0.000e+00
   7.480072     9.3940   3.708490     41.985     42.382     2.2418      0.601      0.511  0.000e+00
   7.480073     9.3935   3.708477     41.997     42.394     2.2418      0.597      0.510  0.000e+00
   7.480073     9.3934   3.708465     42.010     42.407     2.2418      0.590      0.510  0.000e+00
   7.480074     9.3935   3.708440     42.045     42.443     2.2418      0.579      0.510  0.000e+00
   7.480074     9.3934   3.708471     42.070     42.468     2.2418      0.571      0.510  0.000e+00
   7.480075     9.3934   3.708496     42.081     42.479     2.2406      0.564      0.510  0.000e+00
   7.480075     9.3933   3.708427     42.106     42.504     2.2418      0.560      0.509  0.000e+00
   7.480076     9.3933   3.708408     42.128     42.527     2.2418      0.557      0.509  0.000e+00
   7.480076     9.3928   3.708427     42.153     42.551     2.2418      0.553      0.509  0.000e+00
   7.480077     9.3924   3.708396     42.166     42.564     2.2418      0.546      0.510  0.000e+00
   7.480077     9.3931   3.708440     42.201     42.601     2.2430      0.542      0.510  0.000e+00
   7.480078     9.3929   3.708440     42.213     42.612     2.2430      0.538      0.510  0.000e+00
   7.480078     9.3927   3.708414     42.237     42.637     2.2430      0.538      0.510  0.000e+00
   7.480079     9.3931   3.708402     42.249     42.648     2.2430      0.538      0.511  0.000e+00
   7.480079     9.3926   3.708402     42.286     42.686     2.2430      0.535      0.512  0.000e+00
   7.480080     9.3928   3.708383     42.297     42.697     2.2430      0.538      0.512  0.000e+00
   7.480080     9.3926   3.708421     42.322     42.722     2.2430      0.538      0.512  0.000e+00
   7.480081     9.3928   3.708446     42.333     42.733     2.2430      0.538      0.513  0.000e+00
   7.480081     9.3928   3.708414     42.369     42.769     2.2430      0.535      0.513  0.000e+00
   7.480082     9.3928   3.708402     42.393     42.794     2.2418      0.535      0.514  0.000e+00
   7.480082     9.3924   3.708408     42.406     42.807     2.2430      0.538      0.514  0.000e+00
   7.480082     9.3924   3.708402     42.417     42.819     2.2430      0.535      0.514  0.000e+00
   7.480083     9.3924   3.708377     42.453     42.855     2.2430      0.538      0.515  0.000e+00
   7.480083     9.3924   3.708352     42.466     42.868     2.2430      0.542      0.516  0.000e+00
   7.480084     9.3919   3.708364     42.478     42.879     2.2430      0.549      0.515  0.000e+00
   7.480084     9.3919   3.708377     42.526     42.929     2.2430      0.553      0.516  0.000e+00
   7.480085     9.3916   3.708370     42.526     42.929     2.2430      0.571      0.516  0.000e+00
   7.480085     9.3916   3.708314     42.549     42.951     2.2430      0.597      0.516  0.000e+00
   7.480086     9.3914   3.708314     42.586     42.989     2.2430      0.608      0.517  0.000e+00
   7.480086     9.3913   3.708301     42.586     42.989     2.2430      0.608      0.517  0.000e+00
   7.480087     9.3911   3.708301     42.622     43.025     2.2430      0.597      0.518  0.000e+00
   7.480087     9.3911   3.708263     42.633     43.037     2.2430      0.579      0.517  0.000e+00
   7.480088     9.3913   3.708289     42.646     43.050     2.2430      0.564      0.517  0.000e+00
   7.480088     9.3911   3.708314     42.694     43.097     2.2430      0.557      0.518  0.000e+00
   7.480089     9.3910   3.708282     42.694     43.097     2.2430      0.549      0.517  0.000e+00
   7.480089     9.3910   3.708289     42.707     43.111     2.2430      0.549      0.517  0.000e+00
   7.480090     9.3907   3.708282     42.754     43.158     2.2430      0.546      0.517  0.000e+00
   7.480090     9.3908   3.708295     42.767     43.171     2.2430      0.542      0.517  0.000e+00
   7.480091     9.3911   3.708251     42.778     43.183     2.2430      0.538      0.516  0.000e+00
   7.480091     9.3908   3.708270     42.802     43.207     2.2430      0.538      0.516  0.000e+00
   7.480092     9.3907   3.708270     42.827     43.232     2.2430      0.546      0.515  0.000e+00
   7.480092     9.3908   3.708276     42.850     43.255     2.2430      0.557      0.515  0.000e+00
   7.480093     9.3908   3.708320     42.874     43.279     2.2430      0.560      0.515  0.000e+00
   7.480093     9.3910   3.708339     42.887     43.293     2.2430      0.557      0.514  0.000e+00
   7.480094     9.3908   3.708295     42.910     43.316     2.2430      0.557      0.514  0.000e+00
   7.480094     9.3907   3.708270     42.934     43.340     2.2430      0.557      0.514  0.000e+00
   7.480095     9.3908   3.708289     42.958     43.365     2.2430      0.553      0.514  0.000e+00
   7.480095     9.3907   3.708264     42.970     43.376     2.2430      0.553      0.514  0.000e+00
   7.480095     9.3905   3.708314     43.007     43.414     2.2430      0.553      0.513  0.000e+00
   7.480096     9.3905   3.708345     43.018     43.425     2.2430      0.557      0.514  0.000e+00
   7.480096     9.3905   3.708314     43.030     43.437     2.2430      0.560      0.513  0.000e+00
   7.480097     9.3902   3.708301     43.066     43.473     2.2430      0.575      0.512  0.000e+00
   7.480097     9.3898   3.708314     43.090     43.498     2.2430      0.601      0.513  0.000e+00
   7.480098     9.3897   3.708333     43.103     43.511     2.2418      0.626      0.513  0.000e+00
   7.480098     9.3895   3.708308     43.126     43.534     2.2430      0.637      0.513  0.000e+00
   7.480099     9.3895   3.708283     43.126     43.534     2.2430      0.630      0.512  0.000e+00
   7.480099     9.3890   3.708270     43.192     43.601     2.2430      0.604      0.513  0.000e+00
   7.480100     9.3888   3.708276     43.199     43.607     2.2418      0.582      0.514  0.000e+00
   7.480100     9.3888   3.708270     43.223     43.632     2.2430      0.564      0.514  0.000e+00
   7.480101     9.3886   3.708270     43.235     43.644     2.2430      0.557      0.515  0.000e+00
   7.480101     9.3887   3.708276     43.270     43.680     2.2430      0.549      0.516  0.000e+00
   7.480102     9.3884   3.708245     43.270     43.680     2.2430      0.546      0.516  0.000e+00
   7.480102     9.3884   3.708295     43.295     43.704     2.2430      0.542      0.515  0.000e+00
   7.480103     9.3884   3.708283     43.319     43.729     2.2430      0.542      0.516  0.000e+00
   7.480103     9.3884   3.708289     43.343     43.753     2.2430      0.549      0.516  0.000e+00
   7.480104     9.3886   3.708264     43.366     43.776     2.2430      0.557      0.517  0.000e+00
   7.480104     9.3886   3.708289     43.403     43.814     2.2418      0.553      0.517  0.000e+00
   7.480105     9.3882   3.708302     43.403     43.814     2.2418      0.546      0.518  0.000e+00
   7.480105     9.3884   3.708314     43.426     43.837     2.2418      0.546      0.519  0.000e+00
   7.480106     9.3884   3.708333     43.468     43.880     2.2430      0.553      0.520  0.000e+00
   7.480106     9.3881   3.708346     43.475     43.886     2.2418      0.571      0.520  0.000e+00
   7.480107     9.3886   3.708314     43.499     43.911     2.2418      0.582      0.521  0.000e+00
   7.480107     9.3887   3.708352     43.524     43.935     2.2418      0.586      0.521  0.000e+00
   7.480108     9.3887   3.708377     43.535     43.947     2.2418      0.590      0.521  0.000e+00
   7.480108     9.3892   3.708421     43.571     43.983     2.2418      0.593      0.523  0.000e+00
   7.480109     9.3888   3.708383     43.584     43.996     2.2418      0.604      0.523  0.000e+00
   7.480109     9.3890   3.708402     43.607     44.019     2.2418      0.597      0.523  0.000e+00
   7.480109     9.3890   3.708453     43.620     44.032     2.2418      0.582      0.524  0.000e+00
   7.480110     9.3890   3.708478     43.649     44.062     2.2418      0.571      0.524  0.000e+00
   7.480110     9.3888   3.708465     43.680     44.093     2.2418      0.575      0.525  0.000e+00
   7.480111     9.3887   3.708440     43.691     44.104     2.2418      0.575      0.525  0.000e+00
   7.480111     9.3887   3.708491     43.715     44.129     2.2406      0.571      0.525  0.000e+00
   7.480112     9.3884   3.708503     43.727     44.140     2.2406      0.571      0.525  0.000e+00
   7.480112     9.3886   3.708472     43.764     44.178     2.2406      0.575      0.525  0.000e+00
   7.480113     9.3886   3.708453     43.775     44.190     2.2406      0.582      0.525  0.000e+00
   7.480113     9.3884   3.708459     43.787     44.201     2.2406      0.590      0.525  0.000e+00
   7.480114     9.3882   3.708478     43.811     44.226     2.2406      0.586      0.524  0.000e+00
   7.480114     9.3886   3.708497     43.853     44.268     2.2406      0.571      0.525  0.000e+00
   7.480115     9.3882   3.708503     43.860     44.275     2.2406      0.560      0.524  0.000e+00
   7.480115     9.3882   3.708484     43.884     44.300     2.2406      0.557      0.524  0.000e+00
   7.480116     9.3884   3.708497     43.907     44.323     2.2406      0.553      0.524  0.000e+00
   7.480116     9.3882   3.708447     43.920     44.336     2.2406      0.553      0.524  0.000e+00
   7.480117     9.3884   3.708472     43.944     44.360     2.2406      0.553      0.524  0.000e+00
   7.480117     9.3882   3.708497     43.967     44.383     2.2406      0.553      0.523  0.000e+00
   7.480118     9.3881   3.708465     43.998     44.414     2.2406      0.553      0.523  0.000e+00
   7.480118     9.3881   3.708459     44.005     44.421     2.2406      0.553      0.523  0.000e+00
   7.480119     9.3882   3.708491     44.040     44.457     2.2406      0.557      0.523  0.000e+00
   7.480119     9.3881   3.708466     44.052     44.468     2.2406      0.564      0.523  0.000e+00
   7.480120     9.3881   3.708491     44.087     44.505     2.2406      0.564      0.523  0.000e+00
   7.480120     9.3882   3.708522     44.100     44.518     2.2406      0.564      0.522  0.000e+00
   7.480121     9.3884   3.708573     44.076     44.493     2.2406      0.564      0.520  0.000e+00
   7.480121     9.3886   3.708522     44.190     44.608     2.2406      0.560      0.523  0.000e+00
   7.480122     9.3884   3.708522     44.160     44.578     2.2393      0.557      0.522  0.000e+00
   7.480122     9.3887   3.708516     44.196     44.614     2.2406      0.553      0.522  0.000e+00
   7.480122     9.3886   3.708573     44.196     44.614     2.2406      0.549      0.520  0.000e+00
   7.480123     9.3886   3.708560     44.232     44.651     2.2406      0.546      0.521  0.000e+00
   7.480123     9.3886   3.708560     44.221     44.639     2.2406      0.553      0.520  0.000e+00
   7.480124     9.3886   3.708541     44.299     44.718     2.2406      0.557      0.522  0.000e+00
   7.480124     9.3884   3.708541     44.305     44.724     2.2406      0.557      0.522  0.000e+00
   7.480125     9.3882   3.708510     44.316     44.736     2.2406      0.553      0.523  0.000e+00
   7.480125     9.3885   3.708472     44.341     44.760     2.2406      0.553      0.522  0.000e+00
   7.480126     9.3881   3.708522     44.352     44.772     2.2406      0.549      0.522  0.000e+00
   7.480126     9.3881   3.708510     44.370     44.790     2.2406      0.549      0.521  0.000e+00
   7.480127     9.3879   3.708485     44.412     44.833     2.2406      0.549      0.521  0.000e+00
