RAWDATA/20190107/backup1/MO2_20190107.cnv
* Sea-Bird SBE 9 Data File:
* FileName = C:\CTD Brukere\NIVA\OKOKYST2019\20190107\MO2_20190107.hex
* Software Version Seasave V 7.23.2
* Temperature SN = 5352
* Conductivity SN = 3840
* Number of Bytes Per Scan = 28
* Number of Voltage Words = 4
* Number of Scans Averaged by the Deck Unit = 1
* NMEA baud rate = 4800
** Ship: R/V Trygve Braarud
** Cruise:
** Station:
** Operator:
# nquan = 9
# nvalues = 5198                                  
# units = specified
# name 0 = timeJ: Julian Days
# name 1 = t090C: Temperature [ITS-90, deg C]
# name 2 = c0S/m: Conductivity [S/m]
# name 3 = depSM: Depth [salt water, m], lat = 58.00
# name 4 = prDM: Pressure, Digiquartz [db]
# name 5 = sbeox0V: Oxygen raw, SBE 43 [V]
# name 6 = seaTurbMtr: Turbidity, Seapoint [FTU]
# name 7 = dz/dtM: Descent Rate [m/s]
# name 8 = flag:  0.000e+00
# span 0 =   7.478970,   7.481476                 
# span 1 =     3.4799,     9.4101                 
# span 2 =   2.345292,   3.710007                 
# span 3 =      0.081,     95.293                 
# span 4 =      0.081,     96.206                 
# span 5 =     2.1209,     2.4640                 
# span 6 =      0.531,      1.282                 
# span 7 =     -0.032,      0.627                 
# span 8 = 0.0000e+00, 0.0000e+00                 
# interval = seconds: 0.0416667
# start_time = Jan 07 2019 11:29:43 [System UpLoad Time]
# bad_flag = -9.990e-29
*END*
[from data line 1441]
   7.479665     9.2864   3.685165     23.482     23.703     2.1648      0.568      0.540  0.000e+00
   7.479665     9.2840   3.684732     23.493     23.714     2.1636      0.568      0.541  0.000e+00
   7.479666     9.2819   3.684688     23.504     23.726     2.1636      0.568      0.542  0.000e+00
   7.479666     9.2807   3.684832     23.553     23.775     2.1648      0.571      0.543  0.000e+00
   7.479667     9.2803   3.684751     23.564     23.786     2.1648      0.571      0.544  0.000e+00
   7.479667     9.2791   3.684713     23.602     23.824     2.1648      0.568      0.547  0.000e+00
   7.479668     9.2796   3.685128     23.613     23.835     2.1648      0.564      0.548  0.000e+00
   7.479668     9.2811   3.685536     23.637     23.860     2.1648      0.568      0.549  0.000e+00
   7.479669     9.2816   3.685580     23.657     23.880     2.1648      0.568      0.551  0.000e+00
   7.479669     9.2806   3.685391     23.684     23.907     2.1648      0.564      0.552  0.000e+00
   7.479670     9.2798   3.685354     23.709     23.932     2.1648      0.560      0.553  0.000e+00
   7.479670     9.2790   3.685341     23.733     23.957     2.1648      0.560      0.555  0.000e+00
   7.479671     9.2782   3.685184     23.757     23.981     2.1648      0.560      0.556  0.000e+00
   7.479671     9.2774   3.684989     23.793     24.017     2.1648      0.560      0.559  0.000e+00
   7.479672     9.2772   3.685159     23.804     24.029     2.1648      0.557      0.560  0.000e+00
   7.479672     9.2780   3.685360     23.840     24.065     2.1648      0.553      0.561  0.000e+00
   7.479673     9.2787   3.685498     23.853     24.078     2.1648      0.553      0.562  0.000e+00
   7.479673     9.2798   3.685725     23.886     24.110     2.1648      0.553      0.563  0.000e+00
   7.479674     9.2804   3.685769     23.913     24.138     2.1648      0.557      0.566  0.000e+00
   7.479674     9.2801   3.685637     23.925     24.150     2.1648      0.564      0.566  0.000e+00
   7.479674     9.2796   3.685448     23.949     24.174     2.1648      0.560      0.567  0.000e+00
   7.479675     9.2787   3.685172     23.985     24.210     2.1648      0.557      0.569  0.000e+00
   7.479675     9.2780   3.685253     24.009     24.235     2.1648      0.557      0.571  0.000e+00
   7.479676     9.2788   3.685844     24.009     24.235     2.1660      0.564      0.571  0.000e+00
   7.479676     9.2809   3.686196     24.041     24.268     2.1660      0.568      0.571  0.000e+00
   7.479677     9.2817   3.686026     24.069     24.295     2.1660      0.568      0.571  0.000e+00
   7.479677     9.2814   3.685831     24.105     24.331     2.1660      0.575      0.573  0.000e+00
   7.479678     9.2817   3.685963     24.105     24.331     2.1648      0.582      0.573  0.000e+00
   7.479678     9.2822   3.686146     24.140     24.367     2.1660      0.586      0.573  0.000e+00
   7.479679     9.2822   3.686039     24.176     24.403     2.1660      0.579      0.574  0.000e+00
   7.479679     9.2817   3.685819     24.152     24.379     2.1660      0.575      0.572  0.000e+00
   7.479680     9.2811   3.685687     24.244     24.472     2.1660      0.579      0.574  0.000e+00
   7.479680     9.2806   3.685712     24.225     24.453     2.1660      0.582      0.575  0.000e+00
   7.479681     9.2809   3.685957     24.272     24.500     2.1660      0.586      0.575  0.000e+00
   7.479681     9.2824   3.686196     24.285     24.513     2.1660      0.590      0.576  0.000e+00
   7.479682     9.2830   3.686158     24.307     24.536     2.1660      0.593      0.576  0.000e+00
   7.479682     9.2827   3.686095     24.315     24.544     2.1660      0.593      0.575  0.000e+00
   7.479683     9.2827   3.686139     24.367     24.597     2.1660      0.597      0.576  0.000e+00
   7.479683     9.2830   3.686227     24.380     24.610     2.1660      0.586      0.576  0.000e+00
   7.479684     9.2828   3.686202     24.392     24.621     2.1660      0.575      0.576  0.000e+00
   7.479684     9.2833   3.686234     24.427     24.657     2.1673      0.571      0.576  0.000e+00
   7.479685     9.2848   3.686648     24.452     24.682     2.1673      0.571      0.577  0.000e+00
   7.479685     9.2869   3.686950     24.471     24.701     2.1673      0.568      0.577  0.000e+00
   7.479686     9.2880   3.686988     24.487     24.718     2.1673      0.571      0.577  0.000e+00
   7.479686     9.2882   3.686950     24.523     24.754     2.1673      0.568      0.577  0.000e+00
   7.479687     9.2884   3.686994     24.536     24.767     2.1673      0.568      0.576  0.000e+00
   7.479687     9.2883   3.686937     24.572     24.803     2.1673      0.564      0.576  0.000e+00
   7.479687     9.2887   3.687082     24.580     24.811     2.1673      0.560      0.576  0.000e+00
   7.479688     9.2894   3.687289     24.607     24.839     2.1673      0.560      0.575  0.000e+00
   7.479688     9.2903   3.687314     24.632     24.864     2.1673      0.560      0.575  0.000e+00
   7.479689     9.2901   3.687208     24.656     24.888     2.1673      0.560      0.574  0.000e+00
   7.479689     9.2903   3.687321     24.667     24.900     2.1673      0.557      0.572  0.000e+00
   7.479690     9.2922   3.687867     24.700     24.932     2.1685      0.553      0.572  0.000e+00
   7.479690     9.2948   3.688370     24.716     24.949     2.1673      0.549      0.571  0.000e+00
   7.479691     9.2961   3.688540     24.739     24.972     2.1673      0.549      0.570  0.000e+00
   7.479691     9.2968   3.688527     24.763     24.996     2.1673      0.549      0.569  0.000e+00
   7.479692     9.2966   3.688370     24.776     25.009     2.1673      0.553      0.568  0.000e+00
   7.479692     9.2953   3.688100     24.807     25.040     2.1673      0.557      0.566  0.000e+00
   7.479693     9.2942   3.687930     24.823     25.057     2.1685      0.557      0.564  0.000e+00
   7.479693     9.2937   3.687798     24.847     25.081     2.1685      0.557      0.563  0.000e+00
   7.479694     9.2924   3.687717     24.859     25.093     2.1685      0.560      0.561  0.000e+00
   7.479694     9.2916   3.687673     24.891     25.125     2.1685      0.560      0.559  0.000e+00
   7.479695     9.2911   3.687742     24.907     25.142     2.1685      0.557      0.558  0.000e+00
   7.479695     9.2921   3.687962     24.932     25.166     2.1685      0.557      0.556  0.000e+00
   7.479696     9.2932   3.688106     24.954     25.189     2.1685      0.557      0.555  0.000e+00
   7.479696     9.2936   3.688056     24.974     25.209     2.1685      0.557      0.554  0.000e+00
   7.479697     9.2935   3.687974     24.992     25.227     2.1685      0.557      0.552  0.000e+00
   7.479697     9.2932   3.688056     25.027     25.263     2.1685      0.557      0.552  0.000e+00
   7.479698     9.2935   3.688314     25.027     25.263     2.1685      0.560      0.549  0.000e+00
   7.479698     9.2934   3.688484     25.071     25.307     2.1685      0.568      0.548  0.000e+00
   7.479699     9.2937   3.688691     25.074     25.310     2.1685      0.575      0.547  0.000e+00
   7.479699     9.2945   3.688873     25.099     25.335     2.1685      0.579      0.545  0.000e+00
   7.479700     9.2949   3.688993     25.123     25.360     2.1697      0.582      0.543  0.000e+00
   7.479700     9.2951   3.688942     25.154     25.391     2.1685      0.579      0.542  0.000e+00
   7.479701     9.2948   3.688842     25.159     25.396     2.1697      0.571      0.539  0.000e+00
   7.479701     9.2945   3.688716     25.183     25.420     2.1697      0.568      0.538  0.000e+00
   7.479701     9.2941   3.688779     25.207     25.445     2.1697      0.571      0.536  0.000e+00
   7.479702     9.2943   3.689043     25.238     25.476     2.1697      0.575      0.535  0.000e+00
   7.479702     9.2943   3.689188     25.254     25.492     2.1697      0.568      0.534  0.000e+00
   7.479703     9.2949   3.689263     25.279     25.517     2.1697      0.568      0.531  0.000e+00
   7.479703     9.2951   3.689250     25.303     25.541     2.1709      0.571      0.532  0.000e+00
   7.479704     9.2949   3.689320     25.310     25.548     2.1709      0.571      0.529  0.000e+00
   7.479704     9.2953   3.689364     25.350     25.589     2.1709      0.571      0.529  0.000e+00
   7.479705     9.2950   3.689401     25.363     25.602     2.1709      0.575      0.529  0.000e+00
   7.479705     9.2947   3.689433     25.363     25.602     2.1709      0.571      0.526  0.000e+00
   7.479706     9.2945   3.689514     25.441     25.681     2.1709      0.575      0.527  0.000e+00
   7.479706     9.2942   3.689514     25.423     25.663     2.1709      0.579      0.526  0.000e+00
   7.479707     9.2938   3.689408     25.459     25.699     2.1722      0.579      0.526  0.000e+00
   7.479707     9.2932   3.689326     25.465     25.705     2.1722      0.575      0.525  0.000e+00
   7.479708     9.2928   3.689188     25.494     25.735     2.1709      0.568      0.525  0.000e+00
   7.479708     9.2922   3.689024     25.519     25.759     2.1722      0.564      0.525  0.000e+00
   7.479709     9.2916   3.688785     25.537     25.777     2.1722      0.564      0.524  0.000e+00
   7.479709     9.2912   3.688572     25.566     25.807     2.1722      0.560      0.524  0.000e+00
   7.479710     9.2906   3.688496     25.590     25.831     2.1722      0.560      0.525  0.000e+00
   7.479710     9.2909   3.688735     25.602     25.843     2.1734      0.557      0.524  0.000e+00
   7.479711     9.2911   3.689087     25.645     25.887     2.1734      0.560      0.526  0.000e+00
   7.479711     9.2915   3.689301     25.639     25.880     2.1734      0.564      0.525  0.000e+00
   7.479712     9.2916   3.689420     25.675     25.916     2.1734      0.568      0.526  0.000e+00
   7.479712     9.2919   3.689489     25.705     25.947     2.1734      0.568      0.527  0.000e+00
   7.479713     9.2919   3.689508     25.710     25.952     2.1746      0.571      0.527  0.000e+00
   7.479713     9.2918   3.689533     25.746     25.988     2.1734      0.575      0.528  0.000e+00
   7.479714     9.2921   3.689489     25.765     26.008     2.1746      0.590      0.528  0.000e+00
   7.479714     9.2916   3.689376     25.782     26.024     2.1746      0.612      0.529  0.000e+00
   7.479715     9.2911   3.689295     25.806     26.049     2.1746      0.608      0.529  0.000e+00
   7.479715     9.2909   3.689326     25.825     26.069     2.1746      0.597      0.530  0.000e+00
   7.479715     9.2909   3.689219     25.866     26.110     2.1746      0.586      0.531  0.000e+00
   7.479716     9.2910   3.689301     25.877     26.121     2.1746      0.582      0.532  0.000e+00
   7.479716     9.2911   3.689515     25.897     26.141     2.1758      0.579      0.532  0.000e+00
   7.479717     9.2912   3.689722     25.926     26.170     2.1758      0.586      0.533  0.000e+00
   7.479717     9.2917   3.689766     25.937     26.182     2.1758      0.593      0.533  0.000e+00
   7.479718     9.2920   3.689842     25.968     26.213     2.1758      0.604      0.534  0.000e+00
   7.479718     9.2919   3.689816     25.986     26.231     2.1758      0.597      0.534  0.000e+00
   7.479719     9.2919   3.689804     26.010     26.255     2.1758      0.590      0.535  0.000e+00
   7.479719     9.2918   3.689754     26.041     26.286     2.1770      0.586      0.536  0.000e+00
   7.479720     9.2917   3.689684     26.057     26.303     2.1770      0.582      0.537  0.000e+00
   7.479720     9.2916   3.689697     26.070     26.316     2.1770      0.575      0.537  0.000e+00
   7.479721     9.2911   3.689559     26.101     26.347     2.1770      0.571      0.538  0.000e+00
   7.479721     9.2906   3.689483     26.117     26.363     2.1770      0.571      0.537  0.000e+00
   7.479722     9.2906   3.689552     26.142     26.388     2.1770      0.568      0.538  0.000e+00
   7.479722     9.2911   3.689772     26.161     26.408     2.1770      0.575      0.538  0.000e+00
   7.479723     9.2923   3.690011     26.190     26.437     2.1770      0.590      0.538  0.000e+00
   7.479723     9.2928   3.690219     26.213     26.460     2.1783      0.586      0.539  0.000e+00
   7.479724     9.2937   3.690357     26.233     26.480     2.1770      0.579      0.540  0.000e+00
   7.479724     9.2942   3.690319     26.262     26.509     2.1770      0.575      0.540  0.000e+00
   7.479725     9.2940   3.690024     26.268     26.516     2.1783      0.571      0.539  0.000e+00
   7.479725     9.2928   3.689861     26.309     26.557     2.1770      0.568      0.539  0.000e+00
   7.479726     9.2927   3.690062     26.322     26.570     2.1770      0.564      0.540  0.000e+00
   7.479726     9.2936   3.690357     26.340     26.588     2.1783      0.564      0.540  0.000e+00
   7.479727     9.2947   3.690477     26.382     26.630     2.1783      0.568      0.541  0.000e+00
   7.479727     9.2954   3.690565     26.382     26.630     2.1783      0.571      0.541  0.000e+00
   7.479728     9.2950   3.690470     26.424     26.673     2.1783      0.571      0.541  0.000e+00
   7.479728     9.2951   3.690282     26.429     26.678     2.1783      0.568      0.541  0.000e+00
   7.479728     9.2945   3.690326     26.460     26.709     2.1783      0.568      0.542  0.000e+00
   7.479729     9.2948   3.690489     26.477     26.727     2.1783      0.564      0.540  0.000e+00
   7.479729     9.2950   3.690602     26.513     26.763     2.1783      0.557      0.543  0.000e+00
   7.479730     9.2951   3.690596     26.531     26.781     2.1783      0.557      0.543  0.000e+00
   7.479730     9.2953   3.690590     26.549     26.799     2.1783      0.553      0.543  0.000e+00
   7.479731     9.2950   3.690596     26.591     26.841     2.1783      0.549      0.544  0.000e+00
   7.479731     9.2948   3.690546     26.597     26.848     2.1795      0.553      0.544  0.000e+00
   7.479732     9.2943   3.690502     26.622     26.873     2.1795      0.549      0.545  0.000e+00
   7.479732     9.2938   3.690445     26.640     26.891     2.1783      0.553      0.544  0.000e+00
   7.479733     9.2936   3.690420     26.682     26.933     2.1783      0.557      0.546  0.000e+00
   7.479733     9.2932   3.690225     26.687     26.938     2.1783      0.564      0.546  0.000e+00
   7.479734     9.2921   3.690018     26.718     26.969     2.1783      0.564      0.547  0.000e+00
   7.479734     9.2913   3.689898     26.742     26.994     2.1783      0.568      0.548  0.000e+00
   7.479735     9.2908   3.689873     26.760     27.012     2.1795      0.564      0.548  0.000e+00
   7.479735     9.2897   3.689873     26.802     27.054     2.1795      0.564      0.549  0.000e+00
   7.479736     9.2882   3.689722     26.807     27.059     2.1795      0.564      0.550  0.000e+00
   7.479736     9.2866   3.689641     26.825     27.077     2.1795      0.564      0.550  0.000e+00
   7.479737     9.2861   3.689591     26.867     27.120     2.1795      0.560      0.551  0.000e+00
   7.479737     9.2857   3.689553     26.873     27.126     2.1783      0.560      0.552  0.000e+00
   7.479738     9.2854   3.689471     26.898     27.151     2.1783      0.560      0.552  0.000e+00
   7.479738     9.2845   3.689345     26.940     27.194     2.1795      0.557      0.553  0.000e+00
   7.479739     9.2840   3.689314     26.945     27.198     2.1795      0.560      0.553  0.000e+00
   7.479739     9.2838   3.689314     26.998     27.252     2.1795      0.564      0.556  0.000e+00
   7.479740     9.2822   3.689063     26.980     27.234     2.1795      0.571      0.556  0.000e+00
   7.479740     9.2801   3.688755     27.022     27.277     2.1807      0.582      0.556  0.000e+00
   7.479741     9.2783   3.688660     27.040     27.295     2.1795      0.597      0.557  0.000e+00
   7.479741     9.2774   3.688654     27.065     27.320     2.1807      0.604      0.557  0.000e+00
