RAWDATA/20190107/backup1/MO2_20190107.cnv
* Sea-Bird SBE 9 Data File:
* FileName = C:\CTD Brukere\NIVA\OKOKYST2019\20190107\MO2_20190107.hex
* Software Version Seasave V 7.23.2
* Temperature SN = 5352
* Conductivity SN = 3840
* Number of Bytes Per Scan = 28
* Number of Voltage Words = 4
* Number of Scans Averaged by the Deck Unit = 1
* NMEA baud rate = 4800
** Ship: R/V Trygve Braarud
** Cruise:
** Station:
** Operator:
# nquan = 9
# nvalues = 5198                                  
# units = specified
# name 0 = timeJ: Julian Days
# name 1 = t090C: Temperature [ITS-90, deg C]
# name 2 = c0S/m: Conductivity [S/m]
# name 3 = depSM: Depth [salt water, m], lat = 58.00
# name 4 = prDM: Pressure, Digiquartz [db]
# name 5 = sbeox0V: Oxygen raw, SBE 43 [V]
# name 6 = seaTurbMtr: Turbidity, Seapoint [FTU]
# name 7 = dz/dtM: Descent Rate [m/s]
# name 8 = flag:  0.000e+00
# span 0 =   7.478970,   7.481476                 
# span 1 =     3.4799,     9.4101                 
# span 2 =   2.345292,   3.710007                 
# span 3 =      0.081,     95.293                 
# span 4 =      0.081,     96.206                 
# span 5 =     2.1209,     2.4640                 
# span 6 =      0.531,      1.282                 
# span 7 =     -0.032,      0.627                 
# span 8 = 0.0000e+00, 0.0000e+00                 
# interval = seconds: 0.0416667
# start_time = Jan 07 2019 11:29:43 [System UpLoad Time]
# bad_flag = -9.990e-29
*END*
[from data line 4001]
   7.480899     9.2507   3.701486     81.340     82.117     2.1844      0.604      0.578  0.000e+00
   7.480900     9.2504   3.701511     81.376     82.153     2.1844      0.604      0.577  0.000e+00
   7.480900     9.2503   3.701486     81.389     82.166     2.1844      0.612      0.576  0.000e+00
   7.480901     9.2504   3.701511     81.413     82.191     2.1844      0.615      0.576  0.000e+00
   7.480901     9.2504   3.701504     81.446     82.224     2.1844      0.619      0.576  0.000e+00
   7.480902     9.2505   3.701517     81.473     82.252     2.1844      0.630      0.576  0.000e+00
   7.480902     9.2507   3.701523     81.485     82.263     2.1844      0.645      0.575  0.000e+00
   7.480903     9.2504   3.701530     81.521     82.300     2.1844      0.656      0.576  0.000e+00
   7.480903     9.2506   3.701498     81.534     82.313     2.1844      0.645      0.575  0.000e+00
   7.480904     9.2504   3.701498     81.570     82.349     2.1844      0.630      0.576  0.000e+00
   7.480904     9.2505   3.701517     81.594     82.374     2.1844      0.619      0.576  0.000e+00
   7.480905     9.2504   3.701486     81.605     82.385     2.1844      0.612      0.575  0.000e+00
   7.480905     9.2505   3.701511     81.641     82.421     2.1844      0.608      0.576  0.000e+00
   7.480906     9.2506   3.701530     81.666     82.446     2.1844      0.604      0.576  0.000e+00
   7.480906     9.2505   3.701498     81.687     82.467     2.1844      0.608      0.576  0.000e+00
   7.480907     9.2507   3.701511     81.715     82.495     2.1844      0.608      0.577  0.000e+00
   7.480907     9.2506   3.701530     81.750     82.532     2.1844      0.608      0.577  0.000e+00
   7.480908     9.2510   3.701574     81.750     82.532     2.1844      0.608      0.577  0.000e+00
   7.480908     9.2509   3.701549     81.786     82.568     2.1844      0.612      0.578  0.000e+00
   7.480909     9.2509   3.701555     81.811     82.593     2.1844      0.615      0.579  0.000e+00
   7.480909     9.2507   3.701542     81.835     82.617     2.1844      0.612      0.579  0.000e+00
   7.480910     9.2509   3.701523     81.860     82.642     2.1844      0.612      0.580  0.000e+00
   7.480910     9.2509   3.701530     81.884     82.667     2.1832      0.608      0.580  0.000e+00
   7.480910     9.2509   3.701555     81.920     82.703     2.1844      0.608      0.582  0.000e+00
   7.480911     9.2509   3.701561     81.933     82.716     2.1832      0.612      0.582  0.000e+00
   7.480911     9.2509   3.701593     81.956     82.739     2.1832      0.608      0.583  0.000e+00
   7.480912     9.2509   3.701568     81.993     82.777     2.1832      0.612      0.585  0.000e+00
   7.480912     9.2507   3.701542     82.005     82.788     2.1832      0.615      0.586  0.000e+00
   7.480913     9.2509   3.701555     82.029     82.813     2.1832      0.612      0.587  0.000e+00
   7.480913     9.2507   3.701561     82.054     82.838     2.1832      0.612      0.587  0.000e+00
   7.480914     9.2509   3.701586     82.086     82.871     2.1832      0.612      0.588  0.000e+00
   7.480914     9.2509   3.701574     82.114     82.899     2.1832      0.612      0.589  0.000e+00
   7.480915     9.2506   3.701561     82.138     82.923     2.1832      0.612      0.590  0.000e+00
   7.480915     9.2509   3.701561     82.150     82.935     2.1832      0.615      0.591  0.000e+00
   7.480916     9.2507   3.701561     82.186     82.971     2.1832      0.615      0.592  0.000e+00
   7.480916     9.2509   3.701530     82.199     82.984     2.1832      0.615      0.592  0.000e+00
   7.480917     9.2506   3.701555     82.246     83.032     2.1820      0.612      0.593  0.000e+00
   7.480917     9.2507   3.701561     82.259     83.045     2.1820      0.615      0.594  0.000e+00
   7.480918     9.2505   3.701543     82.270     83.057     2.1832      0.630      0.594  0.000e+00
   7.480918     9.2504   3.701555     82.306     83.093     2.1820      0.645      0.595  0.000e+00
   7.480919     9.2505   3.701593     82.331     83.117     2.1832      0.652      0.595  0.000e+00
   7.480919     9.2504   3.701568     82.355     83.142     2.1820      0.648      0.595  0.000e+00
   7.480920     9.2504   3.701517     82.391     83.178     2.1820      0.641      0.597  0.000e+00
   7.480920     9.2501   3.701517     82.404     83.192     2.1820      0.637      0.597  0.000e+00
   7.480921     9.2504   3.701524     82.428     83.216     2.1820      0.637      0.597  0.000e+00
   7.480921     9.2496   3.701486     82.451     83.239     2.1832      0.645      0.598  0.000e+00
   7.480922     9.2500   3.701536     82.489     83.277     2.1820      0.652      0.599  0.000e+00
   7.480922     9.2496   3.701517     82.500     83.289     2.1820      0.645      0.599  0.000e+00
   7.480923     9.2501   3.701492     82.525     83.313     2.1820      0.641      0.599  0.000e+00
   7.480923     9.2498   3.701524     82.560     83.350     2.1820      0.645      0.599  0.000e+00
   7.480924     9.2496   3.701524     82.573     83.363     2.1820      0.648      0.599  0.000e+00
   7.480924     9.2496   3.701505     82.609     83.399     2.1820      0.645      0.599  0.000e+00
   7.480924     9.2496   3.701517     82.621     83.410     2.1820      0.641      0.599  0.000e+00
   7.480925     9.2495   3.701524     82.658     83.448     2.1820      0.634      0.599  0.000e+00
   7.480925     9.2496   3.701505     82.681     83.471     2.1820      0.634      0.600  0.000e+00
   7.480926     9.2498   3.701543     82.705     83.496     2.1820      0.637      0.600  0.000e+00
   7.480926     9.2499   3.701562     82.730     83.521     2.1807      0.645      0.600  0.000e+00
   7.480927     9.2503   3.701587     82.754     83.545     2.1807      0.652      0.600  0.000e+00
   7.480927     9.2505   3.701574     82.790     83.582     2.1807      0.659      0.601  0.000e+00
   7.480928     9.2509   3.701606     82.815     83.606     2.1820      0.659      0.602  0.000e+00
   7.480928     9.2509   3.701631     82.826     83.618     2.1820      0.659      0.601  0.000e+00
   7.480929     9.2509   3.701599     82.851     83.642     2.1820      0.652      0.601  0.000e+00
   7.480929     9.2506   3.701612     82.888     83.680     2.1807      0.641      0.602  0.000e+00
   7.480930     9.2507   3.701606     82.899     83.692     2.1820      0.630      0.602  0.000e+00
   7.480930     9.2504   3.701593     82.935     83.728     2.1820      0.630      0.603  0.000e+00
   7.480931     9.2507   3.701625     82.961     83.754     2.1820      0.630      0.604  0.000e+00
   7.480931     9.2509   3.701625     82.984     83.777     2.1820      0.634      0.604  0.000e+00
   7.480932     9.2509   3.701581     83.009     83.802     2.1820      0.645      0.604  0.000e+00
   7.480932     9.2509   3.701587     83.033     83.827     2.1820      0.648      0.604  0.000e+00
   7.480933     9.2504   3.701574     83.056     83.850     2.1820      0.652      0.604  0.000e+00
   7.480933     9.2504   3.701606     83.093     83.888     2.1820      0.652      0.605  0.000e+00
   7.480934     9.2504   3.701555     83.105     83.899     2.1820      0.652      0.605  0.000e+00
   7.480934     9.2505   3.701574     83.129     83.924     2.1820      0.645      0.606  0.000e+00
   7.480935     9.2503   3.701593     83.165     83.960     2.1820      0.645      0.606  0.000e+00
   7.480935     9.2500   3.701549     83.178     83.973     2.1820      0.652      0.606  0.000e+00
   7.480936     9.2499   3.701555     83.214     84.009     2.1820      0.656      0.607  0.000e+00
   7.480936     9.2500   3.701543     83.225     84.021     2.1820      0.663      0.607  0.000e+00
   7.480937     9.2499   3.701555     83.250     84.046     2.1820      0.667      0.606  0.000e+00
   7.480937     9.2498   3.701593     83.286     84.082     2.1820      0.659      0.606  0.000e+00
   7.480937     9.2503   3.701568     83.310     84.107     2.1820      0.656      0.606  0.000e+00
   7.480938     9.2501   3.701562     83.323     84.120     2.1820      0.652      0.606  0.000e+00
   7.480938     9.2499   3.701562     83.348     84.144     2.1820      0.645      0.606  0.000e+00
   7.480939     9.2496   3.701530     83.370     84.167     2.1820      0.637      0.605  0.000e+00
   7.480939     9.2500   3.701505     83.395     84.192     2.1820      0.630      0.605  0.000e+00
   7.480940     9.2496   3.701543     83.431     84.228     2.1820      0.626      0.604  0.000e+00
   7.480940     9.2495   3.701543     83.444     84.242     2.1820      0.626      0.605  0.000e+00
   7.480941     9.2498   3.701524     83.480     84.278     2.1820      0.630      0.605  0.000e+00
   7.480941     9.2495   3.701556     83.504     84.302     2.1820      0.623      0.604  0.000e+00
   7.480942     9.2494   3.701587     83.504     84.302     2.1820      0.615      0.603  0.000e+00
   7.480942     9.2498   3.701574     83.553     84.352     2.1820      0.615      0.602  0.000e+00
   7.480943     9.2498   3.701587     83.564     84.363     2.1820      0.615      0.602  0.000e+00
   7.480943     9.2499   3.701568     83.564     84.363     2.1807      0.615      0.600  0.000e+00
   7.480944     9.2500   3.701593     83.638     84.437     2.1820      0.619      0.600  0.000e+00
   7.480944     9.2498   3.701568     83.649     84.449     2.1807      0.619      0.600  0.000e+00
   7.480945     9.2495   3.701543     83.661     84.460     2.1807      0.623      0.599  0.000e+00
   7.480945     9.2493   3.701524     83.685     84.485     2.1820      0.619      0.599  0.000e+00
   7.480946     9.2490   3.701530     83.709     84.510     2.1807      0.619      0.597  0.000e+00
   7.480946     9.2488   3.701556     83.745     84.546     2.1807      0.619      0.597  0.000e+00
   7.480947     9.2488   3.701493     83.758     84.559     2.1807      0.619      0.596  0.000e+00
   7.480947     9.2485   3.701486     83.783     84.584     2.1807      0.619      0.595  0.000e+00
   7.480948     9.2484   3.701455     83.796     84.597     2.1807      0.612      0.593  0.000e+00
   7.480948     9.2482   3.701499     83.830     84.632     2.1807      0.608      0.592  0.000e+00
   7.480949     9.2481   3.701524     83.855     84.656     2.1807      0.612      0.591  0.000e+00
   7.480949     9.2485   3.701505     83.890     84.692     2.1807      0.626      0.591  0.000e+00
   7.480950     9.2484   3.701493     83.903     84.706     2.1807      0.637      0.590  0.000e+00
   7.480950     9.2482   3.701474     83.928     84.730     2.1807      0.641      0.589  0.000e+00
   7.480951     9.2482   3.701486     83.951     84.753     2.1807      0.637      0.588  0.000e+00
   7.480951     9.2479   3.701499     83.988     84.791     2.1807      0.634      0.589  0.000e+00
   7.480951     9.2482   3.701493     84.000     84.803     2.1807      0.641      0.588  0.000e+00
   7.480952     9.2481   3.701499     84.024     84.827     2.1807      0.645      0.587  0.000e+00
   7.480952     9.2482   3.701493     84.049     84.852     2.1807      0.641      0.586  0.000e+00
   7.480953     9.2481   3.701512     84.073     84.877     2.1820      0.637      0.586  0.000e+00
   7.480953     9.2482   3.701531     84.097     84.902     2.1820      0.634      0.585  0.000e+00
   7.480954     9.2483   3.701524     84.133     84.938     2.1820      0.634      0.586  0.000e+00
   7.480954     9.2483   3.701531     84.171     84.976     2.1807      0.630      0.587  0.000e+00
   7.480955     9.2482   3.701499     84.169     84.974     2.1807      0.630      0.586  0.000e+00
   7.480955     9.2483   3.701524     84.194     84.999     2.1820      0.623      0.586  0.000e+00
   7.480956     9.2483   3.701499     84.229     85.035     2.1820      0.615      0.586  0.000e+00
   7.480956     9.2484   3.701524     84.254     85.060     2.1820      0.615      0.587  0.000e+00
   7.480957     9.2488   3.701556     84.254     85.060     2.1807      0.612      0.586  0.000e+00
   7.480957     9.2486   3.701562     84.303     85.109     2.1820      0.612      0.586  0.000e+00
   7.480958     9.2487   3.701562     84.327     85.134     2.1820      0.612      0.587  0.000e+00
   7.480958     9.2488   3.701562     84.339     85.145     2.1820      0.619      0.587  0.000e+00
   7.480959     9.2489   3.701562     84.375     85.181     2.1820      0.623      0.587  0.000e+00
   7.480959     9.2490   3.701562     84.399     85.206     2.1820      0.623      0.588  0.000e+00
   7.480960     9.2488   3.701543     84.412     85.219     2.1820      0.630      0.588  0.000e+00
   7.480960     9.2491   3.701556     84.448     85.255     2.1820      0.634      0.588  0.000e+00
   7.480961     9.2489   3.701562     84.472     85.280     2.1820      0.637      0.589  0.000e+00
   7.480961     9.2490   3.701587     84.495     85.303     2.1807      0.634      0.590  0.000e+00
   7.480962     9.2489   3.701594     84.520     85.328     2.1820      0.619      0.590  0.000e+00
   7.480962     9.2493   3.701575     84.546     85.354     2.1807      0.612      0.590  0.000e+00
   7.480963     9.2491   3.701562     84.557     85.366     2.1807      0.615      0.590  0.000e+00
   7.480963     9.2493   3.701543     84.593     85.402     2.1807      0.615      0.590  0.000e+00
   7.480964     9.2491   3.701625     84.604     85.413     2.1820      0.615      0.590  0.000e+00
   7.480964     9.2494   3.701587     84.640     85.450     2.1820      0.612      0.590  0.000e+00
   7.480965     9.2493   3.701587     84.653     85.463     2.1807      0.615      0.590  0.000e+00
   7.480965     9.2493   3.701600     84.702     85.512     2.1807      0.612      0.592  0.000e+00
   7.480965     9.2491   3.701594     84.725     85.535     2.1820      0.612      0.592  0.000e+00
   7.480966     9.2490   3.701594     84.738     85.548     2.1820      0.615      0.593  0.000e+00
   7.480966     9.2491   3.701575     84.749     85.560     2.1820      0.615      0.592  0.000e+00
   7.480967     9.2491   3.701587     84.774     85.585     2.1807      0.615      0.590  0.000e+00
   7.480967     9.2491   3.701575     84.798     85.609     2.1807      0.615      0.591  0.000e+00
   7.480968     9.2490   3.701587     84.834     85.645     2.1807      0.619      0.591  0.000e+00
   7.480968     9.2491   3.701600     84.859     85.670     2.1807      0.626      0.591  0.000e+00
   7.480969     9.2488   3.701594     84.896     85.708     2.1807      0.630      0.592  0.000e+00
   7.480969     9.2489   3.701600     84.919     85.731     2.1807      0.626      0.593  0.000e+00
   7.480970     9.2490   3.701619     84.919     85.731     2.1807      0.623      0.593  0.000e+00
   7.480970     9.2493   3.701657     84.955     85.767     2.1807      0.619      0.592  0.000e+00
   7.480971     9.2493   3.701632     84.981     85.794     2.1807      0.619      0.592  0.000e+00
   7.480971     9.2493   3.701600     84.992     85.805     2.1807      0.615      0.591  0.000e+00
   7.480972     9.2493   3.701600     85.028     85.841     2.1807      0.615      0.591  0.000e+00
   7.480972     9.2493   3.701644     85.064     85.878     2.1807      0.612      0.591  0.000e+00
   7.480973     9.2494   3.701638     85.077     85.891     2.1807      0.615      0.592  0.000e+00
   7.480973     9.2493   3.701625     85.113     85.927     2.1807      0.615      0.592  0.000e+00
   7.480974     9.2495   3.701657     85.124     85.938     2.1807      0.612      0.592  0.000e+00
   7.480974     9.2494   3.701613     85.162     85.976     2.1807      0.608      0.592  0.000e+00
   7.480975     9.2495   3.701625     85.186     86.001     2.1807      0.601      0.593  0.000e+00
   7.480975     9.2494   3.701651     85.198     86.013     2.1807      0.597      0.593  0.000e+00
   7.480976     9.2495   3.701632     85.234     86.049     2.1820      0.601      0.593  0.000e+00
