RAWDATA/20190107/backup1/MO2_20190107.cnv
* Sea-Bird SBE 9 Data File:
* FileName = C:\CTD Brukere\NIVA\OKOKYST2019\20190107\MO2_20190107.hex
* Software Version Seasave V 7.23.2
* Temperature SN = 5352
* Conductivity SN = 3840
* Number of Bytes Per Scan = 28
* Number of Voltage Words = 4
* Number of Scans Averaged by the Deck Unit = 1
* NMEA baud rate = 4800
** Ship: R/V Trygve Braarud
** Cruise:
** Station:
** Operator:
# nquan = 9
# nvalues = 5198                                  
# units = specified
# name 0 = timeJ: Julian Days
# name 1 = t090C: Temperature [ITS-90, deg C]
# name 2 = c0S/m: Conductivity [S/m]
# name 3 = depSM: Depth [salt water, m], lat = 58.00
# name 4 = prDM: Pressure, Digiquartz [db]
# name 5 = sbeox0V: Oxygen raw, SBE 43 [V]
# name 6 = seaTurbMtr: Turbidity, Seapoint [FTU]
# name 7 = dz/dtM: Descent Rate [m/s]
# name 8 = flag:  0.000e+00
# span 0 =   7.478970,   7.481476                 
# span 1 =     3.4799,     9.4101                 
# span 2 =   2.345292,   3.710007                 
# span 3 =      0.081,     95.293                 
# span 4 =      0.081,     96.206                 
# span 5 =     2.1209,     2.4640                 
# span 6 =      0.531,      1.282                 
# span 7 =     -0.032,      0.627                 
# span 8 = 0.0000e+00, 0.0000e+00                 
# interval = seconds: 0.0416667
# start_time = Jan 07 2019 11:29:43 [System UpLoad Time]
# bad_flag = -9.990e-29
*END*
[from data line 1921]
   7.479896     9.3513   3.701883     34.050     34.372     2.1770      0.575      0.514  0.000e+00
   7.479897     9.3545   3.702147     34.073     34.395     2.1770      0.575      0.513  0.000e+00
   7.479897     9.3564   3.702349     34.097     34.419     2.1770      0.579      0.513  0.000e+00
   7.479898     9.3580   3.702569     34.133     34.455     2.1770      0.590      0.513  0.000e+00
   7.479898     9.3601   3.702707     34.146     34.468     2.1758      0.601      0.513  0.000e+00
   7.479899     9.3611   3.702758     34.159     34.481     2.1770      0.604      0.513  0.000e+00
   7.479899     9.3622   3.702764     34.193     34.516     2.1770      0.604      0.513  0.000e+00
   7.479900     9.3627   3.702833     34.206     34.529     2.1758      0.601      0.513  0.000e+00
   7.479900     9.3633   3.703009     34.242     34.565     2.1758      0.597      0.514  0.000e+00
   7.479901     9.3654   3.703431     34.253     34.576     2.1758      0.604      0.514  0.000e+00
   7.479901     9.3683   3.703853     34.278     34.601     2.1758      0.612      0.515  0.000e+00
   7.479902     9.3706   3.704124     34.291     34.614     2.1758      0.608      0.515  0.000e+00
   7.479902     9.3727   3.704275     34.313     34.637     2.1758      0.593      0.515  0.000e+00
   7.479903     9.3748   3.704438     34.351     34.675     2.1758      0.582      0.516  0.000e+00
   7.479903     9.3769   3.704671     34.362     34.686     2.1758      0.579      0.516  0.000e+00
   7.479904     9.3795   3.705087     34.386     34.711     2.1758      0.571      0.517  0.000e+00
   7.479904     9.3842   3.705527     34.411     34.735     2.1758      0.564      0.517  0.000e+00
   7.479905     9.3863   3.705679     34.446     34.771     2.1758      0.560      0.519  0.000e+00
   7.479905     9.3869   3.705748     34.458     34.783     2.1746      0.564      0.520  0.000e+00
   7.479905     9.3882   3.705956     34.469     34.794     2.1758      0.571      0.520  0.000e+00
   7.479906     9.3902   3.706100     34.506     34.832     2.1758      0.579      0.521  0.000e+00
   7.479906     9.3910   3.706176     34.531     34.857     2.1758      0.586      0.523  0.000e+00
   7.479907     9.3911   3.706119     34.542     34.868     2.1758      0.586      0.524  0.000e+00
   7.479907     9.3911   3.706094     34.566     34.893     2.1758      0.586      0.525  0.000e+00
   7.479908     9.3913   3.706189     34.602     34.929     2.1758      0.586      0.527  0.000e+00
   7.479908     9.3924   3.706378     34.614     34.940     2.1758      0.582      0.528  0.000e+00
   7.479909     9.3938   3.706522     34.627     34.953     2.1758      0.575      0.528  0.000e+00
   7.479909     9.3942   3.706585     34.662     34.989     2.1758      0.571      0.529  0.000e+00
   7.479910     9.3952   3.706636     34.687     35.014     2.1758      0.571      0.530  0.000e+00
   7.479910     9.3956   3.706655     34.709     35.037     2.1758      0.582      0.532  0.000e+00
   7.479911     9.3952   3.706503     34.722     35.050     2.1758      0.586      0.533  0.000e+00
   7.479911     9.3942   3.706277     34.747     35.075     2.1758      0.582      0.531  0.000e+00
   7.479912     9.3921   3.706031     34.782     35.111     2.1758      0.582      0.535  0.000e+00
   7.479912     9.3902   3.705817     34.794     35.122     2.1758      0.590      0.536  0.000e+00
   7.479913     9.3886   3.705767     34.818     35.147     2.1770      0.604      0.536  0.000e+00
   7.479913     9.3879   3.705836     34.854     35.183     2.1758      0.615      0.538  0.000e+00
   7.479914     9.3884   3.706012     34.867     35.196     2.1770      0.615      0.540  0.000e+00
   7.479914     9.3895   3.706164     34.889     35.219     2.1758      0.608      0.540  0.000e+00
   7.479915     9.3905   3.706239     34.902     35.232     2.1770      0.601      0.541  0.000e+00
   7.479915     9.3905   3.706214     34.925     35.255     2.1770      0.593      0.541  0.000e+00
   7.479916     9.3900   3.706145     34.963     35.293     2.1770      0.601      0.541  0.000e+00
   7.479916     9.3902   3.706151     34.974     35.304     2.1770      0.615      0.542  0.000e+00
   7.479917     9.3905   3.706233     35.010     35.340     2.1770      0.612      0.544  0.000e+00
   7.479917     9.3914   3.706409     35.023     35.353     2.1770      0.604      0.543  0.000e+00
   7.479918     9.3929   3.706554     35.058     35.389     2.1783      0.593      0.545  0.000e+00
   7.479918     9.3934   3.706604     35.070     35.401     2.1770      0.593      0.546  0.000e+00
   7.479918     9.3940   3.706674     35.083     35.414     2.1770      0.590      0.546  0.000e+00
   7.479919     9.3950   3.706730     35.118     35.450     2.1783      0.579      0.547  0.000e+00
   7.479919     9.3956   3.706781     35.154     35.486     2.1783      0.571      0.549  0.000e+00
   7.479920     9.3960   3.706812     35.154     35.486     2.1783      0.564      0.549  0.000e+00
   7.479920     9.3965   3.706850     35.190     35.522     2.1783      0.560      0.549  0.000e+00
   7.479921     9.3967   3.706850     35.203     35.535     2.1783      0.560      0.549  0.000e+00
   7.479921     9.3968   3.706800     35.250     35.583     2.1783      0.557      0.551  0.000e+00
   7.479922     9.3966   3.706812     35.250     35.583     2.1783      0.553      0.551  0.000e+00
   7.479922     9.3963   3.706768     35.286     35.619     2.1783      0.553      0.552  0.000e+00
   7.479923     9.3960   3.706781     35.299     35.632     2.1783      0.557      0.552  0.000e+00
   7.479923     9.3963   3.706756     35.321     35.655     2.1783      0.568      0.552  0.000e+00
   7.479924     9.3958   3.706825     35.346     35.679     2.1783      0.579      0.553  0.000e+00
   7.479924     9.3965   3.706856     35.359     35.692     2.1795      0.579      0.552  0.000e+00
   7.479925     9.3968   3.706926     35.381     35.715     2.1795      0.579      0.552  0.000e+00
   7.479925     9.3971   3.706932     35.419     35.753     2.1795      0.575      0.552  0.000e+00
   7.479926     9.3973   3.706919     35.430     35.765     2.1795      0.571      0.551  0.000e+00
   7.479926     9.3971   3.706875     35.466     35.801     2.1807      0.568      0.552  0.000e+00
   7.479927     9.3970   3.706850     35.479     35.814     2.1807      0.564      0.552  0.000e+00
   7.479927     9.3968   3.706850     35.490     35.825     2.1807      0.564      0.551  0.000e+00
   7.479928     9.3968   3.706831     35.526     35.861     2.1807      0.560      0.551  0.000e+00
   7.479928     9.3963   3.706768     35.550     35.886     2.1819      0.560      0.552  0.000e+00
   7.479929     9.3960   3.706806     35.562     35.897     2.1819      0.560      0.551  0.000e+00
   7.479929     9.3961   3.706819     35.586     35.922     2.1819      0.557      0.550  0.000e+00
   7.479930     9.3958   3.706718     35.610     35.946     2.1819      0.557      0.550  0.000e+00
   7.479930     9.3951   3.706567     35.635     35.971     2.1831      0.560      0.550  0.000e+00
   7.479931     9.3940   3.706472     35.659     35.996     2.1819      0.568      0.550  0.000e+00
   7.479931     9.3937   3.706460     35.670     36.007     2.1831      0.579      0.549  0.000e+00
   7.479932     9.3933   3.706504     35.695     36.032     2.1831      0.582      0.549  0.000e+00
   7.479932     9.3934   3.706579     35.730     36.068     2.1844      0.586      0.549  0.000e+00
   7.479932     9.3942   3.706686     35.742     36.079     2.1844      0.586      0.547  0.000e+00
   7.479933     9.3942   3.706737     35.766     36.104     2.1844      0.586      0.547  0.000e+00
   7.479933     9.3947   3.706705     35.802     36.140     2.1856      0.582      0.548  0.000e+00
   7.479934     9.3950   3.706731     35.802     36.140     2.1856      0.582      0.547  0.000e+00
   7.479934     9.3952   3.706781     35.826     36.164     2.1856      0.582      0.545  0.000e+00
   7.479935     9.3956   3.706787     35.862     36.200     2.1856      0.586      0.545  0.000e+00
   7.479935     9.3956   3.706787     35.851     36.189     2.1868      0.593      0.543  0.000e+00
   7.479936     9.3954   3.706743     35.933     36.273     2.1868      0.593      0.545  0.000e+00
   7.479936     9.3950   3.706718     35.922     36.261     2.1868      0.586      0.544  0.000e+00
   7.479937     9.3949   3.706674     35.933     36.273     2.1880      0.582      0.544  0.000e+00
   7.479937     9.3947   3.706680     35.971     36.310     2.1880      0.586      0.544  0.000e+00
   7.479938     9.3945   3.706687     35.995     36.335     2.1893      0.590      0.544  0.000e+00
   7.479938     9.3949   3.706731     35.993     36.333     2.1880      0.590      0.541  0.000e+00
   7.479939     9.3950   3.706724     36.042     36.382     2.1893      0.593      0.541  0.000e+00
   7.479939     9.3950   3.706724     36.055     36.396     2.1893      0.590      0.541  0.000e+00
   7.479940     9.3947   3.706693     36.066     36.407     2.1905      0.582      0.539  0.000e+00
   7.479940     9.3949   3.706762     36.102     36.443     2.1917      0.579      0.540  0.000e+00
   7.479941     9.3956   3.706831     36.126     36.468     2.1917      0.571      0.539  0.000e+00
   7.479941     9.3960   3.706850     36.126     36.468     2.1917      0.571      0.539  0.000e+00
   7.479942     9.3960   3.706907     36.162     36.504     2.1929      0.571      0.538  0.000e+00
   7.479942     9.3960   3.706888     36.175     36.517     2.1929      0.579      0.536  0.000e+00
   7.479943     9.3960   3.706863     36.198     36.540     2.1941      0.582      0.535  0.000e+00
   7.479943     9.3958   3.706876     36.222     36.564     2.1941      0.582      0.535  0.000e+00
   7.479944     9.3963   3.706913     36.247     36.589     2.1941      0.582      0.534  0.000e+00
   7.479944     9.3963   3.706888     36.269     36.612     2.1954      0.590      0.534  0.000e+00
   7.479945     9.3963   3.706831     36.295     36.638     2.1954      0.593      0.533  0.000e+00
   7.479945     9.3958   3.706775     36.307     36.650     2.1966      0.590      0.534  0.000e+00
   7.479946     9.3955   3.706724     36.342     36.686     2.1966      0.586      0.534  0.000e+00
   7.479946     9.3944   3.706473     36.342     36.686     2.1978      0.586      0.533  0.000e+00
   7.479946     9.3916   3.706070     36.378     36.722     2.1978      0.590      0.533  0.000e+00
   7.479947     9.3882   3.705711     36.402     36.746     2.1990      0.601      0.532  0.000e+00
   7.479947     9.3851   3.705503     36.414     36.758     2.1990      0.601      0.532  0.000e+00
   7.479948     9.3827   3.705314     36.438     36.782     2.2002      0.608      0.531  0.000e+00
   7.479948     9.3808   3.705195     36.463     36.807     2.2002      0.608      0.530  0.000e+00
   7.479949     9.3798   3.705069     36.498     36.843     2.2002      0.601      0.531  0.000e+00
   7.479949     9.3778   3.704943     36.498     36.843     2.2015      0.593      0.529  0.000e+00
   7.479950     9.3767   3.704811     36.523     36.868     2.2015      0.582      0.529  0.000e+00
   7.479950     9.3759   3.704855     36.558     36.904     2.2027      0.575      0.530  0.000e+00
   7.479951     9.3756   3.704823     36.571     36.917     2.2027      0.568      0.529  0.000e+00
   7.479951     9.3757   3.704811     36.605     36.951     2.2039      0.564      0.529  0.000e+00
   7.479952     9.3752   3.704811     36.607     36.953     2.2039      0.564      0.529  0.000e+00
   7.479952     9.3750   3.704811     36.630     36.976     2.2039      0.568      0.528  0.000e+00
   7.479953     9.3756   3.705006     36.667     37.013     2.2051      0.571      0.528  0.000e+00
   7.479953     9.3774   3.705245     36.667     37.013     2.2051      0.575      0.527  0.000e+00
   7.479954     9.3787   3.705402     36.701     37.048     2.2051      0.582      0.526  0.000e+00
   7.479954     9.3797   3.705509     36.714     37.061     2.2064      0.582      0.526  0.000e+00
   7.479955     9.3806   3.705560     36.739     37.086     2.2064      0.575      0.525  0.000e+00
   7.479955     9.3809   3.705617     36.763     37.110     2.2076      0.571      0.524  0.000e+00
   7.479956     9.3814   3.705686     36.799     37.146     2.2076      0.571      0.525  0.000e+00
   7.479956     9.3818   3.705698     36.799     37.146     2.2076      0.579      0.524  0.000e+00
   7.479957     9.3819   3.705648     36.834     37.182     2.2076      0.590      0.524  0.000e+00
   7.479957     9.3820   3.705654     36.857     37.205     2.2088      0.597      0.525  0.000e+00
   7.479958     9.3819   3.705667     36.872     37.220     2.2100      0.604      0.524  0.000e+00
   7.479958     9.3820   3.705667     36.894     37.243     2.2100      0.608      0.523  0.000e+00
   7.479959     9.3820   3.705686     36.932     37.281     2.2112      0.612      0.525  0.000e+00
   7.479959     9.3822   3.705724     36.943     37.292     2.2112      0.608      0.523  0.000e+00
   7.479959     9.3820   3.705705     36.954     37.304     2.2125      0.597      0.525  0.000e+00
   7.479960     9.3824   3.705749     36.979     37.328     2.2125      0.590      0.525  0.000e+00
   7.479960     9.3825   3.705768     37.002     37.351     2.2125      0.590      0.524  0.000e+00
   7.479961     9.3827   3.705717     37.028     37.377     2.2125      0.590      0.524  0.000e+00
   7.479961     9.3825   3.705749     37.037     37.387     2.2137      0.582      0.524  0.000e+00
   7.479962     9.3825   3.705692     37.063     37.413     2.2137      0.579      0.523  0.000e+00
   7.479962     9.3822   3.705692     37.097     37.448     2.2137      0.579      0.524  0.000e+00
   7.479963     9.3822   3.705673     37.110     37.461     2.2149      0.586      0.524  0.000e+00
   7.479963     9.3822   3.705692     37.099     37.449     2.2149      0.590      0.522  0.000e+00
   7.479964     9.3819   3.705673     37.193     37.544     2.2149      0.590      0.525  0.000e+00
   7.479964     9.3818   3.705642     37.170     37.522     2.2149      0.593      0.525  0.000e+00
   7.479965     9.3819   3.705680     37.206     37.558     2.2161      0.601      0.525  0.000e+00
   7.479965     9.3814   3.705648     37.219     37.571     2.2161      0.615      0.525  0.000e+00
   7.479966     9.3818   3.705680     37.242     37.594     2.2173      0.626      0.525  0.000e+00
   7.479966     9.3822   3.705900     37.255     37.607     2.2173      0.623      0.524  0.000e+00
   7.479967     9.3842   3.706309     37.291     37.643     2.2173      0.604      0.524  0.000e+00
   7.479967     9.3869   3.706744     37.315     37.667     2.2173      0.593      0.524  0.000e+00
   7.479968     9.3893   3.706983     37.338     37.690     2.2186      0.582      0.525  0.000e+00
   7.479968     9.3911   3.707140     37.328     37.680     2.2186      0.575      0.524  0.000e+00
   7.479969     9.3923   3.707185     37.373     37.726     2.2186      0.571      0.524  0.000e+00
   7.479969     9.3929   3.707229     37.388     37.741     2.2186      0.568      0.524  0.000e+00
   7.479970     9.3937   3.707292     37.411     37.764     2.2186      0.564      0.523  0.000e+00
   7.479970     9.3944   3.707392     37.435     37.789     2.2198      0.568      0.523  0.000e+00
   7.479971     9.3950   3.707487     37.458     37.812     2.2198      0.568      0.524  0.000e+00
   7.479971     9.3954   3.707518     37.484     37.838     2.2198      0.564      0.524  0.000e+00
   7.479972     9.3958   3.707512     37.494     37.848     2.2198      0.564      0.523  0.000e+00
   7.479972     9.3960   3.707581     37.531     37.885     2.2210      0.560      0.524  0.000e+00
   7.479973     9.3970   3.707663     37.542     37.897     2.2210      0.557      0.524  0.000e+00
