RAWDATA/20190107/backup1/VT10_20190107.cnv
* Sea-Bird SBE 9 Data File:
* FileName = C:\CTD Brukere\NIVA\OKOKYST2019\20190107\VT10_20190107.hex
* Software Version Seasave V 7.23.2
* Temperature SN = 5352
* Conductivity SN = 3840
* Number of Bytes Per Scan = 28
* Number of Voltage Words = 4
* Number of Scans Averaged by the Deck Unit = 1
* NMEA baud rate = 4800
** Ship: R/V Trygve Braarud
** Cruise:
** Station:
** Operator:
# nquan = 9
# nvalues = 10672                                 
# units = specified
# name 0 = timeJ: Julian Days
# name 1 = t090C: Temperature [ITS-90, deg C]
# name 2 = c0S/m: Conductivity [S/m]
# name 3 = depSM: Depth [salt water, m], lat = 58.00
# name 4 = prDM: Pressure, Digiquartz [db]
# name 5 = sbeox0V: Oxygen raw, SBE 43 [V]
# name 6 = seaTurbMtr: Turbidity, Seapoint [FTU]
# name 7 = dz/dtM: Descent Rate [m/s]
# name 8 = flag:  0.000e+00
# span 0 =   7.528657,   7.533804                 
# span 1 =     4.9272,     9.5635                 
# span 2 =   2.723840,   3.724600                 
# span 3 =     -0.046,    191.447                 
# span 4 =     -0.047,    193.328                 
# span 5 =     1.7691,     2.4811                 
# span 6 =      0.476,      1.487                 
# span 7 =     -0.074,      0.704                 
# span 8 = 0.0000e+00, 0.0000e+00                 
# interval = seconds: 0.0416667
# start_time = Jan 07 2019 12:41:16 [System UpLoad Time]
# bad_flag = -9.990e-29
*END*
[from data line 8801]
   7.532902     7.1636   3.537735    172.275    173.959     1.9023      0.703      0.486  0.000e+00
   7.532902     7.1634   3.537803    172.299    173.984     1.9023      0.703      0.485  0.000e+00
   7.532903     7.1632   3.537796    172.313    173.998     1.9023      0.696      0.483  0.000e+00
   7.532903     7.1632   3.537815    172.349    174.034     1.9023      0.689      0.484  0.000e+00
   7.532904     7.1634   3.537772    172.362    174.047     1.9023      0.678      0.483  0.000e+00
   7.532904     7.1632   3.537803    172.373    174.059     1.9023      0.670      0.482  0.000e+00
   7.532905     7.1635   3.537821    172.398    174.084     1.9023      0.670      0.481  0.000e+00
   7.532905     7.1634   3.537797    172.423    174.109     1.9023      0.678      0.481  0.000e+00
   7.532906     7.1631   3.537790    172.447    174.134     1.9023      0.670      0.481  0.000e+00
   7.532906     7.1632   3.537766    172.447    174.134     1.9023      0.659      0.481  0.000e+00
   7.532907     7.1634   3.537753    172.472    174.158     1.9023      0.656      0.480  0.000e+00
   7.532907     7.1632   3.537753    172.508    174.195     1.9023      0.652      0.480  0.000e+00
   7.532908     7.1632   3.537778    172.521    174.208     1.9010      0.652      0.480  0.000e+00
   7.532908     7.1631   3.537790    172.546    174.233     1.9023      0.652      0.480  0.000e+00
   7.532908     7.1632   3.537790    172.557    174.245     1.9023      0.659      0.480  0.000e+00
   7.532909     7.1632   3.537790    172.582    174.270     1.9023      0.667      0.480  0.000e+00
   7.532909     7.1632   3.537759    172.595    174.283     1.9023      0.678      0.480  0.000e+00
   7.532910     7.1632   3.537803    172.631    174.319     1.9023      0.689      0.481  0.000e+00
   7.532910     7.1634   3.537821    172.608    174.296     1.9023      0.685      0.479  0.000e+00
   7.532911     7.1636   3.537797    172.692    174.381     1.9010      0.681      0.481  0.000e+00
   7.532911     7.1637   3.537815    172.680    174.369     1.9010      0.674      0.481  0.000e+00
   7.532912     7.1636   3.537821    172.705    174.394     1.9010      0.667      0.482  0.000e+00
   7.532912     7.1635   3.537821    172.716    174.406     1.9010      0.674      0.482  0.000e+00
   7.532913     7.1636   3.537797    172.741    174.431     1.9010      0.678      0.482  0.000e+00
   7.532913     7.1636   3.537834    172.741    174.431     1.9010      0.678      0.481  0.000e+00
   7.532914     7.1636   3.537852    172.790    174.480     1.9010      0.681      0.482  0.000e+00
   7.532914     7.1635   3.537852    172.790    174.480     1.9010      0.678      0.482  0.000e+00
   7.532915     7.1634   3.537828    172.826    174.517     1.9010      0.674      0.483  0.000e+00
   7.532915     7.1636   3.537865    172.840    174.530     1.9010      0.670      0.483  0.000e+00
   7.532916     7.1634   3.537859    172.864    174.555     1.9010      0.674      0.484  0.000e+00
   7.532916     7.1634   3.537852    172.876    174.567     1.9010      0.674      0.484  0.000e+00
   7.532917     7.1632   3.537852    172.900    174.591     1.9010      0.674      0.484  0.000e+00
   7.532917     7.1631   3.537852    172.925    174.616     1.9010      0.670      0.484  0.000e+00
   7.532918     7.1631   3.537852    172.938    174.630     1.9010      0.663      0.485  0.000e+00
   7.532918     7.1630   3.537871    172.963    174.654     1.9010      0.663      0.485  0.000e+00
   7.532919     7.1631   3.537859    172.974    174.666     1.9010      0.674      0.485  0.000e+00
   7.532919     7.1631   3.537871    173.010    174.703     1.9010      0.685      0.486  0.000e+00
   7.532920     7.1632   3.537883    173.024    174.716     1.8998      0.696      0.486  0.000e+00
   7.532920     7.1629   3.537908    173.035    174.727     1.8998      0.689      0.485  0.000e+00
   7.532921     7.1632   3.537889    173.060    174.752     1.9010      0.685      0.485  0.000e+00
   7.532921     7.1631   3.537883    173.084    174.777     1.9010      0.681      0.486  0.000e+00
   7.532921     7.1634   3.537883    173.109    174.802     1.8998      0.681      0.486  0.000e+00
   7.532922     7.1634   3.537883    173.134    174.827     1.8998      0.689      0.487  0.000e+00
   7.532922     7.1634   3.537908    173.147    174.840     1.8998      0.696      0.488  0.000e+00
   7.532923     7.1634   3.537914    173.158    174.852     1.8998      0.700      0.487  0.000e+00
   7.532923     7.1636   3.537914    173.183    174.877     1.8986      0.696      0.488  0.000e+00
   7.532924     7.1635   3.537890    173.207    174.902     1.8998      0.685      0.488  0.000e+00
   7.532924     7.1637   3.537927    173.232    174.927     1.8998      0.681      0.489  0.000e+00
   7.532925     7.1634   3.537920    173.257    174.951     1.8986      0.689      0.489  0.000e+00
   7.532925     7.1632   3.537871    173.257    174.951     1.8986      0.703      0.489  0.000e+00
   7.532926     7.1632   3.537896    173.281    174.976     1.8986      0.711      0.488  0.000e+00
   7.532926     7.1632   3.537890    173.327    175.023     1.8986      0.696      0.489  0.000e+00
   7.532927     7.1631   3.537902    173.331    175.026     1.8986      0.685      0.490  0.000e+00
   7.532927     7.1632   3.537890    173.367    175.063     1.8986      0.681      0.492  0.000e+00
   7.532928     7.1630   3.537908    173.378    175.074     1.8986      0.678      0.492  0.000e+00
   7.532928     7.1631   3.537914    173.391    175.087     1.8986      0.685      0.492  0.000e+00
   7.532929     7.1632   3.537914    173.416    175.112     1.8986      0.707      0.493  0.000e+00
   7.532929     7.1631   3.537914    173.441    175.137     1.8986      0.711      0.494  0.000e+00
   7.532930     7.1630   3.537914    173.465    175.162     1.8986      0.703      0.494  0.000e+00
   7.532930     7.1632   3.537914    173.490    175.187     1.8986      0.689      0.495  0.000e+00
   7.532931     7.1631   3.537914    173.501    175.199     1.8986      0.681      0.496  0.000e+00
   7.532931     7.1627   3.537958    173.515    175.212     1.8974      0.681      0.496  0.000e+00
   7.532932     7.1626   3.537976    173.562    175.260     1.8974      0.681      0.498  0.000e+00
   7.532932     7.1621   3.537976    173.575    175.273     1.8986      0.692      0.500  0.000e+00
   7.532933     7.1623   3.537976    173.587    175.285     1.8986      0.700      0.500  0.000e+00
   7.532933     7.1622   3.537976    173.611    175.310     1.8974      0.700      0.501  0.000e+00
   7.532934     7.1621   3.537976    173.661    175.359     1.8974      0.700      0.504  0.000e+00
   7.532934     7.1621   3.537952    173.649    175.348     1.8974      0.711      0.503  0.000e+00
   7.532935     7.1623   3.537964    173.685    175.384     1.8974      0.714      0.506  0.000e+00
   7.532935     7.1622   3.537952    173.685    175.384     1.8974      0.733      0.506  0.000e+00
   7.532935     7.1624   3.537945    173.756    175.456     1.8974      0.733      0.509  0.000e+00
   7.532936     7.1621   3.537970    173.746    175.446     1.8974      0.718      0.510  0.000e+00
   7.532936     7.1624   3.537952    173.771    175.471     1.8974      0.707      0.512  0.000e+00
   7.532937     7.1624   3.537995    173.784    175.484     1.8974      0.703      0.511  0.000e+00
   7.532937     7.1624   3.537983    173.820    175.520     1.8974      0.700      0.513  0.000e+00
   7.532938     7.1624   3.537976    173.833    175.534     1.8974      0.707      0.514  0.000e+00
   7.532938     7.1623   3.537976    173.858    175.559     1.8974      0.718      0.515  0.000e+00
   7.532939     7.1622   3.537976    173.894    175.595     1.8974      0.722      0.517  0.000e+00
   7.532939     7.1626   3.537976    173.894    175.595     1.8974      0.740      0.518  0.000e+00
   7.532940     7.1624   3.537976    173.930    175.632     1.8974      0.751      0.519  0.000e+00
   7.532940     7.1626   3.538001    173.943    175.645     1.8962      0.733      0.520  0.000e+00
   7.532941     7.1624   3.537983    173.978    175.680     1.8962      0.714      0.522  0.000e+00
   7.532941     7.1623   3.537976    173.979    175.681     1.8962      0.703      0.522  0.000e+00
   7.532942     7.1624   3.537976    174.017    175.719     1.8962      0.689      0.523  0.000e+00
   7.532942     7.1624   3.537976    174.029    175.731     1.8962      0.689      0.524  0.000e+00
   7.532943     7.1624   3.538026    174.053    175.756     1.8962      0.696      0.525  0.000e+00
   7.532943     7.1624   3.538020    174.078    175.781     1.8949      0.696      0.526  0.000e+00
   7.532944     7.1624   3.538014    174.102    175.806     1.8962      0.692      0.526  0.000e+00
   7.532944     7.1626   3.538014    174.114    175.817     1.8949      0.692      0.526  0.000e+00
   7.532945     7.1624   3.538032    174.163    175.867     1.8962      0.685      0.528  0.000e+00
   7.532945     7.1626   3.538020    174.148    175.852     1.8949      0.678      0.528  0.000e+00
   7.532946     7.1624   3.538032    174.201    175.905     1.8949      0.678      0.530  0.000e+00
   7.532946     7.1626   3.538020    174.201    175.905     1.8949      0.678      0.530  0.000e+00
   7.532947     7.1626   3.538014    174.226    175.930     1.8949      0.681      0.530  0.000e+00
   7.532947     7.1626   3.538032    174.262    175.967     1.8949      0.689      0.530  0.000e+00
   7.532948     7.1626   3.538020    174.262    175.967     1.8949      0.692      0.530  0.000e+00
   7.532948     7.1628   3.538032    174.298    176.003     1.8937      0.692      0.530  0.000e+00
   7.532948     7.1622   3.538020    174.298    176.003     1.8937      0.703      0.530  0.000e+00
   7.532949     7.1618   3.538032    174.345    176.051     1.8937      0.711      0.530  0.000e+00
   7.532949     7.1618   3.538045    174.360    176.066     1.8937      0.711      0.529  0.000e+00
   7.532950     7.1617   3.538063    174.385    176.091     1.8937      0.703      0.530  0.000e+00
   7.532950     7.1613   3.538026    174.385    176.091     1.8937      0.703      0.529  0.000e+00
   7.532951     7.1617   3.538014    174.421    176.128     1.8937      0.700      0.529  0.000e+00
   7.532951     7.1621   3.538032    174.446    176.152     1.8937      0.700      0.529  0.000e+00
   7.532952     7.1624   3.538020    174.446    176.152     1.8937      0.696      0.528  0.000e+00
   7.532952     7.1626   3.538032    174.467    176.174     1.8925      0.692      0.526  0.000e+00
   7.532953     7.1623   3.538063    174.506    176.214     1.8925      0.689      0.526  0.000e+00
   7.532953     7.1621   3.538051    174.506    176.214     1.8925      0.689      0.524  0.000e+00
   7.532954     7.1624   3.538045    174.531    176.239     1.8925      0.722      0.523  0.000e+00
   7.532954     7.1622   3.538045    174.569    176.277     1.8925      0.747      0.522  0.000e+00
   7.532955     7.1623   3.538069    174.569    176.277     1.8925      0.744      0.520  0.000e+00
   7.532955     7.1623   3.538076    174.580    176.289     1.8925      0.729      0.518  0.000e+00
   7.532956     7.1621   3.538051    174.615    176.323     1.8925      0.722      0.517  0.000e+00
   7.532956     7.1622   3.538045    174.630    176.338     1.8913      0.714      0.515  0.000e+00
   7.532957     7.1621   3.538063    174.643    176.352     1.8913      0.703      0.513  0.000e+00
   7.532957     7.1623   3.538051    174.667    176.376     1.8913      0.692      0.512  0.000e+00
   7.532958     7.1623   3.538069    174.690    176.400     1.8913      0.696      0.510  0.000e+00
   7.532958     7.1622   3.538051    174.704    176.413     1.8913      0.703      0.508  0.000e+00
   7.532959     7.1621   3.538088    174.725    176.435     1.8900      0.714      0.505  0.000e+00
   7.532959     7.1623   3.538107    174.740    176.449     1.8900      0.729      0.504  0.000e+00
   7.532960     7.1620   3.538082    174.764    176.474     1.8900      0.755      0.502  0.000e+00
   7.532960     7.1622   3.538076    174.789    176.499     1.8900      0.773      0.501  0.000e+00
   7.532961     7.1621   3.538076    174.789    176.499     1.8900      0.766      0.498  0.000e+00
   7.532961     7.1621   3.538094    174.823    176.534     1.8900      0.758      0.496  0.000e+00
   7.532962     7.1621   3.538107    174.827    176.537     1.8900      0.747      0.493  0.000e+00
   7.532962     7.1622   3.538107    174.863    176.574     1.8900      0.747      0.491  0.000e+00
   7.532962     7.1620   3.538082    174.887    176.599     1.8888      0.751      0.491  0.000e+00
   7.532963     7.1623   3.538100    174.887    176.599     1.8888      0.744      0.488  0.000e+00
   7.532963     7.1622   3.537556    174.912    176.624     1.8888      0.733      0.486  0.000e+00
   7.532964     7.1624   3.537037    174.933    176.645     1.8888      0.780      0.484  0.000e+00
   7.532964     7.1621   3.537791    174.961    176.673     1.8900      0.905      0.483  0.000e+00
   7.532965     7.1624   3.538119    174.973    176.685     1.8888      0.941      0.481  0.000e+00
   7.532965     7.1622   3.538113    174.986    176.698     1.8888      0.890      0.479  0.000e+00
   7.532966     7.1626   3.538107    175.011    176.723     1.8876      0.821      0.477  0.000e+00
   7.532966     7.1624   3.538107    175.032    176.745     1.8888      0.773      0.476  0.000e+00
   7.532967     7.1623   3.538125    175.035    176.748     1.8876      0.747      0.473  0.000e+00
   7.532967     7.1624   3.538088    175.071    176.785     1.8876      0.740      0.472  0.000e+00
   7.532968     7.1623   3.538094    175.096    176.809     1.8888      0.733      0.471  0.000e+00
   7.532968     7.1621   3.538131    175.093    176.806     1.8876      0.722      0.470  0.000e+00
   7.532969     7.1623   3.538113    175.132    176.846     1.8876      0.711      0.469  0.000e+00
   7.532969     7.1621   3.538082    175.145    176.859     1.8876      0.711      0.469  0.000e+00
   7.532970     7.1620   3.538119    175.170    176.884     1.8876      0.703      0.468  0.000e+00
   7.532970     7.1620   3.538113    175.195    176.909     1.8876      0.703      0.467  0.000e+00
   7.532971     7.1621   3.538150    175.203    176.917     1.8876      0.707      0.467  0.000e+00
   7.532971     7.1619   3.538150    175.231    176.946     1.8876      0.714      0.467  0.000e+00
   7.532972     7.1620   3.538113    175.244    176.959     1.8864      0.722      0.467  0.000e+00
   7.532972     7.1620   3.538082    175.267    176.982     1.8864      0.718      0.465  0.000e+00
   7.532973     7.1621   3.538119    175.288    177.004     1.8864      0.711      0.466  0.000e+00
   7.532973     7.1621   3.538113    175.305    177.020     1.8864      0.714      0.467  0.000e+00
   7.532974     7.1621   3.538131    175.341    177.057     1.8864      0.711      0.468  0.000e+00
   7.532974     7.1620   3.538113    175.354    177.070     1.8864      0.711      0.468  0.000e+00
   7.532975     7.1621   3.538125    175.365    177.082     1.8852      0.711      0.469  0.000e+00
   7.532975     7.1619   3.538113    175.387    177.103     1.8864      0.707      0.470  0.000e+00
   7.532976     7.1620   3.538125    175.428    177.145     1.8864      0.711      0.471  0.000e+00
   7.532976     7.1618   3.538138    175.428    177.145     1.8864      0.714      0.471  0.000e+00
   7.532976     7.1620   3.538138    175.464    177.181     1.8852      0.714      0.473  0.000e+00
   7.532977     7.1619   3.538138    175.472    177.189     1.8852      0.718      0.474  0.000e+00
   7.532977     7.1617   3.538138    175.500    177.218     1.8839      0.725      0.475  0.000e+00
   7.532978     7.1617   3.538088    175.525    177.243     1.8839      0.736      0.477  0.000e+00
