RAWDATA/20190107/backup1/VT10_20190107.cnv
* Sea-Bird SBE 9 Data File:
* FileName = C:\CTD Brukere\NIVA\OKOKYST2019\20190107\VT10_20190107.hex
* Software Version Seasave V 7.23.2
* Temperature SN = 5352
* Conductivity SN = 3840
* Number of Bytes Per Scan = 28
* Number of Voltage Words = 4
* Number of Scans Averaged by the Deck Unit = 1
* NMEA baud rate = 4800
** Ship: R/V Trygve Braarud
** Cruise:
** Station:
** Operator:
# nquan = 9
# nvalues = 10672                                 
# units = specified
# name 0 = timeJ: Julian Days
# name 1 = t090C: Temperature [ITS-90, deg C]
# name 2 = c0S/m: Conductivity [S/m]
# name 3 = depSM: Depth [salt water, m], lat = 58.00
# name 4 = prDM: Pressure, Digiquartz [db]
# name 5 = sbeox0V: Oxygen raw, SBE 43 [V]
# name 6 = seaTurbMtr: Turbidity, Seapoint [FTU]
# name 7 = dz/dtM: Descent Rate [m/s]
# name 8 = flag:  0.000e+00
# span 0 =   7.528657,   7.533804                 
# span 1 =     4.9272,     9.5635                 
# span 2 =   2.723840,   3.724600                 
# span 3 =     -0.046,    191.447                 
# span 4 =     -0.047,    193.328                 
# span 5 =     1.7691,     2.4811                 
# span 6 =      0.476,      1.487                 
# span 7 =     -0.074,      0.704                 
# span 8 = 0.0000e+00, 0.0000e+00                 
# interval = seconds: 0.0416667
# start_time = Jan 07 2019 12:41:16 [System UpLoad Time]
# bad_flag = -9.990e-29
*END*
[from data line 7361]
   7.532207     7.4032   3.552060    143.502    144.895     1.9609      0.568      0.512  0.000e+00
   7.532208     7.4020   3.551967    143.527    144.920     1.9609      0.564      0.517  0.000e+00
   7.532208     7.4018   3.551924    143.527    144.920     1.9609      0.557      0.517  0.000e+00
   7.532209     7.4027   3.551868    143.563    144.956     1.9609      0.549      0.517  0.000e+00
   7.532209     7.4032   3.551850    143.587    144.981     1.9609      0.549      0.518  0.000e+00
   7.532210     7.4020   3.551726    143.612    145.006     1.9609      0.549      0.520  0.000e+00
   7.532210     7.3998   3.551577    143.636    145.031     1.9609      0.549      0.522  0.000e+00
   7.532211     7.3984   3.551577    143.648    145.042     1.9609      0.546      0.523  0.000e+00
   7.532211     7.3975   3.551621    143.672    145.067     1.9609      0.546      0.524  0.000e+00
   7.532212     7.3981   3.551695    143.686    145.080     1.9609      0.542      0.524  0.000e+00
   7.532212     7.3983   3.551652    143.704    145.099     1.9609      0.542      0.524  0.000e+00
   7.532213     7.3962   3.551528    143.735    145.130     1.9609      0.546      0.524  0.000e+00
   7.532213     7.3934   3.551262    143.758    145.153     1.9609      0.549      0.525  0.000e+00
   7.532214     7.3914   3.551113    143.771    145.167     1.9609      0.549      0.524  0.000e+00
   7.532214     7.3904   3.551008    143.820    145.216     1.9609      0.549      0.526  0.000e+00
   7.532215     7.3891   3.550896    143.820    145.216     1.9609      0.549      0.526  0.000e+00
   7.532215     7.3879   3.550834    143.831    145.228     1.9609      0.549      0.526  0.000e+00
   7.532215     7.3872   3.550810    143.869    145.266     1.9609      0.549      0.526  0.000e+00
   7.532216     7.3864   3.550791    143.869    145.266     1.9609      0.557      0.525  0.000e+00
   7.532216     7.3875   3.550804    143.892    145.289     1.9609      0.557      0.525  0.000e+00
   7.532217     7.3886   3.550791    143.936    145.334     1.9609      0.560      0.525  0.000e+00
   7.532217     7.3880   3.550729    143.930    145.327     1.9609      0.568      0.523  0.000e+00
   7.532218     7.3867   3.550748    143.966    145.363     1.9609      0.564      0.523  0.000e+00
   7.532218     7.3859   3.550723    143.990    145.388     1.9609      0.560      0.523  0.000e+00
   7.532219     7.3854   3.550723    144.002    145.400     1.9609      0.553      0.522  0.000e+00
   7.532219     7.3854   3.550735    144.026    145.425     1.9609      0.557      0.522  0.000e+00
   7.532220     7.3848   3.550729    144.051    145.449     1.9609      0.571      0.521  0.000e+00
   7.532220     7.3851   3.550735    144.064    145.463     1.9609      0.590      0.521  0.000e+00
   7.532221     7.3850   3.550779    144.082    145.481     1.9609      0.597      0.519  0.000e+00
   7.532221     7.3856   3.550779    144.100    145.499     1.9609      0.590      0.518  0.000e+00
   7.532222     7.3858   3.550760    144.125    145.524     1.9609      0.586      0.517  0.000e+00
   7.532222     7.3845   3.550698    144.136    145.535     1.9609      0.593      0.516  0.000e+00
   7.532223     7.3838   3.550692    144.161    145.560     1.9609      0.593      0.514  0.000e+00
   7.532223     7.3840   3.550636    144.185    145.585     1.9596      0.579      0.513  0.000e+00
   7.532224     7.3838   3.550581    144.210    145.610     1.9596      0.571      0.512  0.000e+00
   7.532224     7.3840   3.550606    144.216    145.617     1.9609      0.571      0.510  0.000e+00
   7.532225     7.3840   3.550624    144.259    145.660     1.9609      0.575      0.509  0.000e+00
   7.532225     7.3835   3.550575    144.259    145.660     1.9609      0.575      0.508  0.000e+00
   7.532226     7.3834   3.550537    144.283    145.684     1.9609      0.575      0.506  0.000e+00
   7.532226     7.3835   3.550550    144.308    145.709     1.9596      0.575      0.506  0.000e+00
   7.532227     7.3838   3.550562    144.319    145.721     1.9609      0.571      0.504  0.000e+00
   7.532227     7.3838   3.550556    144.339    145.741     1.9596      0.568      0.503  0.000e+00
   7.532228     7.3838   3.550562    144.357    145.759     1.9596      0.568      0.501  0.000e+00
   7.532228     7.3835   3.550482    144.382    145.784     1.9596      0.586      0.500  0.000e+00
   7.532228     7.3828   3.550537    144.405    145.807     1.9596      0.604      0.499  0.000e+00
   7.532229     7.3830   3.550581    144.429    145.832     1.9596      0.593      0.497  0.000e+00
   7.532229     7.3838   3.550668    144.442    145.845     1.9596      0.575      0.497  0.000e+00
   7.532230     7.3848   3.550680    144.460    145.863     1.9596      0.560      0.495  0.000e+00
   7.532230     7.3854   3.550698    144.478    145.881     1.9596      0.557      0.495  0.000e+00
   7.532231     7.3858   3.550698    144.503    145.906     1.9609      0.564      0.494  0.000e+00
   7.532231     7.3854   3.550637    144.503    145.906     1.9596      0.564      0.492  0.000e+00
   7.532232     7.3846   3.550581    144.539    145.943     1.9596      0.557      0.490  0.000e+00
   7.532232     7.3840   3.550581    144.552    145.956     1.9596      0.553      0.489  0.000e+00
   7.532233     7.3837   3.550525    144.583    145.987     1.9596      0.546      0.488  0.000e+00
   7.532233     7.3834   3.550513    144.588    145.992     1.9596      0.549      0.487  0.000e+00
   7.532234     7.3830   3.550507    144.601    146.005     1.9596      0.560      0.486  0.000e+00
   7.532234     7.3825   3.550513    144.637    146.042     1.9596      0.568      0.485  0.000e+00
   7.532235     7.3822   3.550531    144.649    146.053     1.9596      0.571      0.484  0.000e+00
   7.532235     7.3824   3.550426    144.668    146.073     1.9596      0.571      0.482  0.000e+00
   7.532236     7.3814   3.550234    144.686    146.091     1.9596      0.571      0.480  0.000e+00
   7.532236     7.3803   3.550030    144.711    146.116     1.9596      0.571      0.479  0.000e+00
   7.532237     7.3783   3.549819    144.722    146.128     1.9596      0.564      0.478  0.000e+00
   7.532237     7.3749   3.549689    144.772    146.178     1.9596      0.557      0.478  0.000e+00
   7.532238     7.3737   3.549720    144.736    146.141     1.9596      0.557      0.477  0.000e+00
   7.532238     7.3736   3.549727    144.790    146.196     1.9596      0.564      0.477  0.000e+00
   7.532239     7.3733   3.549733    144.808    146.214     1.9596      0.568      0.475  0.000e+00
   7.532239     7.3735   3.549751    144.821    146.227     1.9596      0.564      0.475  0.000e+00
   7.532240     7.3741   3.549813    144.845    146.252     1.9596      0.553      0.474  0.000e+00
   7.532240     7.3747   3.549857    144.850    146.257     1.9596      0.546      0.472  0.000e+00
   7.532241     7.3749   3.549881    144.881    146.288     1.9596      0.546      0.472  0.000e+00
   7.532241     7.3753   3.549919    144.895    146.302     1.9596      0.546      0.470  0.000e+00
   7.532242     7.3755   3.549919    144.917    146.325     1.9609      0.549      0.470  0.000e+00
   7.532242     7.3753   3.549950    144.942    146.350     1.9596      0.553      0.470  0.000e+00
   7.532242     7.3757   3.549950    144.960    146.368     1.9596      0.560      0.469  0.000e+00
   7.532243     7.3758   3.549931    144.967    146.374     1.9596      0.557      0.468  0.000e+00
   7.532243     7.3755   3.549919    144.991    146.399     1.9596      0.549      0.468  0.000e+00
   7.532244     7.3753   3.549925    145.016    146.424     1.9609      0.546      0.468  0.000e+00
   7.532244     7.3752   3.549869    145.016    146.424     1.9609      0.542      0.466  0.000e+00
   7.532245     7.3747   3.549888    145.058    146.467     1.9609      0.542      0.466  0.000e+00
   7.532245     7.3741   3.549863    145.076    146.485     1.9609      0.549      0.466  0.000e+00
   7.532246     7.3738   3.549863    145.089    146.499     1.9609      0.564      0.465  0.000e+00
   7.532246     7.3745   3.549832    145.114    146.523     1.9596      0.575      0.465  0.000e+00
   7.532247     7.3743   3.549826    145.119    146.528     1.9609      0.582      0.464  0.000e+00
   7.532247     7.3749   3.549820    145.150    146.560     1.9609      0.575      0.464  0.000e+00
   7.532248     7.3742   3.549782    145.175    146.585     1.9609      0.568      0.464  0.000e+00
   7.532248     7.3720   3.549640    145.186    146.596     1.9609      0.564      0.465  0.000e+00
   7.532249     7.3699   3.549535    145.204    146.614     1.9609      0.560      0.464  0.000e+00
   7.532249     7.3693   3.549479    145.235    146.646     1.9609      0.564      0.465  0.000e+00
   7.532250     7.3692   3.549504    145.248    146.659     1.9609      0.560      0.465  0.000e+00
   7.532250     7.3690   3.549479    145.273    146.684     1.9609      0.553      0.465  0.000e+00
   7.532251     7.3686   3.549479    145.291    146.702     1.9609      0.546      0.466  0.000e+00
   7.532251     7.3683   3.549448    145.320    146.732     1.9609      0.542      0.466  0.000e+00
   7.532252     7.3674   3.549374    145.334    146.745     1.9609      0.538      0.467  0.000e+00
   7.532252     7.3675   3.549343    145.345    146.757     1.9609      0.535      0.467  0.000e+00
   7.532253     7.3679   3.549324    145.376    146.788     1.9609      0.531      0.469  0.000e+00
   7.532253     7.3675   3.549194    145.394    146.806     1.9609      0.527      0.470  0.000e+00
   7.532254     7.3655   3.548798    145.407    146.820     1.9609      0.524      0.470  0.000e+00
   7.532254     7.3604   3.548340    145.443    146.856     1.9609      0.527      0.472  0.000e+00
   7.532255     7.3553   3.548229    145.448    146.861     1.9609      0.527      0.472  0.000e+00
   7.532255     7.3553   3.548284    145.468    146.881     1.9596      0.531      0.472  0.000e+00
   7.532255     7.3545   3.548266    145.504    146.917     1.9609      0.538      0.474  0.000e+00
   7.532256     7.3553   3.548334    145.511    146.924     1.9609      0.538      0.474  0.000e+00
   7.532256     7.3558   3.548384    145.542    146.955     1.9596      0.549      0.476  0.000e+00
   7.532257     7.3562   3.548346    145.553    146.967     1.9596      0.579      0.477  0.000e+00
   7.532257     7.3561   3.548353    145.578    146.992     1.9596      0.586      0.477  0.000e+00
   7.532258     7.3569   3.548266    145.596    147.010     1.9596      0.586      0.478  0.000e+00
   7.532258     7.3571   3.548136    145.614    147.028     1.9596      0.590      0.479  0.000e+00
   7.532259     7.3548   3.547820    145.638    147.053     1.9596      0.586      0.480  0.000e+00
   7.532259     7.3472   3.547554    145.656    147.071     1.9596      0.575      0.481  0.000e+00
   7.532260     7.3420   3.547523    145.676    147.091     1.9596      0.568      0.482  0.000e+00
   7.532260     7.3428   3.547554    145.699    147.114     1.9584      0.564      0.482  0.000e+00
   7.532261     7.3458   3.547511    145.712    147.127     1.9584      0.560      0.484  0.000e+00
   7.532261     7.3463   3.547406    145.742    147.157     1.9584      0.557      0.484  0.000e+00
   7.532262     7.3452   3.547300    145.748    147.164     1.9584      0.549      0.484  0.000e+00
   7.532262     7.3436   3.547183    145.786    147.202     1.9584      0.549      0.486  0.000e+00
   7.532263     7.3419   3.547102    145.802    147.218     1.9584      0.549      0.487  0.000e+00
   7.532263     7.3404   3.547034    145.822    147.238     1.9584      0.549      0.488  0.000e+00
   7.532264     7.3396   3.547041    145.858    147.275     1.9584      0.560      0.489  0.000e+00
   7.532264     7.3394   3.547127    145.851    147.268     1.9584      0.571      0.489  0.000e+00
   7.532265     7.3399   3.547195    145.896    147.313     1.9584      0.564      0.491  0.000e+00
   7.532265     7.3408   3.547140    145.896    147.313     1.9572      0.557      0.491  0.000e+00
   7.532266     7.3413   3.547140    145.932    147.349     1.9584      0.557      0.492  0.000e+00
   7.532266     7.3419   3.547171    145.950    147.367     1.9584      0.553      0.493  0.000e+00
   7.532267     7.3418   3.547158    145.968    147.386     1.9572      0.553      0.494  0.000e+00
   7.532267     7.3412   3.547171    145.992    147.410     1.9572      0.553      0.494  0.000e+00
   7.532268     7.3412   3.547251    146.022    147.440     1.9572      0.564      0.496  0.000e+00
   7.532268     7.3426   3.547492    146.030    147.448     1.9572      0.571      0.495  0.000e+00
   7.532269     7.3438   3.547610    146.054    147.473     1.9572      0.575      0.496  0.000e+00
   7.532269     7.3460   3.547647    146.084    147.503     1.9572      0.564      0.498  0.000e+00
   7.532269     7.3480   3.547610    146.090    147.510     1.9572      0.560      0.498  0.000e+00
   7.532270     7.3470   3.547424    146.115    147.534     1.9560      0.557      0.499  0.000e+00
   7.532270     7.3435   3.547202    146.145    147.564     1.9560      0.557      0.499  0.000e+00
   7.532271     7.3410   3.547171    146.164    147.584     1.9560      0.560      0.500  0.000e+00
   7.532271     7.3405   3.547134    146.176    147.596     1.9560      0.560      0.500  0.000e+00
   7.532272     7.3394   3.546898    146.205    147.626     1.9572      0.557      0.501  0.000e+00
   7.532272     7.3359   3.546657    146.225    147.645     1.9560      0.560      0.501  0.000e+00
   7.532273     7.3346   3.546700    146.225    147.645     1.9560      0.575      0.501  0.000e+00
   7.532273     7.3353   3.546830    146.279    147.700     1.9560      0.604      0.502  0.000e+00
   7.532274     7.3364   3.546812    146.274    147.695     1.9560      0.685      0.502  0.000e+00
   7.532274     7.3362   3.546775    146.303    147.725     1.9560      0.685      0.502  0.000e+00
   7.532275     7.3359   3.546620    146.323    147.745     1.9560      0.652      0.503  0.000e+00
   7.532275     7.3345   3.546286    146.335    147.756     1.9560      0.648      0.503  0.000e+00
   7.532276     7.3297   3.546001    146.364    147.786     1.9560      0.634      0.503  0.000e+00
   7.532276     7.3249   3.545840    146.384    147.806     1.9560      0.604      0.503  0.000e+00
   7.532277     7.3241   3.545902    146.408    147.831     1.9560      0.586      0.503  0.000e+00
   7.532277     7.3255   3.545958    146.425    147.847     1.9560      0.590      0.503  0.000e+00
   7.532278     7.3257   3.546063    146.433    147.856     1.9560      0.608      0.503  0.000e+00
   7.532278     7.3258   3.546075    146.458    147.880     1.9560      0.619      0.502  0.000e+00
   7.532279     7.3261   3.546162    146.487    147.910     1.9560      0.615      0.502  0.000e+00
   7.532279     7.3280   3.546360    146.505    147.928     1.9560      0.601      0.503  0.000e+00
   7.532280     7.3318   3.546441    146.510    147.933     1.9560      0.590      0.501  0.000e+00
   7.532280     7.3354   3.546471    146.554    147.978     1.9560      0.582      0.502  0.000e+00
   7.532281     7.3356   3.546459    146.554    147.978     1.9560      0.582      0.501  0.000e+00
   7.532281     7.3340   3.546422    146.584    148.008     1.9560      0.579      0.501  0.000e+00
   7.532282     7.3330   3.546434    146.603    148.028     1.9560      0.568      0.500  0.000e+00
   7.532282     7.3323   3.546471    146.616    148.041     1.9560      0.568      0.499  0.000e+00
   7.532283     7.3321   3.546502    146.657    148.082     1.9560      0.590      0.500  0.000e+00
   7.532283     7.3316   3.546626    146.664    148.089     1.9560      0.593      0.499  0.000e+00
   7.532283     7.3314   3.546762    146.682    148.107     1.9560      0.586      0.498  0.000e+00
