RAWDATA/20190107/backup1/VT10_20190107.cnv
* Sea-Bird SBE 9 Data File:
* FileName = C:\CTD Brukere\NIVA\OKOKYST2019\20190107\VT10_20190107.hex
* Software Version Seasave V 7.23.2
* Temperature SN = 5352
* Conductivity SN = 3840
* Number of Bytes Per Scan = 28
* Number of Voltage Words = 4
* Number of Scans Averaged by the Deck Unit = 1
* NMEA baud rate = 4800
** Ship: R/V Trygve Braarud
** Cruise:
** Station:
** Operator:
# nquan = 9
# nvalues = 10672                                 
# units = specified
# name 0 = timeJ: Julian Days
# name 1 = t090C: Temperature [ITS-90, deg C]
# name 2 = c0S/m: Conductivity [S/m]
# name 3 = depSM: Depth [salt water, m], lat = 58.00
# name 4 = prDM: Pressure, Digiquartz [db]
# name 5 = sbeox0V: Oxygen raw, SBE 43 [V]
# name 6 = seaTurbMtr: Turbidity, Seapoint [FTU]
# name 7 = dz/dtM: Descent Rate [m/s]
# name 8 = flag:  0.000e+00
# span 0 =   7.528657,   7.533804                 
# span 1 =     4.9272,     9.5635                 
# span 2 =   2.723840,   3.724600                 
# span 3 =     -0.046,    191.447                 
# span 4 =     -0.047,    193.328                 
# span 5 =     1.7691,     2.4811                 
# span 6 =      0.476,      1.487                 
# span 7 =     -0.074,      0.704                 
# span 8 = 0.0000e+00, 0.0000e+00                 
# interval = seconds: 0.0416667
# start_time = Jan 07 2019 12:41:16 [System UpLoad Time]
# bad_flag = -9.990e-29
*END*
[from data line 2561]
   7.529892     9.5174   3.723339     42.263     42.663     2.2356      0.542      0.478  0.000e+00
   7.529893     9.5173   3.723352     42.276     42.676     2.2356      0.546      0.478  0.000e+00
   7.529893     9.5171   3.723339     42.288     42.688     2.2356      0.542      0.479  0.000e+00
   7.529894     9.5166   3.723302     42.312     42.712     2.2356      0.538      0.479  0.000e+00
   7.529894     9.5163   3.723295     42.337     42.737     2.2356      0.538      0.481  0.000e+00
   7.529895     9.5164   3.723295     42.359     42.760     2.2344      0.542      0.482  0.000e+00
   7.529895     9.5165   3.723245     42.384     42.785     2.2356      0.538      0.483  0.000e+00
   7.529896     9.5156   3.723276     42.408     42.809     2.2344      0.538      0.485  0.000e+00
   7.529896     9.5157   3.723245     42.419     42.821     2.2344      0.542      0.486  0.000e+00
   7.529897     9.5156   3.723232     42.444     42.845     2.2344      0.542      0.487  0.000e+00
   7.529897     9.5154   3.723251     42.480     42.881     2.2344      0.535      0.489  0.000e+00
   7.529898     9.5156   3.723283     42.480     42.881     2.2332      0.535      0.491  0.000e+00
   7.529898     9.5154   3.723245     42.504     42.906     2.2332      0.538      0.492  0.000e+00
   7.529899     9.5156   3.723276     42.553     42.955     2.2332      0.538      0.492  0.000e+00
   7.529899     9.5156   3.723270     42.553     42.955     2.2332      0.538      0.495  0.000e+00
   7.529900     9.5158   3.723283     42.588     42.991     2.2332      0.538      0.497  0.000e+00
   7.529900     9.5161   3.723295     42.588     42.991     2.2332      0.538      0.499  0.000e+00
   7.529901     9.5160   3.723295     42.637     43.040     2.2320      0.546      0.501  0.000e+00
   7.529901     9.5160   3.723295     42.648     43.052     2.2332      0.553      0.502  0.000e+00
   7.529902     9.5161   3.723295     42.660     43.063     2.2320      0.549      0.504  0.000e+00
   7.529902     9.5160   3.723295     42.697     43.101     2.2320      0.546      0.506  0.000e+00
   7.529903     9.5161   3.723321     42.709     43.113     2.2320      0.542      0.507  0.000e+00
   7.529903     9.5161   3.723302     42.744     43.149     2.2320      0.542      0.510  0.000e+00
   7.529904     9.5159   3.723371     42.757     43.162     2.2320      0.538      0.511  0.000e+00
   7.529904     9.5160   3.723321     42.780     43.185     2.2320      0.535      0.512  0.000e+00
   7.529905     9.5159   3.723321     42.817     43.222     2.2308      0.531      0.515  0.000e+00
   7.529905     9.5160   3.723333     42.829     43.234     2.2308      0.531      0.517  0.000e+00
   7.529905     9.5160   3.723333     42.853     43.258     2.2308      0.531      0.519  0.000e+00
   7.529906     9.5156   3.723333     42.877     43.283     2.2308      0.531      0.521  0.000e+00
   7.529906     9.5156   3.723333     42.900     43.306     2.2308      0.535      0.523  0.000e+00
   7.529907     9.5157   3.723302     42.925     43.331     2.2308      0.535      0.525  0.000e+00
   7.529907     9.5155   3.723346     42.938     43.344     2.2308      0.535      0.526  0.000e+00
   7.529908     9.5156   3.723340     42.980     43.386     2.2308      0.535      0.529  0.000e+00
   7.529908     9.5156   3.723352     42.985     43.391     2.2295      0.535      0.530  0.000e+00
   7.529909     9.5154   3.723340     43.009     43.416     2.2295      0.535      0.532  0.000e+00
   7.529909     9.5156   3.723377     43.033     43.440     2.2295      0.535      0.534  0.000e+00
   7.529910     9.5154   3.723396     43.045     43.452     2.2295      0.535      0.535  0.000e+00
   7.529910     9.5156   3.723371     43.081     43.488     2.2295      0.538      0.536  0.000e+00
   7.529911     9.5151   3.723384     43.094     43.501     2.2295      0.538      0.537  0.000e+00
   7.529911     9.5151   3.723346     43.129     43.537     2.2295      0.538      0.538  0.000e+00
   7.529912     9.5151   3.723378     43.154     43.562     2.2295      0.538      0.540  0.000e+00
   7.529912     9.5148   3.723346     43.154     43.562     2.2295      0.542      0.539  0.000e+00
   7.529913     9.5145   3.723378     43.189     43.598     2.2295      0.546      0.540  0.000e+00
   7.529913     9.5148   3.723371     43.214     43.623     2.2295      0.542      0.541  0.000e+00
   7.529914     9.5148   3.723365     43.236     43.645     2.2295      0.542      0.542  0.000e+00
   7.529914     9.5148   3.723384     43.274     43.683     2.2295      0.542      0.544  0.000e+00
   7.529915     9.5147   3.723397     43.274     43.683     2.2295      0.542      0.544  0.000e+00
   7.529915     9.5148   3.723397     43.310     43.719     2.2295      0.542      0.545  0.000e+00
   7.529916     9.5148   3.723397     43.316     43.726     2.2295      0.538      0.544  0.000e+00
   7.529916     9.5147   3.723397     43.345     43.755     2.2295      0.538      0.545  0.000e+00
   7.529917     9.5146   3.723371     43.357     43.767     2.2295      0.535      0.545  0.000e+00
   7.529917     9.5145   3.723384     43.381     43.791     2.2295      0.535      0.544  0.000e+00
   7.529918     9.5141   3.723371     43.405     43.816     2.2295      0.535      0.544  0.000e+00
   7.529918     9.5142   3.723340     43.430     43.841     2.2295      0.535      0.544  0.000e+00
   7.529918     9.5140   3.723334     43.454     43.865     2.2295      0.538      0.543  0.000e+00
   7.529919     9.5142   3.723334     43.465     43.877     2.2295      0.538      0.543  0.000e+00
   7.529919     9.5138   3.723334     43.501     43.913     2.2295      0.535      0.543  0.000e+00
   7.529920     9.5140   3.723302     43.501     43.913     2.2295      0.531      0.541  0.000e+00
   7.529920     9.5137   3.723296     43.537     43.949     2.2295      0.527      0.541  0.000e+00
   7.529921     9.5131   3.723296     43.543     43.955     2.2295      0.531      0.540  0.000e+00
   7.529921     9.5127   3.723245     43.586     43.998     2.2295      0.535      0.539  0.000e+00
   7.529922     9.5124   3.723207     43.586     43.998     2.2295      0.535      0.537  0.000e+00
   7.529922     9.5124   3.723220     43.621     44.034     2.2295      0.549      0.537  0.000e+00
   7.529923     9.5122   3.723176     43.621     44.034     2.2295      0.564      0.535  0.000e+00
   7.529923     9.5121   3.723189     43.657     44.070     2.2295      0.560      0.534  0.000e+00
   7.529924     9.5121   3.723271     43.682     44.095     2.2295      0.557      0.532  0.000e+00
   7.529924     9.5119   3.723220     43.695     44.108     2.2295      0.546      0.531  0.000e+00
   7.529925     9.5117   3.723201     43.717     44.131     2.2295      0.542      0.530  0.000e+00
   7.529925     9.5117   3.723170     43.724     44.137     2.2295      0.542      0.527  0.000e+00
   7.529926     9.5112   3.723138     43.766     44.180     2.2295      0.546      0.526  0.000e+00
   7.529926     9.5110   3.723107     43.777     44.192     2.2295      0.546      0.524  0.000e+00
   7.529927     9.5114   3.723144     43.802     44.216     2.2295      0.549      0.523  0.000e+00
   7.529927     9.5114   3.723189     43.815     44.229     2.2295      0.546      0.521  0.000e+00
   7.529928     9.5115   3.723220     43.837     44.252     2.2295      0.542      0.519  0.000e+00
   7.529928     9.5114   3.723208     43.850     44.265     2.2295      0.538      0.518  0.000e+00
   7.529929     9.5115   3.723201     43.875     44.290     2.2295      0.542      0.516  0.000e+00
   7.529929     9.5114   3.723170     43.893     44.308     2.2295      0.538      0.514  0.000e+00
   7.529930     9.5107   3.723138     43.935     44.351     2.2308      0.538      0.514  0.000e+00
   7.529930     9.5101   3.723107     43.935     44.351     2.2295      0.542      0.512  0.000e+00
   7.529931     9.5094   3.723075     43.958     44.374     2.2295      0.546      0.511  0.000e+00
   7.529931     9.5091   3.723037     43.982     44.398     2.2295      0.542      0.509  0.000e+00
   7.529932     9.5090   3.723031     43.995     44.411     2.2295      0.538      0.508  0.000e+00
   7.529932     9.5091   3.723031     44.018     44.434     2.2295      0.535      0.507  0.000e+00
   7.529932     9.5091   3.723006     44.049     44.465     2.2295      0.535      0.506  0.000e+00
   7.529933     9.5088   3.723018     44.055     44.472     2.2295      0.531      0.504  0.000e+00
   7.529933     9.5090   3.723056     44.091     44.508     2.2308      0.531      0.503  0.000e+00
   7.529934     9.5091   3.723113     44.102     44.520     2.2295      0.527      0.502  0.000e+00
   7.529934     9.5089   3.723107     44.127     44.544     2.2295      0.527      0.501  0.000e+00
   7.529935     9.5093   3.723119     44.151     44.569     2.2295      0.531      0.501  0.000e+00
   7.529935     9.5093   3.723107     44.169     44.587     2.2295      0.531      0.501  0.000e+00
   7.529936     9.5095   3.723100     44.187     44.605     2.2295      0.538      0.499  0.000e+00
   7.529936     9.5096   3.723100     44.198     44.616     2.2295      0.542      0.498  0.000e+00
   7.529937     9.5096   3.723119     44.236     44.654     2.2295      0.542      0.498  0.000e+00
   7.529937     9.5101   3.723151     44.258     44.677     2.2295      0.542      0.498  0.000e+00
   7.529938     9.5101   3.723138     44.271     44.690     2.2295      0.542      0.499  0.000e+00
   7.529938     9.5100   3.723132     44.289     44.708     2.2295      0.546      0.498  0.000e+00
   7.529939     9.5091   3.723107     44.318     44.738     2.2295      0.546      0.499  0.000e+00
   7.529939     9.5073   3.723075     44.331     44.751     2.2295      0.542      0.498  0.000e+00
   7.529940     9.5064   3.723069     44.356     44.775     2.2295      0.538      0.499  0.000e+00
   7.529940     9.5057   3.723069     44.367     44.787     2.2295      0.542      0.498  0.000e+00
   7.529941     9.5052   3.723069     44.367     44.787     2.2295      0.538      0.496  0.000e+00
   7.529941     9.5053   3.723088     44.445     44.866     2.2308      0.535      0.498  0.000e+00
   7.529942     9.5051   3.723075     44.427     44.848     2.2295      0.535      0.497  0.000e+00
   7.529942     9.5053   3.723069     44.463     44.884     2.2295      0.535      0.498  0.000e+00
   7.529943     9.5056   3.723069     44.487     44.908     2.2295      0.535      0.499  0.000e+00
   7.529943     9.5057   3.723088     44.487     44.908     2.2295      0.535      0.499  0.000e+00
   7.529944     9.5054   3.723075     44.528     44.949     2.2295      0.535      0.499  0.000e+00
   7.529944     9.5054   3.723038     44.536     44.958     2.2295      0.535      0.499  0.000e+00
   7.529945     9.5051   3.722956     44.572     44.994     2.2295      0.538      0.500  0.000e+00
   7.529945     9.5040   3.722880     44.583     45.005     2.2295      0.542      0.501  0.000e+00
   7.529946     9.5022   3.722867     44.608     45.030     2.2283      0.549      0.501  0.000e+00
   7.529946     9.5012   3.722792     44.625     45.048     2.2295      0.549      0.502  0.000e+00
   7.529946     9.5005   3.722817     44.643     45.066     2.2283      0.542      0.501  0.000e+00
   7.529947     9.5004   3.722811     44.679     45.102     2.2295      0.538      0.502  0.000e+00
   7.529947     9.5001   3.722747     44.692     45.115     2.2283      0.538      0.503  0.000e+00
   7.529948     9.4998   3.722710     44.721     45.144     2.2295      0.542      0.504  0.000e+00
   7.529948     9.4996   3.722722     44.728     45.151     2.2295      0.546      0.504  0.000e+00
   7.529949     9.4991   3.722710     44.763     45.187     2.2295      0.549      0.505  0.000e+00
   7.529949     9.4983   3.722647     44.776     45.200     2.2295      0.549      0.506  0.000e+00
   7.529950     9.4976   3.722684     44.788     45.212     2.2295      0.549      0.506  0.000e+00
   7.529950     9.4972   3.722678     44.828     45.253     2.2283      0.549      0.507  0.000e+00
   7.529951     9.4971   3.722672     44.837     45.261     2.2295      0.557      0.507  0.000e+00
   7.529951     9.4975   3.722672     44.859     45.284     2.2295      0.553      0.508  0.000e+00
   7.529952     9.4970   3.722640     44.884     45.309     2.2295      0.549      0.508  0.000e+00
   7.529952     9.4973   3.722634     44.902     45.327     2.2295      0.546      0.508  0.000e+00
   7.529953     9.4970   3.722634     44.919     45.345     2.2295      0.546      0.507  0.000e+00
   7.529953     9.4969   3.722609     44.957     45.382     2.2295      0.546      0.509  0.000e+00
   7.529954     9.4963   3.722603     44.957     45.382     2.2295      0.546      0.509  0.000e+00
   7.529954     9.4964   3.722603     44.997     45.423     2.2295      0.542      0.510  0.000e+00
   7.529955     9.4971   3.722621     45.004     45.430     2.2308      0.542      0.510  0.000e+00
   7.529955     9.4965   3.722609     45.028     45.454     2.2295      0.542      0.510  0.000e+00
   7.529956     9.4959   3.722603     45.053     45.479     2.2295      0.542      0.510  0.000e+00
   7.529956     9.4958   3.722577     45.082     45.509     2.2308      0.542      0.511  0.000e+00
   7.529957     9.4958   3.722571     45.100     45.527     2.2308      0.542      0.511  0.000e+00
   7.529957     9.4957   3.722571     45.113     45.540     2.2308      0.546      0.511  0.000e+00
   7.529958     9.4953   3.722615     45.149     45.576     2.2308      0.549      0.512  0.000e+00
   7.529958     9.4953   3.722609     45.153     45.581     2.2295      0.549      0.512  0.000e+00
   7.529959     9.4952   3.722552     45.197     45.625     2.2308      0.546      0.514  0.000e+00
   7.529959     9.4942   3.722540     45.197     45.625     2.2308      0.542      0.514  0.000e+00
   7.529959     9.4938   3.722508     45.233     45.661     2.2308      0.546      0.515  0.000e+00
   7.529960     9.4932   3.722502     45.249     45.678     2.2308      0.557      0.515  0.000e+00
   7.529960     9.4928   3.722502     45.280     45.709     2.2308      0.579      0.516  0.000e+00
   7.529961     9.4927   3.722502     45.317     45.746     2.2308      0.586      0.518  0.000e+00
   7.529961     9.4924   3.722502     45.322     45.751     2.2308      0.579      0.519  0.000e+00
   7.529962     9.4925   3.722502     45.340     45.769     2.2308      0.568      0.520  0.000e+00
   7.529962     9.4924   3.722502     45.378     45.807     2.2308      0.560      0.522  0.000e+00
   7.529963     9.4922   3.722527     45.389     45.819     2.2308      0.557      0.522  0.000e+00
   7.529963     9.4925   3.722508     45.418     45.848     2.2308      0.553      0.524  0.000e+00
   7.529964     9.4931   3.722527     45.425     45.855     2.2308      0.549      0.524  0.000e+00
   7.529964     9.4930   3.722540     45.449     45.879     2.2308      0.546      0.522  0.000e+00
   7.529965     9.4931   3.722559     45.501     45.932     2.2308      0.542      0.526  0.000e+00
   7.529965     9.4932   3.722514     45.498     45.929     2.2308      0.542      0.526  0.000e+00
   7.529966     9.4932   3.722527     45.534     45.965     2.2308      0.542      0.528  0.000e+00
   7.529966     9.4929   3.722483     45.558     45.989     2.2308      0.542      0.530  0.000e+00
   7.529967     9.4929   3.722470     45.574     46.006     2.2320      0.542      0.530  0.000e+00
   7.529967     9.4923   3.722445     45.605     46.037     2.2308      0.546      0.532  0.000e+00
   7.529968     9.4917   3.722458     45.618     46.050     2.2320      0.546      0.533  0.000e+00
   7.529968     9.4916   3.722445     45.646     46.078     2.2320      0.546      0.535  0.000e+00
   7.529969     9.4916   3.722439     45.665     46.097     2.2320      0.549      0.536  0.000e+00
