RAWDATA/20190107/backup1/VT10_20190107.cnv
* Sea-Bird SBE 9 Data File:
* FileName = C:\CTD Brukere\NIVA\OKOKYST2019\20190107\VT10_20190107.hex
* Software Version Seasave V 7.23.2
* Temperature SN = 5352
* Conductivity SN = 3840
* Number of Bytes Per Scan = 28
* Number of Voltage Words = 4
* Number of Scans Averaged by the Deck Unit = 1
* NMEA baud rate = 4800
** Ship: R/V Trygve Braarud
** Cruise:
** Station:
** Operator:
# nquan = 9
# nvalues = 10672                                 
# units = specified
# name 0 = timeJ: Julian Days
# name 1 = t090C: Temperature [ITS-90, deg C]
# name 2 = c0S/m: Conductivity [S/m]
# name 3 = depSM: Depth [salt water, m], lat = 58.00
# name 4 = prDM: Pressure, Digiquartz [db]
# name 5 = sbeox0V: Oxygen raw, SBE 43 [V]
# name 6 = seaTurbMtr: Turbidity, Seapoint [FTU]
# name 7 = dz/dtM: Descent Rate [m/s]
# name 8 = flag:  0.000e+00
# span 0 =   7.528657,   7.533804                 
# span 1 =     4.9272,     9.5635                 
# span 2 =   2.723840,   3.724600                 
# span 3 =     -0.046,    191.447                 
# span 4 =     -0.047,    193.328                 
# span 5 =     1.7691,     2.4811                 
# span 6 =      0.476,      1.487                 
# span 7 =     -0.074,      0.704                 
# span 8 = 0.0000e+00, 0.0000e+00                 
# interval = seconds: 0.0416667
# start_time = Jan 07 2019 12:41:16 [System UpLoad Time]
# bad_flag = -9.990e-29
*END*
[from data line 5761]
   7.531436     8.5732   3.651514    110.685    111.751     2.1001      0.531      0.516  0.000e+00
   7.531436     8.5725   3.651432    110.667    111.733     2.0989      0.542      0.515  0.000e+00
   7.531437     8.5707   3.651338    110.746    111.812     2.0989      0.549      0.517  0.000e+00
   7.531437     8.5694   3.651257    110.746    111.812     2.0989      0.553      0.517  0.000e+00
   7.531438     8.5686   3.651219    110.746    111.812     2.0989      0.557      0.515  0.000e+00
   7.531438     8.5670   3.651119    110.782    111.848     2.1001      0.553      0.515  0.000e+00
   7.531439     8.5657   3.651107    110.806    111.873     2.0989      0.546      0.514  0.000e+00
   7.531439     8.5656   3.651063    110.813    111.880     2.1001      0.538      0.511  0.000e+00
   7.531440     8.5660   3.651000    110.844    111.911     2.0989      0.538      0.513  0.000e+00
   7.531440     8.5660   3.650913    110.844    111.911     2.0989      0.538      0.511  0.000e+00
   7.531440     8.5647   3.650831    110.891    111.959     2.0989      0.535      0.511  0.000e+00
   7.531441     8.5638   3.650700    110.891    111.959     2.0989      0.535      0.510  0.000e+00
   7.531441     8.5623   3.650512    110.916    111.984     2.0989      0.535      0.509  0.000e+00
   7.531442     8.5617   3.650562    110.934    112.002     2.0989      0.535      0.507  0.000e+00
   7.531442     8.5625   3.650687    110.952    112.020     2.0989      0.535      0.505  0.000e+00
   7.531443     8.5629   3.650844    110.989    112.058     2.0989      0.535      0.505  0.000e+00
   7.531443     8.5634   3.650907    110.989    112.058     2.0989      0.538      0.504  0.000e+00
   7.531444     8.5639   3.650919    111.025    112.094     2.0989      0.538      0.502  0.000e+00
   7.531444     8.5634   3.650863    111.025    112.094     2.0989      0.542      0.500  0.000e+00
   7.531445     8.5636   3.650775    111.056    112.125     2.0989      0.564      0.499  0.000e+00
   7.531445     8.5638   3.650681    111.074    112.144     2.0989      0.568      0.498  0.000e+00
   7.531446     8.5633   3.650562    111.099    112.168     2.0989      0.557      0.496  0.000e+00
   7.531446     8.5625   3.650506    111.110    112.180     2.0989      0.546      0.495  0.000e+00
   7.531447     8.5630   3.650544    111.135    112.205     2.0989      0.535      0.494  0.000e+00
   7.531447     8.5634   3.650562    111.159    112.229     2.0989      0.535      0.493  0.000e+00
   7.531448     8.5636   3.650562    111.171    112.241     2.0989      0.535      0.491  0.000e+00
   7.531448     8.5619   3.650412    111.190    112.261     2.0989      0.538      0.490  0.000e+00
   7.531449     8.5593   3.650268    111.220    112.290     2.0989      0.542      0.490  0.000e+00
   7.531449     8.5565   3.650212    111.231    112.302     2.0989      0.549      0.488  0.000e+00
   7.531450     8.5541   3.650206    111.256    112.327     2.0989      0.557      0.488  0.000e+00
   7.531450     8.5540   3.650206    111.280    112.352     2.0989      0.557      0.487  0.000e+00
   7.531451     8.5534   3.650206    111.293    112.365     2.0989      0.553      0.487  0.000e+00
   7.531451     8.5541   3.650131    111.305    112.376     2.0989      0.542      0.486  0.000e+00
   7.531452     8.5555   3.650081    111.341    112.413     2.0989      0.538      0.485  0.000e+00
   7.531452     8.5556   3.650043    111.360    112.432     2.0989      0.535      0.485  0.000e+00
   7.531453     8.5549   3.650018    111.378    112.450     2.0989      0.535      0.485  0.000e+00
   7.531453     8.5547   3.650081    111.390    112.462     2.0989      0.535      0.484  0.000e+00
   7.531454     8.5559   3.650106    111.425    112.498     2.0989      0.538      0.484  0.000e+00
   7.531454     8.5565   3.650106    111.439    112.512     2.0989      0.542      0.484  0.000e+00
   7.531454     8.5554   3.649836    111.463    112.536     2.0989      0.546      0.485  0.000e+00
   7.531455     8.5526   3.649423    111.474    112.548     2.0989      0.549      0.484  0.000e+00
   7.531455     8.5469   3.648954    111.499    112.573     2.0989      0.553      0.484  0.000e+00
   7.531456     8.5399   3.648266    111.506    112.579     2.0989      0.557      0.484  0.000e+00
   7.531456     8.5283   3.647571    111.548    112.622     2.1001      0.560      0.485  0.000e+00
   7.531457     8.5233   3.647346    111.559    112.634     2.1001      0.568      0.484  0.000e+00
   7.531457     8.5236   3.647427    111.572    112.647     2.1001      0.568      0.484  0.000e+00
   7.531458     8.5209   3.647634    111.608    112.683     2.1001      0.568      0.485  0.000e+00
   7.531458     8.5231   3.647696    111.620    112.695     2.1001      0.564      0.485  0.000e+00
   7.531459     8.5246   3.647696    111.644    112.719     2.1001      0.560      0.485  0.000e+00
   7.531459     8.5241   3.647696    111.657    112.733     2.1001      0.557      0.486  0.000e+00
   7.531460     8.5248   3.647916    111.693    112.769     2.1001      0.560      0.485  0.000e+00
   7.531460     8.5278   3.648160    111.680    112.756     2.1001      0.564      0.486  0.000e+00
   7.531461     8.5309   3.648235    111.742    112.818     2.1001      0.564      0.488  0.000e+00
   7.531461     8.5317   3.648222    111.736    112.812     2.1001      0.564      0.487  0.000e+00
   7.531462     8.5333   3.648216    111.765    112.842     2.1001      0.560      0.488  0.000e+00
   7.531462     8.5335   3.648260    111.790    112.866     2.1001      0.564      0.489  0.000e+00
   7.531463     8.5333   3.648278    111.803    112.879     2.1001      0.564      0.489  0.000e+00
   7.531463     8.5343   3.647984    111.827    112.904     2.1001      0.560      0.490  0.000e+00
   7.531464     8.5352   3.647840    111.852    112.929     2.1001      0.560      0.490  0.000e+00
   7.531464     8.5336   3.647847    111.863    112.941     2.1001      0.560      0.491  0.000e+00
   7.531465     8.5314   3.647759    111.888    112.965     2.1001      0.571      0.491  0.000e+00
   7.531465     8.5297   3.647477    111.912    112.990     2.1001      0.582      0.492  0.000e+00
   7.531466     8.5265   3.646908    111.924    113.002     2.1001      0.586      0.492  0.000e+00
   7.531466     8.5156   3.646039    111.948    113.026     2.1001      0.586      0.492  0.000e+00
   7.531467     8.5040   3.645219    111.973    113.051     2.1001      0.586      0.493  0.000e+00
   7.531467     8.4930   3.644900    111.984    113.063     2.1001      0.582      0.493  0.000e+00
   7.531467     8.4862   3.644788    112.022    113.101     2.1001      0.593      0.494  0.000e+00
   7.531468     8.4796   3.644982    112.040    113.119     2.1001      0.619      0.495  0.000e+00
   7.531468     8.4771   3.645420    112.058    113.137     2.1001      0.615      0.495  0.000e+00
   7.531469     8.4814   3.645789    112.082    113.162     2.1001      0.597      0.496  0.000e+00
   7.531469     8.4874   3.645989    112.107    113.186     2.1001      0.579      0.498  0.000e+00
   7.531470     8.4941   3.646252    112.118    113.198     2.0989      0.571      0.498  0.000e+00
   7.531470     8.5009   3.646470    112.130    113.209     2.0989      0.568      0.498  0.000e+00
   7.531471     8.5049   3.646639    112.167    113.247     2.0989      0.564      0.499  0.000e+00
   7.531471     8.5101   3.646589    112.192    113.272     2.0989      0.557      0.500  0.000e+00
   7.531472     8.5146   3.646308    112.203    113.284     2.0989      0.557      0.500  0.000e+00
   7.531472     8.5135   3.646133    112.228    113.308     2.0989      0.557      0.501  0.000e+00
   7.531473     8.5114   3.646120    112.252    113.333     2.0989      0.560      0.501  0.000e+00
   7.531473     8.5098   3.646176    112.264    113.345     2.0977      0.560      0.502  0.000e+00
   7.531474     8.5090   3.646145    112.288    113.370     2.0989      0.560      0.502  0.000e+00
   7.531474     8.5085   3.646108    112.324    113.406     2.0977      0.557      0.504  0.000e+00
   7.531475     8.5074   3.646070    112.324    113.406     2.0977      0.557      0.503  0.000e+00
   7.531475     8.5070   3.646139    112.362    113.444     2.0977      0.557      0.504  0.000e+00
   7.531476     8.5082   3.646258    112.373    113.455     2.0977      0.564      0.505  0.000e+00
   7.531476     8.5093   3.646364    112.398    113.480     2.0977      0.568      0.506  0.000e+00
   7.531477     8.5090   3.646139    112.422    113.505     2.0965      0.564      0.506  0.000e+00
   7.531477     8.5062   3.645889    112.447    113.530     2.0977      0.564      0.508  0.000e+00
   7.531478     8.5049   3.645714    112.471    113.554     2.0965      0.564      0.509  0.000e+00
   7.531478     8.5053   3.645720    112.483    113.566     2.0977      0.571      0.510  0.000e+00
   7.531479     8.5070   3.645789    112.507    113.591     2.0965      0.571      0.510  0.000e+00
   7.531479     8.5083   3.645632    112.518    113.602     2.0965      0.568      0.510  0.000e+00
   7.531480     8.5074   3.645526    112.556    113.640     2.0965      0.564      0.511  0.000e+00
   7.531480     8.5043   3.645557    112.581    113.665     2.0965      0.564      0.512  0.000e+00
   7.531481     8.5032   3.645601    112.592    113.676     2.0952      0.560      0.513  0.000e+00
   7.531481     8.5053   3.645613    112.628    113.713     2.0952      0.560      0.514  0.000e+00
   7.531481     8.5053   3.645657    112.628    113.713     2.0952      0.557      0.514  0.000e+00
   7.531482     8.5046   3.645720    112.652    113.737     2.0952      0.557      0.515  0.000e+00
   7.531482     8.5069   3.645664    112.688    113.774     2.0952      0.557      0.516  0.000e+00
   7.531483     8.5083   3.645545    112.701    113.787     2.0965      0.564      0.516  0.000e+00
   7.531483     8.5065   3.645413    112.726    113.812     2.0952      0.571      0.518  0.000e+00
   7.531484     8.5012   3.645257    112.750    113.836     2.0952      0.590      0.517  0.000e+00
   7.531484     8.4954   3.645019    112.775    113.861     2.0952      0.623      0.519  0.000e+00
   7.531485     8.4938   3.644907    112.786    113.873     2.0940      0.626      0.519  0.000e+00
   7.531485     8.4959   3.644819    112.822    113.909     2.0952      0.608      0.520  0.000e+00
   7.531486     8.4966   3.644744    112.822    113.909     2.0952      0.590      0.521  0.000e+00
   7.531486     8.4935   3.644606    112.847    113.934     2.0952      0.579      0.520  0.000e+00
   7.531487     8.4916   3.644419    112.883    113.970     2.0952      0.564      0.521  0.000e+00
   7.531487     8.4924   3.644200    112.907    113.995     2.0952      0.557      0.523  0.000e+00
   7.531488     8.4946   3.643925    112.920    114.008     2.0940      0.553      0.523  0.000e+00
   7.531488     8.4954   3.643825    112.945    114.033     2.0940      0.553      0.523  0.000e+00
   7.531489     8.4950   3.644012    112.968    114.056     2.0940      0.553      0.524  0.000e+00
   7.531489     8.4913   3.644175    112.981    114.069     2.0940      0.557      0.524  0.000e+00
   7.531490     8.4895   3.644256    113.017    114.105     2.0940      0.553      0.524  0.000e+00
   7.531490     8.4900   3.644225    113.017    114.105     2.0940      0.557      0.524  0.000e+00
   7.531491     8.4885   3.644062    113.054    114.143     2.0940      0.597      0.524  0.000e+00
   7.531491     8.4884   3.643944    113.066    114.155     2.0940      0.619      0.524  0.000e+00
   7.531492     8.4871   3.643574    113.102    114.191     2.0940      0.615      0.525  0.000e+00
   7.531492     8.4839   3.643193    113.102    114.191     2.0940      0.597      0.524  0.000e+00
   7.531493     8.4811   3.642955    113.151    114.241     2.0928      0.582      0.525  0.000e+00
   7.531493     8.4773   3.642568    113.143    114.233     2.0928      0.575      0.525  0.000e+00
   7.531494     8.4731   3.642336    113.175    114.266     2.0928      0.575      0.525  0.000e+00
   7.531494     8.4699   3.642318    113.200    114.290     2.0928      0.579      0.524  0.000e+00
   7.531495     8.4699   3.642368    113.211    114.302     2.0928      0.582      0.524  0.000e+00
   7.531495     8.4712   3.642505    113.236    114.327     2.0928      0.579      0.524  0.000e+00
   7.531495     8.4729   3.642599    113.247    114.338     2.0928      0.579      0.522  0.000e+00
   7.531496     8.4740   3.642543    113.285    114.376     2.0928      0.579      0.522  0.000e+00
   7.531496     8.4732   3.642343    113.296    114.388     2.0916      0.579      0.522  0.000e+00
   7.531497     8.4724   3.642117    113.321    114.412     2.0916      0.571      0.521  0.000e+00
   7.531497     8.4716   3.641911    113.334    114.426     2.0916      0.568      0.520  0.000e+00
   7.531498     8.4686   3.641598    113.357    114.449     2.0916      0.571      0.520  0.000e+00
   7.531498     8.4634   3.641361    113.370    114.462     2.0916      0.582      0.518  0.000e+00
   7.531499     8.4592   3.641167    113.394    114.487     2.0916      0.579      0.517  0.000e+00
   7.531499     8.4586   3.640998    113.419    114.511     2.0916      0.615      0.516  0.000e+00
   7.531500     8.4546   3.640886    113.435    114.528     2.0916      0.729      0.514  0.000e+00
   7.531500     8.4509   3.640786    113.466    114.559     2.0903      0.777      0.514  0.000e+00
   7.531501     8.4473   3.640667    113.466    114.559     2.0903      0.799      0.512  0.000e+00
   7.531501     8.4440   3.640536    113.491    114.584     2.0903      0.762      0.511  0.000e+00
   7.531502     8.4440   3.640429    113.515    114.609     2.0903      0.718      0.510  0.000e+00
   7.531502     8.4436   3.640304    113.528    114.622     2.0903      0.674      0.508  0.000e+00
   7.531503     8.4427   3.640179    113.551    114.645     2.0891      0.637      0.506  0.000e+00
   7.531503     8.4404   3.640048    113.576    114.670     2.0903      0.608      0.505  0.000e+00
   7.531504     8.4398   3.639892    113.589    114.683     2.0891      0.593      0.504  0.000e+00
   7.531504     8.4390   3.639829    113.600    114.695     2.0891      0.586      0.501  0.000e+00
   7.531505     8.4391   3.639698    113.625    114.719     2.0891      0.586      0.500  0.000e+00
   7.531505     8.4391   3.639510    113.641    114.736     2.0891      0.579      0.498  0.000e+00
   7.531506     8.4379   3.639285    113.661    114.756     2.0891      0.579      0.495  0.000e+00
   7.531506     8.4366   3.639085    113.685    114.780     2.0891      0.575      0.494  0.000e+00
   7.531507     8.4350   3.639017    113.698    114.794     2.0891      0.571      0.492  0.000e+00
   7.531507     8.4340   3.639010    113.721    114.817     2.0879      0.568      0.490  0.000e+00
   7.531508     8.4337   3.638954    113.734    114.830     2.0891      0.564      0.488  0.000e+00
   7.531508     8.4333   3.638885    113.759    114.855     2.0879      0.560      0.487  0.000e+00
   7.531508     8.4320   3.638798    113.770    114.866     2.0879      0.560      0.484  0.000e+00
   7.531509     8.4306   3.638754    113.795    114.891     2.0879      0.560      0.483  0.000e+00
   7.531509     8.4297   3.638723    113.811    114.907     2.0879      0.560      0.481  0.000e+00
   7.531510     8.4280   3.638592    113.819    114.916     2.0879      0.560      0.478  0.000e+00
   7.531510     8.4268   3.638429    113.844    114.940     2.0879      0.564      0.476  0.000e+00
   7.531511     8.4268   3.638410    113.868    114.965     2.0879      0.560      0.475  0.000e+00
   7.531511     8.4277   3.638373    113.893    114.990     2.0867      0.557      0.473  0.000e+00
   7.531512     8.4281   3.638329    113.904    115.002     2.0879      0.557      0.472  0.000e+00
